1341839113.657637 0.000000000 0.000000000 0.000000000 0.000000000 0.000000000 0.000000000 1.000000000
1341839113.693575 -0.002656847 -0.001598054 -0.000362511 -0.001379581 0.001008281 0.001877400 0.999996781
1341839113.725606 -0.001827591 0.002181781 -0.000549704 -0.001116878 0.001647192 0.004707794 0.999986947
1341839113.793718 -0.001900203 -0.004375997 -0.000422017 -0.003784106 0.002770349 0.006307039 0.999969125
1341839113.861553 -0.004749774 0.002544073 -0.001709249 -0.001840640 0.001468243 0.003279644 0.999991834
1341839113.894400 -0.006526371 0.002122933 -0.002741337 -0.003379892 0.002717822 0.004486353 0.999980509
1341839113.925550 -0.005658431 -0.002249693 0.000447523 -0.004796839 0.002265326 0.006926977 0.999961913
1341839113.961614 -0.005317195 0.001939506 -0.001531506 -0.004334647 0.001628101 0.006152464 0.999970376
1341839113.993616 -0.006424849 0.001105878 0.000639343 -0.005124993 0.001334428 0.004051234 0.999977767
1341839114.025642 -0.006639850 -0.000764243 0.000731057 -0.005084372 0.000278874 0.003955500 0.999979198
1341839114.061534 -0.007922837 0.003207274 -0.003177346 -0.005587956 0.000410386 0.003609172 0.999977767
1341839114.093617 -0.008292852 0.001475699 -0.001630853 -0.009041809 0.000713717 0.004684344 0.999947906
1341839114.129556 -0.008172204 -0.003201185 0.003581026 -0.011117472 -0.000482252 0.004794254 0.999926567
1341839114.161678 -0.008788536 0.001856102 0.002209160 -0.009213399 -0.001255644 0.001665842 0.999955356
1341839114.229673 -0.012576581 0.001874334 0.003804316 -0.011639941 -0.002098137 -0.000310081 0.999930024
1341839114.261690 -0.014910856 0.008729147 0.000217962 -0.009499826 -0.000591884 0.000357313 0.999954641
1341839114.293564 -0.017004790 0.003911110 -0.002730903 -0.012359593 0.000556097 0.001673572 0.999922037
1341839114.329671 -0.015936820 -0.002184928 0.002146150 -0.014640836 -0.001858789 0.001769777 0.999889553
1341839114.361622 -0.020361578 0.005964837 0.001404437 -0.012087351 -0.002209544 -0.000265965 0.999924481
1341839114.397666 -0.024196269 0.010372411 -0.002928166 -0.011327476 -0.001305023 -0.000893352 0.999934614
1341839114.429583 -0.026889564 0.009508602 -0.002885023 -0.013638088 -0.000813162 0.000510767 0.999906540
1341839114.461610 -0.028154641 0.011277997 -0.001123304 -0.014560750 -0.000893268 0.003118298 0.999888718
1341839114.497561 -0.029214231 0.012669098 -0.000675980 -0.014891108 -0.000430786 0.003429231 0.999883175
1341839114.529492 -0.030647172 0.009929862 -0.000375544 -0.015701028 -0.000526453 0.002274878 0.999873996
1341839114.565482 -0.034775812 0.013091966 -0.004654211 -0.015556778 -0.000371173 0.002169486 0.999876559
1341839114.597648 -0.036175426 0.018248197 -0.004557084 -0.015999855 0.000405479 0.001698123 0.999870479
1341839114.629596 -0.035348814 0.017275801 -0.003034022 -0.017182799 0.001468058 0.002634431 0.999847829
1341839114.665607 -0.037758484 0.015715439 -0.006712653 -0.018150724 0.002007467 0.002178473 0.999830902
1341839114.697721 -0.038513366 0.018595343 -0.004616931 -0.017883064 0.002017564 -0.000673383 0.999837816
1341839114.730054 -0.042610485 0.019529700 -0.007903988 -0.017057825 0.004116286 -0.001141656 0.999845386
1341839114.765560 -0.045683436 0.018764604 -0.013029096 -0.018808715 0.005183311 0.000759807 0.999809384
1341839114.797510 -0.047355950 0.020732228 -0.010228751 -0.018821154 0.006352851 0.000884571 0.999802291
1341839114.833570 -0.052569862 0.021433135 -0.015805906 -0.017856847 0.008037290 0.001753013 0.999806702
1341839114.865530 -0.054902397 0.021151168 -0.019903850 -0.019136062 0.008138597 0.001803981 0.999782145
1341839114.897742 -0.059417211 0.024950387 -0.020783016 -0.018556183 0.009361334 0.001791464 0.999782383
1341839114.933721 -0.064710282 0.024208933 -0.025185982 -0.018029157 0.011022212 0.002260027 0.999774158
1341839114.965565 -0.070594594 0.024767732 -0.030951092 -0.018185820 0.011841667 0.004242001 0.999755502
1341839114.997678 -0.074027792 0.029469799 -0.034290466 -0.018578421 0.011762631 0.004128069 0.999749720
1341839115.033675 -0.075962983 0.036648501 -0.035674077 -0.016956775 0.014431844 0.003323453 0.999746561
1341839115.065634 -0.084149964 0.030654408 -0.042787876 -0.018716522 0.017891668 0.008378386 0.999629617
1341839115.101577 -0.088630676 0.029591758 -0.046552565 -0.020146480 0.017279649 0.011536296 0.999581158
1341839115.133455 -0.090504393 0.038831711 -0.046552021 -0.018023012 0.017212315 0.007570760 0.999660730
1341839115.165699 -0.099602461 0.039709926 -0.051921092 -0.016830547 0.019934000 0.007053739 0.999634743
1341839115.201542 -0.105152234 0.036525909 -0.062861182 -0.019038141 0.020137513 0.010588269 0.999559879
1341839115.233600 -0.109911770 0.043216102 -0.062461104 -0.021060063 0.019965248 0.011009099 0.999518216
1341839115.265499 -0.111928187 0.045901280 -0.061813854 -0.020641014 0.020461153 0.009679283 0.999530673
1341839115.301699 -0.120504312 0.042546105 -0.070767514 -0.022332102 0.021030966 0.010277454 0.999476552
1341839115.333616 -0.126370102 0.053575784 -0.075376898 -0.023689507 0.020099837 0.008455561 0.999481499
1341839115.369483 -0.127241954 0.054641347 -0.071026258 -0.024744807 0.020230047 0.006726045 0.999466479
1341839115.401613 -0.134613857 0.056260973 -0.076373480 -0.024026986 0.022274334 0.007855847 0.999432266
1341839115.469819 -0.142594025 0.056813497 -0.078085810 -0.029140949 0.023338336 0.007944711 0.999271214
1341839115.533671 -0.156236604 0.062789783 -0.089467056 -0.028405944 0.026438450 0.012851697 0.999164104
1341839115.569633 -0.157109648 0.057804409 -0.084590189 -0.031704497 0.025980962 0.010859204 0.999100566
1341839115.601623 -0.158697024 0.056243215 -0.081472196 -0.030333286 0.026913762 0.009470892 0.999132514
1341839115.637954 -0.169857562 0.061005626 -0.088644333 -0.028024962 0.030175293 0.011912682 0.999080658
1341839115.669467 -0.175076649 0.067215905 -0.092327833 -0.029169183 0.031048318 0.014425346 0.998988032
1341839115.701635 -0.171043947 0.053989105 -0.081336424 -0.033378348 0.030497717 0.014717645 0.998868942
1341839115.737552 -0.178996578 0.054845750 -0.081201039 -0.029430538 0.032637745 0.014561174 0.998927712
1341839115.769579 -0.190392300 0.065892659 -0.090495124 -0.026871871 0.034392528 0.014203501 0.998946130
1341839115.805533 -0.193676963 0.062801547 -0.083860047 -0.029851405 0.035120368 0.013794478 0.998841941
1341839115.837641 -0.200553268 0.061016016 -0.080543078 -0.028779626 0.037442442 0.016103264 0.998754442
1341839115.869594 -0.212085664 0.068324253 -0.086650603 -0.027473226 0.040161174 0.018223153 0.998649180
1341839115.905464 -0.217266947 0.067616232 -0.085079879 -0.030115718 0.041279588 0.019566413 0.998501956
1341839115.937926 -0.221060678 0.059930231 -0.077258646 -0.030315595 0.043371227 0.022398235 0.998347759
1341839115.976772 -0.233384028 0.068964034 -0.085476629 -0.026221262 0.047628589 0.024612673 0.998217523
1341839116.037844 -0.249888301 0.058654618 -0.085458778 -0.031797897 0.052039333 0.031199470 0.997650921
1341839116.073614 -0.256856918 0.057299502 -0.082510605 -0.029545434 0.053639017 0.031598739 0.997622907
1341839116.105551 -0.267832667 0.062970050 -0.088952914 -0.026499256 0.056173246 0.031463932 0.997573256
1341839116.137629 -0.281109929 0.063825853 -0.089847207 -0.027437652 0.058749441 0.032916579 0.997352600
1341839116.173741 -0.282192916 0.056585785 -0.084236711 -0.028604938 0.058886141 0.033852782 0.997280419
1341839116.205705 -0.293909103 0.063983671 -0.085327104 -0.024795787 0.062711343 0.033584159 0.997158229
1341839116.237744 -0.307642281 0.063217491 -0.090628967 -0.025085779 0.066257350 0.035011817 0.996872544
1341839116.273644 -0.315500885 0.063111655 -0.092049211 -0.025566814 0.067952774 0.037316840 0.996662557
1341839116.305590 -0.320412159 0.067787006 -0.091706567 -0.025368044 0.070352748 0.037543334 0.996492565
1341839116.341693 -0.329061687 0.063678175 -0.091251284 -0.026165899 0.074167669 0.039735455 0.996110201
1341839116.374159 -0.341100246 0.063472554 -0.093794107 -0.026038405 0.076727875 0.045068283 0.995692551
1341839116.405626 -0.345056862 0.064065725 -0.093647316 -0.026399652 0.077239558 0.047413737 0.995534539
1341839116.441448 -0.355522931 0.061115853 -0.092074156 -0.026248395 0.080067836 0.049494594 0.995213747
1341839116.473792 -0.363364369 0.061327480 -0.095289923 -0.025332512 0.080338739 0.051794972 0.995098591
1341839116.505559 -0.370741487 0.067504346 -0.095303878 -0.023560217 0.080846690 0.050535828 0.995165765
1341839116.541530 -0.379969746 0.067668349 -0.101354584 -0.024378208 0.082915664 0.052846555 0.994855762
1341839116.573449 -0.382331938 0.063599005 -0.099808440 -0.026936522 0.082091570 0.054645017 0.994760931
1341839116.609629 -0.383155167 0.062432040 -0.097206406 -0.026792567 0.081225768 0.051123574 0.995023072
1341839116.642092 -0.394583017 0.064237610 -0.101612240 -0.025395645 0.083772726 0.048446260 0.994982481
1341839116.673494 -0.402491421 0.063348725 -0.105740681 -0.026690384 0.084259637 0.050755486 0.994792342
1341839116.709491 -0.401058763 0.063835897 -0.103624001 -0.028259620 0.082636699 0.048300561 0.995007336
1341839116.741798 -0.405888736 0.060993455 -0.101835266 -0.028465556 0.084373996 0.043863822 0.995061159
1341839116.777780 -0.416916281 0.060374670 -0.104486138 -0.027745290 0.086059622 0.042784147 0.994984150
1341839116.809493 -0.422254503 0.064150617 -0.110506095 -0.028366605 0.084792130 0.042265330 0.995097637
1341839116.841577 -0.417712390 0.057093874 -0.106066860 -0.030904878 0.083766572 0.040096629 0.995198607
1341839116.877541 -0.425019771 0.055243064 -0.104470439 -0.028545897 0.085779063 0.038604468 0.995156646
1341839116.909607 -0.437292218 0.064939529 -0.114658438 -0.025930790 0.087904103 0.039136827 0.995021999
1341839116.941574 -0.444480300 0.068661287 -0.117005214 -0.028343292 0.089180477 0.039478336 0.994829118
1341839116.977669 -0.442713529 0.054122198 -0.110794626 -0.031927403 0.088922910 0.038676511 0.994775057
1341839117.009692 -0.454248071 0.062760837 -0.116861910 -0.027859120 0.090436667 0.036337256 0.994849086
1341839117.045446 -0.466095626 0.076991871 -0.124623701 -0.026972231 0.092449605 0.033449415 0.994789779
1341839117.077581 -0.468884766 0.063478850 -0.119012795 -0.032477859 0.093637682 0.034342613 0.994483650
1341839117.109633 -0.474522233 0.062567376 -0.119037978 -0.032039072 0.095518135 0.035546985 0.994276702
1341839117.145451 -0.482252359 0.066915147 -0.123509638 -0.030904038 0.097791061 0.034324173 0.994134665
1341839117.177591 -0.494582534 0.065303005 -0.126663521 -0.031674694 0.100264825 0.034680579 0.993851602
1341839117.209585 -0.497739375 0.060111225 -0.124473080 -0.032536466 0.099888466 0.035612322 0.993828714
1341839117.245753 -0.508699119 0.068756595 -0.129331976 -0.028884601 0.102914445 0.035099767 0.993650973
1341839117.278976 -0.524289072 0.068959571 -0.133422002 -0.028997540 0.106899373 0.037174791 0.993151426
1341839117.313580 -0.533750117 0.062769249 -0.135534957 -0.030163318 0.107631050 0.040774845 0.992896378
1341839117.345623 -0.546085596 0.073180690 -0.141811922 -0.027744137 0.109612994 0.041964944 0.992700458
1341839117.377641 -0.557112813 0.072213084 -0.147237808 -0.030200511 0.110657446 0.042686824 0.992482126
1341839117.413568 -0.568458200 0.070918173 -0.146411210 -0.031756323 0.111350305 0.041638464 0.992400587
1341839117.445717 -0.585068226 0.079571769 -0.154832914 -0.031070428 0.113418654 0.042683836 0.992143631
1341839117.477601 -0.596325696 0.085668042 -0.159919903 -0.033984017 0.115058526 0.043835994 0.991808951
1341839117.513635 -0.602985620 0.077540457 -0.156278372 -0.036794666 0.116182938 0.046856873 0.991439402
1341839117.545603 -0.618222237 0.084405676 -0.164853796 -0.035372920 0.117663726 0.048456486 0.991239607
1341839117.581707 -0.627221823 0.084643699 -0.165736035 -0.037340671 0.117575713 0.048864454 0.991157889
1341839117.613653 -0.639448941 0.082889102 -0.168660492 -0.038208298 0.118764848 0.049262244 0.990963280
1341839117.645887 -0.653774858 0.087952524 -0.173778281 -0.037411101 0.120439656 0.050605159 0.990723908
1341839117.681569 -0.665923357 0.089047126 -0.177606195 -0.038625717 0.120903358 0.051807150 0.990558684
1341839117.713639 -0.668686748 0.083090819 -0.178604469 -0.041007280 0.119125694 0.050184391 0.990761817
1341839117.745712 -0.680702567 0.081787318 -0.179384142 -0.040198643 0.120348170 0.048992053 0.990706921
1341839117.781725 -0.692911804 0.093978614 -0.186199337 -0.037510552 0.121524900 0.049545195 0.990641177
1341839117.813499 -0.708996892 0.094923630 -0.190947682 -0.040270846 0.123552203 0.052234538 0.990143776
1341839117.849617 -0.711380363 0.085351542 -0.186213121 -0.043592792 0.122140028 0.053830136 0.990092814
1341839117.881610 -0.720686674 0.090095609 -0.187430665 -0.040907409 0.121463835 0.051114261 0.990434468
1341839117.913581 -0.737067580 0.107397348 -0.194790766 -0.038307987 0.121767409 0.048245549 0.990645051
1341839117.949521 -0.743815422 0.101433136 -0.193619266 -0.042701781 0.121066257 0.047651459 0.990580022
1341839117.981586 -0.753750384 0.101821303 -0.192622870 -0.043312348 0.121466257 0.049043771 0.990436614
1341839118.017504 -0.758265078 0.107522711 -0.197513461 -0.044032220 0.120748304 0.047526389 0.990566671
1341839118.049478 -0.764084876 0.099265672 -0.194213927 -0.046932735 0.121521369 0.045472439 0.990435302
1341839118.081566 -0.775305390 0.103593022 -0.195238128 -0.045366827 0.122589812 0.045824844 0.990360379
1341839118.117532 -0.781119227 0.103920378 -0.195198655 -0.046535067 0.122447602 0.047118757 0.990263045
1341839118.149476 -0.783575654 0.090229392 -0.191525325 -0.049238250 0.122192509 0.047570445 0.990142226
1341839118.182394 -0.791704416 0.096677251 -0.191823840 -0.045849156 0.122715995 0.046207946 0.990304708
1341839118.217697 -0.800810635 0.102507308 -0.193096027 -0.045213625 0.123755604 0.044578832 0.990279257
1341839118.249595 -0.803483784 0.092740133 -0.187610731 -0.047183637 0.124617033 0.046394598 0.989995897
1341839118.285581 -0.807926595 0.088012710 -0.186575428 -0.046203792 0.124922864 0.047729276 0.989940107
1341839118.317574 -0.817608714 0.090626232 -0.185057148 -0.044359092 0.126404867 0.047035437 0.989869535
1341839118.349685 -0.822477460 0.084565975 -0.183184013 -0.044124033 0.127071142 0.047372155 0.989778697
1341839118.385618 -0.832827091 0.090378046 -0.181548864 -0.040930897 0.128811404 0.048298318 0.989646137
1341839118.417611 -0.840326667 0.092013970 -0.181724086 -0.040315464 0.129435062 0.049916413 0.989509761
1341839118.449697 -0.844102204 0.090798385 -0.176920131 -0.040532056 0.129426166 0.050967779 0.989448488
1341839118.485493 -0.848870158 0.086668387 -0.173657000 -0.040594246 0.129829690 0.050063509 0.989439249
1341839118.517623 -0.859122813 0.091346771 -0.172632098 -0.038404074 0.131508440 0.049558457 0.989330351
1341839118.554050 -0.872975469 0.099284850 -0.172141284 -0.037871934 0.133159012 0.051304068 0.989041090
1341839118.585668 -0.870361626 0.088528082 -0.167221189 -0.042312525 0.130822405 0.052143492 0.989129007
1341839118.617700 -0.875000179 0.087455079 -0.161339045 -0.040949680 0.131499961 0.050119095 0.989201188
1341839118.653714 -0.892820358 0.101134665 -0.164098203 -0.037708789 0.133860439 0.049786244 0.989030242
1341839118.717504 -0.898502588 0.079355493 -0.154529497 -0.045686986 0.134248123 0.052790578 0.988485336
1341839118.753742 -0.912665844 0.093689919 -0.157152385 -0.040490214 0.136755556 0.051497187 0.988436401
1341839118.785566 -0.925488770 0.098048180 -0.158672124 -0.041556109 0.138934970 0.052844983 0.988016963
1341839118.821695 -0.933968782 0.094064459 -0.156270966 -0.044789411 0.139255434 0.056319837 0.987638533
1341839118.853833 -0.930971861 0.084592193 -0.151696026 -0.047805957 0.138406858 0.055235848 0.987677634
1341839118.921740 -0.956851125 0.091816917 -0.149243191 -0.043831144 0.141537443 0.054185636 0.987476528
1341839118.953665 -0.959834456 0.089614227 -0.146969974 -0.045889065 0.142101243 0.055293970 0.987240613
1341839118.989622 -0.967374504 0.078161463 -0.142701924 -0.047045708 0.144848078 0.057352629 0.986669362
1341839119.021687 -0.977544427 0.083963409 -0.143592224 -0.044071451 0.146495655 0.057334900 0.986564457
1341839119.054550 -0.988093257 0.090471759 -0.143448338 -0.043060325 0.148956999 0.058030713 0.986199796
1341839119.089581 -1.001546502 0.090422042 -0.140570015 -0.044032667 0.151841074 0.062128898 0.985467076
1341839119.121679 -1.006987214 0.084680229 -0.139367193 -0.046223015 0.152130842 0.064001583 0.985202253
1341839119.153810 -1.012207866 0.082738154 -0.137542278 -0.046422351 0.152895838 0.063235745 0.985123873
1341839119.190466 -1.030228138 0.089089692 -0.138072371 -0.045081314 0.155479833 0.063401327 0.984771013
1341839119.221601 -1.038491845 0.094631635 -0.138402820 -0.045879964 0.156226546 0.064119644 0.984569430
1341839119.257728 -1.042002678 0.086002029 -0.133796960 -0.048902605 0.157720998 0.065779075 0.984076083
1341839119.289455 -1.049276590 0.085408211 -0.132112592 -0.048512604 0.159239024 0.066004634 0.983835757
1341839119.321569 -1.062097549 0.085793100 -0.129071355 -0.047896538 0.161279500 0.067435302 0.983436465
1341839119.357502 -1.066771984 0.083978064 -0.127790213 -0.047062948 0.161604658 0.070652947 0.983197391
1341839119.389594 -1.076135278 0.089662671 -0.128385693 -0.045709744 0.162663549 0.071945049 0.982992887
1341839119.421517 -1.084111214 0.081561550 -0.126198262 -0.048133016 0.162428752 0.071934506 0.982916832
1341839119.457571 -1.087639093 0.084518045 -0.125556678 -0.047076188 0.160483256 0.070379362 0.983400106
1341839119.489537 -1.094952106 0.090215683 -0.125196725 -0.046385866 0.161665231 0.069169380 0.983325124
1341839119.525734 -1.105720758 0.092499539 -0.123881340 -0.047013611 0.163989708 0.070912138 0.982786119
1341839119.557461 -1.111464620 0.098958299 -0.125207394 -0.047882061 0.163355201 0.073055305 0.982692897
1341839119.589618 -1.105680466 0.087496549 -0.124552816 -0.052850310 0.161257982 0.070546918 0.982967854
1341839119.625979 -1.113318324 0.083640978 -0.121444225 -0.051960617 0.162577599 0.068612091 0.982934892
1341839119.657625 -1.125582218 0.098598525 -0.124295235 -0.048696458 0.163732544 0.067367032 0.982996464
1341839119.689899 -1.128193378 0.094696134 -0.125159681 -0.053055733 0.162992910 0.067702875 0.982870638
1341839119.725735 -1.124028563 0.080757096 -0.119721919 -0.056318168 0.162167281 0.066341959 0.982918501
1341839119.757807 -1.135123253 0.091743320 -0.121385723 -0.052457713 0.163936570 0.063817747 0.983005762
1341839119.793744 -1.144918442 0.096383445 -0.122446805 -0.053330392 0.164081037 0.063712567 0.982941508
1341839119.825500 -1.142174959 0.083273292 -0.120097339 -0.057292573 0.162625924 0.063582487 0.982968748
1341839119.857554 -1.148129225 0.081154719 -0.116747826 -0.055663288 0.164654881 0.063484780 0.982730925
1341839119.893748 -1.164166451 0.093906909 -0.118416309 -0.051770672 0.167824835 0.064604454 0.982334435
1341839119.925601 -1.168059349 0.094810128 -0.121093810 -0.054026291 0.167587981 0.066032104 0.982158422
1341839119.957678 -1.166465163 0.077329785 -0.114943802 -0.057956535 0.167920679 0.067120641 0.981803715
1341839119.993679 -1.177942872 0.083143622 -0.114722699 -0.053792834 0.169139981 0.067145377 0.981829643
1341839120.025666 -1.184482932 0.084210664 -0.115371406 -0.052834399 0.169519857 0.066000216 0.981893837
1341839120.061576 -1.192823529 0.086037263 -0.114180744 -0.052036885 0.171207532 0.066980951 0.981577158
1341839120.093515 -1.200594425 0.084379479 -0.112823874 -0.052017666 0.173349574 0.069918811 0.980997145
1341839120.125657 -1.208068848 0.082817942 -0.110601366 -0.051633697 0.175222784 0.073017426 0.980458736
1341839120.161703 -1.210900187 0.074813314 -0.107509375 -0.052344579 0.175890267 0.073882148 0.980236709
1341839120.193590 -1.220173120 0.073662855 -0.105614454 -0.049676906 0.177489609 0.073894471 0.980086327
1341839120.229713 -1.229852557 0.080898717 -0.106233895 -0.046021376 0.180087343 0.075094365 0.979699671
1341839120.261506 -1.244817376 0.084775522 -0.105958223 -0.044971913 0.184367850 0.079193048 0.978628874
1341839120.293457 -1.251805544 0.077738136 -0.102647483 -0.045839988 0.185653299 0.083889455 0.977954030
1341839120.329588 -1.259620667 0.079015583 -0.103975087 -0.044478640 0.186838329 0.083100483 0.977858603
1341839120.361629 -1.276017547 0.087972835 -0.103354335 -0.042951439 0.189720646 0.082834005 0.977394402
1341839120.393790 -1.287833214 0.085546605 -0.102733403 -0.045106381 0.190388456 0.085660897 0.976923645
1341839120.429559 -1.292701840 0.085174121 -0.103006691 -0.046681520 0.190276831 0.086476780 0.976799548
1341839120.461550 -1.302047253 0.080463462 -0.099913478 -0.048307162 0.191402093 0.086851045 0.976467371
1341839120.497665 -1.313428044 0.080099910 -0.098559022 -0.048083123 0.191616237 0.086950116 0.976427615
1341839120.561630 -1.331330776 0.082132451 -0.100051045 -0.049285885 0.193657607 0.089286104 0.975753844
1341839120.597681 -1.342973828 0.080059901 -0.098610431 -0.049649384 0.195424855 0.091283001 0.975198150
1341839120.629503 -1.349185705 0.083559521 -0.099456638 -0.049599763 0.194981098 0.091487251 0.975270391
1341839120.661993 -1.355679750 0.085926302 -0.101542979 -0.050672483 0.195804939 0.090326943 0.975158334
1341839120.697745 -1.367622137 0.083826385 -0.098987997 -0.052653223 0.198251918 0.091024496 0.974493921
1341839120.729566 -1.376898646 0.085957050 -0.098450005 -0.053098183 0.198781207 0.091838054 0.974285603
1341839120.765550 -1.380123019 0.081952572 -0.098707259 -0.055448685 0.198708698 0.090551332 0.974289894
1341839120.797761 -1.388711452 0.078657120 -0.096512944 -0.055711433 0.200335175 0.089398220 0.974048257
1341839120.829557 -1.399479270 0.084009491 -0.097595066 -0.054289225 0.201745972 0.089477912 0.973830044
1341839120.865525 -1.404259682 0.080995649 -0.097523093 -0.055768654 0.203401670 0.090879999 0.973272026
1341839120.897669 -1.411436558 0.073051885 -0.094452113 -0.056585789 0.205943823 0.093127064 0.972477496
1341839120.929785 -1.422390699 0.070207380 -0.091992080 -0.054931793 0.207302749 0.093755335 0.972223222
1341839120.965555 -1.430115819 0.070805602 -0.091026723 -0.053053349 0.207144111 0.092659533 0.972466409
1341839120.997581 -1.438708067 0.071825787 -0.089402318 -0.051585905 0.207603455 0.091633566 0.972544611
1341839121.033744 -1.451424956 0.072028808 -0.085830778 -0.050183989 0.208782315 0.093624622 0.972175896
1341839121.065604 -1.455561519 0.065969817 -0.081982642 -0.050117865 0.207978696 0.095734052 0.972146094
1341839121.097656 -1.461802959 0.068058416 -0.080118418 -0.047985233 0.207804531 0.095375396 0.972326219
1341839121.133691 -1.477108955 0.068382479 -0.076052964 -0.047466654 0.208050832 0.095205657 0.972315609
1341839121.165530 -1.480814457 0.064150795 -0.073208272 -0.047560096 0.205232531 0.095505469 0.972880423
1341839121.201575 -1.486117721 0.064192303 -0.071440101 -0.046466861 0.204417333 0.094370268 0.973215640
1341839121.233546 -1.497311592 0.064329535 -0.066433430 -0.045533612 0.204733193 0.094773546 0.973154128
1341839121.265498 -1.503795981 0.063922323 -0.064324975 -0.045342587 0.202655390 0.096371986 0.973440945
1341839121.301532 -1.507604241 0.059019081 -0.061300635 -0.046759620 0.201463223 0.095608965 0.973696589
1341839121.333608 -1.511754751 0.054486282 -0.058275044 -0.046713695 0.200861573 0.094158642 0.973964393
1341839121.365570 -1.521625638 0.056067616 -0.056358755 -0.045312375 0.201340497 0.092851594 0.974057198
1341839121.401586 -1.527232528 0.050670579 -0.051838994 -0.044871613 0.201680005 0.094610348 0.973838091
1341839121.433568 -1.532162428 0.060964018 -0.051004291 -0.041603278 0.201579303 0.094057061 0.974057615
1341839121.470470 -1.535318375 0.050449014 -0.047911167 -0.044701438 0.201571062 0.093445510 0.973980904
1341839121.501558 -1.531679630 0.035057098 -0.039634526 -0.044426486 0.200377092 0.093251891 0.974258363
1341839121.533669 -1.541835427 0.041795269 -0.040984929 -0.038768373 0.201773435 0.090126157 0.974505901
1341839121.569551 -1.551831007 0.038428314 -0.038119376 -0.037793949 0.203634828 0.089961775 0.974172115
1341839121.601594 -1.552685022 0.032335281 -0.032623351 -0.036332909 0.203271136 0.090342626 0.974268436
1341839121.633518 -1.561121941 0.038602069 -0.030392110 -0.032431915 0.204772010 0.089230619 0.974194288
1341839121.676759 -1.566608548 0.027290866 -0.026517987 -0.033948790 0.205806836 0.089578211 0.973892570
1341839121.737794 -1.573783755 0.018699892 -0.016504347 -0.029543282 0.203866467 0.088804819 0.974514961
1341839121.769806 -1.577753305 0.016653061 -0.012120128 -0.028322475 0.203282177 0.084941618 0.975017488
1341839121.801610 -1.588330388 0.018770255 -0.006746531 -0.025965273 0.204164907 0.082916968 0.975072980
1341839121.837558 -1.594072819 0.015386663 -0.003366053 -0.025823593 0.203334033 0.082790598 0.975261033
1341839121.869640 -1.593182325 0.009695463 0.003868520 -0.025880048 0.202566922 0.082214192 0.975467980
1341839121.901603 -1.606011629 0.008455921 0.010503948 -0.023616988 0.203528479 0.081258610 0.975405276
1341839121.937642 -1.607944965 0.007723447 0.013373315 -0.022790622 0.201952323 0.080077879 0.975850105
1341839121.969593 -1.618754983 0.005968623 0.018129945 -0.022223925 0.204363897 0.080241233 0.975347519
1341839122.005447 -1.634559035 0.007608850 0.023638606 -0.021456422 0.206790090 0.082698308 0.974647880
1341839122.037577 -1.636484623 0.003764473 0.025677025 -0.022655886 0.204817951 0.083380684 0.974978983
1341839122.069508 -1.638175726 -0.002867676 0.028984487 -0.024521112 0.203820646 0.081206433 0.975326300
1341839122.105677 -1.646388888 -0.003014069 0.032952249 -0.023630641 0.204596549 0.079561040 0.975321412
1341839122.137560 -1.656154633 0.002734613 0.036774993 -0.022179993 0.205585584 0.079533800 0.975149751
1341839122.169506 -1.662482262 0.005120493 0.038361788 -0.023568222 0.206277609 0.079339124 0.974986851
1341839122.205699 -1.666709185 -0.007574841 0.043609858 -0.026894400 0.207482681 0.080081657 0.974584281
1341839122.237714 -1.673567057 -0.010439605 0.048274517 -0.025573440 0.208942860 0.080550022 0.974269271
1341839122.273692 -1.678085089 -0.003722388 0.048929513 -0.023903409 0.209859446 0.080200955 0.974143445
1341839122.305536 -1.685547113 -0.006977119 0.055081487 -0.025182724 0.212466702 0.081219673 0.973461390
1341839122.337539 -1.694057226 -0.013412792 0.059545338 -0.025706062 0.213860542 0.083651394 0.972936451
1341839122.373595 -1.697000504 -0.016066451 0.061205924 -0.026367046 0.213631153 0.084280714 0.972914815
1341839122.405534 -1.700871110 -0.022918858 0.067569792 -0.027111797 0.214793473 0.083700173 0.972688556
1341839122.441566 -1.712069631 -0.022425633 0.075715661 -0.024131769 0.216854036 0.084305786 0.972257435
1341839122.476666 -1.722995758 -0.017229538 0.079773903 -0.022145517 0.217809007 0.085313171 0.972003341
1341839122.541642 -1.729027748 -0.034777757 0.091845036 -0.021743169 0.217721209 0.089086421 0.971693516
1341839122.605781 -1.750079870 -0.025069844 0.099331081 -0.016419545 0.219351053 0.088742197 0.971462965
1341839122.641573 -1.758011103 -0.034335848 0.109933853 -0.017564654 0.219965205 0.091114245 0.971084416
1341839122.673585 -1.754675508 -0.035568554 0.111813843 -0.016348187 0.217596591 0.091540389 0.971599102
1341839122.709612 -1.762171984 -0.036412138 0.116518617 -0.015514814 0.217027843 0.089328796 0.971945763
1341839122.744481 -1.769267917 -0.032534368 0.119143069 -0.014361450 0.216083020 0.087256201 0.972362161
1341839122.809572 -1.785020113 -0.024770129 0.124552488 -0.016822189 0.217276379 0.089467868 0.971855700
1341839122.841637 -1.778120518 -0.036540676 0.126853704 -0.020969206 0.215198070 0.088811517 0.972297549
1341839122.873612 -1.780823946 -0.035417333 0.129346490 -0.020432154 0.215607002 0.085423298 0.972522020
1341839122.909624 -1.794495106 -0.031313606 0.133880913 -0.019716393 0.217730433 0.085460022 0.972060382
1341839122.941543 -1.793202639 -0.029276773 0.135805964 -0.020728366 0.216160536 0.087011024 0.972252071
1341839122.977575 -1.790655613 -0.041777790 0.140862525 -0.023411637 0.216232747 0.085587107 0.972301483
1341839123.009572 -1.795854926 -0.042127699 0.144174635 -0.020635702 0.217422962 0.083870865 0.972248495
1341839123.041702 -1.804378867 -0.024407998 0.144148767 -0.016709391 0.218299389 0.083681099 0.972143829
1341839123.077583 -1.810958385 -0.027075816 0.143759131 -0.020347485 0.219248489 0.086268097 0.971634626
1341839123.109751 -1.805411935 -0.041225191 0.149889112 -0.024371332 0.218609348 0.087508008 0.971575201
1341839123.141926 -1.808128595 -0.037123699 0.150015771 -0.021320997 0.219274923 0.085915655 0.971639037
1341839123.177759 -1.819189429 -0.020140182 0.148773789 -0.019174801 0.221099705 0.085814349 0.971279085
1341839123.209570 -1.825214148 -0.022279751 0.153003216 -0.023408547 0.222964734 0.089442156 0.970432281
1341839123.245725 -1.822725534 -0.035089269 0.153512299 -0.027339932 0.223317146 0.092661858 0.969946265
1341839123.277647 -1.817254305 -0.034155998 0.155467749 -0.027171059 0.223874897 0.090862364 0.969992697
1341839123.309620 -1.830159664 -0.031817865 0.157852530 -0.026005622 0.227315187 0.089399084 0.969360232
1341839123.345630 -1.834333897 -0.027347893 0.160253048 -0.025078017 0.228553712 0.092021443 0.968847930
1341839123.378204 -1.830948353 -0.030087963 0.160372198 -0.025688937 0.229667261 0.094192542 0.968359828
1341839123.413605 -1.833123207 -0.035173543 0.159195840 -0.026107542 0.231889799 0.094011709 0.967836440
1341839123.445605 -1.841415882 -0.035659060 0.162778735 -0.025671043 0.233566657 0.092985958 0.967543900
1341839123.477524 -1.843272209 -0.036964282 0.163838923 -0.026136113 0.234444469 0.091228761 0.967486441
1341839123.513569 -1.842173100 -0.031842288 0.163716018 -0.024558105 0.236045018 0.089947581 0.967258573
1341839123.545681 -1.850857735 -0.032548726 0.168797433 -0.023913858 0.239625126 0.091111831 0.966284931
1341839123.577643 -1.849668980 -0.045072861 0.168506861 -0.025702601 0.239491239 0.092557788 0.966134787
1341839123.613598 -1.851116419 -0.043099150 0.168725193 -0.023756297 0.240781531 0.089315087 0.966169059
1341839123.645669 -1.865211844 -0.036147002 0.173408806 -0.022073725 0.244355351 0.087060168 0.965517342
1341839123.681751 -1.868466616 -0.042721167 0.177490056 -0.023204086 0.244967103 0.088445403 0.965209901
1341839123.713662 -1.874717951 -0.045028135 0.179033875 -0.022472441 0.246458605 0.088936627 0.964802265
1341839123.745702 -1.880972624 -0.048246630 0.181574762 -0.022582253 0.248554647 0.087936886 0.964353502
1341839123.781632 -1.889243722 -0.053177387 0.187147379 -0.021896947 0.250580698 0.087603740 0.963875234
1341839123.813710 -1.901884079 -0.044380356 0.189529181 -0.018516725 0.251564205 0.087597929 0.963690400
1341839123.845656 -1.908372402 -0.037264071 0.188299716 -0.018810216 0.250598073 0.088417746 0.963861525
1341839123.881576 -1.915799379 -0.048362844 0.191025853 -0.023453265 0.251380771 0.086683698 0.963713408
1341839123.913827 -1.925402403 -0.048100203 0.195436418 -0.024260189 0.252714396 0.085019127 0.963492930
1341839123.949667 -1.940888286 -0.044611640 0.198849022 -0.024821943 0.253171474 0.085078448 0.963353395
1341839123.981668 -1.945333362 -0.054524049 0.204225123 -0.028549403 0.250912637 0.085504703 0.963803291
1341839124.013726 -1.954732895 -0.058655247 0.210072279 -0.028920859 0.250085026 0.084331341 0.964110613
1341839124.049634 -1.971087813 -0.058276303 0.214498043 -0.027936982 0.250238806 0.083838090 0.964142740
1341839124.081682 -1.982763767 -0.059721731 0.216150522 -0.027976872 0.248797134 0.085121728 0.964402199
1341839124.113596 -1.989215255 -0.061174862 0.220117867 -0.028788982 0.247072548 0.085019529 0.964830577
1341839124.149548 -1.995168447 -0.068062156 0.224979460 -0.030103207 0.246364444 0.083624586 0.965093374
1341839124.181547 -2.008728027 -0.064289503 0.225559354 -0.028266691 0.246391356 0.082962885 0.965199172
1341839124.217783 -2.018256426 -0.062207110 0.223765373 -0.029538341 0.245656028 0.082996301 0.965345681
1341839124.256572 -2.024218082 -0.077804655 0.231630743 -0.033388421 0.245945126 0.083497971 0.965103269
1341839124.317542 -2.045876026 -0.069126375 0.232758105 -0.029575264 0.246861055 0.083825886 0.964965343
1341839124.349622 -2.057147980 -0.069615066 0.236911297 -0.029650442 0.248002395 0.085654251 0.964509726
1341839124.417782 -2.067293406 -0.077506654 0.235986173 -0.032150585 0.248446912 0.088995993 0.964012563
1341839124.449587 -2.079398155 -0.079071246 0.240353167 -0.030753270 0.250530213 0.088357449 0.963577628
1341839124.485711 -2.084662914 -0.065297768 0.233749926 -0.028804168 0.249469012 0.087245546 0.964014411
1341839124.549607 -2.100811481 -0.071748987 0.238773286 -0.031594373 0.254063904 0.090180598 0.962455571
1341839124.585623 -2.108450413 -0.069135927 0.238249838 -0.030874066 0.254705340 0.091019794 0.962230444
1341839124.617614 -2.111207962 -0.072742671 0.238027751 -0.033097718 0.254772842 0.090100870 0.962225139
1341839124.653561 -2.117995977 -0.077740848 0.238165498 -0.033007234 0.256241947 0.091073737 0.961746454
1341839124.685611 -2.128347874 -0.064273715 0.236294448 -0.030157434 0.257248104 0.091222897 0.961557209
1341839124.717580 -2.134000778 -0.071799666 0.241617799 -0.034232266 0.258783638 0.091382116 0.960993469
1341839124.753621 -2.132681370 -0.075550787 0.243616045 -0.034529299 0.258612186 0.090836570 0.961080730
1341839124.785678 -2.146481991 -0.069382749 0.246848464 -0.032072540 0.260553241 0.090468585 0.960676193
1341839124.817558 -2.148825407 -0.063560881 0.242782712 -0.032556389 0.261346549 0.090890296 0.960404634
1341839124.885712 -2.167733669 -0.084243417 0.257684231 -0.033666890 0.266770273 0.093404979 0.958632171
1341839124.921721 -2.166080236 -0.067324758 0.252748132 -0.029886492 0.263176054 0.091881230 0.959897399
1341839124.953580 -2.160496950 -0.078306876 0.250855684 -0.033591811 0.263666153 0.088686250 0.959940910
1341839124.985862 -2.178335190 -0.083983675 0.262925625 -0.031905387 0.269693941 0.088311672 0.958357036
1341839125.021660 -2.189940453 -0.071774006 0.265782654 -0.025998045 0.269836903 0.092492633 0.958100855
1341839125.053606 -2.185991764 -0.074686468 0.256454051 -0.028401993 0.267307937 0.093544707 0.958639205
1341839125.086082 -2.183386087 -0.092553087 0.260304332 -0.033187605 0.268272609 0.091628999 0.958401024
1341839125.121616 -2.199853182 -0.088878401 0.270211697 -0.028065033 0.270280093 0.090224095 0.958133936
1341839125.153540 -2.201951265 -0.061566547 0.261447489 -0.024120715 0.266176850 0.088738337 0.959527791
1341839125.189545 -2.197668076 -0.078400612 0.260376275 -0.034046371 0.266497970 0.085045405 0.959472239
1341839125.221519 -2.199166775 -0.096252270 0.267553329 -0.036909677 0.269630551 0.083533429 0.958623588
1341839125.253620 -2.209448814 -0.080651909 0.269742489 -0.031433657 0.273253739 0.081386492 0.957977295
1341839125.289646 -2.215185165 -0.074448578 0.271234214 -0.031998456 0.274236292 0.081848972 0.957638383
1341839125.321651 -2.205403328 -0.102698229 0.272403717 -0.039067790 0.272778630 0.080341518 0.957920015
1341839125.353612 -2.208782673 -0.089230105 0.272016644 -0.033568397 0.275620431 0.076162502 0.957656384
1341839125.389732 -2.215686798 -0.072827011 0.265408814 -0.031795137 0.278852373 0.075001195 0.956872582
1341839125.421568 -2.220842361 -0.083660796 0.273322463 -0.037074924 0.284081697 0.077304646 0.954959154
1341839125.457605 -2.214974165 -0.090662949 0.275565088 -0.038566671 0.285178930 0.078414865 0.954482377
1341839125.489491 -2.217574596 -0.088751964 0.280817151 -0.037024677 0.288844526 0.077402838 0.953523397
1341839125.521521 -2.226959705 -0.078626096 0.283998728 -0.034104850 0.291613430 0.079082802 0.952651203
1341839125.557578 -2.223374844 -0.090437934 0.281041861 -0.038268104 0.290234059 0.081390075 0.952719986
1341839125.596685 -2.217117310 -0.094775878 0.285568178 -0.039623316 0.291551262 0.078874514 0.952473998
1341839125.657655 -2.234869242 -0.080807500 0.294034183 -0.035610676 0.296181053 0.082886048 0.950861990
1341839125.689599 -2.233142138 -0.088337377 0.295302153 -0.039366677 0.295890808 0.084977530 0.950619638
1341839125.725674 -2.230475903 -0.105983600 0.305417597 -0.042854976 0.296318442 0.084277190 0.950397909
1341839125.757650 -2.240883827 -0.093578130 0.311504841 -0.037791967 0.296322405 0.082932234 0.950729728
1341839125.789697 -2.243551493 -0.081761621 0.310320675 -0.037465565 0.295591921 0.083319493 0.950936198
1341839125.825554 -2.248441219 -0.091245383 0.322201550 -0.041339189 0.298644304 0.086837083 0.949506164
1341839125.857601 -2.250120401 -0.098263875 0.333477974 -0.041847251 0.299266040 0.090375900 0.948957741
1341839125.893542 -2.247452021 -0.104091763 0.336259484 -0.042597156 0.297170520 0.089465745 0.949668884
1341839125.925748 -2.252094030 -0.104901642 0.343633294 -0.041781619 0.297495514 0.086811528 0.949849725
1341839125.957565 -2.263777018 -0.097722232 0.352961481 -0.038797360 0.298399597 0.088301800 0.949555278
1341839125.993528 -2.265007019 -0.101259798 0.356372058 -0.040013131 0.296821028 0.092005923 0.949647903
1341839126.025584 -2.260635614 -0.115292817 0.363160014 -0.043270439 0.296325386 0.092082396 0.949652433
1341839126.057677 -2.268187046 -0.122010112 0.372104764 -0.041932914 0.296802670 0.091895103 0.949581504
1341839126.093586 -2.276031971 -0.110336564 0.374959230 -0.039548203 0.295693159 0.090906516 0.950124979
1341839126.125584 -2.271986961 -0.126031041 0.382638514 -0.043792829 0.295314550 0.091041684 0.950043619
1341839126.161675 -2.278922319 -0.129737779 0.393760622 -0.041027024 0.297269195 0.091382965 0.949524581
1341839126.193566 -2.282066107 -0.119137131 0.395686686 -0.037870295 0.296851814 0.092306465 0.949696958
1341839126.225494 -2.282718897 -0.129973903 0.400978565 -0.040411450 0.298507750 0.093178041 0.948987842
1341839126.262252 -2.290945292 -0.128003299 0.413541079 -0.037891578 0.302574098 0.095385402 0.947583675
1341839126.293564 -2.295801401 -0.133592293 0.422077894 -0.037275422 0.303693503 0.098534234 0.946927547
1341839126.325643 -2.295417786 -0.137271315 0.425110400 -0.037476402 0.302021563 0.098820277 0.947424412
1341839126.361562 -2.298625708 -0.143631503 0.429607272 -0.039017908 0.301434040 0.095807925 0.947858632
1341839126.393475 -2.299400568 -0.130734593 0.432257295 -0.037041198 0.301971227 0.092782728 0.948067904
1341839126.429534 -2.312574863 -0.132924482 0.443804145 -0.038479660 0.306525409 0.093839847 0.946443617
1341839126.461585 -2.315664291 -0.139695659 0.449728072 -0.040251117 0.306377769 0.097754858 0.946021378
1341839126.493573 -2.301816940 -0.153133526 0.449438751 -0.042779595 0.303741157 0.097824365 0.946753204
1341839126.529589 -2.308156490 -0.153979853 0.458926558 -0.041160472 0.306811541 0.093375154 0.946284056
1341839126.561488 -2.317722797 -0.141700447 0.463429749 -0.036866624 0.308749706 0.092713311 0.945895672
1341839126.593549 -2.321804047 -0.138448820 0.462702334 -0.036488719 0.309849858 0.096452899 0.945176423
1341839126.629751 -2.315752506 -0.158412829 0.467969954 -0.041213598 0.311207235 0.099013664 0.944271028
1341839126.661503 -2.318666935 -0.167708874 0.475147009 -0.039935824 0.313990235 0.097665258 0.943544805
1341839126.697561 -2.326224089 -0.151065439 0.472933590 -0.034478098 0.315654427 0.096443325 0.943330407
1341839126.729517 -2.323952913 -0.154643551 0.476196170 -0.036360916 0.317544818 0.098268569 0.942436457
1341839126.761554 -2.321715355 -0.168051928 0.485176325 -0.037217461 0.321018785 0.097980306 0.941255331
1341839126.797734 -2.328324556 -0.156379938 0.481994510 -0.032694958 0.323153883 0.095552787 0.940942228
1341839126.829608 -2.327811480 -0.156775638 0.482756078 -0.033505440 0.325694710 0.093968317 0.940196931
1341839126.865650 -2.336880207 -0.157011986 0.492147088 -0.032254435 0.330905020 0.095750980 0.938239455
1341839126.897640 -2.334488630 -0.163490728 0.494996667 -0.032633919 0.331707776 0.097516850 0.937760830
1341839126.929680 -2.333801746 -0.168435588 0.497671425 -0.030965827 0.334054500 0.097476706 0.936988235
1341839126.965564 -2.348585606 -0.149563164 0.504259765 -0.026156211 0.336772054 0.096982025 0.936213076
1341839126.997665 -2.343391895 -0.169360206 0.506772161 -0.032890599 0.335372359 0.098600209 0.936334133
1341839127.029597 -2.339863300 -0.188259378 0.518649459 -0.033774860 0.336837023 0.097069822 0.935936689
1341839127.065594 -2.344697952 -0.180002093 0.518456042 -0.028970009 0.336854696 0.092481665 0.936555803
1341839127.097689 -2.344405651 -0.177755177 0.515417635 -0.026892575 0.337546259 0.090134561 0.936597645
1341839127.133571 -2.351962566 -0.172924533 0.521075368 -0.024576487 0.341501027 0.090792052 0.935163021
1341839127.165684 -2.351347446 -0.178997993 0.522994041 -0.024519965 0.343921453 0.094094388 0.933950245
1341839127.197636 -2.352795362 -0.184807658 0.525697231 -0.024167771 0.346337765 0.094548807 0.933020175
1341839127.233596 -2.353871584 -0.194546208 0.529304683 -0.024406351 0.348813802 0.092956215 0.932251275
1341839127.265755 -2.363703251 -0.187809661 0.532521367 -0.020034881 0.352053285 0.092550643 0.931177497
1341839127.297673 -2.366404772 -0.182279855 0.531233370 -0.019038355 0.354254395 0.093580715 0.930260181
1341839127.333679 -2.364650488 -0.188702017 0.531203508 -0.021263417 0.356318563 0.093586929 0.929422677
1341839127.372174 -2.370372057 -0.200089812 0.541538239 -0.024068095 0.360413820 0.091813140 0.927950978
1341839127.401871 -2.378090858 -0.196780369 0.549454093 -0.021176776 0.363898456 0.090746351 0.926765621
1341839127.434153 -2.383352757 -0.190985978 0.548347354 -0.019403037 0.365705729 0.091608785 0.926007926
1341839127.465725 -2.388407707 -0.198551953 0.554750085 -0.020335544 0.369702935 0.094496712 0.924108505
1341839127.502087 -2.394604683 -0.193612859 0.555324733 -0.017645214 0.371228516 0.096612103 0.923333168
1341839127.533614 -2.396803856 -0.187220946 0.548058808 -0.018997505 0.372426510 0.095429748 0.922946811
1341839127.565666 -2.410223007 -0.193643063 0.565692961 -0.023022097 0.379847825 0.098205313 0.919533193
1341839127.601497 -2.414652586 -0.208163768 0.584108651 -0.024223136 0.383069187 0.103639506 0.917567492
1341839127.633641 -2.410003424 -0.213266447 0.581842184 -0.022648308 0.381340533 0.104668275 0.918210745
1341839127.669721 -2.419616222 -0.219363183 0.591734648 -0.022085270 0.383805722 0.103383005 0.917342544
1341839127.701590 -2.428929806 -0.213363290 0.599766552 -0.019151859 0.384176224 0.103425212 0.917248666
1341839127.733628 -2.430244684 -0.209025607 0.601661563 -0.017676800 0.383159727 0.105414689 0.917476952
1341839127.769756 -2.432135105 -0.215642288 0.607584357 -0.019424813 0.383583069 0.105701357 0.917231679
1341839127.801629 -2.436977863 -0.225550145 0.616750896 -0.021463254 0.384933233 0.103482269 0.916873574
1341839127.837525 -2.440086603 -0.222277552 0.618358076 -0.018612655 0.385289490 0.103175350 0.916820824
1341839127.869904 -2.447106838 -0.219636112 0.622288048 -0.017104132 0.387817204 0.105224118 0.915550768
1341839127.901787 -2.447760582 -0.224817649 0.633128107 -0.017588124 0.389510721 0.107910387 0.914509356
1341839127.937458 -2.441430807 -0.227367252 0.628476083 -0.016524369 0.388722926 0.108420469 0.914804041
1341839127.970000 -2.450968266 -0.233759761 0.639331162 -0.016242133 0.393114090 0.108712152 0.912896037
1341839128.001556 -2.454387188 -0.228072971 0.647752583 -0.012951282 0.393535137 0.110513970 0.912550807
1341839128.037646 -2.453727722 -0.228794649 0.647876918 -0.012150984 0.391779989 0.110407703 0.913329601
1341839128.069528 -2.450412750 -0.225810200 0.639895976 -0.011912673 0.390069276 0.107626699 0.914396286
1341839128.105485 -2.466699123 -0.216190070 0.649912834 -0.012105186 0.395814240 0.108183913 0.911855698
1341839128.137556 -2.469747543 -0.217549339 0.661903858 -0.013516105 0.399711430 0.118739054 0.908817410
1341839128.169766 -2.464406013 -0.228770867 0.662263513 -0.016390456 0.397715062 0.123941302 0.908951461
1341839128.205769 -2.457258940 -0.240197361 0.661247969 -0.019707952 0.397202969 0.119775444 0.909667671
1341839128.237693 -2.468605757 -0.235411406 0.673821986 -0.016676825 0.400431812 0.117401376 0.908621609
1341839128.269778 -2.473791122 -0.219265789 0.667738736 -0.013324464 0.398604691 0.121012822 0.909006417
1341839128.305489 -2.466541052 -0.241727829 0.672478199 -0.020001106 0.399254471 0.123898789 0.908209741
1341839128.337488 -2.464951515 -0.243227392 0.679463506 -0.018805379 0.400959074 0.123502634 0.907538056
1341839128.373648 -2.470894337 -0.237211183 0.680358469 -0.016605541 0.401455969 0.122352041 0.907517135
1341839128.405628 -2.468313694 -0.234894067 0.676739156 -0.016974529 0.401189536 0.121737063 0.907710791
1341839128.438499 -2.470358849 -0.244646296 0.685281515 -0.018802457 0.405128360 0.123582982 0.905673683
1341839128.473696 -2.472785473 -0.238868922 0.691186428 -0.016170619 0.407140911 0.126420438 0.904429495
1341839128.505546 -2.471114397 -0.247683361 0.690277874 -0.018250205 0.407652438 0.126683816 0.904122591
1341839128.537583 -2.467459202 -0.246436566 0.693217158 -0.019020136 0.408405185 0.123780526 0.904169142
1341839128.573515 -2.475769043 -0.253228605 0.704525828 -0.019829214 0.413454503 0.123081788 0.901949644
1341839128.605707 -2.479267120 -0.240861535 0.706906915 -0.015165883 0.415115535 0.128243238 0.900556922
1341839128.641615 -2.473378658 -0.245370239 0.705478370 -0.017954689 0.413586736 0.131582484 0.900727332
1341839128.674297 -2.472642422 -0.266266227 0.724598169 -0.021392005 0.417641580 0.131035298 0.898859084
1341839128.705724 -2.480333328 -0.251064032 0.729845166 -0.014857235 0.420192033 0.133133158 0.897492945
1341839128.741577 -2.478707314 -0.244085178 0.733213186 -0.013202364 0.418980032 0.137180090 0.897475958
1341839128.773449 -2.479991436 -0.258435965 0.742706239 -0.016673496 0.419417351 0.138162509 0.897063136
1341839128.805626 -2.479299545 -0.258136213 0.748270690 -0.016476512 0.419537723 0.134333804 0.897591829
1341839128.841524 -2.492506981 -0.253391027 0.753437638 -0.015341068 0.424012959 0.136203662 0.895224154
1341839128.873613 -2.496860981 -0.252880186 0.765441060 -0.014245205 0.426724643 0.144777536 0.892604411
1341839128.909718 -2.491567135 -0.265107989 0.763588965 -0.017795531 0.423333287 0.149018005 0.893457294
1341839128.941487 -2.481791019 -0.289269090 0.774406910 -0.024587931 0.424134701 0.143685132 0.893789589
1341839128.973556 -2.499005079 -0.260166824 0.787417889 -0.015985548 0.427809358 0.139917731 0.892830729
1341839129.009679 -2.515597820 -0.257691503 0.791856229 -0.017538989 0.427715808 0.144142523 0.892174006
1341839129.041584 -2.505859375 -0.286798507 0.794845700 -0.026926862 0.427651644 0.145720214 0.891714454
1341839129.077533 -2.517847538 -0.280772001 0.814501822 -0.022527512 0.434618473 0.144625142 0.888641000
1341839129.109520 -2.525693417 -0.261518836 0.817867041 -0.018417625 0.433601290 0.148642942 0.888569653
1341839129.141619 -2.520651817 -0.279743224 0.821760416 -0.025544187 0.431226343 0.150630847 0.889214039
1341839129.177574 -2.520695925 -0.297665298 0.829093814 -0.029082557 0.434663981 0.149225160 0.887667358
1341839129.209655 -2.526526928 -0.285921156 0.840228438 -0.024118997 0.438620478 0.152287975 0.885346651
1341839129.241510 -2.529879093 -0.282645345 0.846221328 -0.023579516 0.438353300 0.156934813 0.884681761
1341839129.277541 -2.520284653 -0.303731918 0.851905704 -0.028663395 0.438793987 0.158506811 0.884032726
1341839129.309548 -2.521519184 -0.308101296 0.861964226 -0.026983816 0.442408979 0.157781407 0.882412136
1341839129.345615 -2.530923367 -0.290927500 0.873755991 -0.021446915 0.443635434 0.158669546 0.881788850
1341839129.377515 -2.526708603 -0.302099705 0.874955475 -0.025507225 0.441066593 0.159591496 0.882802486
1341839129.409635 -2.522030115 -0.316540033 0.886419475 -0.028243085 0.443624616 0.159097925 0.881525636
1341839129.445518 -2.528847456 -0.297209024 0.897774398 -0.021825638 0.446505010 0.159310594 0.880214214
1341839129.477523 -2.529179573 -0.298455626 0.899890363 -0.023013281 0.444745481 0.162439078 0.880502939
1341839129.509566 -2.521419764 -0.315679193 0.905842543 -0.028022591 0.444776982 0.162960663 0.880245388
1341839129.545536 -2.530628204 -0.305087775 0.916799068 -0.024239387 0.448555291 0.162736267 0.878480196
1341839129.577541 -2.532665491 -0.300520062 0.921531916 -0.024507690 0.448935807 0.166643709 0.877545357
1341839129.613707 -2.523782253 -0.319240779 0.928923965 -0.029418821 0.450134337 0.168990895 0.876330793
1341839129.645497 -2.524195194 -0.322037309 0.936779678 -0.029354870 0.451899976 0.166347429 0.875929892
1341839129.677529 -2.524776220 -0.317349046 0.943764925 -0.028452856 0.452766359 0.163767606 0.875998378
1341839129.713807 -2.527224064 -0.318445981 0.952546835 -0.026563939 0.453330994 0.165836439 0.875376284
1341839129.745656 -2.522051334 -0.320846438 0.947340012 -0.026944570 0.451288462 0.166138411 0.876362205
1341839129.777553 -2.518474102 -0.338167071 0.954579413 -0.030913128 0.454247713 0.164689794 0.874974668
1341839129.813668 -2.524593115 -0.328926593 0.968745708 -0.024829801 0.458438247 0.165673509 0.872794449
1341839129.845557 -2.528445244 -0.322295040 0.964532793 -0.021635516 0.456460595 0.168569624 0.873361230
1341839129.881595 -2.517851353 -0.345150113 0.967250705 -0.028358428 0.456042618 0.166289583 0.873824179
1341839129.913656 -2.519987106 -0.353189111 0.982547343 -0.026851647 0.460795105 0.162643850 0.872062981
1341839129.945668 -2.531763554 -0.324770480 0.977241039 -0.018382257 0.460729688 0.163388699 0.872177958
1341839129.981581 -2.525568247 -0.338742286 0.980489492 -0.024334511 0.460238636 0.165769100 0.871842206
1341839130.013837 -2.518514156 -0.371219128 0.997864604 -0.030598857 0.464686930 0.163214341 0.869764805
1341839130.049672 -2.530830860 -0.343505830 0.998093128 -0.020251848 0.465672195 0.160652041 0.870017350
1341839130.081470 -2.531782150 -0.336334676 0.994433999 -0.020368790 0.463141620 0.162480026 0.871025324
1341839130.113580 -2.527421951 -0.357266307 1.011051416 -0.025616014 0.465772837 0.164108261 0.869176626
1341839130.149498 -2.523537874 -0.365151018 1.012878776 -0.023273805 0.466053098 0.165122986 0.868900001
1341839130.181614 -2.540244579 -0.346630871 1.017621398 -0.017345225 0.468035966 0.164487869 0.868092835
1341839130.213597 -2.537714005 -0.351010054 1.022982597 -0.020161154 0.467918813 0.167617127 0.867496371
1341839130.249495 -2.536164522 -0.370270163 1.038041592 -0.023909716 0.471419066 0.168401659 0.865351498
1341839130.281707 -2.545294762 -0.359516680 1.042111397 -0.018799666 0.474687010 0.168991879 0.863574326
1341839130.317659 -2.550174236 -0.358464479 1.049065828 -0.018719159 0.476606697 0.172728345 0.861777544
1341839130.349604 -2.545375824 -0.374475121 1.060196280 -0.020475183 0.478245974 0.176329747 0.860098481
1341839130.382034 -2.547414303 -0.372623503 1.056840301 -0.016965544 0.478754252 0.176553816 0.859846056
1341839130.417728 -2.557657003 -0.368741900 1.065294623 -0.015777703 0.483263344 0.175719067 0.857514083
1341839130.481948 -2.562000275 -0.373634189 1.076256156 -0.017555613 0.484083742 0.183221638 0.855444074
1341839130.517772 -2.562387466 -0.381176114 1.087194681 -0.018831441 0.488177776 0.181861401 0.853378177
1341839130.549519 -2.571046829 -0.369855016 1.093026876 -0.013491373 0.488946378 0.184834406 0.852399945
1341839130.585696 -2.570298672 -0.377240390 1.095567942 -0.015181982 0.485314071 0.187749669 0.853808999
1341839130.617684 -2.566154480 -0.394728839 1.097957850 -0.020666616 0.486151159 0.183467641 0.854148448
1341839130.649566 -2.577576637 -0.385046989 1.109684944 -0.017422270 0.489969045 0.181249589 0.852511227
1341839130.685466 -2.585059643 -0.386299700 1.120407343 -0.015587789 0.490990639 0.184579104 0.851243675
1341839130.717517 -2.587773323 -0.390036643 1.116150141 -0.017062936 0.489368796 0.186069578 0.851824641
1341839130.749572 -2.587920427 -0.400871515 1.127311230 -0.021839617 0.491600662 0.183184966 0.851055264
1341839130.785686 -2.594977856 -0.399680942 1.140558958 -0.019952156 0.495074004 0.181150392 0.849522352
1341839130.817796 -2.604679108 -0.391395807 1.142878771 -0.015246931 0.495314598 0.186088175 0.848411560
1341839130.854788 -2.602442980 -0.400487393 1.144441843 -0.019050669 0.493409872 0.189200222 0.848756135
1341839130.885541 -2.596587658 -0.427890182 1.157886028 -0.024869762 0.495593309 0.186244398 0.847986877
1341839130.917632 -2.608869553 -0.412686884 1.163667202 -0.017194724 0.497579873 0.182457864 0.847837090
1341839130.953712 -2.621026993 -0.398866445 1.163122296 -0.013540902 0.497577786 0.184316918 0.847502351
1341839130.985630 -2.618607283 -0.418978900 1.174891472 -0.018838927 0.498738796 0.189159408 0.845649719
1341839131.017560 -2.615661144 -0.432523370 1.189260483 -0.018157097 0.500656486 0.189340457 0.844490111
1341839131.053526 -2.625598431 -0.420321167 1.186766386 -0.013559098 0.499125779 0.186000764 0.846222997
1341839131.085681 -2.629619122 -0.421211541 1.192788124 -0.014401442 0.498440474 0.184801653 0.846875429
1341839131.121737 -2.634896278 -0.423079699 1.204926729 -0.014709560 0.499227673 0.185365275 0.846283078
1341839131.153629 -2.639562130 -0.419967741 1.207065940 -0.013387529 0.498359293 0.187354639 0.846378803
1341839131.185722 -2.642864466 -0.424881637 1.204541445 -0.016932145 0.496631354 0.187527835 0.847292125
1341839131.221649 -2.643780708 -0.434668511 1.216885090 -0.020846199 0.499158233 0.187238857 0.845782578
1341839131.253615 -2.651339531 -0.428789049 1.226793408 -0.017880931 0.500227809 0.190021709 0.844597042
1341839131.289544 -2.655428171 -0.429280490 1.226139784 -0.019771839 0.498172671 0.192443252 0.845221102
1341839131.321742 -2.648608685 -0.444966286 1.236958861 -0.025722258 0.498785079 0.191988871 0.844802976
1341839131.353559 -2.655904531 -0.440823585 1.244778633 -0.022409633 0.500738084 0.191325411 0.843891978
1341839131.389563 -2.662911892 -0.432127506 1.243886352 -0.020142028 0.499688357 0.194439963 0.843859553
1341839131.422027 -2.658198833 -0.447787642 1.254630446 -0.025411386 0.499832064 0.196256280 0.843211532
1341839131.453618 -2.650902271 -0.454867184 1.259858489 -0.025732514 0.499591261 0.193310797 0.844024479
1341839131.489531 -2.660672665 -0.446226090 1.266954899 -0.022079673 0.501553655 0.190219536 0.843666375
1341839131.521613 -2.665341854 -0.446033031 1.269791007 -0.020891292 0.501019955 0.193185836 0.843339682
1341839131.557577 -2.659847736 -0.456074119 1.277940154 -0.022573728 0.500501931 0.195763856 0.843009353
1341839131.589573 -2.660363913 -0.462478161 1.285102844 -0.022282019 0.501252055 0.193834320 0.843017340
1341839131.621822 -2.667056561 -0.458288163 1.290759444 -0.019713575 0.501392365 0.192107663 0.843392968
1341839131.657680 -2.668263435 -0.459570050 1.298520446 -0.018712576 0.501007378 0.192798689 0.843486905
1341839131.689554 -2.666773796 -0.468884796 1.304225326 -0.018922636 0.501283944 0.194083691 0.843023062
1341839131.721592 -2.668866634 -0.468597770 1.313069344 -0.016863955 0.502018392 0.193402633 0.842786193
1341839131.757613 -2.671873569 -0.469248533 1.316127658 -0.015792655 0.501169682 0.193760544 0.843229771
1341839131.789523 -2.673727989 -0.469484150 1.320456862 -0.015387864 0.501148939 0.194471732 0.843085825
1341839131.825565 -2.676468849 -0.470786035 1.325220823 -0.015869506 0.501752794 0.195357591 0.842512727
1341839131.857572 -2.677112341 -0.477021307 1.331087589 -0.016567163 0.502571166 0.196727574 0.841692328
1341839131.889513 -2.679560661 -0.478819698 1.333904028 -0.017445309 0.502811015 0.195501879 0.841816962
1341839131.925750 -2.682844639 -0.478050768 1.342304707 -0.016962001 0.504856944 0.194906667 0.840739667
1341839131.964633 -2.691163063 -0.472610235 1.344090462 -0.014818241 0.505148888 0.197217256 0.840065718
1341839132.025660 -2.684441328 -0.497359693 1.361435890 -0.020630864 0.507127702 0.196009144 0.839032948
1341839132.057881 -2.697100878 -0.487249762 1.361381888 -0.016248632 0.507973671 0.194357052 0.839001894
1341839132.093669 -2.701409340 -0.488513023 1.365553141 -0.017716007 0.509224176 0.196499199 0.837714076
1341839132.125565 -2.698534727 -0.500097990 1.370430470 -0.019739993 0.511885822 0.200002193 0.835213959
1341839132.157636 -2.705402136 -0.491589218 1.371767044 -0.016140075 0.513738215 0.203292176 0.833357632
1341839132.193673 -2.704359770 -0.498845369 1.380979419 -0.018663151 0.514673769 0.204533204 0.832423449
1341839132.225804 -2.706417322 -0.507502198 1.393974066 -0.019037465 0.517799497 0.203847125 0.830642939
1341839132.261812 -2.716573238 -0.498847663 1.396322370 -0.013670038 0.518334448 0.206767365 0.829692602
1341839132.293590 -2.712284565 -0.507277131 1.397626162 -0.016289258 0.517151058 0.209131643 0.829791188
1341839132.325554 -2.711665392 -0.511564136 1.402834654 -0.016395064 0.519233465 0.207977757 0.828778088
1341839132.361528 -2.721667051 -0.499916613 1.403605103 -0.012332666 0.520974994 0.209212288 0.827443719
1341839132.393650 -2.721270561 -0.511081457 1.416381121 -0.014804280 0.523285687 0.213776380 0.824774325
1341839132.425622 -2.719540119 -0.520182133 1.419997931 -0.016656276 0.524149358 0.214751109 0.823936880
1341839132.461663 -2.724246979 -0.517076492 1.425406575 -0.015009711 0.526686251 0.214592621 0.822390616
1341839132.493798 -2.731463194 -0.505406618 1.430149317 -0.012399124 0.526547015 0.216384947 0.822053552
1341839132.529690 -2.727068901 -0.518020868 1.434946537 -0.017690018 0.525409341 0.217185140 0.822473526
1341839132.561519 -2.723220348 -0.528711617 1.446496487 -0.019559147 0.528376818 0.216178626 0.820793629
1341839132.593700 -2.734125614 -0.516266644 1.451696396 -0.013145550 0.529546499 0.218134210 0.819649458
1341839132.629507 -2.739237070 -0.509133756 1.450650215 -0.011932776 0.526293576 0.221275449 0.820920110
1341839132.661576 -2.727930546 -0.532594085 1.461747169 -0.019883294 0.525935173 0.219853997 0.821377516
1341839132.693571 -2.733073711 -0.534485757 1.474087954 -0.017232560 0.527216196 0.215782687 0.821695805
1341839132.729515 -2.742158890 -0.521410942 1.474337101 -0.011929305 0.524376810 0.215143397 0.823771775
1341839132.761625 -2.743129253 -0.531920195 1.478121042 -0.015838878 0.521822393 0.215694368 0.825182676
1341839132.797547 -2.738217354 -0.543365479 1.489888430 -0.017861189 0.521975875 0.214773387 0.825284541
1341839132.829637 -2.749754429 -0.530669332 1.491371155 -0.009894970 0.521391809 0.217004061 0.825204194
1341839132.861592 -2.753956318 -0.531324565 1.490868568 -0.008327242 0.518971860 0.223477185 0.825019300
1341839132.897486 -2.748802423 -0.545127809 1.494870663 -0.010716955 0.518305600 0.226866648 0.824485242
1341839132.929713 -2.750977516 -0.546675205 1.496259928 -0.009550429 0.518177032 0.227222413 0.824482501
1341839132.961705 -2.751277208 -0.550877929 1.503759265 -0.007867476 0.518724144 0.228573546 0.823782444
1341839132.997927 -2.757245541 -0.546486855 1.498063564 -0.004890657 0.517636597 0.228979632 0.824376643
1341839133.029816 -2.756549835 -0.552146971 1.499770403 -0.007554192 0.518288732 0.228982672 0.823945820
1341839133.065602 -2.753219604 -0.563455105 1.503815174 -0.008707054 0.518395483 0.227928847 0.824159384
1341839133.097540 -2.760720491 -0.557996035 1.499567747 -0.006787575 0.518169105 0.224325418 0.825307727
1341839133.129508 -2.763228655 -0.555600226 1.496506810 -0.007711216 0.518356442 0.223676994 0.825357914
1341839133.165630 -2.763040304 -0.562687278 1.501070261 -0.009823795 0.519107938 0.221920371 0.825337410
1341839133.197576 -2.768399000 -0.559737682 1.501472473 -0.010742293 0.519712806 0.218649715 0.825818062
1341839133.229574 -2.771692276 -0.561445355 1.504671574 -0.011947531 0.519357443 0.218243867 0.826132417
1341839133.265549 -2.770309448 -0.569038987 1.507301211 -0.014657634 0.519730687 0.216428414 0.826331615
1341839133.297600 -2.778436184 -0.561869979 1.510159969 -0.011432826 0.522591412 0.217790544 0.824217677
1341839133.333601 -2.784459591 -0.559140563 1.516055822 -0.009485635 0.522761643 0.220477104 0.823419750
1341839133.365789 -2.790974140 -0.554581761 1.512546539 -0.009377574 0.521839499 0.221681446 0.823682547
1341839133.397692 -2.792970657 -0.553635955 1.512574077 -0.011675716 0.521452963 0.223763242 0.823334992
1341839133.433673 -2.793943405 -0.561853886 1.522828102 -0.014376254 0.523574054 0.222717330 0.822229028
1341839133.465589 -2.808920860 -0.545378327 1.521615028 -0.011421814 0.523324966 0.221345499 0.822804213
1341839133.501571 -2.812692165 -0.553333044 1.526705027 -0.016869064 0.523870111 0.222980469 0.821921706
1341839133.533533 -2.813418388 -0.558656931 1.535172701 -0.018490549 0.525956810 0.225468010 0.819872975
1341839133.565553 -2.822277069 -0.551378548 1.532814741 -0.016840164 0.526731372 0.226994410 0.818989635
1341839133.633642 -2.826406002 -0.562862098 1.548841953 -0.021571333 0.531583905 0.231416002 0.814493656
1341839133.672597 -2.839207411 -0.551680505 1.550401926 -0.016581180 0.532494247 0.232896447 0.813593388
1341839133.708834 -2.841663361 -0.554414630 1.556053877 -0.020672107 0.533133924 0.233257443 0.812977195
1341839133.740662 -2.843079805 -0.560912549 1.568314195 -0.022138745 0.534940839 0.235345110 0.811147869
1341839133.776632 -2.849714279 -0.558565497 1.571950436 -0.019167311 0.533477485 0.237148777 0.811661780
1341839133.808566 -2.848907948 -0.564237535 1.574280739 -0.021904698 0.532814026 0.236167178 0.812314272
1341839133.842375 -2.852180004 -0.570244014 1.587051749 -0.022177100 0.535091996 0.235568270 0.810982347
1341839133.876620 -2.861649990 -0.561015189 1.595824599 -0.016402546 0.534865081 0.237170756 0.810802281
1341839133.908528 -2.864850760 -0.561848998 1.594144583 -0.016938144 0.531949461 0.238917872 0.812195241
1341839133.940713 -2.863715649 -0.571813285 1.600658655 -0.021428667 0.532167435 0.237853169 0.812258899
1341839133.976740 -2.868803978 -0.568899155 1.610550404 -0.020004805 0.532867432 0.236977920 0.812092125
1341839134.008547 -2.875079632 -0.569495916 1.614539146 -0.019597819 0.531401515 0.237253949 0.812981486
1341839134.040599 -2.873685360 -0.577513754 1.622842550 -0.023231337 0.529969275 0.235048398 0.814460039
1341839134.076583 -2.875896692 -0.583052099 1.634238482 -0.024312748 0.529933333 0.231583133 0.815443933
1341839134.108666 -2.884706020 -0.575605750 1.637872219 -0.021788197 0.528942347 0.230038524 0.816595137
1341839134.145583 -2.890122414 -0.577902675 1.643802047 -0.023605665 0.527245939 0.230415672 0.817534804
1341839134.177037 -2.883551598 -0.594136059 1.653851748 -0.029609872 0.526462495 0.228739083 0.818314672
1341839134.208585 -2.881802320 -0.603940845 1.668210387 -0.029273653 0.529416561 0.226979077 0.816909850
1341839134.245077 -2.894289494 -0.588857234 1.686536789 -0.018563012 0.532409430 0.229288042 0.814630330
1341839134.276660 -2.903379440 -0.589316785 1.676448226 -0.014399441 0.526609302 0.234230831 0.817074776
1341839134.344596 -2.903229952 -0.600679517 1.701803684 -0.014669097 0.527223468 0.228969529 0.818164527
1341839134.405658 -2.913600922 -0.611128807 1.712052107 -0.016853901 0.519805789 0.231659755 0.822101951
1341839134.437582 -2.913774490 -0.621261954 1.729887605 -0.017356327 0.522136390 0.228107154 0.821607828
1341839134.473570 -2.932085514 -0.605705261 1.737982512 -0.009305079 0.521287203 0.228161082 0.822262466
1341839134.505576 -2.933137417 -0.620919108 1.743561983 -0.014093678 0.517496943 0.230377644 0.823968709
1341839134.537527 -2.927572727 -0.642324269 1.759902477 -0.019290347 0.519191861 0.228085026 0.823434830
1341839134.573575 -2.935604095 -0.632494688 1.767140985 -0.012134327 0.519392669 0.224961936 0.824303448
1341839134.605581 -2.944448948 -0.634192586 1.770124197 -0.008234076 0.519321680 0.224769711 0.824448764
1341839134.637613 -2.949774742 -0.637194991 1.777228355 -0.008145751 0.520058334 0.226131722 0.823612452
1341839134.673530 -2.943328857 -0.658869326 1.791803837 -0.010859197 0.522498071 0.226040825 0.822060466
1341839134.705768 -2.955258369 -0.647467136 1.796887398 0.000621566 0.525144458 0.222913697 0.821299255
1341839134.741672 -2.968504906 -0.635891080 1.794170618 0.003566044 0.522428632 0.224346936 0.822632372
1341839134.773479 -2.957053185 -0.663731813 1.806134939 -0.004622438 0.523857832 0.225715280 0.821342945
1341839134.805757 -2.957745075 -0.672567725 1.814342737 0.000435703 0.528319955 0.224482819 0.818831682
1341839134.841632 -2.971443653 -0.659390569 1.817955136 0.009102416 0.529749215 0.225342244 0.817620814
1341839134.873616 -2.971415997 -0.665650964 1.822486639 0.006778974 0.528754532 0.226694137 0.817913473
1341839134.905696 -2.968606472 -0.675635040 1.829283953 0.003306846 0.529830396 0.224349543 0.817885160
1341839134.941552 -2.968313694 -0.687507510 1.839356422 0.001237080 0.532409370 0.221419200 0.817014217
1341839134.974666 -2.975413799 -0.681796432 1.840453863 0.005553674 0.534181595 0.222112134 0.815650284
1341839135.009601 -2.986040115 -0.669910431 1.840622425 0.008903152 0.533211887 0.224112570 0.815707862
1341839135.042135 -2.973537445 -0.694827080 1.841412544 -0.000764732 0.533121526 0.223765790 0.815910339
1341839135.073504 -2.978766441 -0.692749977 1.847005367 -0.000438475 0.538133979 0.220920354 0.813391566
1341839135.109696 -2.992069721 -0.670385957 1.860857487 0.005406410 0.540225685 0.221980348 0.811696827
1341839135.141720 -2.983139515 -0.687759399 1.861780882 0.000260791 0.538176894 0.224566013 0.812364221
1341839135.173566 -2.976061106 -0.709799290 1.866361856 -0.006609639 0.541399956 0.221069589 0.811153889
1341839135.209553 -2.983670712 -0.695665002 1.881406546 -0.000062722 0.546569169 0.220442563 0.807878256
1341839135.241688 -2.995406151 -0.676776290 1.884865046 0.007976812 0.544958293 0.223852128 0.807989538
1341839135.277641 -2.985856771 -0.699375749 1.879700541 -0.001957327 0.542819023 0.224600002 0.809257984
1341839135.309842 -2.972416401 -0.720567763 1.893104076 -0.008442676 0.548421323 0.221584320 0.806264937
1341839135.341555 -2.985422611 -0.701819301 1.899183273 0.002387119 0.552494228 0.220646888 0.803778172
1341839135.377558 -2.994286537 -0.687266707 1.892433167 0.003386118 0.548430383 0.223833859 0.805674314
1341839135.409554 -2.971568584 -0.723671556 1.895837069 -0.009583481 0.550026476 0.223496333 0.804629326
1341839135.441588 -2.973515272 -0.714227319 1.910944700 -0.002333777 0.557854414 0.219660819 0.800338745
1341839135.477530 -2.991898537 -0.688768268 1.906865835 0.005929829 0.557093620 0.221775234 0.800266981
1341839135.509758 -2.980967522 -0.715106606 1.908349752 -0.006255473 0.556050897 0.225369722 0.799985468
1341839135.545510 -2.964292288 -0.740601480 1.912460566 -0.013604747 0.560185850 0.223285571 0.797590315
1341839135.577577 -2.977818012 -0.716695607 1.919342756 -0.002287216 0.566482186 0.221063897 0.793866158
1341839135.609596 -2.992090702 -0.700047493 1.917840242 0.001815342 0.566262901 0.226658642 0.792444825
1341839135.645470 -2.969298363 -0.729109049 1.928913832 -0.008571405 0.567786217 0.229546010 0.790477037
1341839135.677567 -2.962414503 -0.732041657 1.943409443 -0.004346744 0.572940767 0.225569323 0.787932992
1341839135.713508 -2.974815369 -0.721552908 1.944442868 0.003011589 0.574738681 0.222020328 0.787637770
1341839135.745626 -2.975196362 -0.727815509 1.940918565 0.001439519 0.574458599 0.224139899 0.787246168
1341839135.777556 -2.963016987 -0.743642509 1.950280786 -0.003087881 0.577433825 0.225248367 0.784744382
1341839135.813582 -2.966955423 -0.738626003 1.957108259 0.002687141 0.581244290 0.224085763 0.782261670
1341839135.845539 -2.974230289 -0.731743455 1.952714205 0.005992966 0.581232846 0.225874200 0.781737328
1341839135.877786 -2.966147423 -0.737699330 1.961739659 0.002950975 0.582706094 0.226990938 0.780333281
1341839135.913620 -2.963220596 -0.738916636 1.965555906 0.004548119 0.584001541 0.224102437 0.780192018
1341839135.945920 -2.968518734 -0.741398871 1.970049977 0.005112820 0.585841060 0.222451866 0.779281199
1341839135.981913 -2.969073534 -0.739230633 1.976562023 0.006725080 0.587148070 0.225934505 0.777280807
1341839136.014297 -2.966725349 -0.741715252 1.982186675 0.007810305 0.587661147 0.228794485 0.776045382
1341839136.059226 -2.960790634 -0.752145290 1.985803962 0.006592808 0.588231981 0.228502497 0.775710166
1341839136.120606 -2.969702244 -0.743530214 1.997795463 0.010468558 0.589746654 0.227479652 0.774817586
1341839136.181673 -2.963336468 -0.761646748 2.003246784 0.003469275 0.590891302 0.226628408 0.774257660
1341839136.214507 -2.965634346 -0.753770888 2.013138771 0.009842469 0.592668176 0.228894159 0.772175491
1341839136.249624 -2.972856045 -0.744222701 2.017524004 0.016761333 0.590136409 0.231941000 0.773085654
1341839136.281495 -2.963472843 -0.767320752 2.019181252 0.008240727 0.588507652 0.230678186 0.774840891
1341839136.314066 -2.959120989 -0.775180519 2.028971434 0.008117933 0.591144204 0.226709992 0.774005890
1341839136.349787 -2.975335121 -0.755998671 2.026621103 0.017953508 0.590782642 0.226709664 0.774116397
1341839136.388618 -2.975987434 -0.761128247 2.024566174 0.015538716 0.588154197 0.231152728 0.774855852
1341839136.449733 -2.966596603 -0.769859493 2.040171146 0.011935133 0.590771198 0.228681177 0.773661315
1341839136.481697 -2.972992897 -0.764571011 2.043277979 0.015674839 0.589326978 0.229427293 0.774474740
1341839136.517624 -2.970155954 -0.776090205 2.048306465 0.011315716 0.588434041 0.230803907 0.774820507
1341839136.549505 -2.965283632 -0.785232425 2.056492329 0.008884017 0.590178967 0.230627552 0.773576617
1341839136.581632 -2.973021269 -0.776578188 2.060525656 0.014117479 0.590045452 0.230882093 0.773524702
1341839136.617613 -2.976181746 -0.775588453 2.059149742 0.013527229 0.587841868 0.231645972 0.774983287
1341839136.649571 -2.970629454 -0.785235882 2.067738056 0.009558804 0.588917732 0.231478468 0.774275303
1341839136.685554 -2.973268986 -0.780663788 2.074797869 0.012869340 0.589703321 0.230372190 0.773959279
1341839136.717527 -2.979556561 -0.775506258 2.073845625 0.014796831 0.587724924 0.230355874 0.775433183
1341839136.749496 -2.979832649 -0.779911876 2.076498032 0.011606739 0.586299658 0.230980992 0.776379883
1341839136.785674 -2.975585222 -0.787981570 2.084066629 0.008327599 0.586982548 0.229865506 0.776237071
1341839136.817542 -2.980942249 -0.785850525 2.090790272 0.010726781 0.588331401 0.229543597 0.775281131
1341839136.849615 -2.988214016 -0.780097842 2.092435360 0.012562382 0.587200999 0.231322423 0.775581717
1341839136.892657 -2.981359005 -0.796355844 2.097939491 0.007462680 0.587022066 0.232886404 0.775314927
1341839136.953615 -2.992175579 -0.791501284 2.106682539 0.015017825 0.589806736 0.231896043 0.773386478
1341839136.985942 -2.993620634 -0.796420097 2.111356735 0.012547801 0.589431643 0.233214870 0.773319900
1341839137.017616 -2.988031626 -0.807934940 2.118994236 0.009572273 0.591234148 0.232759804 0.772122622
1341839137.053572 -2.995911121 -0.808041394 2.124854088 0.011515895 0.593759894 0.230975285 0.770692527
1341839137.085843 -3.004162550 -0.802927315 2.127794504 0.013804660 0.594282627 0.233102664 0.769610763
1341839137.117537 -3.003071308 -0.806239307 2.136049032 0.013842297 0.594838977 0.235809341 0.768354654
1341839137.153707 -3.000914812 -0.820936501 2.138065100 0.010697778 0.596404493 0.235347092 0.767332375
1341839137.186296 -3.008002996 -0.821210921 2.148982525 0.012808528 0.601185322 0.234681815 0.763764739
1341839137.221759 -3.021023273 -0.808776557 2.154838562 0.019761447 0.602297485 0.237527654 0.761858106
1341839137.253565 -3.020347118 -0.823159575 2.153750896 0.015095482 0.601653337 0.240589932 0.761512876
1341839137.285736 -3.012190580 -0.838828862 2.161980391 0.010825285 0.606265306 0.240601003 0.757915795
1341839137.321642 -3.028409481 -0.828530848 2.170265436 0.019077718 0.610179543 0.240198135 0.754732907
1341839137.353692 -3.039319515 -0.827602446 2.168040037 0.019557124 0.609909415 0.242865011 0.754085243
1341839137.386256 -3.030169249 -0.846069276 2.176851273 0.013257924 0.613376439 0.244819790 0.750770807
1341839137.421671 -3.038069487 -0.844068110 2.185517311 0.016144644 0.617810011 0.243695617 0.747437298
1341839137.453657 -3.049932003 -0.835338056 2.186877251 0.019720983 0.619076908 0.244168282 0.746147871
1341839137.489830 -3.050520658 -0.847249389 2.193669796 0.015307237 0.621116877 0.245088160 0.744252145
1341839137.521652 -3.051208973 -0.850285172 2.199485302 0.013474017 0.623624623 0.243395045 0.742744625
1341839137.553558 -3.057492018 -0.847091019 2.203919411 0.014622093 0.625267208 0.241879150 0.741836548
1341839137.592577 -3.063826084 -0.850301623 2.202554703 0.012347153 0.625896752 0.241414830 0.741498232
1341839137.628551 -3.066957712 -0.851367056 2.210725784 0.010444262 0.628159165 0.242058277 0.739401639
1341839137.660598 -3.072811842 -0.850272238 2.216676950 0.011104255 0.629249096 0.243209243 0.738086402
1341839137.692612 -3.078943253 -0.848857820 2.223458290 0.011121241 0.630203366 0.243705079 0.737107754
1341839137.728532 -3.086783648 -0.845126927 2.228608608 0.011044917 0.630172968 0.244461089 0.736884475
1341839137.760497 -3.084489346 -0.851648510 2.238620043 0.008068690 0.630758405 0.246277139 0.735816658
1341839137.796681 -3.089388847 -0.852148414 2.247477770 0.008400121 0.631511688 0.246213675 0.735187888
1341839137.828611 -3.099850178 -0.847483218 2.253350258 0.008715201 0.631047726 0.246152982 0.735602796
1341839137.860523 -3.097304821 -0.855407298 2.260765314 0.005060764 0.630628228 0.247462943 0.735557258
1341839137.896603 -3.098088741 -0.858172059 2.271768570 0.005466541 0.632214427 0.247641549 0.734131277
1341839137.928510 -3.113792896 -0.846581697 2.271258831 0.009467877 0.630531967 0.248280376 0.735320807
1341839137.964534 -3.107796431 -0.858696878 2.283040047 0.003795321 0.630063415 0.249796703 0.735259950
1341839137.996524 -3.101649046 -0.865846634 2.296741962 0.003216748 0.632031739 0.248750418 0.733926952
1341839138.028640 -3.117923260 -0.851692736 2.298983335 0.009343239 0.630756199 0.246509507 0.735725760
1341839138.064541 -3.119582653 -0.859592140 2.303833723 0.005167823 0.629396021 0.246987745 0.736770630
1341839138.096479 -3.111527920 -0.872359633 2.319127083 0.003016954 0.631352603 0.248801380 0.734494805
1341839138.132550 -3.124189854 -0.861215949 2.324677467 0.009752414 0.630926371 0.249439776 0.734585941
1341839138.164623 -3.126609325 -0.862281799 2.331692934 0.008826104 0.629037440 0.249934405 0.736048102
1341839138.196431 -3.115826607 -0.878247559 2.344816208 0.004835641 0.630066574 0.250313997 0.735075235
1341839138.232704 -3.124730825 -0.874896109 2.349137306 0.010328576 0.630482137 0.251462668 0.734269798
1341839138.264578 -3.131037474 -0.869509220 2.354528427 0.013412846 0.629426897 0.253776580 0.734329104
1341839138.300697 -3.125026703 -0.880155802 2.362691879 0.009972014 0.629193962 0.254739374 0.734250188
1341839138.332541 -3.127745867 -0.877971888 2.367186785 0.010205233 0.628830791 0.252690524 0.735265374
1341839138.364517 -3.126645088 -0.884269893 2.371027946 0.004919271 0.628579676 0.249811366 0.736517191
1341839138.400834 -3.125582933 -0.885370970 2.378404617 0.002871383 0.629050076 0.246693835 0.737176955
1341839138.432562 -3.126606941 -0.886871219 2.384481430 0.002281496 0.629535377 0.245765433 0.737074852
1341839138.469017 -3.129425049 -0.888917267 2.384811401 0.001764693 0.629795313 0.248322263 0.735996425
1341839138.500623 -3.126293182 -0.890118659 2.392450571 0.000983513 0.631485760 0.250417769 0.733836293
1341839138.532584 -3.122504234 -0.891428888 2.396614075 0.000906050 0.632700861 0.251594573 0.732385755
1341839138.568521 -3.120208502 -0.892771304 2.397935390 0.000593589 0.633433640 0.251407415 0.731816769
1341839138.600559 -3.121709347 -0.892104506 2.400807858 0.001260438 0.634255648 0.250909388 0.731274664
1341839138.637679 -3.120666027 -0.893390834 2.401855230 0.000618992 0.634485841 0.250719994 0.731140733
1341839138.668579 -3.116596699 -0.899218261 2.406032801 -0.002179549 0.636045992 0.249570623 0.730174780
1341839138.700570 -3.117708683 -0.895464540 2.409454107 -0.002150196 0.637743235 0.248594061 0.729026735
1341839138.736618 -3.116432428 -0.895532370 2.411526442 -0.002575641 0.638948917 0.250184834 0.727423668
1341839138.768580 -3.112866402 -0.895795822 2.417716026 -0.003291092 0.640537381 0.251884520 0.725434482
1341839138.800591 -3.109189272 -0.898561358 2.420625687 -0.006446162 0.641802967 0.251189679 0.724535167
1341839138.836668 -3.110401630 -0.892945468 2.424144030 -0.007056712 0.643502712 0.250670284 0.723200381
1341839138.868631 -3.106253862 -0.892845273 2.429234743 -0.009037042 0.644605041 0.251386642 0.721946955
1341839138.900591 -3.099663734 -0.895623982 2.434852600 -0.010330008 0.646557808 0.250935555 0.720338583
1341839138.936751 -3.099704027 -0.897198737 2.434346914 -0.012033212 0.647815764 0.250920981 0.719186008
1341839138.968925 -3.098257780 -0.895442903 2.440921068 -0.011547200 0.650146365 0.253332287 0.716239572
1341839139.004685 -3.095376968 -0.900885761 2.440237522 -0.014925538 0.651009798 0.254959315 0.714814126
1341839139.036835 -3.095085859 -0.898562551 2.445999861 -0.016296275 0.653607786 0.255754590 0.712124228
1341839139.069010 -3.094219685 -0.896117687 2.450327873 -0.017773157 0.655302942 0.255804896 0.710511148
1341839139.105164 -3.093551397 -0.893256962 2.456249714 -0.018474236 0.657112002 0.257125169 0.708342552
1341839139.137964 -3.087401867 -0.894750893 2.462095976 -0.019212615 0.658082604 0.259384871 0.706595838
1341839139.168993 -3.083716154 -0.899219632 2.467591286 -0.018947670 0.660388887 0.259489685 0.704409420
1341839139.208632 -3.083535671 -0.898499370 2.469216824 -0.018943284 0.661838710 0.258347183 0.703468144
1341839139.237233 -3.081768990 -0.900326312 2.476166725 -0.018426893 0.663234651 0.258089751 0.702260613
1341839139.269740 -3.082197189 -0.905524492 2.475452185 -0.019841513 0.663956642 0.258355618 0.701441586
1341839139.305090 -3.081620693 -0.907479048 2.478534222 -0.022420967 0.666388690 0.258584321 0.698968947
1341839139.336872 -3.078462124 -0.903067827 2.487899065 -0.020380907 0.668290377 0.259587705 0.696840644
1341839139.404779 -3.072540998 -0.917244732 2.490350485 -0.024416942 0.669243515 0.258135438 0.696335375
1341839139.436967 -3.072862148 -0.913419604 2.499984980 -0.022584962 0.672752976 0.256908447 0.693463385
1341839139.479384 -3.080333948 -0.905358911 2.501699686 -0.018556876 0.672449231 0.258817345 0.693167567
1341839139.504961 -3.069341660 -0.922220647 2.501938820 -0.025050139 0.672617435 0.260527641 0.692158699
1341839139.572716 -3.077948809 -0.909622312 2.512032509 -0.021522334 0.678150535 0.257218987 0.688103855
1341839139.633776 -3.068016291 -0.920155525 2.518810034 -0.027025612 0.679204762 0.260340631 0.685691774
1341839139.665625 -3.069071531 -0.920101106 2.524494886 -0.027980387 0.681313515 0.260307223 0.683570921
1341839139.701587 -3.070531607 -0.916836560 2.529986382 -0.026924584 0.682324171 0.261736870 0.682057619
1341839139.733553 -3.067357540 -0.919431746 2.533485413 -0.028590744 0.683083236 0.263137817 0.680689633
1341839139.765553 -3.065691233 -0.921578765 2.539196491 -0.029473167 0.685046494 0.265468568 0.677767694
1341839139.801543 -3.070143700 -0.912458241 2.546082497 -0.025412785 0.685292840 0.267569929 0.676856101
1341839139.833756 -3.064558983 -0.921161413 2.547513723 -0.029773584 0.683875024 0.268254489 0.677840650
1341839139.865591 -3.059715986 -0.927429080 2.554991484 -0.033717230 0.685948849 0.266715258 0.676165879
1341839139.901631 -3.066230536 -0.918831766 2.563497782 -0.027985400 0.687705159 0.268663704 0.673868179
1341839139.933716 -3.072607279 -0.910822749 2.567019939 -0.024675878 0.685094774 0.270521164 0.675910115
1341839139.969603 -3.057440281 -0.929458261 2.568291903 -0.033402175 0.683962941 0.269181758 0.677214980
1341839140.001567 -3.055898905 -0.934505522 2.574486971 -0.035319068 0.686994672 0.266677916 0.675036192
1341839140.033569 -3.066644669 -0.921976089 2.578472137 -0.028165923 0.687865615 0.268766969 0.673655629
1341839140.069602 -3.068894863 -0.919296801 2.576836824 -0.027574092 0.685620070 0.271872640 0.674722195
1341839140.101607 -3.051963806 -0.942963064 2.579959393 -0.038832821 0.686959505 0.270632952 0.673302650
1341839140.137593 -3.054869175 -0.933487833 2.593417883 -0.033988763 0.692084670 0.266708881 0.669873059
1341839140.169583 -3.073179007 -0.920555770 2.589840651 -0.027677059 0.690249443 0.268253297 0.671438634
1341839140.201678 -3.061045647 -0.934230089 2.591153145 -0.035805017 0.689441681 0.271385312 0.670625210
1341839140.237641 -3.051590443 -0.939505696 2.602440357 -0.038478509 0.692828059 0.270184249 0.667464674
1341839140.269632 -3.063026428 -0.928613544 2.604880095 -0.032020140 0.693388939 0.268571436 0.667874157
1341839140.301538 -3.064602375 -0.933035553 2.605492353 -0.034901291 0.692274153 0.269041687 0.668696463
1341839140.337608 -3.058222294 -0.942056775 2.613541603 -0.038878493 0.693939447 0.269929260 0.666389227
1341839140.369503 -3.063730001 -0.937687159 2.620530605 -0.035200097 0.695165634 0.270874143 0.664930761
1341839140.405652 -3.067458153 -0.939746559 2.623566151 -0.035473775 0.694721580 0.272010118 0.664916575
1341839140.437622 -3.062271118 -0.947731137 2.630242109 -0.038625125 0.696091652 0.272837818 0.662966073
1341839140.469802 -3.067181587 -0.943984926 2.640804052 -0.035081852 0.698336184 0.273343742 0.660589933
1341839140.505600 -3.071823120 -0.943774641 2.644656181 -0.033360846 0.697367013 0.274260372 0.661322594
1341839140.537508 -3.064419031 -0.959348381 2.646939278 -0.039841741 0.697919786 0.273332953 0.660764515
1341839140.569631 -3.068789721 -0.958916187 2.656810760 -0.037912492 0.701680183 0.272555709 0.657206893
1341839140.605614 -3.083184719 -0.947814882 2.662895441 -0.031146172 0.702380776 0.275460392 0.655601084
1341839140.637520 -3.080283642 -0.956871212 2.668131828 -0.035673246 0.701335430 0.278115124 0.655368626
1341839140.673589 -3.071568489 -0.969835341 2.677784443 -0.041714597 0.703497767 0.276798874 0.653248191
1341839140.705526 -3.083096743 -0.963000417 2.686002016 -0.038004920 0.705312312 0.275357932 0.652125895
1341839140.737690 -3.093209743 -0.963399053 2.691850185 -0.037984069 0.704848766 0.278575420 0.651261270
1341839140.780691 -3.080816746 -0.975157440 2.701951265 -0.042166170 0.706032932 0.282783478 0.647898972
1341839140.837561 -3.090168953 -0.973765790 2.717466831 -0.037738830 0.707357466 0.281200677 0.647415936
1341839140.873616 -3.087954998 -0.983429253 2.725063086 -0.041889310 0.708206832 0.280790359 0.646409452
1341839140.905496 -3.092093229 -0.979753792 2.736965179 -0.039500836 0.709846139 0.281252444 0.644558132
1341839140.941764 -3.090754747 -0.985531449 2.741556168 -0.040346812 0.709804416 0.283183396 0.643705666
1341839140.973483 -3.093865395 -0.988596916 2.748685598 -0.040531371 0.710888207 0.283724248 0.642258227
1341839141.005687 -3.091589212 -0.992074847 2.758525848 -0.042256936 0.711476326 0.282845110 0.641883552
1341839141.041564 -3.086757421 -0.996485770 2.770698786 -0.042315971 0.712534249 0.281698614 0.641209900
1341839141.074063 -3.089606762 -0.999637485 2.778170347 -0.040162981 0.712566018 0.281351298 0.641465604
1341839141.110271 -3.090628386 -1.005976677 2.782950640 -0.040184084 0.712402701 0.281379342 0.641633332
1341839141.141854 -3.085267305 -1.013361692 2.791903257 -0.041280154 0.713222444 0.280335814 0.641109586
1341839141.176858 -3.087847233 -1.014122128 2.799808025 -0.038302246 0.714333892 0.279129475 0.640583158
1341839141.209658 -3.096313000 -1.014120340 2.803558350 -0.037221272 0.713583589 0.278514147 0.641749918
1341839141.241623 -3.085201740 -1.027180910 2.811815739 -0.042806372 0.714390337 0.278117478 0.640675247
1341839141.273659 -3.089538097 -1.023601055 2.821172714 -0.039322101 0.716817439 0.276876718 0.638722062
1341839141.309576 -3.103369713 -1.020296574 2.824898005 -0.035288043 0.716335714 0.278698921 0.638705552
1341839141.341687 -3.093157768 -1.028954744 2.835100651 -0.040202454 0.716162264 0.279455364 0.638278961
1341839141.378026 -3.090617657 -1.035101533 2.841777325 -0.042245407 0.717040837 0.277142406 0.638169229
1341839141.409623 -3.099688768 -1.034017205 2.846314430 -0.041226279 0.717793524 0.276001543 0.637884021
1341839141.441571 -3.105942249 -1.029524326 2.855639219 -0.038487256 0.718485236 0.278602511 0.636143327
1341839141.477635 -3.095454931 -1.040672302 2.861099958 -0.042234059 0.718444288 0.280413747 0.635155201
1341839141.509696 -3.088219881 -1.047533154 2.869686127 -0.043490402 0.720875800 0.278796971 0.633023679
1341839141.541659 -3.094289303 -1.045648098 2.877758026 -0.040022116 0.722618401 0.276421189 0.632307112
1341839141.577526 -3.098190546 -1.049991488 2.881058455 -0.039902549 0.723014772 0.276242346 0.631939530
1341839141.645706 -3.094555140 -1.049041510 2.899210930 -0.034882028 0.725774884 0.279882699 0.627454877
1341839141.677487 -3.102154493 -1.050436974 2.899639845 -0.034748487 0.724009395 0.277619094 0.630500257
1341839141.709572 -3.091921806 -1.061650515 2.904510975 -0.042501066 0.723613322 0.274421424 0.631878376
1341839141.745638 -3.092014313 -1.059882402 2.915595770 -0.039398048 0.726135969 0.272330910 0.630087495
1341839141.777895 -3.110053062 -1.053556919 2.917631149 -0.033123199 0.724977016 0.274572283 0.630810022
1341839141.809561 -3.092494249 -1.068011045 2.922850132 -0.040387340 0.724236608 0.276417434 0.630431294
1341839141.845701 -3.083678961 -1.069785476 2.933021307 -0.039848980 0.726382852 0.273296386 0.629356086
1341839141.877530 -3.102217197 -1.062754869 2.936552286 -0.033318296 0.725989699 0.271973699 0.630760789
1341839141.913569 -3.096767902 -1.071357489 2.938004494 -0.038871303 0.723927796 0.273333013 0.632223547
1341839141.945636 -3.081217051 -1.079808235 2.946978331 -0.044702258 0.725945055 0.271048158 0.630506456
1341839141.977668 -3.091143608 -1.074529052 2.951627731 -0.040069047 0.727408469 0.269693792 0.629711568
1341839142.013466 -3.096514702 -1.075747252 2.951717615 -0.041960675 0.726869643 0.270183146 0.630000770
1341839142.048866 -3.083652496 -1.083771467 2.956264019 -0.048088010 0.728272259 0.270520538 0.627794325
1341839142.116693 -3.082477093 -1.080053449 2.967077255 -0.044355258 0.732897162 0.270329863 0.622748852
1341839142.181588 -3.063544512 -1.087628126 2.979144573 -0.049329352 0.736003876 0.271844000 0.618033886
1341839142.213523 -3.060942650 -1.085999012 2.985366344 -0.045008611 0.738934457 0.271561593 0.614983201
1341839142.245657 -3.070541620 -1.080451250 2.990669250 -0.040676128 0.739218295 0.272430688 0.614559412
1341839142.281484 -3.052851439 -1.093330264 2.994223118 -0.047337249 0.739498675 0.271826953 0.614012122
1341839142.313501 -3.047747612 -1.099061489 3.001226425 -0.048634540 0.744242907 0.267016232 0.610278249
1341839142.349595 -3.064479351 -1.087421179 3.004607201 -0.040901538 0.746123433 0.269371837 0.607507706
1341839142.413736 -3.040763855 -1.105542898 3.013709068 -0.048778981 0.749749362 0.274017245 0.600342393
1341839142.449600 -3.038562298 -1.102171898 3.019700766 -0.046795785 0.753667712 0.271190315 0.596867561
1341839142.481586 -3.046163082 -1.096631289 3.026412010 -0.042953134 0.755033433 0.270768017 0.595620811
1341839142.513495 -3.044166088 -1.100685358 3.031156063 -0.044289630 0.754745066 0.272318542 0.595181406
1341839142.549621 -3.027770281 -1.115450144 3.034371376 -0.051274247 0.756514609 0.271938890 0.592541814
1341839142.581646 -3.036564350 -1.108760834 3.042659998 -0.046319932 0.760045648 0.269793034 0.589403749
1341839142.617733 -3.044735193 -1.105495930 3.046608686 -0.044686709 0.759370029 0.271166831 0.589770138
1341839142.649501 -3.026472569 -1.120304346 3.050330639 -0.051824089 0.760031939 0.272794396 0.587578833
1341839142.681490 -3.027370214 -1.118096828 3.056722879 -0.048794489 0.763300955 0.271885306 0.584011137
1341839142.717648 -3.029442787 -1.117610931 3.060482502 -0.046752207 0.764012516 0.271810353 0.583282292
1341839142.749655 -3.020163536 -1.126371980 3.064861536 -0.049574740 0.765000761 0.271933377 0.581694484
1341839142.781698 -3.023645401 -1.126478672 3.070069075 -0.046368022 0.767335415 0.272394121 0.578660369
1341839142.817748 -3.021411180 -1.124038577 3.073520184 -0.044507872 0.767737508 0.273351699 0.577820897
1341839142.849646 -3.013884068 -1.131070137 3.077901125 -0.046895664 0.768376529 0.272349268 0.577255726
1341839142.885615 -3.017377138 -1.135419846 3.081401348 -0.048162129 0.769534945 0.271516532 0.575999260
1341839142.917485 -3.016686201 -1.132390618 3.087487221 -0.046883203 0.771175027 0.272472322 0.573454320
1341839142.949726 -3.012951374 -1.133052349 3.091615677 -0.046279036 0.771464407 0.273725748 0.572516441
1341839142.985900 -3.006975174 -1.143860340 3.093083620 -0.051000882 0.772308171 0.273108721 0.571271002
1341839143.025376 -3.010011196 -1.138978481 3.099216938 -0.049173407 0.774957657 0.272565126 0.568094134
1341839143.056750 -3.016242027 -1.131376505 3.104498386 -0.044910092 0.775204062 0.274032593 0.567404449
1341839143.092610 -3.005460739 -1.138305902 3.106649876 -0.048880365 0.774308860 0.274876922 0.567890048
1341839143.124560 -2.999588966 -1.141567707 3.111131668 -0.050642733 0.775312066 0.272921205 0.567309916
1341839143.160701 -3.002746105 -1.141270399 3.116356850 -0.050163351 0.776193500 0.270366251 0.567370594
1341839143.224815 -3.004422188 -1.145529985 3.125844479 -0.052084386 0.776069641 0.271350682 0.566896796
1341839143.285789 -3.012656689 -1.138957024 3.138335228 -0.050504435 0.776215017 0.272698909 0.566193342
1341839143.321671 -3.000660181 -1.146652579 3.143623829 -0.054656386 0.775418639 0.272974819 0.566765785
1341839143.353517 -2.999813557 -1.151388049 3.147289753 -0.056735687 0.775864363 0.270702899 0.567040980
1341839143.385603 -3.008581400 -1.149899721 3.152570724 -0.055382613 0.776121676 0.270862907 0.566746116
1341839143.421529 -3.003502846 -1.150171041 3.159689188 -0.055800717 0.775723755 0.273555905 0.565955877
1341839143.453645 -2.996525288 -1.157751441 3.164742708 -0.058899604 0.776257098 0.273633033 0.564872265
1341839143.485734 -3.001218557 -1.158131361 3.167855740 -0.059789706 0.776881695 0.271683782 0.564860940
1341839143.521668 -3.001592159 -1.158204913 3.176122189 -0.061211329 0.777703524 0.271574765 0.563628852
1341839143.553630 -3.000720024 -1.158037782 3.182060003 -0.061788343 0.777977645 0.272712111 0.562637627
1341839143.590154 -2.994098663 -1.163461208 3.188085318 -0.064006567 0.779092729 0.273821950 0.560302854
1341839143.621854 -2.999824047 -1.161088705 3.197123766 -0.063103355 0.780707538 0.273418576 0.558351159
1341839143.653546 -3.002440691 -1.161993504 3.202670813 -0.064502068 0.780402899 0.275224656 0.557729483
1341839143.689669 -2.990214825 -1.175084710 3.206771135 -0.071584105 0.782032788 0.275286674 0.554542661
1341839143.721563 -3.007270336 -1.170027971 3.214197636 -0.069759011 0.785330057 0.275278956 0.550101697
1341839143.753557 -3.009163380 -1.155522346 3.224952221 -0.064717382 0.786078274 0.282530785 0.545957029
1341839143.789597 -2.990004778 -1.166394830 3.228026867 -0.069274165 0.785551488 0.284772933 0.544990242
1341839143.821488 -2.985316277 -1.176086307 3.231924057 -0.074837632 0.788040698 0.279155165 0.543565512
1341839143.857691 -2.999323130 -1.167469859 3.241786718 -0.070450753 0.790026784 0.278450251 0.541627049
1341839143.889668 -2.989507914 -1.166788697 3.247054577 -0.069016688 0.789520860 0.282242417 0.540585518
1341839143.921613 -2.978863716 -1.178117394 3.250610113 -0.071933128 0.790509522 0.283638239 0.538023949
1341839143.957679 -2.985378027 -1.172346830 3.257570744 -0.067760281 0.792142272 0.283567607 0.536198199
1341839143.989692 -2.983859777 -1.173186779 3.263619900 -0.068180151 0.791117013 0.284187406 0.537329435
1341839144.021612 -2.975069284 -1.179943323 3.265918732 -0.071898423 0.791089416 0.283562660 0.537215471
1341839144.057581 -2.976737976 -1.177825451 3.272890329 -0.069483392 0.792266667 0.283758670 0.535692692
1341839144.089682 -2.971990585 -1.179156899 3.277051687 -0.068666033 0.792030215 0.285100698 0.535435140
1341839144.125588 -2.966577053 -1.182322741 3.279531717 -0.069168992 0.792013168 0.285332799 0.535271943
1341839144.157579 -2.960802317 -1.187178850 3.282473564 -0.070457302 0.792656243 0.284645617 0.534517288
1341839144.189633 -2.962670803 -1.185201526 3.287163019 -0.067865267 0.793698907 0.283680469 0.533818126
1341839144.225642 -2.963700294 -1.187880516 3.289178848 -0.067661747 0.793171167 0.285000086 0.533925474
1341839144.257760 -2.951807022 -1.191822290 3.292130709 -0.070422143 0.794107139 0.284562260 0.532408476
1341839144.289779 -2.956169367 -1.191651702 3.295710087 -0.067698449 0.795785069 0.284073770 0.530514061
1341839144.325641 -2.961165905 -1.190123916 3.298068523 -0.066606820 0.795564413 0.286380678 0.529742360
1341839144.357603 -2.948608398 -1.191651702 3.300935268 -0.068804950 0.795963645 0.287860006 0.528057098
1341839144.393630 -2.947690964 -1.190817356 3.305625439 -0.067963198 0.796914101 0.285875112 0.527810991
1341839144.425526 -2.948839188 -1.189592123 3.309768200 -0.067328647 0.796598852 0.285098583 0.528787315
1341839144.457696 -2.943613052 -1.192431569 3.312842131 -0.067537099 0.796015799 0.285941005 0.529183686
1341839144.493799 -2.938021660 -1.197415352 3.314292908 -0.069117397 0.796124578 0.285707474 0.528942049
1341839144.525996 -2.943608522 -1.190623999 3.320601463 -0.064429455 0.796951652 0.284780383 0.528788209
1341839144.561696 -2.941751480 -1.196330547 3.320689678 -0.065822281 0.794789314 0.286846489 0.530750811
1341839144.593602 -2.928341866 -1.203152180 3.321912527 -0.069073789 0.795318425 0.286951244 0.529486954
1341839144.627771 -2.937579393 -1.197094560 3.326958895 -0.062089358 0.796632707 0.286628783 0.528550088
1341839144.661818 -2.933065653 -1.200786948 3.326830864 -0.063472778 0.794702709 0.287413418 0.530859947
1341839144.732548 -2.932198048 -1.204725981 3.329014301 -0.064077042 0.795538783 0.281910568 0.532483578
1341839144.793602 -2.922473669 -1.210839152 3.328719854 -0.065690652 0.795786262 0.283851117 0.530883610
1341839144.829602 -2.925161600 -1.212701917 3.328351021 -0.064592525 0.795799017 0.283350229 0.531266749
1341839144.861614 -2.918601274 -1.215625644 3.327390909 -0.067206934 0.795879900 0.282216728 0.531424582
1341839144.893704 -2.920952559 -1.211226940 3.329401731 -0.064874813 0.796855152 0.279567987 0.531653047
1341839144.929498 -2.926724195 -1.214230418 3.328718901 -0.063986517 0.795962512 0.280623555 0.532540858
1341839144.961563 -2.917613029 -1.219146729 3.326933861 -0.067320280 0.795721769 0.282221019 0.531644762
1341839144.993581 -2.918789864 -1.214406490 3.329034805 -0.065122910 0.796724737 0.280992091 0.531066954
1341839145.029623 -2.923028946 -1.214685202 3.328913450 -0.064047121 0.796162426 0.280994505 0.532038867
1341839145.061626 -2.916576385 -1.216888785 3.328577518 -0.067222096 0.795876682 0.280343801 0.532417834
1341839145.097529 -2.919487000 -1.215112090 3.330812216 -0.066739358 0.796479583 0.278256506 0.532671928
1341839145.129540 -2.923027992 -1.212330103 3.330761909 -0.065227352 0.795833349 0.278481066 0.533706725
1341839145.161548 -2.919137478 -1.215323210 3.329348564 -0.067966476 0.795166671 0.279171497 0.533997893
1341839145.197472 -2.918082237 -1.215733528 3.329060078 -0.069769263 0.795562029 0.278249711 0.533657491
1341839145.229600 -2.921275377 -1.212528706 3.331118107 -0.069514386 0.795977652 0.277244598 0.533594251
1341839145.262518 -2.922882318 -1.213406563 3.330086470 -0.070581503 0.795185864 0.278287381 0.534091592
1341839145.297552 -2.917428255 -1.213574171 3.329619408 -0.072442055 0.795912564 0.278214365 0.532796443
1341839145.329591 -2.924195528 -1.209144592 3.331220150 -0.069074288 0.796502233 0.278154731 0.532393396
