1305031453.359684 0.000000000 0.000000000 0.000000000 0.000000000 0.000000000 0.000000000 1.000000000
1305031453.391690 0.002065694 0.004490883 -0.009464257 -0.000586578 0.006234169 0.012060518 0.999907672
1305031453.423683 0.007374033 0.006611198 -0.017816743 0.000396918 0.009790638 0.021378215 0.999723434
1305031453.459685 0.011149785 0.008980428 -0.028140504 0.003385052 0.016376235 0.029701009 0.999418914
1305031453.491698 0.016373048 0.014294332 -0.038923651 0.007838785 0.021869406 0.039887734 0.998934090
1305031453.523684 0.017412448 0.020282362 -0.051416840 0.014882413 0.026515856 0.049046334 0.998333573
1305031453.559753 0.015492357 0.026284544 -0.066768467 0.022397770 0.030477023 0.056057051 0.997710943
1305031453.591640 0.013496906 0.032567460 -0.081707291 0.029638538 0.034013797 0.060281299 0.997161388
1305031453.627706 0.006664516 0.040045105 -0.097788543 0.036810976 0.036185965 0.064619578 0.996574044
1305031453.659600 -0.008971289 0.046814859 -0.112353995 0.044718705 0.036601122 0.062293209 0.996383548
1305031453.691678 -0.016010730 0.057946276 -0.124739103 0.052660625 0.032229442 0.057501685 0.996434450
1305031453.727652 -0.020882405 0.065479308 -0.142613232 0.056459099 0.026175437 0.053286176 0.996638238
1305031453.759694 -0.041312508 0.071908787 -0.154207915 0.061014358 0.022019126 0.044318598 0.996909380
1305031453.791716 -0.046465293 0.082864374 -0.167280152 0.066367649 0.012027930 0.036040600 0.997071624
1305031453.827773 -0.056279249 0.088730775 -0.179596111 0.068528660 0.005263119 0.030125923 0.997180283
1305031453.859705 -0.081286021 0.102598667 -0.192671522 0.072422817 -0.003062230 0.022027101 0.997126043
1305031453.891710 -0.096915506 0.113720506 -0.200640813 0.073611580 -0.017070170 0.014832741 0.997030556
1305031453.927723 -0.101329356 0.114183925 -0.208030641 0.069171645 -0.038015805 0.009496129 0.996834934
1305031453.959641 -0.105068564 0.121750697 -0.216625601 0.067834727 -0.056487489 0.002513887 0.996092975
1305031453.991624 -0.117536724 0.119305506 -0.220823601 0.064636275 -0.067047283 -0.009262699 0.995610893
1305031454.027662 -0.130662009 0.119417235 -0.226672277 0.066054977 -0.078541286 -0.018848510 0.994541466
1305031454.059654 -0.143288583 0.126372725 -0.230530411 0.067972727 -0.089658804 -0.030474827 0.993182898
1305031454.091651 -0.155732661 0.125720173 -0.236664444 0.067084551 -0.100452341 -0.044970158 0.991658568
1305031454.127701 -0.172730446 0.127374947 -0.238980532 0.070139945 -0.112641789 -0.059833150 0.989349365
1305031454.159672 -0.184931293 0.134622812 -0.242761970 0.071526796 -0.126861483 -0.072031640 0.986712456
1305031454.191658 -0.202109396 0.139318630 -0.241345808 0.070228435 -0.141783252 -0.086981669 0.983564794
1305031454.227671 -0.208148211 0.127074808 -0.245590150 0.067912407 -0.160187781 -0.104300536 0.979208469
1305031454.259627 -0.216194391 0.138005972 -0.248769492 0.075831272 -0.172717616 -0.121667616 0.974482000
1305031454.291639 -0.223416463 0.144450113 -0.247588545 0.075332217 -0.180553749 -0.133466661 0.971551359
1305031454.327699 -0.241831869 0.138318419 -0.251550853 0.073890582 -0.188017055 -0.149657935 0.967880309
1305031454.359636 -0.246181101 0.142064482 -0.252859682 0.080375671 -0.199892402 -0.164751813 0.962517321
1305031454.391677 -0.253801376 0.150787473 -0.255057037 0.082916774 -0.206960559 -0.175733477 0.958858609
1305031454.427465 -0.271531701 0.155906111 -0.255975485 0.084781699 -0.216577724 -0.191119775 0.953613818
1305031454.459913 -0.264277995 0.157897279 -0.255100161 0.087210380 -0.230157226 -0.204878122 0.947336793
1305031454.491617 -0.272752285 0.164583325 -0.261074901 0.089636326 -0.232988462 -0.222810790 0.942357183
1305031454.527700 -0.275613099 0.174203575 -0.262578696 0.090668567 -0.239043206 -0.238553718 0.936872303
1305031454.559575 -0.282209575 0.183184877 -0.265175164 0.088438459 -0.243538514 -0.250764102 0.932729840
1305031454.591635 -0.292242795 0.193197623 -0.268293440 0.087293163 -0.251639485 -0.268636435 0.925684571
1305031454.627580 -0.289855778 0.199784532 -0.269215435 0.085693799 -0.265873045 -0.281291306 0.918064952
1305031454.659528 -0.287889689 0.209073588 -0.271890193 0.080896504 -0.278124362 -0.288430929 0.912639141
1305031454.691884 -0.288940132 0.214924738 -0.270153403 0.074066773 -0.292824745 -0.295662016 0.906284571
1305031454.727659 -0.281697214 0.218584046 -0.266941220 0.070532002 -0.307961047 -0.300827175 0.899826765
1305031454.759732 -0.272389799 0.212696642 -0.269732147 0.060569886 -0.315847427 -0.298075199 0.898734033
1305031454.791641 -0.270257056 0.227319121 -0.266753018 0.057643432 -0.317827225 -0.287118077 0.901790619
1305031454.827570 -0.262530863 0.233721763 -0.264106810 0.052714143 -0.320300728 -0.280501902 0.903298080
1305031454.859620 -0.257371694 0.237636819 -0.262052089 0.045933679 -0.318286508 -0.273455679 0.906535029
1305031454.891764 -0.252918005 0.245804057 -0.263723403 0.042296778 -0.313115299 -0.265845329 0.910766780
1305031454.927567 -0.252580702 0.255336374 -0.266236275 0.038862765 -0.306621045 -0.259740025 0.914881587
1305031454.959648 -0.253502190 0.265651375 -0.270332843 0.036113147 -0.300445795 -0.253910601 0.918671668
1305031454.991937 -0.257484555 0.275291950 -0.278063118 0.033630934 -0.295562327 -0.248072669 0.921939194
1305031455.027799 -0.258687228 0.288078398 -0.281771928 0.033935085 -0.294339001 -0.244696736 0.923220694
1305031455.059636 -0.262997150 0.296065450 -0.286071450 0.033204008 -0.290462434 -0.243354157 0.924828529
1305031455.091700 -0.267838687 0.307124466 -0.289739817 0.036249336 -0.286810428 -0.241950408 0.926221251
1305031455.127695 -0.272983193 0.318859458 -0.293993771 0.037756074 -0.281821162 -0.239773437 0.928256452
1305031455.159720 -0.282790869 0.329243064 -0.303883851 0.037346482 -0.275180042 -0.237048686 0.930961370
1305031455.191655 -0.293036789 0.334793687 -0.305974722 0.031754341 -0.271729529 -0.231020138 0.933694005
1305031455.227581 -0.301827729 0.343575299 -0.310246706 0.032225288 -0.268374383 -0.225389361 0.936021566
1305031455.259631 -0.310733438 0.370580673 -0.312157124 0.036546238 -0.262187839 -0.216809720 0.939635813
1305031455.291831 -0.324717253 0.373382807 -0.317944199 0.026678896 -0.255099893 -0.207983702 0.943904161
1305031455.327766 -0.337990463 0.385616243 -0.326577783 0.022244319 -0.250486910 -0.196984082 0.947606862
1305031455.359630 -0.342786402 0.394923925 -0.327341527 0.014734707 -0.250121772 -0.190713063 0.949131489
1305031455.391665 -0.354977727 0.393461615 -0.329903513 0.001779587 -0.242771283 -0.182869494 0.952689707
1305031455.427642 -0.370244503 0.398501486 -0.339674592 -0.005341652 -0.233463109 -0.172877371 0.956859410
1305031455.459589 -0.386324018 0.398785591 -0.349454552 -0.011130345 -0.227861091 -0.164708182 0.959597111
1305031455.491637 -0.400920123 0.406097025 -0.359511435 -0.014415273 -0.222085953 -0.154182419 0.962651432
1305031455.527610 -0.417709082 0.402527481 -0.370199710 -0.021316987 -0.217345402 -0.141459987 0.965554595
1305031455.559669 -0.433509380 0.403496593 -0.380506486 -0.024110470 -0.217101932 -0.128101870 0.967406511
1305031455.591645 -0.452357352 0.409466326 -0.392117381 -0.026454821 -0.215641513 -0.113354489 0.969509959
1305031455.627617 -0.472166270 0.410437316 -0.396165013 -0.029898606 -0.212153375 -0.101591721 0.971481383
1305031455.659615 -0.490182042 0.406774879 -0.408830613 -0.027968880 -0.208422974 -0.096338421 0.972880542
1305031455.691605 -0.506681979 0.408521563 -0.421633095 -0.023913514 -0.205346122 -0.097239412 0.973553061
1305031455.727628 -0.522313893 0.406856805 -0.432059407 -0.021762086 -0.201342255 -0.102176338 0.973934174
1305031455.759683 -0.538632751 0.403573513 -0.444538385 -0.021348882 -0.194411352 -0.105020888 0.975048244
1305031455.791666 -0.556750536 0.393316329 -0.458159328 -0.021652017 -0.187617034 -0.104673609 0.976408958
1305031455.827590 -0.572463274 0.394721925 -0.473527253 -0.017393488 -0.183238238 -0.103806011 0.977417767
1305031455.859526 -0.586823940 0.390069157 -0.485165656 -0.017810551 -0.180298224 -0.105593897 0.977765441
1305031455.891657 -0.600849450 0.385643631 -0.498345971 -0.018273551 -0.176081046 -0.106023677 0.978478670
1305031455.927955 -0.616849363 0.381509721 -0.506353676 -0.018876428 -0.170652747 -0.107635796 0.979252696
1305031455.959716 -0.626924038 0.382104158 -0.516974866 -0.017161209 -0.166781098 -0.110012062 0.979687154
1305031455.991694 -0.637663960 0.381376565 -0.525569439 -0.018362466 -0.161485285 -0.112367705 0.980285108
1305031456.027770 -0.645670295 0.385542750 -0.534972906 -0.021302219 -0.155410677 -0.115805566 0.980807245
1305031456.059713 -0.663409770 0.376780897 -0.542576611 -0.032240901 -0.147348911 -0.123953998 0.980756938
1305031456.091707 -0.678623438 0.367312402 -0.548393607 -0.038961928 -0.141289338 -0.129882991 0.980637372
1305031456.127645 -0.691462338 0.360737413 -0.552836239 -0.040770605 -0.136015028 -0.131152138 0.981140554
1305031456.159731 -0.701132953 0.345450312 -0.556163371 -0.045068011 -0.130645916 -0.131948724 0.981575310
1305031456.191658 -0.710233808 0.334710658 -0.557541251 -0.041525945 -0.122997858 -0.129270390 0.983074903
1305031456.227678 -0.716515958 0.345281214 -0.560477972 -0.033993330 -0.113547303 -0.125741929 0.984957039
1305031456.291675 -0.746904135 0.324939787 -0.559824705 -0.036100291 -0.088167749 -0.120537966 0.988126397
1305031456.327718 -0.757427454 0.318237305 -0.557403207 -0.032486387 -0.077840351 -0.113926828 0.989902139
1305031456.391619 -0.783535004 0.310148686 -0.552659512 -0.028723907 -0.051404752 -0.105693638 0.992653668
1305031456.427662 -0.804847121 0.321525484 -0.547928751 -0.017531142 -0.036902141 -0.097750604 0.994372010
1305031456.491677 -0.842400610 0.334868938 -0.536378324 -0.020892845 -0.026369344 -0.085193120 0.995796323
1305031456.527641 -0.852444172 0.335031956 -0.525334477 -0.026895175 -0.028124634 -0.078667022 0.996141136
1305031456.591651 -0.872720361 0.344297528 -0.507600784 -0.025746943 -0.023492824 -0.067073964 0.997139037
1305031456.627612 -0.880659401 0.355541736 -0.499027133 -0.035853721 -0.018301481 -0.061607521 0.997288346
1305031456.691612 -0.918977559 0.337375343 -0.473387271 -0.051667832 -0.003572294 -0.044704452 0.997656822
1305031456.727693 -0.936815619 0.354440391 -0.466630638 -0.052101392 0.000220691 -0.034715619 0.998038173
1305031456.791649 -0.969877839 0.340226501 -0.448226184 -0.058740456 -0.007119330 -0.020229409 0.998042881
1305031456.827603 -0.973047495 0.363025069 -0.434584826 -0.053831100 -0.012538663 -0.011514811 0.998404920
1305031456.891672 -0.990262628 0.353080451 -0.408105642 -0.066872120 -0.009867004 0.000181667 0.997712731
1305031456.927690 -1.000728846 0.362253726 -0.400553674 -0.059575062 -0.004042859 0.006709959 0.998193085
1305031456.959667 -1.015545845 0.379058272 -0.394967467 -0.056900922 0.003473661 0.011726836 0.998304904
1305031456.991709 -1.029254079 0.372315466 -0.386433512 -0.068033881 0.009583733 0.013921022 0.997539878
1305031457.027648 -1.043791175 0.374827743 -0.381602824 -0.068495847 0.015583401 0.017485883 0.997376442
1305031457.091655 -1.065220952 0.379747063 -0.377561301 -0.080156073 0.026109722 0.027166100 0.996069908
1305031457.127632 -1.076293349 0.370583713 -0.374521971 -0.085592724 0.032629542 0.031433765 0.995299518
1305031457.191735 -1.103135467 0.375032872 -0.382868469 -0.081105687 0.048809841 0.044839818 0.994499266
1305031457.227543 -1.118833423 0.369392037 -0.386180282 -0.086297527 0.056876473 0.050299309 0.993371904
1305031457.291656 -1.143352270 0.356223285 -0.397462308 -0.079206273 0.072456166 0.063158415 0.992213428
1305031457.327548 -1.160009146 0.357811540 -0.406175315 -0.076014079 0.083479606 0.067791522 0.991290748
1305031457.391684 -1.195186973 0.344774902 -0.418042451 -0.072104253 0.109775431 0.079353556 0.988156557
1305031457.427641 -1.218772292 0.342865288 -0.425652206 -0.068945616 0.120782711 0.086473376 0.986499071
1305031457.491705 -1.249628067 0.326486647 -0.440555990 -0.069077745 0.127155811 0.094894998 0.984913528
1305031457.527638 -1.264067411 0.319104970 -0.449642301 -0.065372117 0.131494448 0.097377740 0.984354258
1305031457.559685 -1.278918982 0.314818889 -0.458719373 -0.061290767 0.136822835 0.101839654 0.983438671
1305031457.591678 -1.302068472 0.313980848 -0.464545965 -0.056854177 0.144249693 0.104322203 0.982383072
1305031457.627526 -1.313737035 0.302743077 -0.472847581 -0.057470575 0.144840017 0.108017653 0.981860816
1305031457.659632 -1.333978653 0.306665987 -0.479353249 -0.051640555 0.149086624 0.111644045 0.981143236
1305031457.691570 -1.350211263 0.299011350 -0.484124720 -0.057324518 0.150433481 0.114326999 0.980312705
1305031457.727669 -1.359034061 0.278935134 -0.488473594 -0.062300667 0.150573164 0.114199765 0.980002403
1305031457.759556 -1.374627948 0.265522301 -0.492630124 -0.061260458 0.154102549 0.112077080 0.979764402
1305031457.791567 -1.379627943 0.248988479 -0.495033056 -0.055592362 0.156932354 0.110957973 0.979780614
1305031457.827699 -1.395849943 0.253230572 -0.504806638 -0.042984229 0.165345639 0.110928312 0.979034305
1305031457.859623 -1.410205603 0.239518583 -0.506427884 -0.042896565 0.174562678 0.111366920 0.977386951
1305031457.891593 -1.427630186 0.216248274 -0.503714442 -0.038723215 0.184059426 0.110921852 0.975868344
1305031457.927633 -1.449589014 0.218228757 -0.508366525 -0.022421591 0.190222636 0.114150003 0.974824309
1305031457.991644 -1.476299644 0.197591722 -0.503915608 -0.013568603 0.194093361 0.118112013 0.973752141
1305031458.027845 -1.486565113 0.189275146 -0.496168077 -0.004565209 0.198171154 0.117728509 0.973060787
1305031458.059689 -1.503346682 0.197970718 -0.495133281 0.006960007 0.203571171 0.119689517 0.971691668
1305031458.091690 -1.518584371 0.200789481 -0.487095326 0.009093078 0.208553031 0.121802896 0.970354080
1305031458.127605 -1.535593510 0.187944099 -0.472301036 0.005910117 0.215001777 0.122070976 0.968936503
1305031458.159638 -1.554267406 0.175707713 -0.459582090 0.006073719 0.219942153 0.123794116 0.967607141
1305031458.191646 -1.574953794 0.179788545 -0.447135150 0.008319925 0.221645325 0.127228215 0.966755986
1305031458.227611 -1.590679646 0.173836276 -0.426040769 0.000824584 0.221373111 0.128187805 0.966727018
1305031458.259934 -1.599882007 0.140520453 -0.408864558 -0.007691964 0.219588533 0.126405597 0.967338264
1305031458.291664 -1.622992396 0.143266484 -0.389426768 0.004761135 0.219241232 0.126276135 0.967452824
1305031458.327628 -1.631992340 0.136524633 -0.375030220 0.005481044 0.213514671 0.128557518 0.968428850
1305031458.359590 -1.637033463 0.120416753 -0.352554440 0.011225171 0.209651053 0.127293527 0.969389915
1305031458.391626 -1.647964239 0.117212698 -0.340141654 0.022786569 0.208292589 0.133026257 0.968709946
1305031458.427598 -1.649388075 0.119167849 -0.327973604 0.032412585 0.206898734 0.139958128 0.967757225
1305031458.459637 -1.644916296 0.115089498 -0.312950909 0.044096254 0.210253835 0.145527199 0.965748727
1305031458.491696 -1.645233154 0.094892517 -0.302980900 0.059304290 0.220346943 0.143768325 0.962943852
1305031458.527737 -1.662092447 0.124164924 -0.278922319 0.085103497 0.233706564 0.140685618 0.958303809
1305031458.559628 -1.669047117 0.128817827 -0.259631574 0.093200259 0.243655115 0.137722582 0.955499053
1305031458.591641 -1.672451735 0.129441351 -0.231450021 0.102398142 0.250422090 0.132270575 0.953576386
1305031458.627659 -1.684915185 0.162269160 -0.204238832 0.111666486 0.252542496 0.125627279 0.952874959
1305031458.659623 -1.696017981 0.162266091 -0.177198768 0.105687693 0.251390696 0.126374021 0.953762233
1305031458.691674 -1.698377609 0.158495307 -0.160467744 0.097330816 0.235856265 0.119776569 0.959454060
1305031458.727650 -1.685136557 0.155614376 -0.135858715 0.095269896 0.220910162 0.111557394 0.964197755
1305031458.759945 -1.697206855 0.162057504 -0.122653127 0.102062166 0.208489314 0.098885968 0.967645109
1305031458.791632 -1.690547466 0.178691253 -0.107005417 0.103489675 0.191676125 0.089441866 0.971879780
1305031458.827564 -1.672948837 0.176945448 -0.091961384 0.096831433 0.178742990 0.089235805 0.975044429
1305031458.891665 -1.664423704 0.171043202 -0.080958426 0.102118693 0.173552349 0.079198226 0.976308882
1305031458.927621 -1.677080393 0.178741470 -0.072701931 0.102862567 0.182087198 0.082520843 0.974399209
1305031458.959617 -1.681073785 0.169282764 -0.059841633 0.095170297 0.188357159 0.098388128 0.972514272
1305031458.991647 -1.694043398 0.139839724 -0.047343254 0.091280513 0.196096569 0.100455403 0.971145034
1305031459.027665 -1.713938355 0.132160559 -0.030876637 0.101165488 0.197453976 0.099617392 0.969976187
1305031459.059631 -1.748959422 0.117305331 -0.022481680 0.108010009 0.196543694 0.106932402 0.968643308
1305031459.127618 -1.794773817 0.083756775 -0.012845397 0.127194256 0.163160175 0.122269250 0.970695913
1305031459.159639 -1.812330246 0.080217704 0.006649315 0.137190655 0.140667483 0.122035891 0.972881615
1305031459.191674 -1.826269627 0.081012458 0.011618704 0.144187987 0.123269990 0.127354324 0.973547757
1305031459.227607 -1.830506563 0.083226204 0.016366661 0.147435769 0.109108359 0.136457458 0.973518014
1305031459.259760 -1.814542532 0.098108470 0.046598375 0.152547732 0.101949729 0.148833290 0.971691370
1305031459.327632 -1.811406016 0.107102334 0.056179225 0.151387304 0.122463986 0.179282576 0.964335084
1305031459.359651 -1.823338151 0.115151137 0.065665543 0.157112777 0.146728069 0.197926134 0.956353307
1305031459.391667 -1.831197858 0.149498016 0.099296331 0.164670005 0.172049284 0.215689063 0.946974635
1305031459.427646 -1.828391910 0.160886750 0.116253316 0.156717658 0.199832141 0.250254422 0.934280157
1305031459.459679 -1.854595423 0.150723189 0.110610485 0.151515082 0.240110978 0.293182135 0.912926137
1305031459.527594 -1.886451840 0.169520929 0.131806910 0.143911824 0.277141809 0.353275925 0.881860495
1305031459.559647 -1.916627645 0.144579574 0.146317780 0.135015205 0.306461245 0.384649247 0.860172868
1305031459.591695 -1.940825462 0.140384629 0.154915988 0.134109706 0.315315932 0.400795996 0.849678159
1305031459.627608 -1.947417259 0.141176268 0.161761642 0.132781968 0.314647228 0.410598367 0.845443666
1305031459.659641 -1.956272364 0.139305323 0.172130764 0.132715166 0.322495729 0.411352962 0.842123449
1305031459.691604 -1.971957564 0.134882331 0.182928443 0.127325222 0.334510118 0.414632350 0.836642861
1305031459.727551 -1.984863997 0.111557879 0.183514237 0.117691137 0.342986673 0.421497941 0.831172884
1305031459.791650 -2.019596100 0.079982132 0.200087070 0.116254762 0.357741058 0.413678586 0.829081535
1305031459.827664 -2.037283897 0.062890172 0.201715648 0.113470368 0.357694238 0.412543982 0.830052257
1305031459.859660 -2.044124603 0.049493104 0.218569636 0.108893521 0.358764589 0.412469476 0.830240428
1305031459.891596 -2.051558018 0.033735156 0.226937950 0.103741333 0.354671657 0.415336519 0.831228793
1305031459.927607 -2.060003996 0.013501629 0.230525672 0.101484016 0.352128178 0.419518024 0.830488622
1305031459.991725 -2.071921587 -0.008071586 0.249296367 0.099456184 0.348554432 0.426187426 0.828844130
1305031460.027565 -2.071812868 -0.028098896 0.253430247 0.096091218 0.347398609 0.431536674 0.826956332
1305031460.059659 -2.080663443 -0.043180153 0.264553010 0.096838437 0.350136012 0.431800276 0.825575948
1305031460.091717 -2.092048645 -0.063336566 0.271545827 0.098624736 0.348771960 0.438239932 0.822543025
1305031460.127690 -2.091765404 -0.076398402 0.278796673 0.105278596 0.339682430 0.446421623 0.821121216
1305031460.159678 -2.095793962 -0.086187869 0.285886526 0.113878936 0.331677616 0.453665227 0.819273710
1305031460.191559 -2.092216969 -0.094448663 0.294041038 0.114971504 0.323417515 0.460891902 0.818389475
1305031460.227761 -2.083627224 -0.108017042 0.295864940 0.114016160 0.320480168 0.466955900 0.816238344
1305031460.291689 -2.080774784 -0.124116361 0.308387697 0.117255099 0.336455613 0.466971606 0.809312344
1305031460.327512 -2.082172871 -0.133220136 0.317493320 0.118666679 0.346458346 0.466374934 0.805220008
1305031460.391611 -2.078606606 -0.158994898 0.322851241 0.109613702 0.363915622 0.472463191 0.795190990
1305031460.427477 -2.075009108 -0.168343186 0.328232229 0.108237602 0.373396367 0.476660877 0.788450539
1305031460.459620 -2.071281433 -0.174059868 0.333302796 0.106113799 0.384227961 0.480245590 0.781327665
1305031460.491504 -2.072009563 -0.181147963 0.336257458 0.100091897 0.396057099 0.487294823 0.771792829
1305031460.527570 -2.069725275 -0.186067641 0.342378557 0.095517881 0.404317111 0.495301038 0.762942255
1305031460.559647 -2.066521645 -0.204334587 0.350535512 0.086558595 0.415159285 0.500557542 0.754713476
1305031460.591855 -2.067118168 -0.218828768 0.359363556 0.081019975 0.426224798 0.501569390 0.748462677
1305031460.627625 -2.064678192 -0.234039962 0.363083422 0.075945526 0.434217155 0.505035818 0.742042184
1305031460.659764 -2.065976143 -0.248038501 0.374946117 0.072479904 0.444651634 0.503436625 0.737280905
1305031460.691671 -2.068649769 -0.260155529 0.385885060 0.069242030 0.450414062 0.504454076 0.733388603
1305031460.727675 -2.065886974 -0.269177943 0.392135680 0.064127266 0.451923966 0.505366027 0.732296169
1305031460.759667 -2.061893225 -0.280026913 0.398084164 0.060036827 0.456609160 0.504678965 0.730207384
1305031460.791660 -2.062931538 -0.294675320 0.410725176 0.055862762 0.462849975 0.503234744 0.727601647
1305031460.827660 -2.060553312 -0.302967787 0.419960082 0.051014066 0.464514375 0.501892030 0.727824450
1305031460.859714 -2.054363012 -0.313016087 0.426043391 0.042793851 0.466986269 0.500835359 0.727500141
1305031460.891774 -2.049715757 -0.324006975 0.434316278 0.034565214 0.471388221 0.499024749 0.726342022
1305031460.927562 -2.044790268 -0.337943137 0.447667778 0.027598118 0.474952877 0.499338418 0.724098921
1305031460.991668 -2.023318052 -0.362642407 0.457532465 0.021145009 0.477717310 0.502523780 0.720283926
1305031461.027620 -2.016685963 -0.373840541 0.465317607 0.021848962 0.480226457 0.503268063 0.718071342
1305031461.091728 -2.005653858 -0.390920997 0.481563926 0.022910807 0.480272055 0.503215730 0.718044460
1305031461.127586 -1.994451642 -0.400345147 0.483721972 0.019629728 0.479621202 0.502560258 0.719035029
1305031461.159720 -1.983765125 -0.412419915 0.488403857 0.019170435 0.481011331 0.500828207 0.719327331
1305031461.192013 -1.980579257 -0.416230977 0.497779965 0.021612100 0.483848393 0.495311111 0.721172988
1305031461.227607 -1.974041581 -0.422492027 0.502380311 0.021154048 0.485017061 0.493947655 0.721336663
1305031461.259642 -1.966656208 -0.430086195 0.508096516 0.021312226 0.486327529 0.490845621 0.722566187
1305031461.291656 -1.960941553 -0.432121038 0.512520850 0.022285109 0.487227410 0.484374195 0.726288140
1305031461.327751 -1.954483151 -0.430018723 0.516965508 0.023433402 0.489550382 0.479653299 0.727821410
1305031461.359709 -1.954558730 -0.427220583 0.523867369 0.020211453 0.493122250 0.475869834 0.727990329
1305031461.391708 -1.940503359 -0.435653806 0.529189229 0.010953994 0.492218047 0.478703946 0.726941466
1305031461.427624 -1.930881023 -0.438462615 0.531719148 0.008900881 0.492974281 0.477153301 0.727476358
1305031461.459781 -1.929718018 -0.434696078 0.536056399 0.007159688 0.493127406 0.478897274 0.726244807
1305031461.491677 -1.912579298 -0.443585396 0.530449152 0.000602777 0.490454346 0.482146770 0.725939870
1305031461.527705 -1.910548925 -0.442148209 0.530843198 0.005346373 0.493095279 0.478770852 0.726365566
1305031461.559677 -1.906376362 -0.435477555 0.521168888 0.004783924 0.491859078 0.476426810 0.728744984
1305031461.591690 -1.904447556 -0.432663918 0.517757952 0.003417189 0.499240249 0.472255439 0.726444960
1305031461.627541 -1.903147221 -0.427094400 0.516177833 0.000806320 0.504108250 0.471261322 0.723731339
1305031461.659622 -1.900423050 -0.422293901 0.511068821 -0.001384492 0.506752133 0.471454889 0.721755266
1305031461.691563 -1.902306080 -0.413616270 0.510497034 -0.000812926 0.509045243 0.475723445 0.717328072
1305031461.727602 -1.896286964 -0.407132238 0.504508913 -0.002654738 0.507480085 0.481419146 0.714627564
1305031461.759684 -1.900137424 -0.395466119 0.501360774 -0.001074625 0.509545505 0.482329726 0.712544918
1305031461.791612 -1.901617169 -0.383600533 0.494408488 -0.002917852 0.509814382 0.486630172 0.709416568
1305031461.827615 -1.901251674 -0.370699286 0.486336112 -0.002818082 0.511400402 0.490658790 0.705489635
1305031461.859767 -1.909896851 -0.353520781 0.484697521 0.000364538 0.515691221 0.494930923 0.699361026
1305031461.891723 -1.919875860 -0.336985528 0.485940278 0.002719469 0.516948700 0.504391491 0.691625535
1305031461.927758 -1.917336822 -0.331155658 0.481627107 -0.004570764 0.513157308 0.515355289 0.686336398
1305031461.959703 -1.921685576 -0.303819090 0.461802900 -0.002371618 0.509279430 0.519002676 0.686487436
1305031461.991590 -1.941048145 -0.286190242 0.472973585 -0.004018914 0.519548416 0.521238565 0.677025557
1305031462.027675 -1.945028782 -0.283625245 0.482520461 -0.012135220 0.521171927 0.532092452 0.667165816
1305031462.059837 -1.948665142 -0.272079587 0.479742289 -0.011048550 0.513212979 0.544729352 0.663144231
1305031462.091777 -1.953593373 -0.257260203 0.473273337 -0.007043050 0.503831089 0.556227207 0.660844803
1305031462.127739 -1.956032157 -0.250449479 0.472270787 -0.009447348 0.499574572 0.565702915 0.655984938
1305031462.159646 -1.956716776 -0.248842955 0.471260607 -0.013972851 0.496785283 0.572654068 0.651978910
1305031462.191641 -1.964133739 -0.238328755 0.470504582 -0.015539872 0.495429277 0.572516322 0.653095305
1305031462.227633 -1.972435713 -0.232648969 0.473449111 -0.021294847 0.495893925 0.573700726 0.651539147
1305031462.259765 -1.976912141 -0.230791122 0.477175713 -0.029806152 0.494971156 0.573783338 0.651834249
1305031462.291629 -1.984386921 -0.224252731 0.477847695 -0.035600193 0.491110355 0.571902633 0.656102538
1305031462.327540 -1.991698742 -0.216973901 0.477823496 -0.042780455 0.487632275 0.569020271 0.660757542
1305031462.359732 -1.998914361 -0.212037981 0.485768557 -0.051998846 0.488209635 0.563666999 0.664249182
1305031462.391695 -2.007439375 -0.205935121 0.491978347 -0.060427617 0.483650178 0.561581969 0.668622971
1305031462.427635 -2.016656399 -0.200085431 0.496908069 -0.069043010 0.478088886 0.558528781 0.674321592
1305031462.459897 -2.030678272 -0.190345287 0.503718257 -0.074402310 0.472720921 0.552753627 0.682248235
1305031462.492008 -2.038520336 -0.184167236 0.503567696 -0.083362564 0.463170975 0.551485300 0.688757777
1305031462.527670 -2.044925928 -0.186593443 0.508886576 -0.092660204 0.457967550 0.550078392 0.692165852
1305031462.559862 -2.051677465 -0.177344620 0.498138547 -0.095711373 0.443939567 0.546110570 0.703931987
1305031462.591862 -2.057022810 -0.176137149 0.492826879 -0.101583309 0.438509703 0.540894687 0.710508943
1305031462.627851 -2.070102930 -0.163314670 0.487872899 -0.101102628 0.435247242 0.529334843 0.721209168
1305031462.659660 -2.076292992 -0.162364930 0.483929157 -0.105597623 0.434329808 0.520706534 0.727373004
1305031462.692548 -2.088323116 -0.154268920 0.480091453 -0.102255464 0.433344573 0.510487199 0.735635221
1305031462.727652 -2.098290443 -0.152620643 0.474947929 -0.104555734 0.428008258 0.502090335 0.744165540
1305031462.759782 -2.109201193 -0.141071975 0.464678228 -0.103733361 0.419600129 0.491259903 0.756200254
1305031462.791943 -2.117880344 -0.129677474 0.453411162 -0.102821723 0.412548184 0.484430462 0.764564455
1305031462.827816 -2.129031897 -0.119467586 0.444121659 -0.102791719 0.407181740 0.479421288 0.770579100
1305031462.859782 -2.138529062 -0.107319266 0.431495607 -0.105867900 0.401262254 0.472764581 0.777350783
1305031462.891847 -2.145496845 -0.092883527 0.416475177 -0.104457244 0.399045199 0.468672782 0.781151354
1305031462.927607 -2.150018215 -0.088476449 0.403703094 -0.105983011 0.398319513 0.468515724 0.781410456
1305031462.959676 -2.153298616 -0.076460987 0.387856305 -0.102124155 0.393318206 0.466722488 0.785519958
1305031462.995550 -2.150948763 -0.066164851 0.371670723 -0.099253826 0.387228519 0.462582707 0.791340649
1305031463.027667 -2.155019522 -0.058301330 0.356264591 -0.092931941 0.384417176 0.455746025 0.797422528
1305031463.059810 -2.165964365 -0.049640775 0.342651904 -0.087014720 0.381598651 0.446564287 0.804606259
1305031463.095809 -2.166213989 -0.036537349 0.326699018 -0.086398765 0.375128359 0.437556028 0.812624574
1305031463.127550 -2.167788982 -0.029607743 0.313379109 -0.084185429 0.374623656 0.427280337 0.818536162
1305031463.159787 -2.171711445 -0.018905073 0.298138559 -0.079455279 0.372877806 0.416732937 0.825216770
1305031463.195657 -2.177023411 -0.004483223 0.284941375 -0.077275887 0.371214867 0.408296764 0.830374420
1305031463.227784 -2.170473337 -0.004242390 0.270812333 -0.082185164 0.367624372 0.407039821 0.832115710
1305031463.260034 -2.168978214 0.006446064 0.254499137 -0.075506434 0.366902649 0.401651263 0.835677862
1305031463.295737 -2.171428680 0.019780129 0.243296742 -0.071255900 0.366945595 0.395052493 0.839170456
1305031463.327739 -2.166241169 0.021415532 0.228034854 -0.074523151 0.361527771 0.393972933 0.841741800
1305031463.359750 -2.159264326 0.032182038 0.214426458 -0.066908322 0.356398940 0.391563296 0.845683932
1305031463.395630 -2.158798695 0.045656323 0.202545941 -0.061978027 0.352804691 0.385342419 0.850410938
1305031463.427716 -2.153004408 0.056994617 0.190080643 -0.061536931 0.348784834 0.381696254 0.853739023
1305031463.459756 -2.146766186 0.069313765 0.176939905 -0.060012657 0.347356617 0.378873378 0.855684996
1305031463.495629 -2.136611223 0.084550142 0.161592603 -0.059055500 0.345524222 0.377568871 0.857068956
1305031463.527670 -2.127438068 0.090448767 0.145141304 -0.060598567 0.348406166 0.375747412 0.856594920
1305031463.559751 -2.122314930 0.098810524 0.132142127 -0.056458700 0.350909799 0.376539439 0.855507314
1305031463.595600 -2.114953756 0.109952867 0.114276111 -0.054687887 0.345948011 0.377067953 0.857408285
1305031463.627588 -2.096379995 0.114679307 0.093906999 -0.054959025 0.339615732 0.377198756 0.859861493
1305031463.659766 -2.088189125 0.118965775 0.075253069 -0.048040528 0.341893554 0.373560309 0.860960841
1305031463.695640 -2.085169554 0.130881101 0.061294198 -0.041722983 0.342331290 0.369537026 0.862850428
1305031463.727588 -2.065980196 0.132688463 0.035895288 -0.044850390 0.336507291 0.369324505 0.865072668
1305031463.759674 -2.047551870 0.131176442 0.013793826 -0.043312326 0.337219119 0.363182873 0.867470741
1305031463.795647 -2.045594931 0.131373316 -0.006508768 -0.040238280 0.341998905 0.352257967 0.870248258
1305031463.827761 -2.032282829 0.131767154 -0.025143027 -0.042371746 0.341294616 0.342928231 0.874141276
1305031463.859910 -2.014885426 0.128173679 -0.049989462 -0.043237194 0.340116441 0.334270716 0.877903402
1305031463.895648 -2.010059357 0.128469676 -0.067023635 -0.040319700 0.343659848 0.324712247 0.880246699
1305031463.927664 -2.006244421 0.124494880 -0.081703842 -0.040459257 0.344869107 0.318056554 0.882195234
1305031463.959680 -1.992812514 0.118949234 -0.103995919 -0.040208302 0.339125484 0.313411266 0.886087239
1305031463.995821 -1.987290382 0.116628766 -0.122016370 -0.036184303 0.338035792 0.304904491 0.889637947
1305031464.027703 -1.981442690 0.112552881 -0.145540059 -0.036035817 0.334113032 0.297664344 0.893569171
1305031464.059652 -1.967774391 0.103117645 -0.167080522 -0.038691718 0.331672579 0.289967984 0.896891773
1305031464.095634 -1.963175297 0.094441891 -0.187002242 -0.037467252 0.333888263 0.280758560 0.899049222
1305031464.127681 -1.962302089 0.089049250 -0.200087428 -0.035166204 0.334353656 0.275208175 0.900683880
1305031464.159817 -1.958757758 0.075675160 -0.214748621 -0.031723779 0.331525058 0.274535060 0.902061641
1305031464.195585 -1.956732988 0.069246858 -0.234485447 -0.021245854 0.324587464 0.269276857 0.906466544
1305031464.227624 -1.958743334 0.071181133 -0.247530162 -0.008625276 0.316363871 0.263769627 0.911188841
1305031464.259644 -1.961067677 0.075118259 -0.256533504 0.000901370 0.304488659 0.259579659 0.916462898
1305031464.295667 -1.955817223 0.070268288 -0.275360763 0.003554473 0.287735015 0.255588591 0.922968209
1305031464.327866 -1.940874577 0.073392928 -0.293728530 0.006372288 0.271731168 0.248805955 0.929632783
1305031464.359684 -1.922966719 0.072198361 -0.313033998 0.010975105 0.259281486 0.244370356 0.934310317
1305031464.395611 -1.910887241 0.079588316 -0.330283046 0.017126352 0.252839595 0.236172423 0.938083887
1305031464.427634 -1.903510332 0.080569424 -0.345413148 0.017526455 0.252496332 0.225596949 0.940768003
1305031464.459689 -1.893469810 0.075866036 -0.362857819 0.018360542 0.249659240 0.217686892 0.943369269
1305031464.495633 -1.882863045 0.077825539 -0.384520829 0.020808350 0.245968476 0.211487323 0.945695281
1305031464.527574 -1.879014254 0.079418570 -0.405068278 0.021563459 0.246305257 0.203262046 0.947392881
1305031464.559703 -1.867534637 0.078830950 -0.420954645 0.018053595 0.243734092 0.191712335 0.950533628
1305031464.595698 -1.832087517 0.055294007 -0.460189402 0.013239390 0.239598170 0.184947073 0.953001559
1305031464.627672 -1.821310759 0.040231138 -0.487485647 0.017123027 0.250621349 0.175177589 0.951949894
1305031464.659749 -1.812911034 0.042983603 -0.507600665 0.025341446 0.261895627 0.162128672 0.951043010
1305031464.695663 -1.800951958 0.026416359 -0.518467486 0.031976812 0.273213089 0.144357339 0.950522542
1305031464.727652 -1.795497656 0.016096361 -0.529022098 0.045744862 0.280136347 0.126898065 0.950435638
1305031464.759740 -1.809291840 0.027902968 -0.532534361 0.059299394 0.284689695 0.101756841 0.951357424
1305031464.796021 -1.807749987 0.007088773 -0.540763378 0.060226481 0.280461878 0.084428526 0.954246163
1305031464.827759 -1.807904243 0.015063509 -0.532576084 0.071772709 0.271298856 0.065250285 0.957594931
1305031464.859654 -1.797736645 0.025014922 -0.538237989 0.079296917 0.253773570 0.050705146 0.962673366
1305031464.895817 -1.778403521 0.034370109 -0.546846092 0.077758051 0.234342515 0.029966442 0.968575895
1305031464.927799 -1.756917953 0.012007371 -0.553172052 0.069061466 0.219840318 0.010378159 0.973032892
1305031464.959763 -1.731793046 0.002651334 -0.552637815 0.069494613 0.211566716 -0.008574210 0.974852026
1305031464.995687 -1.707020879 0.009846494 -0.555749297 0.075300105 0.206978410 -0.026766032 0.975076079
1305031465.027823 -1.695736647 0.006280825 -0.544088483 0.075359829 0.206840709 -0.048070867 0.974282801
1305031465.059749 -1.691026449 0.027519494 -0.520758390 0.083180182 0.202934399 -0.068497933 0.973245442
1305031465.095700 -1.667410493 0.077853188 -0.518277407 0.086564779 0.187461972 -0.079947621 0.975178421
1305031465.127664 -1.647130847 0.091410115 -0.506637514 0.069327570 0.173010558 -0.092945769 0.978070617
1305031465.159842 -1.629334927 0.098551437 -0.488761812 0.052443132 0.160936415 -0.101066180 0.980374873
1305031465.195564 -1.611439466 0.094587356 -0.477958769 0.036872897 0.149022222 -0.108551316 0.982165635
1305031465.227907 -1.590804815 0.116990015 -0.461978436 0.028822383 0.138962388 -0.113284580 0.983374476
1305031465.259807 -1.572677374 0.110066272 -0.450111985 0.013953967 0.128612116 -0.114238895 0.984994233
1305031465.295623 -1.553225517 0.127750769 -0.437859774 0.013344316 0.117999233 -0.104751416 0.987383008
1305031465.327674 -1.539142489 0.137413442 -0.428592205 0.007887931 0.106066205 -0.091571599 0.990102232
1305031465.359948 -1.527413487 0.139227599 -0.418119222 0.003188921 0.091424979 -0.081541181 0.992462754
1305031465.395586 -1.491627216 0.143638730 -0.423701167 0.005335858 0.067886621 -0.066479459 0.995461404
1305031465.427697 -1.460481167 0.156016380 -0.425357819 0.010560962 0.051047828 -0.056004670 0.997068703
1305031465.460125 -1.436185002 0.174044147 -0.424646974 0.016373605 0.038485631 -0.043005835 0.998198986
1305031465.495703 -1.409965396 0.198492765 -0.428556263 0.019109344 0.025599753 -0.031126283 0.999004841
1305031465.527622 -1.389835000 0.197225764 -0.429991335 0.015374549 0.015885103 -0.028828496 0.999339879
1305031465.559812 -1.356793046 0.209750801 -0.436578304 0.023134867 0.002590740 -0.021211362 0.999503970
1305031465.595599 -1.327039719 0.228357375 -0.440930486 0.030441642 -0.005403978 -0.011762753 0.999452710
1305031465.627688 -1.313207626 0.246516928 -0.447401881 0.036782999 -0.008768626 -0.003262499 0.999279499
1305031465.660060 -1.293546557 0.261296123 -0.453814149 0.041967623 -0.019520346 0.005447075 0.998913407
1305031465.695668 -1.260690093 0.277957052 -0.459667563 0.048641711 -0.030578526 0.012189927 0.998273671
1305031465.727682 -1.237108111 0.296298206 -0.467080414 0.056836918 -0.035552256 0.021930531 0.997509241
1305031465.759766 -1.208627105 0.320207745 -0.471597552 0.066243261 -0.043915574 0.032270905 0.996314108
1305031465.795937 -1.186417460 0.334017605 -0.477822006 0.070102848 -0.047977719 0.037368037 0.995684385
1305031465.827996 -1.161715865 0.352291524 -0.477802515 0.080223925 -0.052969772 0.042390283 0.994465411
1305031465.859861 -1.133628011 0.383000851 -0.480979979 0.093958229 -0.057319902 0.047683254 0.992780268
1305031465.895494 -1.102166891 0.410845876 -0.482710868 0.098742753 -0.057233568 0.052356567 0.992085159
1305031465.927495 -1.083057404 0.420941383 -0.480640352 0.102763243 -0.050440345 0.052148338 0.992056489
1305031465.959710 -1.058423519 0.443173975 -0.489123642 0.113195941 -0.044565178 0.053923063 0.991106927
1305031465.995753 -1.047654629 0.469972551 -0.493299663 0.122201517 -0.036623020 0.049867231 0.990574956
1305031466.027644 -1.034282804 0.494201124 -0.500413656 0.128641546 -0.034414478 0.048244763 0.989918947
1305031466.059757 -1.022364140 0.523892403 -0.502436399 0.129911348 -0.032848682 0.048893001 0.989774466
1305031466.095840 -1.005962253 0.545217991 -0.509411931 0.125516862 -0.036021106 0.051015951 0.990123928
1305031466.127640 -0.997288406 0.571687937 -0.511192322 0.123835638 -0.039517384 0.047951888 0.990355372
1305031466.160428 -0.982622683 0.584190845 -0.521215796 0.117321253 -0.046584025 0.051705621 0.990652382
1305031466.195833 -0.973696291 0.602935970 -0.534578562 0.110365711 -0.054697666 0.052039456 0.991019428
1305031466.227951 -0.953254879 0.615241349 -0.543325961 0.099799313 -0.066449642 0.046845533 0.991680384
1305031466.259815 -0.927645266 0.616105795 -0.551564932 0.094569460 -0.072287999 0.040247079 0.992074192
1305031466.295737 -0.909199417 0.626237869 -0.573503733 0.096159950 -0.067861967 0.029579021 0.992609262
1305031466.327702 -0.890657008 0.640091717 -0.580837905 0.096248515 -0.059661202 0.020218855 0.993361950
1305031466.359829 -0.876329660 0.653899908 -0.591518641 0.092871793 -0.051474467 0.014180001 0.994245529
1305031466.395784 -0.864316285 0.646507502 -0.605756104 0.088264748 -0.047393639 0.010400648 0.994914591
1305031466.427819 -0.854408264 0.660810471 -0.616642892 0.095918953 -0.048643742 0.006557869 0.994178236
1305031466.459790 -0.839216471 0.679112613 -0.628824949 0.098121703 -0.053809021 0.001730628 0.993717134
1305031466.495809 -0.815988958 0.685791016 -0.633933604 0.093398072 -0.060035758 0.000858566 0.993816793
1305031466.527538 -0.792203903 0.689552426 -0.639099479 0.090493262 -0.060303207 0.000777972 0.994069338
1305031466.560353 -0.772830963 0.703703284 -0.646791935 0.089771315 -0.057416275 -0.000240670 0.994306028
1305031466.595936 -0.751313925 0.717349052 -0.649651229 0.083230630 -0.058968328 -0.002545299 0.994780838
1305031466.627549 -0.723438740 0.710644364 -0.652056754 0.073984563 -0.059718642 -0.007539040 0.995441198
1305031466.659688 -0.706068754 0.715816438 -0.655865133 0.079972722 -0.055867277 -0.012187740 0.995155573
1305031466.695822 -0.694745064 0.735547006 -0.663538575 0.084287226 -0.054525118 -0.019422671 0.994758964
1305031466.728074 -0.666936994 0.739311814 -0.665838361 0.077121913 -0.060116373 -0.029420068 0.994772673
1305031466.759637 -0.645960629 0.732110858 -0.668749988 0.076428078 -0.060087223 -0.038320769 0.994524896
1305031466.795604 -0.634027362 0.746885419 -0.671837747 0.085584328 -0.059648726 -0.043910965 0.993573964
1305031466.827879 -0.615470111 0.756594837 -0.676762342 0.084317878 -0.064865068 -0.047529690 0.993188798
1305031466.859665 -0.600858331 0.747959077 -0.681608856 0.078476250 -0.070879117 -0.047016528 0.993280947
1305031466.895694 -0.590393245 0.754141986 -0.686839223 0.082770504 -0.080108173 -0.047881663 0.992188990
1305031466.927756 -0.569529653 0.760405958 -0.687614679 0.084856920 -0.097030982 -0.051179223 0.990335822
1305031466.959728 -0.545427680 0.758928716 -0.690749645 0.084716812 -0.109944820 -0.052434646 0.988931656
1305031466.995712 -0.526660144 0.764135063 -0.696981192 0.086657092 -0.115030117 -0.056619629 0.987953901
1305031467.027843 -0.508500218 0.765964568 -0.698769152 0.087211214 -0.120214187 -0.060943555 0.987030208
1305031467.059700 -0.487977445 0.769913435 -0.703586400 0.087990910 -0.124009103 -0.064968757 0.986234486
1305031467.095687 -0.470890641 0.773342133 -0.704326630 0.086301893 -0.126074240 -0.069100477 0.985840976
1305031467.128974 -0.458717078 0.771326721 -0.706082940 0.086206801 -0.128064841 -0.080214925 0.984750390
1305031467.159660 -0.446049333 0.774549365 -0.709716260 0.088877618 -0.130135342 -0.089261070 0.983462274
1305031467.195663 -0.433820546 0.777686656 -0.712774634 0.090400420 -0.134030268 -0.093666688 0.982390046
1305031467.227704 -0.415986001 0.780379951 -0.712469637 0.091851555 -0.142489135 -0.099099241 0.980530202
1305031467.259694 -0.401678681 0.779974043 -0.714862883 0.093233533 -0.148003086 -0.104401000 0.979031682
1305031467.295846 -0.388026118 0.784657001 -0.716615021 0.096608244 -0.152953565 -0.111155160 0.977198362
1305031467.328008 -0.372880429 0.787781179 -0.720656276 0.098174289 -0.158984467 -0.116085902 0.975504875
1305031467.359654 -0.358754337 0.795183003 -0.723309815 0.096780904 -0.165611386 -0.117618747 0.974357307
1305031467.395756 -0.341663122 0.796475112 -0.727368593 0.091206580 -0.173745215 -0.123062946 0.972804964
1305031467.427783 -0.326350451 0.796125710 -0.728729129 0.089703150 -0.179966897 -0.127839699 0.971196294
1305031467.459692 -0.311673939 0.800772905 -0.733226597 0.090663962 -0.186346069 -0.129302129 0.969709277
1305031467.496058 -0.293324918 0.805913866 -0.736235321 0.087375149 -0.194425300 -0.134069309 0.967775702
1305031467.527663 -0.275840819 0.802713394 -0.738963723 0.081791624 -0.198073044 -0.143572316 0.966159523
1305031467.559763 -0.261018723 0.800614357 -0.738155425 0.081930138 -0.199839666 -0.145274028 0.965529382
1305031467.595989 -0.246727437 0.801946640 -0.738842010 0.081843518 -0.201738879 -0.143423155 0.965418458
1305031467.627532 -0.233447522 0.792957544 -0.735482693 0.081896521 -0.207574069 -0.142319009 0.964339793
1305031467.659626 -0.218962580 0.788295388 -0.737581015 0.088045903 -0.213447720 -0.139278665 0.962958694
1305031467.695886 -0.207260430 0.786205411 -0.738367915 0.091325328 -0.216425240 -0.142325178 0.961542189
1305031467.727535 -0.199557245 0.775105834 -0.730419576 0.094372138 -0.218273848 -0.147469535 0.960053682
1305031467.759907 -0.187337220 0.766604662 -0.725579381 0.099868849 -0.221233398 -0.149151966 0.958559155
1305031467.796075 -0.174950480 0.761238873 -0.716748714 0.104242675 -0.225452960 -0.151721820 0.956705213
1305031467.827800 -0.167160183 0.744523644 -0.706907809 0.106574528 -0.228904605 -0.152472049 0.955508649
1305031467.859729 -0.159370482 0.739241362 -0.689302981 0.115648724 -0.234962940 -0.149266064 0.953486979
1305031467.895947 -0.152723134 0.729938209 -0.680059791 0.119409561 -0.242516294 -0.149111107 0.951153517
1305031467.927754 -0.145513117 0.713492513 -0.669837356 0.120244175 -0.250325590 -0.152517736 0.948481321
1305031467.959826 -0.141099811 0.705839217 -0.651315093 0.128509626 -0.255551904 -0.153727308 0.945804596
1305031467.995754 -0.130872965 0.704190254 -0.635505855 0.133448243 -0.259120435 -0.155705214 0.943824112
1305031468.028107 -0.125566930 0.683238268 -0.618605494 0.129144922 -0.260986745 -0.159548417 0.943266571
1305031468.059850 -0.119853079 0.663303673 -0.606216908 0.132386386 -0.263927013 -0.162158728 0.941552401
1305031468.095867 -0.110902250 0.657201052 -0.590808630 0.135771349 -0.268777162 -0.164292112 0.939325869
1305031468.127816 -0.106354147 0.637616992 -0.574532032 0.132621720 -0.271871507 -0.166068017 0.938572764
1305031468.159864 -0.102054447 0.622126341 -0.558816195 0.133980587 -0.274167299 -0.168744296 0.937233627
1305031468.195985 -0.093553245 0.607559323 -0.543039739 0.133464679 -0.276238739 -0.172528192 0.936009288
1305031468.228158 -0.086763650 0.584609509 -0.528001487 0.129260719 -0.277355433 -0.172456399 0.936282218
1305031468.259754 -0.077610344 0.565333903 -0.512635708 0.128172711 -0.277686089 -0.171491757 0.936510980
1305031468.295830 -0.073467880 0.543788016 -0.504027009 0.125066057 -0.275111765 -0.171567008 0.937676251
1305031468.327847 -0.061943635 0.514434695 -0.490665376 0.123598263 -0.276098490 -0.170853108 0.937711239
1305031468.359787 -0.055397481 0.501165628 -0.484312773 0.126722455 -0.273666590 -0.165999368 0.938878179
1305031468.395860 -0.048365325 0.486409485 -0.477550089 0.124019884 -0.273237228 -0.166096285 0.939346850
1305031468.428025 -0.046218619 0.460238576 -0.470530689 0.117150508 -0.273590147 -0.165930271 0.940154970
1305031468.459759 -0.042448953 0.439062357 -0.464891911 0.114533745 -0.274452835 -0.164436936 0.940488279
1305031468.495809 -0.037285566 0.419532239 -0.461115539 0.111065090 -0.273357719 -0.165672868 0.941006184
1305031468.527756 -0.041799575 0.392963469 -0.458654225 0.108092375 -0.270502269 -0.171239138 0.941181064
1305031468.559739 -0.044802934 0.371371627 -0.456590921 0.113694929 -0.270036668 -0.179632649 0.939087749
1305031468.595768 -0.048912168 0.362673759 -0.456919909 0.117510371 -0.269384146 -0.185797706 0.937604785
1305031468.627626 -0.052298710 0.345536798 -0.455067366 0.111371182 -0.270350099 -0.188023567 0.937632322
1305031468.659579 -0.060758039 0.316365004 -0.459415108 0.106435798 -0.272617131 -0.190700591 0.937008321
1305031468.695835 -0.071640432 0.292481184 -0.458475113 0.107821517 -0.277880698 -0.194102600 0.934602082
1305031468.727785 -0.074391678 0.279398084 -0.456730753 0.112266742 -0.284112364 -0.195687115 0.931870639
1305031468.759628 -0.076693565 0.263219029 -0.454600811 0.112423964 -0.288822532 -0.195795551 0.930379748
1305031468.795796 -0.088229269 0.241423413 -0.454191893 0.114600807 -0.289651185 -0.201112121 0.928721011
1305031468.829247 -0.091784403 0.228029147 -0.454095244 0.122942932 -0.291271091 -0.206877947 0.925876737
1305031468.859659 -0.087552905 0.221862942 -0.447209001 0.126339823 -0.292360067 -0.210068852 0.924356520
1305031468.895873 -0.091416597 0.211106792 -0.443838835 0.124028698 -0.287337959 -0.211554080 0.925904274
1305031468.928141 -0.095362037 0.201628715 -0.444090724 0.119490601 -0.281310976 -0.208333269 0.929076612
1305031468.959594 -0.100363657 0.201479688 -0.439178973 0.115103714 -0.275899917 -0.206407800 0.931679249
1305031468.995711 -0.100388631 0.211409315 -0.434327841 0.104240619 -0.272997558 -0.209615380 0.933095694
1305031469.027699 -0.112333059 0.196295157 -0.429889679 0.083794348 -0.268226027 -0.218716025 0.934449911
1305031469.059832 -0.119598106 0.183697373 -0.426605850 0.069801487 -0.266449511 -0.226375043 0.934284091
1305031469.095723 -0.112676337 0.181796104 -0.412878454 0.060544845 -0.268188477 -0.235831678 0.932090521
1305031469.127679 -0.114264891 0.166499034 -0.401224881 0.046645362 -0.262635887 -0.247392699 0.931473792
1305031469.159703 -0.120631441 0.157774255 -0.392938286 0.036192134 -0.252553821 -0.255157262 0.932631493
1305031469.195540 -0.128537819 0.147472531 -0.382689178 0.027411591 -0.243022040 -0.261066556 0.933827162
1305031469.227754 -0.143692315 0.143358171 -0.376681745 0.022347260 -0.233906358 -0.265966952 0.934906423
1305031469.259586 -0.143834114 0.143467337 -0.363747090 0.018355260 -0.232550770 -0.268826991 0.934513390
1305031469.296754 -0.151575029 0.142353863 -0.352726579 0.013851883 -0.226832479 -0.271948934 0.935092986
1305031469.327618 -0.154674307 0.145436838 -0.342109501 0.009589197 -0.223869026 -0.273799360 0.935320556
1305031469.359592 -0.149339557 0.135658652 -0.325649291 0.000666842 -0.221833751 -0.279007584 0.934314787
1305031469.395695 -0.152911842 0.126507699 -0.315154672 -0.003107219 -0.211124033 -0.285228789 0.934912562
1305031469.427651 -0.160783470 0.136172473 -0.306081057 -0.000045472 -0.197193205 -0.290569127 0.936314285
1305031469.459668 -0.167120218 0.141668409 -0.294069558 0.000131630 -0.186572105 -0.297536969 0.936302602
1305031469.495744 -0.177731425 0.152599752 -0.280767620 0.001221244 -0.179433793 -0.300070643 0.936888278
1305031469.527622 -0.180628613 0.165915534 -0.267401218 -0.000036998 -0.179728687 -0.299825221 0.936911106
1305031469.559645 -0.180542186 0.168064013 -0.253981382 -0.008263178 -0.181838572 -0.300456792 0.936264992
1305031469.595755 -0.186756045 0.181790948 -0.240550771 -0.013936710 -0.180540890 -0.299542516 0.936741710
1305031469.627752 -0.182871222 0.186413392 -0.225868374 -0.024275349 -0.181552500 -0.299503446 0.936347723
1305031469.659590 -0.189491093 0.187713832 -0.213053346 -0.033103421 -0.177202433 -0.299714744 0.936842859
1305031469.695613 -0.199502349 0.200800031 -0.200754136 -0.036671989 -0.170257986 -0.300698906 0.937682033
1305031469.727679 -0.205380484 0.209360808 -0.188361883 -0.042738710 -0.165183663 -0.300191075 0.938495100
1305031469.759599 -0.208243623 0.220433518 -0.177168906 -0.049286924 -0.161796361 -0.296361506 0.939980090
1305031469.795621 -0.213453308 0.240560442 -0.165039003 -0.053075276 -0.160539851 -0.290661424 0.941767454
1305031469.827526 -0.218218625 0.249407634 -0.156271100 -0.059801400 -0.162822619 -0.289360434 0.941372991
1305031469.859574 -0.228646025 0.268181354 -0.148586780 -0.065073855 -0.162412152 -0.285796106 0.942182720
1305031469.895755 -0.236924663 0.284346074 -0.138360545 -0.069755338 -0.163367763 -0.283085376 0.942500830
1305031469.927854 -0.242075369 0.303337187 -0.130680442 -0.070553549 -0.165907174 -0.278810143 0.943271935
1305031469.959805 -0.249903306 0.315040559 -0.126027599 -0.073301896 -0.169786707 -0.276986152 0.942909300
1305031469.995551 -0.265538037 0.332337767 -0.122888990 -0.074806057 -0.167982295 -0.274675816 0.943789780
1305031470.027694 -0.277493447 0.347429007 -0.120452136 -0.077550888 -0.169120923 -0.273971349 0.943569660
1305031470.059638 -0.290236205 0.364092559 -0.117843181 -0.078645855 -0.168236047 -0.273529112 0.943765461
1305031470.095944 -0.301434010 0.378464639 -0.118507564 -0.080000073 -0.167372346 -0.271723002 0.944326818
1305031470.127633 -0.312802970 0.390702337 -0.117661759 -0.085494742 -0.167405143 -0.269525886 0.944469154
1305031470.159626 -0.324698925 0.408536077 -0.118324779 -0.086940542 -0.167327240 -0.265676081 0.945441246
1305031470.196092 -0.338566929 0.420910388 -0.119464748 -0.090189390 -0.167810932 -0.263645977 0.945619464
1305031470.227618 -0.351441562 0.435153425 -0.123819634 -0.093680926 -0.166168526 -0.259560764 0.946699560
1305031470.259965 -0.360592008 0.442921311 -0.125684738 -0.100244887 -0.167336076 -0.258778185 0.946035624
1305031470.295718 -0.375809282 0.459421098 -0.129344612 -0.104281731 -0.163343921 -0.256156206 0.947010040
1305031470.327644 -0.388868481 0.472470552 -0.130569488 -0.110755831 -0.162294328 -0.252378881 0.947469592
1305031470.359624 -0.401447266 0.485233009 -0.134039491 -0.115844436 -0.163012594 -0.247924045 0.947913826
1305031470.395823 -0.414337218 0.497904241 -0.137518987 -0.118607901 -0.162982464 -0.244753405 0.948401093
1305031470.427641 -0.426904261 0.508412063 -0.140528500 -0.119520754 -0.164667457 -0.245962918 0.947682261
1305031470.459721 -0.440576822 0.518625855 -0.144287750 -0.118577667 -0.165069431 -0.245142981 0.947943211
1305031470.495686 -0.452293903 0.524264634 -0.148005217 -0.119539395 -0.167213455 -0.245091930 0.947459757
1305031470.527689 -0.465314746 0.532229364 -0.152743503 -0.119465776 -0.166864514 -0.244832009 0.947597742
1305031470.559677 -0.477871120 0.540116727 -0.155686721 -0.120537721 -0.165165171 -0.244097993 0.947948992
1305031470.595760 -0.490895599 0.547770679 -0.157247990 -0.121369250 -0.163404882 -0.241050720 0.948927224
1305031470.627729 -0.501337647 0.553346395 -0.159836218 -0.124663435 -0.162696496 -0.237470284 0.949524462
1305031470.659690 -0.512476921 0.559754968 -0.161768258 -0.126402169 -0.161782026 -0.232764006 0.950615585
1305031470.695630 -0.524209857 0.567226171 -0.163504392 -0.128339529 -0.160996273 -0.229689926 0.951236963
1305031470.727654 -0.535776258 0.571562052 -0.164284751 -0.128865615 -0.160573915 -0.227488160 0.951766133
1305031470.759682 -0.545477986 0.569474399 -0.167785481 -0.133828029 -0.156405956 -0.226599231 0.951987386
1305031470.795615 -0.555746913 0.578219175 -0.167295888 -0.133344546 -0.150638491 -0.220894814 0.954323232
1305031470.827831 -0.565040767 0.584275186 -0.167993173 -0.128325477 -0.149616957 -0.215307608 0.956446528
1305031470.859645 -0.575515151 0.586306393 -0.169437706 -0.124207854 -0.149383456 -0.211534888 0.957867384
1305031470.895722 -0.582613587 0.587029397 -0.172217444 -0.121257335 -0.151644319 -0.205887824 0.959119856
1305031470.927684 -0.591099143 0.587641358 -0.174503222 -0.118085332 -0.154889286 -0.201988429 0.959825933
1305031470.959647 -0.604393959 0.588320196 -0.177706480 -0.108259000 -0.155570894 -0.199443221 0.961405277
1305031470.995996 -0.613687754 0.584730089 -0.182235852 -0.103565671 -0.155775428 -0.197613910 0.962266564
1305031471.027644 -0.622420609 0.578136981 -0.185532570 -0.099410467 -0.154636294 -0.196501210 0.963115990
1305031471.059636 -0.632589936 0.571412206 -0.189631879 -0.095132671 -0.151128456 -0.191596672 0.965091050
1305031471.095777 -0.641117156 0.570864618 -0.194364309 -0.088411301 -0.149477050 -0.184002966 0.967462122
1305031471.127663 -0.647325814 0.568574429 -0.197631240 -0.083722882 -0.151141584 -0.176029980 0.969102800
1305031471.159649 -0.655949950 0.568329990 -0.201505154 -0.078520179 -0.148508251 -0.170009255 0.971018434
1305031471.195703 -0.661109149 0.570761979 -0.204205126 -0.074384674 -0.145952061 -0.163642868 0.972823679
1305031471.227569 -0.669260263 0.571541548 -0.206645936 -0.073891699 -0.141433939 -0.158844456 0.974322796
1305031471.259722 -0.677237451 0.568591177 -0.208222136 -0.076302961 -0.138649553 -0.156010583 0.974994779
1305031471.296068 -0.683701873 0.563245654 -0.209280148 -0.078390770 -0.136385962 -0.151598439 0.975844085
1305031471.327642 -0.685830176 0.563477337 -0.210985824 -0.073894657 -0.133663759 -0.148444489 0.977055669
1305031471.359615 -0.688977659 0.562890470 -0.214211971 -0.073515646 -0.126227275 -0.145787686 0.978472292
1305031471.395730 -0.697598875 0.560818732 -0.214942366 -0.073370300 -0.117148317 -0.140672475 0.980359316
1305031471.427704 -0.703823566 0.563590944 -0.217779413 -0.067342229 -0.113626480 -0.133205533 0.982247531
1305031471.459647 -0.706998944 0.564171076 -0.221881270 -0.066570006 -0.114591256 -0.127615675 0.982930064
1305031471.496491 -0.711795270 0.562017143 -0.224158183 -0.069114856 -0.113615885 -0.123788215 0.983357012
1305031471.527624 -0.716806233 0.560596287 -0.227852151 -0.070250824 -0.111978412 -0.119338952 0.984014153
1305031471.559671 -0.718396306 0.560599506 -0.230673179 -0.070642807 -0.110983476 -0.117474772 0.984323084
1305031471.595702 -0.720863223 0.557438910 -0.233699933 -0.072871186 -0.106716156 -0.115392640 0.984878659
1305031471.627621 -0.723356605 0.557702720 -0.236996561 -0.071991839 -0.101917200 -0.113846563 0.985631287
1305031471.659642 -0.729009330 0.556702018 -0.240158662 -0.071086131 -0.094462477 -0.111432798 0.986714900
1305031471.695609 -0.730106473 0.559839487 -0.244194448 -0.067539573 -0.090782352 -0.105322018 0.987979829
1305031471.727501 -0.729896307 0.564161122 -0.247362942 -0.065957509 -0.088258915 -0.100761108 0.988790751
1305031471.759702 -0.730108500 0.560321569 -0.247989506 -0.070089027 -0.084433608 -0.095471747 0.989365280
1305031471.795801 -0.731369138 0.565659702 -0.251438588 -0.066514261 -0.077176303 -0.086285703 0.991047144
1305031471.827639 -0.733676374 0.572038412 -0.252834260 -0.067492977 -0.071616746 -0.078970991 0.992007732
1305031471.859665 -0.736983955 0.569182575 -0.252830148 -0.074499942 -0.067359023 -0.073326893 0.992237687
1305031471.895604 -0.738986433 0.575709105 -0.253463745 -0.075325020 -0.062617481 -0.066581205 0.992961287
1305031471.927651 -0.739331305 0.577382565 -0.253641069 -0.081326611 -0.058726516 -0.062558271 0.992987216
1305031471.959643 -0.743576765 0.572119296 -0.253964007 -0.087034889 -0.050614152 -0.062305428 0.992965817
1305031471.995573 -0.747449040 0.582467139 -0.258082569 -0.081966355 -0.041858993 -0.057419166 0.994098783
1305031472.027638 -0.750310898 0.584955990 -0.257225126 -0.089819342 -0.036721498 -0.054122917 0.993808210
1305031472.059668 -0.757453740 0.580103278 -0.255833209 -0.096627980 -0.029701049 -0.052365500 0.993498206
1305031472.095601 -0.760828435 0.589583993 -0.256876647 -0.091437973 -0.024603488 -0.045784865 0.994453371
1305031472.127594 -0.766114533 0.593431592 -0.256600618 -0.096416570 -0.020889591 -0.042484250 0.994214535
1305031472.159645 -0.771355867 0.589171350 -0.253506869 -0.102790222 -0.019259142 -0.041348472 0.993656695
1305031472.195682 -0.778023183 0.583861828 -0.254093796 -0.103283234 -0.015688503 -0.037347272 0.993826747
1305031472.227626 -0.778482974 0.592232585 -0.254218012 -0.095683739 -0.016165130 -0.033422183 0.994719148
1305031472.263840 -0.780892253 0.585047543 -0.253761053 -0.098087311 -0.014647285 -0.033035044 0.994521499
1305031472.295671 -0.782664001 0.584967196 -0.254730016 -0.090628535 -0.012550552 -0.030718964 0.995331764
1305031472.327678 -0.784655154 0.592084467 -0.256534934 -0.080710843 -0.010866499 -0.028389560 0.996273935
1305031472.363577 -0.785346866 0.593137085 -0.258185565 -0.079809867 -0.011206814 -0.027062001 0.996379673
1305031472.395599 -0.789381742 0.586977839 -0.257934630 -0.083146013 -0.011392953 -0.025288977 0.996151268
1305031472.427686 -0.788050234 0.581881821 -0.258806646 -0.083534479 -0.015626747 -0.025136517 0.996065259
1305031472.463603 -0.787193179 0.580428839 -0.258857071 -0.081459828 -0.017538378 -0.025918409 0.996185184
1305031472.495626 -0.785113037 0.579791129 -0.259617418 -0.080894291 -0.016796557 -0.026690215 0.996223688
1305031472.527625 -0.786707878 0.570676148 -0.258542836 -0.084692992 -0.013680566 -0.026117962 0.995970786
1305031472.563587 -0.787536025 0.567333221 -0.257604688 -0.079644553 -0.013593789 -0.024180150 0.996437311
1305031472.595675 -0.786349654 0.570009947 -0.259677589 -0.072724141 -0.014867296 -0.021728715 0.997004509
1305031472.627701 -0.783117414 0.565193236 -0.259575456 -0.074462838 -0.017153133 -0.019691678 0.996881783
1305031472.663575 -0.780859649 0.560160339 -0.258911788 -0.075293116 -0.018562157 -0.018428560 0.996818304
1305031472.695755 -0.780129313 0.556126356 -0.258151174 -0.074117251 -0.018871987 -0.017386189 0.996919334
1305031472.727628 -0.777917743 0.551618516 -0.257986486 -0.072973117 -0.020347469 -0.017470533 0.996973276
1305031472.763578 -0.776652277 0.550520062 -0.256199539 -0.070165381 -0.020073049 -0.019018553 0.997152030
1305031472.795640 -0.775045693 0.546147764 -0.254443884 -0.069584079 -0.019551201 -0.020409225 0.997175634
1305031472.827627 -0.773642242 0.546625793 -0.253311932 -0.065065056 -0.019158062 -0.020123214 0.997494102
1305031472.863598 -0.774794936 0.544549108 -0.252030730 -0.063693218 -0.018574543 -0.018752065 0.997620404
1305031472.895713 -0.773933768 0.545521080 -0.251813352 -0.062305298 -0.020246793 -0.015867196 0.997725546
1305031472.927685 -0.771698236 0.543050885 -0.250225008 -0.063338526 -0.022381222 -0.014518189 0.997635424
1305031472.963756 -0.772131145 0.541340172 -0.248745039 -0.063722029 -0.021725986 -0.013772560 0.997636139
1305031472.995704 -0.772939801 0.539914548 -0.248298913 -0.065234266 -0.022107739 -0.012862037 0.997542143
1305031473.027638 -0.772787571 0.542160153 -0.246945590 -0.063902579 -0.023476595 -0.012774372 0.997598171
1305031473.063684 -0.771885395 0.539364398 -0.245307475 -0.066013262 -0.024553619 -0.013906210 0.997419655
1305031473.095695 -0.769746423 0.538554549 -0.245819405 -0.065794498 -0.024770716 -0.015670406 0.997402608
1305031473.127744 -0.771956146 0.536844373 -0.245105714 -0.066696331 -0.022453066 -0.016905347 0.997377396
1305031473.167060 -0.772856832 0.535016477 -0.244725391 -0.066445537 -0.022715118 -0.017499546 0.997377932
1305031473.196069 -0.773464799 0.533561707 -0.245136559 -0.065990515 -0.022868836 -0.017993053 0.997395873
