1305031453.359684 0.000000000 0.000000000 0.000000000 0.000000000 0.000000000 0.000000000 1.000000000
1305031453.391690 0.001957433 0.004507299 -0.009480333 -0.000575732 0.006279682 0.012081592 0.999907136
1305031453.423683 0.007434391 0.006575460 -0.017867537 0.000384768 0.009771512 0.021382771 0.999723554
1305031453.459685 0.011493623 0.010471690 -0.027317012 0.003994012 0.016133741 0.030007983 0.999411464
1305031453.491698 0.016354172 0.015509869 -0.038453776 0.008346421 0.021800093 0.040382449 0.998911560
1305031453.523684 0.017486192 0.021447230 -0.050972927 0.015344227 0.026396144 0.049542710 0.998305202
1305031453.559753 0.015378429 0.029053900 -0.066074967 0.023375336 0.030334324 0.056403290 0.997673333
1305031453.591640 0.012688536 0.034227736 -0.081186019 0.030193895 0.034217462 0.060226619 0.997141063
1305031453.627706 0.003493889 0.037320826 -0.098351002 0.035890434 0.037391476 0.063459702 0.996637642
1305031453.659600 -0.008859534 0.046836428 -0.113239303 0.044658113 0.036574557 0.061742391 0.996421516
1305031453.691678 -0.017483450 0.055664442 -0.128505588 0.051477127 0.032564230 0.056439713 0.996546149
1305031453.727652 -0.026424482 0.064426422 -0.144169211 0.055943925 0.028229577 0.051535323 0.996703327
1305031453.759694 -0.045099813 0.071954638 -0.154268086 0.061023086 0.023315942 0.044503365 0.996871114
1305031453.791716 -0.043362230 0.083340168 -0.169414788 0.066376962 0.010904987 0.036378726 0.997071564
1305031453.827773 -0.057755288 0.088381648 -0.180957109 0.068337291 0.005546066 0.030594606 0.997177601
1305031453.859705 -0.088546954 0.103287071 -0.189132780 0.072760679 -0.000748983 0.021497818 0.997117460
1305031453.891710 -0.102698043 0.111432455 -0.199341536 0.072830476 -0.014951472 0.013903748 0.997135341
1305031453.927723 -0.111114204 0.117563583 -0.199794859 0.070676602 -0.035454255 0.008932629 0.996828973
1305031453.959641 -0.115777098 0.120701164 -0.209859684 0.067855328 -0.053077351 0.001375183 0.996281385
1305031453.991624 -0.125588387 0.120403357 -0.213889822 0.065240324 -0.064706847 -0.010144105 0.995717764
1305031454.027662 -0.134292871 0.119075388 -0.221528322 0.066065624 -0.077892490 -0.019616919 0.994576931
1305031454.059654 -0.149747029 0.127668798 -0.225473240 0.068344668 -0.087703429 -0.031440776 0.993301868
1305031454.091651 -0.165695280 0.126678199 -0.230550110 0.067512222 -0.097605139 -0.045904562 0.991870999
1305031454.127701 -0.180058047 0.128155798 -0.234526426 0.070392989 -0.110607199 -0.060583100 0.989515305
1305031454.159672 -0.201262459 0.139197066 -0.230652571 0.073313221 -0.122620270 -0.072865747 0.987056255
1305031454.191658 -0.213226318 0.142459661 -0.236655250 0.071291745 -0.137893796 -0.087531693 0.983992398
1305031454.227671 -0.224669069 0.130716056 -0.243785962 0.068551280 -0.154475898 -0.104494736 0.980060577
1305031454.259627 -0.227564529 0.135623425 -0.242916659 0.074949093 -0.168593034 -0.121167168 0.975334585
1305031454.291639 -0.235095888 0.144250348 -0.244561508 0.074974701 -0.176038519 -0.132508472 0.972538292
1305031454.327699 -0.256291956 0.137044996 -0.246464327 0.073169060 -0.183198512 -0.149260938 0.968919873
1305031454.359636 -0.263248056 0.144223139 -0.250584543 0.080258109 -0.193075269 -0.164015800 0.964043260
1305031454.391677 -0.270027518 0.150921598 -0.252122819 0.082483739 -0.201200157 -0.176776826 0.959929645
1305031454.427465 -0.283421159 0.154788256 -0.254623353 0.083892450 -0.212009758 -0.192273736 0.954486609
1305031454.459913 -0.281412154 0.158176169 -0.251729041 0.086667806 -0.223886952 -0.207075775 0.948410749
1305031454.491617 -0.285771459 0.164010212 -0.254301995 0.088939227 -0.228563875 -0.222515270 0.943575799
1305031454.527700 -0.289844513 0.173568979 -0.256274402 0.089249313 -0.233730629 -0.238295406 0.938413501
1305031454.559575 -0.296473235 0.186683670 -0.260267079 0.088504218 -0.238096386 -0.250737816 0.934134722
1305031454.591635 -0.304891467 0.193788320 -0.262510717 0.085985921 -0.246821538 -0.268023759 0.927280307
1305031454.627580 -0.302588671 0.194281891 -0.267833173 0.083014727 -0.260670453 -0.282107830 0.919551313
1305031454.659528 -0.303485721 0.209753230 -0.268099219 0.080027863 -0.272520989 -0.288844585 0.914273858
1305031454.691884 -0.305316150 0.216143280 -0.267936319 0.073278591 -0.286041290 -0.296153098 0.908352315
1305031454.727659 -0.298841327 0.221774131 -0.263379037 0.069013797 -0.301445127 -0.298425555 0.902945220
1305031454.759732 -0.291087985 0.224531069 -0.259709090 0.062138557 -0.309062570 -0.293500930 0.902483404
1305031454.791641 -0.287664413 0.230230436 -0.257057339 0.056906719 -0.312637806 -0.285835534 0.904056013
1305031454.827570 -0.276978135 0.238381878 -0.254684150 0.053180803 -0.315761536 -0.278996766 0.905332685
1305031454.859620 -0.275654942 0.247900978 -0.258146465 0.048684668 -0.310919285 -0.272272885 0.909299970
1305031454.891764 -0.269311219 0.255663067 -0.253563195 0.044555612 -0.308399498 -0.264112681 0.912769973
1305031454.927567 -0.267159879 0.265881896 -0.257690638 0.041687015 -0.301540583 -0.257692367 0.917022407
1305031454.959648 -0.269216329 0.273775250 -0.263474464 0.038186904 -0.294848740 -0.252614528 0.920756102
1305031454.991937 -0.273611844 0.280377209 -0.270183086 0.034548201 -0.289881855 -0.246261477 0.924191654
1305031455.027799 -0.275607109 0.296942741 -0.276777267 0.036175892 -0.287722945 -0.242777780 0.925724447
1305031455.059636 -0.279217720 0.302976638 -0.279812992 0.034364320 -0.284617007 -0.241062865 0.927200615
1305031455.091700 -0.284362793 0.315684497 -0.285519212 0.038458876 -0.279801100 -0.240464061 0.928659916
1305031455.127695 -0.289075792 0.327335060 -0.289174616 0.040304832 -0.275131464 -0.239076689 0.930333555
1305031455.159720 -0.298917711 0.333352536 -0.294722080 0.037423018 -0.270070970 -0.235390201 0.932873309
1305031455.191655 -0.310308337 0.343282312 -0.302382976 0.034397729 -0.264449745 -0.230154052 0.935901821
1305031455.227581 -0.323239058 0.359658211 -0.304573804 0.037399057 -0.259515643 -0.223084450 0.938875020
1305031455.259631 -0.330254912 0.374093950 -0.308445513 0.036141131 -0.254658669 -0.216065884 0.941890776
1305031455.291831 -0.343906224 0.377827913 -0.313844234 0.027137078 -0.247718856 -0.207556784 0.945948780
1305031455.327766 -0.357797563 0.390663892 -0.321754307 0.022981642 -0.243267819 -0.196668983 0.949533522
1305031455.359630 -0.362114131 0.398278803 -0.323844373 0.014151455 -0.242689699 -0.189462259 0.951317787
1305031455.391665 -0.375405341 0.399651527 -0.327559590 0.002988382 -0.234230205 -0.181594968 0.955065727
1305031455.427642 -0.390163571 0.402717531 -0.335578680 -0.004695404 -0.226030111 -0.172602609 0.958695292
1305031455.459589 -0.404469192 0.401307106 -0.343922108 -0.011286415 -0.221383855 -0.163813591 0.961263180
1305031455.491637 -0.417955399 0.407943398 -0.351222992 -0.014879080 -0.216685325 -0.152909219 0.964077175
1305031455.527610 -0.435858071 0.408164680 -0.359551907 -0.019826557 -0.211756036 -0.139917240 0.967051923
1305031455.559669 -0.455576032 0.408723325 -0.373844713 -0.023090657 -0.209307358 -0.126690447 0.969333172
1305031455.591645 -0.471417308 0.414136589 -0.383113593 -0.024866866 -0.209410638 -0.112621382 0.971002221
1305031455.627617 -0.489035279 0.409535706 -0.392048895 -0.031065233 -0.206252739 -0.100602902 0.972817421
1305031455.659615 -0.509903669 0.411862105 -0.400508285 -0.026490189 -0.202097759 -0.095013335 0.974385560
1305031455.691605 -0.526778519 0.413342178 -0.413149476 -0.022440035 -0.198820472 -0.095992886 0.975065231
1305031455.727628 -0.543908238 0.411054730 -0.425224453 -0.020478390 -0.193867669 -0.101544261 0.975543320
1305031455.759683 -0.559284568 0.409279704 -0.438317418 -0.019196510 -0.187244713 -0.104582377 0.976541579
1305031455.791666 -0.578064084 0.399987727 -0.450277388 -0.019394068 -0.180428714 -0.104007326 0.977881312
1305031455.827590 -0.594020963 0.399228930 -0.465348065 -0.016172769 -0.175869659 -0.103416719 0.978832603
1305031455.859526 -0.608332157 0.394179016 -0.477716714 -0.016703757 -0.173350185 -0.104924247 0.979112685
1305031455.891657 -0.621666610 0.390060008 -0.488546073 -0.016768619 -0.169604093 -0.105558701 0.979699254
1305031455.927955 -0.633886874 0.383997768 -0.499702930 -0.018361246 -0.165253133 -0.106135406 0.980351746
1305031455.959716 -0.645138919 0.383438200 -0.511139214 -0.017217681 -0.160848945 -0.108694859 0.980824411
1305031455.991694 -0.656650782 0.385721326 -0.517385960 -0.017255643 -0.155533001 -0.111117616 0.981409550
1305031456.027770 -0.664701581 0.393013358 -0.524620891 -0.019094106 -0.149392784 -0.114622921 0.981926084
1305031456.059713 -0.680986285 0.384096384 -0.532969952 -0.029879510 -0.141838372 -0.122841358 0.981783628
1305031456.091707 -0.694923043 0.372066379 -0.538341224 -0.037547462 -0.136624053 -0.128257900 0.981567085
1305031456.127645 -0.709368110 0.365198046 -0.544271886 -0.039620727 -0.130527198 -0.129866153 0.982103646
1305031456.159731 -0.718847752 0.351270974 -0.546550333 -0.043338988 -0.125206098 -0.130469501 0.982559323
1305031456.191658 -0.726838112 0.337714076 -0.546774626 -0.041131824 -0.118361443 -0.127387762 0.983906031
1305031456.227678 -0.736101091 0.348178029 -0.552045584 -0.033559825 -0.107368834 -0.124341808 0.985842168
1305031456.291675 -0.766674221 0.329304725 -0.550169110 -0.035086624 -0.081965879 -0.118374333 0.988958061
1305031456.327718 -0.777186692 0.321953505 -0.547758162 -0.031634204 -0.071662687 -0.111943081 0.990622282
1305031456.391619 -0.799080133 0.316143036 -0.540199697 -0.027088432 -0.046923183 -0.102444477 0.993262112
1305031456.427662 -0.823237598 0.326559812 -0.536800146 -0.015936753 -0.031257913 -0.095798604 0.994782150
1305031456.491677 -0.859489918 0.339122474 -0.527695417 -0.019482037 -0.020935081 -0.083466835 0.996100128
1305031456.527641 -0.871291757 0.338444293 -0.514646590 -0.025871046 -0.022124536 -0.076073371 0.996520936
1305031456.591651 -0.893209159 0.342616856 -0.498604566 -0.026836611 -0.016627178 -0.065582253 0.997347593
1305031456.627612 -0.905330241 0.368651927 -0.489454359 -0.030540077 -0.009329217 -0.059403311 0.997723162
1305031456.691612 -0.942932963 0.343537986 -0.461196870 -0.049315471 0.005288760 -0.042634625 0.997858822
1305031456.727693 -0.961010814 0.361940742 -0.452688009 -0.049152873 0.009361614 -0.033014815 0.998201549
1305031456.791649 -0.989144087 0.351236463 -0.431872398 -0.054043412 -0.000415104 -0.018695166 0.998363495
1305031456.827603 -0.997571707 0.370687068 -0.422907621 -0.050453048 -0.002792259 -0.010638376 0.998665869
1305031456.891672 -1.010877252 0.356672972 -0.396405995 -0.064810589 -0.002376028 0.000491230 0.997894645
1305031456.927690 -1.022704482 0.364968121 -0.388093412 -0.057711158 0.004151727 0.006665946 0.998302400
1305031456.959667 -1.039093375 0.381648153 -0.384275228 -0.055273034 0.012650112 0.011549952 0.998324335
1305031456.991709 -1.049097180 0.375744939 -0.374042690 -0.066019751 0.016747179 0.014331028 0.997574806
1305031457.027648 -1.061800718 0.377794504 -0.368334115 -0.066860050 0.021656657 0.018010689 0.997364700
1305031457.091655 -1.082096100 0.384142965 -0.363952249 -0.077925637 0.031200377 0.028780654 0.996055126
1305031457.127632 -1.095381856 0.374418616 -0.360815465 -0.083550744 0.038961761 0.032119464 0.995223403
1305031457.191735 -1.125370502 0.377782881 -0.367643297 -0.079530269 0.057129432 0.045241937 0.994165182
1305031457.227543 -1.138848066 0.372764051 -0.370136201 -0.084542200 0.064044952 0.051347114 0.993032873
1305031457.291656 -1.165808082 0.360876262 -0.380728543 -0.076607198 0.080586404 0.063586727 0.991762996
1305031457.327548 -1.182596803 0.365686685 -0.391224921 -0.071481377 0.091550440 0.068276823 0.990882039
1305031457.391684 -1.213544607 0.349209338 -0.405456841 -0.069068931 0.115153104 0.081718333 0.987568438
1305031457.427641 -1.235838890 0.347203612 -0.413335532 -0.065872096 0.125389636 0.088909246 0.985917568
1305031457.491705 -1.270824313 0.335455239 -0.426639587 -0.063639164 0.133495733 0.096824765 0.984252930
1305031457.527638 -1.284327269 0.327778786 -0.435874224 -0.060266316 0.137082055 0.099511169 0.983704209
1305031457.559685 -1.300396562 0.323104829 -0.443980515 -0.056310289 0.142921582 0.103172913 0.982729852
1305031457.591678 -1.320054293 0.321102768 -0.451499969 -0.052573539 0.148850366 0.106687471 0.981680870
1305031457.627526 -1.333456635 0.309803635 -0.456995934 -0.053429049 0.150565028 0.109793074 0.981030524
1305031457.659632 -1.354236841 0.313384503 -0.464161068 -0.047654692 0.154955253 0.113322176 0.980242789
1305031457.691570 -1.368008971 0.307070941 -0.468538404 -0.052817199 0.155292973 0.116130404 0.979595959
1305031457.727669 -1.378849030 0.286961317 -0.471236348 -0.058097392 0.156407073 0.115462914 0.979198575
1305031457.759556 -1.392706394 0.276004016 -0.475198507 -0.056015227 0.159247950 0.113774382 0.979059637
1305031457.791567 -1.399750829 0.251104414 -0.477960974 -0.054293480 0.163197026 0.112651244 0.978636086
1305031457.827699 -1.416495919 0.256220162 -0.489287049 -0.040620912 0.171502694 0.112812571 0.977859974
1305031457.859623 -1.429249406 0.247116238 -0.491795331 -0.038835552 0.179546565 0.112882107 0.976479650
1305031457.891593 -1.444280148 0.223744944 -0.489858598 -0.035459314 0.188021794 0.112562358 0.975048780
1305031457.927633 -1.470810175 0.224153191 -0.489693463 -0.019298835 0.196689248 0.115465067 0.973451972
1305031457.991644 -1.494291902 0.207695544 -0.488038540 -0.008844455 0.198650956 0.118839547 0.972798407
1305031458.027845 -1.501564980 0.196279213 -0.485095829 -0.000625629 0.201108322 0.119973376 0.972194135
1305031458.059689 -1.522549033 0.199303418 -0.482597083 0.009278702 0.208679080 0.122802816 0.970199168
1305031458.091690 -1.537720442 0.198036432 -0.474249214 0.009728014 0.213585973 0.124422193 0.968919754
1305031458.127605 -1.552965760 0.187043309 -0.461584330 0.007282399 0.218969628 0.124994509 0.967665017
1305031458.159638 -1.570335269 0.176842749 -0.446382105 0.008054441 0.223559916 0.126160488 0.966457248
1305031458.191646 -1.590975046 0.179181650 -0.433168113 0.010148038 0.225724995 0.130936205 0.965298355
1305031458.227611 -1.608786345 0.171384126 -0.414501071 0.002185844 0.225650713 0.131490156 0.965291321
1305031458.259934 -1.617097139 0.140749007 -0.393631816 -0.005402907 0.224210590 0.129766122 0.965847373
1305031458.291664 -1.641530037 0.135973766 -0.381310999 0.003972944 0.223845884 0.129087225 0.966029882
1305031458.327628 -1.652878642 0.131264269 -0.366665781 0.006052257 0.218828321 0.131559372 0.966834843
1305031458.359590 -1.659482837 0.107065633 -0.345282614 0.009073511 0.215936214 0.132429138 0.967342615
1305031458.391626 -1.669831276 0.111126646 -0.334069371 0.023621239 0.213359237 0.135994241 0.967173934
1305031458.427598 -1.672359705 0.117240898 -0.317815065 0.034133799 0.212749377 0.142481908 0.966059804
1305031458.459637 -1.667592525 0.099793501 -0.302954137 0.042775091 0.216951534 0.150855616 0.963506579
1305031458.491696 -1.667862177 0.094581693 -0.281736016 0.063658655 0.227872655 0.147143632 0.960401177
1305031458.527737 -1.678289533 0.116093956 -0.261196136 0.085626684 0.238965333 0.143503100 0.956540883
1305031458.559628 -1.682657957 0.122048423 -0.240295470 0.093569368 0.248325601 0.140774339 0.953814328
1305031458.591641 -1.691832066 0.123669133 -0.214199722 0.103128478 0.256816864 0.132949501 0.951700568
1305031458.627659 -1.701776266 0.160731763 -0.184841871 0.114702605 0.258004129 0.128508210 0.950664401
1305031458.659623 -1.721940875 0.148521468 -0.171563208 0.103463151 0.258029163 0.128449485 0.951954305
1305031458.691674 -1.731021404 0.153076321 -0.144250453 0.098388433 0.246246248 0.119683288 0.956743658
1305031458.727650 -1.714711666 0.145601988 -0.127726138 0.094034389 0.228771195 0.113231808 0.962288857
1305031458.759945 -1.722481489 0.151467383 -0.107932568 0.100333683 0.216480717 0.101191565 0.965830982
1305031458.791632 -1.712049007 0.167653635 -0.094130754 0.101785712 0.197945580 0.091403626 0.970619678
1305031458.827564 -1.695247889 0.166826725 -0.081989765 0.095177166 0.184769452 0.091456659 0.973877430
1305031458.891665 -1.688114166 0.156434327 -0.073760927 0.097854897 0.180483118 0.081138954 0.975329041
1305031458.927621 -1.696336627 0.168907911 -0.059399307 0.101130724 0.188439369 0.085045360 0.973154902
1305031458.959617 -1.706757069 0.165672034 -0.042648733 0.096295245 0.197033077 0.098511145 0.970670223
1305031458.991647 -1.715496659 0.135207713 -0.031094193 0.091998719 0.203341901 0.103524223 0.969263136
1305031459.027665 -1.738222599 0.128681660 -0.012423217 0.102949224 0.205872998 0.100678660 0.967926443
1305031459.059631 -1.757729173 0.119469196 0.006197751 0.112198934 0.200658441 0.108214222 0.967180073
1305031459.127618 -1.801820517 0.092878699 0.036711812 0.135206297 0.168134868 0.122252606 0.968764246
1305031459.159639 -1.825690627 0.079559028 0.045111060 0.142491549 0.145586401 0.123950846 0.971152425
1305031459.191674 -1.831160069 0.082431257 0.040945530 0.148463860 0.125886708 0.131134674 0.972067237
1305031459.227607 -1.844643712 0.085784987 0.058997363 0.153350562 0.116756715 0.139982894 0.971213818
1305031459.259760 -1.840070844 0.095031321 0.075858325 0.156101704 0.111454740 0.148365989 0.970153391
1305031459.327632 -1.835504055 0.107029647 0.084396809 0.152987346 0.131284654 0.171862692 0.964273036
1305031459.359651 -1.844659686 0.111869246 0.095772207 0.158600688 0.154811293 0.192490771 0.955942750
1305031459.391667 -1.863423109 0.140846461 0.127264678 0.165591583 0.184375957 0.211676627 0.945398271
1305031459.427646 -1.856995821 0.150036886 0.143485367 0.157727316 0.211369023 0.247048751 0.932422757
1305031459.459679 -1.886542559 0.139958709 0.144235373 0.153989926 0.254690230 0.290128231 0.909530401
1305031459.527594 -1.924056768 0.158344418 0.174891233 0.146637663 0.297083348 0.346071631 0.877766073
1305031464.195585 -1.986401796 0.064690888 -0.215727389 -0.017183768 0.332676828 0.271356046 0.902993202
1305031464.327866 -1.952307463 0.077739879 -0.287431538 0.011554428 0.270170689 0.255452901 0.928233862
1305031464.359684 -1.938886642 0.073747195 -0.299726844 0.015586049 0.260523081 0.250907332 0.932164311
1305031464.395611 -1.932974696 0.062253259 -0.324547827 0.014936253 0.256447375 0.240687013 0.935992241
1305031464.427634 -1.920594335 0.064392537 -0.344238043 0.015140308 0.253786743 0.229827210 0.939437330
1305031464.459689 -1.913501382 0.063777372 -0.356153488 0.017458811 0.252798915 0.221243754 0.941721320
1305031464.495633 -1.906128168 0.061962098 -0.382107913 0.018491371 0.250018507 0.214608058 0.943976820
1305031464.527574 -1.903474450 0.062787235 -0.397076964 0.019373754 0.251545727 0.206290320 0.945406675
1305031464.559703 -1.886752367 0.060318783 -0.420391917 0.015677277 0.246693254 0.197730556 0.948577464
1305031464.595698 -1.846930385 0.043307342 -0.459161043 0.013037154 0.242573857 0.190001905 0.951255620
1305031464.627672 -1.834729910 0.032243855 -0.486885071 0.017935570 0.252411485 0.180866539 0.950396776
1305031464.659749 -1.822636843 0.014044277 -0.510933399 0.020111425 0.263466597 0.166482881 0.949981213
1305031464.695663 -1.807086587 0.003958892 -0.516534150 0.029845450 0.273570836 0.150535062 0.949530125
1305031464.727652 -1.831688881 0.021727704 -0.517399073 0.051634125 0.287946761 0.125466466 0.947986662
1305031464.759740 -1.835772038 0.033452868 -0.519019127 0.063395478 0.289902270 0.101686701 0.949524879
1305031464.796021 -1.834334135 0.014378175 -0.534430921 0.064653717 0.285641730 0.085198082 0.952349722
1305031464.827759 -1.841982365 0.002710685 -0.525294185 0.071422473 0.278944284 0.069799371 0.955100536
1305031464.859654 -1.825648189 0.034303993 -0.520750642 0.085446700 0.260280699 0.053062167 0.960279763
1305031464.895817 -1.810951471 0.026329592 -0.527175009 0.077401198 0.242579520 0.031511683 0.966525376
1305031464.927799 -1.785080791 0.014879093 -0.528193414 0.072577335 0.228436172 0.012707838 0.970766664
1305031464.959763 -1.768360257 -0.004249722 -0.527479529 0.069825053 0.222488284 -0.006363449 0.972410917
1305031464.995687 -1.741784215 0.001913249 -0.530865908 0.074919432 0.217688873 -0.025702797 0.972799063
1305031465.027823 -1.730268240 -0.001065433 -0.524324417 0.075032800 0.216839910 -0.047003325 0.972183764
1305031465.059749 -1.717607856 0.030067235 -0.503916085 0.085646003 0.210732147 -0.066545106 0.971508324
1305031465.095700 -1.694487810 0.070828229 -0.490590930 0.085720286 0.195812151 -0.080038704 0.973603308
1305031465.127664 -1.672036409 0.089788467 -0.481451839 0.069782108 0.181108668 -0.093990736 0.976471066
1305031465.159842 -1.639447331 0.082976058 -0.471742034 0.049929585 0.163713291 -0.098711170 0.980286241
1305031465.195564 -1.621580362 0.095056936 -0.456900001 0.039540704 0.152820021 -0.104580082 0.981909156
1305031465.227907 -1.611347437 0.109422415 -0.443379253 0.028700661 0.145506009 -0.110628881 0.982733667
1305031465.259807 -1.589742661 0.111825272 -0.432940274 0.016174577 0.134187505 -0.111845419 0.984491110
1305031465.295623 -1.567299008 0.121750057 -0.427805811 0.012908542 0.121878296 -0.099801518 0.987430334
1305031465.327674 -1.562473536 0.137570575 -0.416384250 0.008871390 0.113053098 -0.089853123 0.989477992
1305031465.359948 -1.548635125 0.141266659 -0.407809675 0.005129941 0.098271906 -0.077061050 0.992158234
1305031465.395586 -1.521227002 0.148899347 -0.407722175 0.008328672 0.078484133 -0.066385671 0.994667709
1305031465.427697 -1.484632015 0.159702882 -0.410236537 0.012840509 0.059156515 -0.055709053 0.996610343
1305031465.460125 -1.466594815 0.182411924 -0.406266838 0.020303834 0.049183417 -0.043408487 0.997639418
1305031465.495703 -1.438048959 0.202864543 -0.412445664 0.021502653 0.035252437 -0.031984538 0.998635054
1305031465.527622 -1.411084056 0.200618714 -0.414634824 0.017828118 0.022611836 -0.028906947 0.999167264
1305031465.559812 -1.379533172 0.212813035 -0.420511782 0.025060400 0.009681077 -0.021480707 0.999408245
1305031465.595599 -1.352998614 0.229658902 -0.427126765 0.031828951 0.002760665 -0.012954644 0.999405563
1305031465.627688 -1.336561203 0.247085750 -0.434506804 0.038137630 -0.001724113 -0.003749758 0.999264002
1305031465.660060 -1.317933917 0.262436509 -0.439052820 0.043489829 -0.011890997 0.004559789 0.998972714
1305031465.695668 -1.283438802 0.279305965 -0.445980787 0.050524950 -0.024155958 0.012093018 0.998357356
1305031465.727682 -1.261371136 0.297413737 -0.450695276 0.058794476 -0.028492035 0.020669131 0.997649312
1305031465.759766 -1.234214544 0.322808594 -0.455289185 0.068275847 -0.035539743 0.030317498 0.996572196
1305031465.795937 -1.208396554 0.342359602 -0.460292190 0.074491240 -0.040683147 0.036775228 0.995712578
1305031465.827996 -1.185688496 0.357004702 -0.462622792 0.083004743 -0.044981051 0.041324440 0.994675398
1305031465.859861 -1.157512784 0.387673259 -0.467136115 0.096845731 -0.049605083 0.046677850 0.992965937
1305031465.895494 -1.134922624 0.409829617 -0.474119037 0.099516183 -0.046409544 0.051143251 0.992636442
1305031465.927495 -1.105259061 0.424535453 -0.473642588 0.104205742 -0.042249519 0.053692963 0.992206216
1305031465.959710 -1.087463498 0.447235435 -0.481974959 0.115791164 -0.033892207 0.052759528 0.991292119
1305031465.995753 -1.070873141 0.475375116 -0.479333580 0.124960519 -0.028925972 0.048916049 0.990532875
1305031466.027644 -1.055437684 0.500965059 -0.483400404 0.131995425 -0.027312072 0.047336731 0.989742637
1305031466.059757 -1.040960073 0.530624270 -0.487638354 0.132489651 -0.026885627 0.050092265 0.989552677
1305031466.095840 -1.027784109 0.550585151 -0.496425003 0.128232777 -0.028873930 0.050989483 0.990011513
1305031466.127640 -1.016518235 0.571588218 -0.500729501 0.124310486 -0.033535883 0.048885010 0.990470827
1305031466.160428 -1.005887151 0.587882042 -0.511972547 0.118881181 -0.038548395 0.051393740 0.990827918
1305031466.195833 -0.998252511 0.608434141 -0.522748530 0.112356074 -0.046910785 0.051757257 0.991209686
1305031466.227951 -0.971619785 0.617091119 -0.531153619 0.100063436 -0.060986858 0.046945162 0.992000043
1305031466.259815 -0.948070705 0.619295657 -0.538692534 0.095728666 -0.066140957 0.040268023 0.992390990
1305031466.295737 -0.929527223 0.634042978 -0.553969383 0.099310838 -0.061653592 0.028318664 0.992740750
1305031466.327702 -0.910193205 0.648892641 -0.567143679 0.100007914 -0.053841993 0.020101858 0.993325412
1305031466.359829 -0.901013196 0.659182489 -0.580325663 0.094694965 -0.043507952 0.013175126 0.994467854
1305031466.395784 -0.884663522 0.650875986 -0.592946589 0.089907162 -0.041672137 0.010195914 0.995025754
1305031466.427819 -0.873686910 0.668181002 -0.603216708 0.098774247 -0.043331131 0.005569467 0.994150400
1305031466.459790 -0.859627843 0.681989372 -0.615446985 0.098798491 -0.048142470 0.001776018 0.993940651
1305031466.495809 -0.836637020 0.689446330 -0.620898604 0.094492249 -0.054321058 0.000498035 0.994042337
1305031466.527538 -0.812315464 0.695573390 -0.631088257 0.092214100 -0.054630455 0.001528328 0.994238257
1305031466.560353 -0.793567061 0.710663319 -0.638268590 0.091525130 -0.051484395 0.000961532 0.994470477
1305031466.595936 -0.774420083 0.725090504 -0.640504479 0.085298367 -0.052109018 -0.002175993 0.994989514
1305031466.627549 -0.750882983 0.715933979 -0.645818055 0.075611942 -0.051496662 -0.006978014 0.995782197
1305031466.659688 -0.731361985 0.720924735 -0.651749730 0.081521735 -0.048084997 -0.011588672 0.995443463
1305031466.695822 -0.714773178 0.742557943 -0.652265012 0.086201273 -0.049042907 -0.018270858 0.994902134
1305031466.728074 -0.693410039 0.741774559 -0.656591058 0.077809177 -0.052605901 -0.028040167 0.995184422
1305031466.759637 -0.671440363 0.737083316 -0.660800457 0.077386402 -0.053000674 -0.036463942 0.994923472
1305031466.795604 -0.653939426 0.752411723 -0.662207127 0.087205395 -0.054245453 -0.043441650 0.993763328
1305031466.827879 -0.633116782 0.762652934 -0.667041302 0.085720181 -0.060450610 -0.046132691 0.993413091
1305031466.859665 -0.621628881 0.761485338 -0.666457474 0.083521776 -0.065495126 -0.045684770 0.993301272
1305031466.895694 -0.603802502 0.766539037 -0.671937764 0.087415680 -0.077902168 -0.047141075 0.992001772
1305031466.927756 -0.581351876 0.772457302 -0.673562407 0.089154884 -0.095187843 -0.049973782 0.990198612
1305031466.959728 -0.562594831 0.771775961 -0.676140070 0.089188434 -0.105590269 -0.052784178 0.988994420
1305031466.995712 -0.544377327 0.773545384 -0.681544423 0.089778118 -0.110870905 -0.056826301 0.988138795
1305031467.027843 -0.528933704 0.772874177 -0.686452746 0.089464672 -0.114963569 -0.061146956 0.987441421
1305031467.059700 -0.507777333 0.775545895 -0.692546010 0.089530692 -0.118869863 -0.064705350 0.986745894
1305031467.095687 -0.493377328 0.779573619 -0.694088340 0.088250503 -0.119839661 -0.069869064 0.986391723
1305031467.128974 -0.479797006 0.778946400 -0.695288718 0.088635854 -0.122361548 -0.080839448 0.985208750
1305031467.159660 -0.466076672 0.782933950 -0.694626033 0.091327600 -0.125517726 -0.088365003 0.983918786
1305031467.195663 -0.452694774 0.786444604 -0.694934547 0.093258910 -0.130326599 -0.092108272 0.982768416
1305031467.227704 -0.438466251 0.786931515 -0.703620672 0.093458518 -0.136666700 -0.098607108 0.981256485
1305031467.259694 -0.423876196 0.787420332 -0.706347585 0.095265880 -0.142130151 -0.104052812 0.979743063
1305031467.295846 -0.410224378 0.791256547 -0.708724558 0.098323666 -0.147197708 -0.110893004 0.977940679
1305031467.328008 -0.396202207 0.796336949 -0.712320387 0.100438975 -0.153080255 -0.115537420 0.976283550
1305031467.359654 -0.380238086 0.802058935 -0.715919137 0.098450057 -0.160060793 -0.117007948 0.975190878
1305031467.395756 -0.363952428 0.803787589 -0.718624711 0.093015149 -0.168218493 -0.122583054 0.973665297
1305031467.427783 -0.349223793 0.804336429 -0.720137894 0.091832481 -0.174228877 -0.127373710 0.972104430
1305031467.459692 -0.335389018 0.806005716 -0.725001335 0.091483735 -0.180518106 -0.128708750 0.970813096
1305031467.496058 -0.313470334 0.808642030 -0.731904745 0.087353736 -0.188972428 -0.134634078 0.968778849
1305031467.527663 -0.297127485 0.809249103 -0.734489858 0.082844943 -0.192471087 -0.142592505 0.967346370
1305031467.559763 -0.284267098 0.806829393 -0.734235883 0.083064206 -0.193444759 -0.145921111 0.966636717
1305031467.595989 -0.270684570 0.807374120 -0.734960914 0.082882330 -0.195413217 -0.143901601 0.966559112
1305031467.627532 -0.257618517 0.799363971 -0.731461823 0.083327189 -0.201090500 -0.143398583 0.965430498
1305031467.659626 -0.245335966 0.796275139 -0.730088592 0.090077773 -0.206991121 -0.139313817 0.964174390
1305031467.695886 -0.232575178 0.794504404 -0.727639496 0.093746699 -0.210840285 -0.141776621 0.962630391
1305031467.727535 -0.220728070 0.779742837 -0.723666549 0.094970189 -0.213647768 -0.146368489 0.961203158
1305031467.759907 -0.210569829 0.775111794 -0.714264870 0.102151245 -0.216004774 -0.148884580 0.959552228
1305031467.796075 -0.200022668 0.768703997 -0.708024442 0.106278360 -0.219238579 -0.152558863 0.957791805
1305031467.827800 -0.190659940 0.756469786 -0.694583833 0.110289261 -0.223252967 -0.153125852 0.956319451
1305031467.859729 -0.185530275 0.742601991 -0.685080647 0.115743205 -0.227952093 -0.150542915 0.954975486
1305031467.895947 -0.178649485 0.738159418 -0.674495637 0.121228971 -0.235478431 -0.149396658 0.952645838
1305031467.927754 -0.172083974 0.726713419 -0.658908188 0.124121763 -0.243632987 -0.152401939 0.949742317
1305031467.959826 -0.163574338 0.712163925 -0.644971013 0.129981101 -0.249521330 -0.154292151 0.947120905
1305031467.995754 -0.150442094 0.706669688 -0.630495191 0.133092627 -0.254007816 -0.154896408 0.945395947
1305031468.028107 -0.144005150 0.692332149 -0.612060666 0.131594792 -0.255785823 -0.159090623 0.944429219
1305031468.059850 -0.141745627 0.671750367 -0.598666489 0.134213328 -0.257917315 -0.161548898 0.943062782
1305031468.095867 -0.134574145 0.666967690 -0.583447695 0.137976304 -0.262254983 -0.163409442 0.941000640
1305031468.127816 -0.130546778 0.649100602 -0.565351665 0.136057451 -0.265202343 -0.165939525 0.940010726
1305031468.159864 -0.125508994 0.635305345 -0.550153136 0.137968227 -0.267636359 -0.168529570 0.938580513
1305031468.195985 -0.117745489 0.622590303 -0.537141740 0.137676314 -0.269042611 -0.172095910 0.937573671
1305031468.228158 -0.107172102 0.592666149 -0.524665713 0.131031707 -0.270754904 -0.172553718 0.937948644
1305031468.259754 -0.100010455 0.576533139 -0.510582209 0.130481690 -0.270295262 -0.171039686 0.938435137
1305031468.295830 -0.092892364 0.555440962 -0.498065472 0.128004804 -0.269497603 -0.171338782 0.938950956
1305031468.327847 -0.088425368 0.527511656 -0.484413594 0.126417339 -0.268635184 -0.169897124 0.939674854
1305031468.359787 -0.080256671 0.511462629 -0.478889763 0.128988266 -0.266657233 -0.165439084 0.940683722
1305031468.395860 -0.072977290 0.495467693 -0.470607281 0.125800446 -0.266692042 -0.165503308 0.941094220
1305031468.428025 -0.071475267 0.469025612 -0.463897556 0.118968226 -0.266817153 -0.166301697 0.941806197
1305031468.459759 -0.068674371 0.449366152 -0.461888462 0.116903812 -0.266625643 -0.164734572 0.942394197
1305031468.495809 -0.063221321 0.430996835 -0.456351042 0.113452822 -0.265946537 -0.165494516 0.942874551
1305031468.527756 -0.065726474 0.403749377 -0.454453975 0.110385008 -0.263587624 -0.170745492 0.942964852
1305031468.559739 -0.069347352 0.377036393 -0.451569259 0.114026934 -0.263112575 -0.179345086 0.941065907
1305031468.595768 -0.071031868 0.371683836 -0.454568684 0.119205825 -0.262172937 -0.185172796 0.939556479
1305031468.627626 -0.074751884 0.353932559 -0.451812208 0.112804785 -0.263209552 -0.187443972 0.939606607
1305031468.659579 -0.081996247 0.319894373 -0.452666223 0.106367677 -0.267176390 -0.190330788 0.938656986
1305031468.695835 -0.087860629 0.294921398 -0.454152495 0.107643217 -0.272771984 -0.194212273 0.936103642
1305031468.727785 -0.094165146 0.287301034 -0.454134107 0.113332018 -0.277287126 -0.194848031 0.933971047
1305031468.759628 -0.095594153 0.272325218 -0.450165182 0.114464335 -0.282600492 -0.195097178 0.932186663
1305031468.795796 -0.102312237 0.249756768 -0.449208498 0.115949057 -0.284604907 -0.199617758 0.930434644
1305031468.829247 -0.107523039 0.235733420 -0.449724019 0.124268055 -0.285830051 -0.205747381 0.927645743
1305031468.859659 -0.103497684 0.230702311 -0.443641573 0.128372341 -0.286812127 -0.209086657 0.926035702
1305031468.895873 -0.105760947 0.216693163 -0.439636171 0.125269145 -0.282509357 -0.211284429 0.927283645
1305031468.928141 -0.111185282 0.208390877 -0.437453389 0.121447206 -0.276692569 -0.208904952 0.930080950
1305031468.959594 -0.115570530 0.209458113 -0.435786784 0.116774194 -0.270428061 -0.205825180 0.933203280
1305031468.995711 -0.120383456 0.219853625 -0.430172265 0.105794385 -0.266189247 -0.208252788 0.935190678
1305031469.027699 -0.127220199 0.199294776 -0.427569926 0.082990445 -0.262719125 -0.217147231 0.936449826
1305031469.059832 -0.136335760 0.187034816 -0.422790885 0.069459699 -0.260834455 -0.225444928 0.936117172
1305031469.095723 -0.132092282 0.187368751 -0.406772792 0.060779545 -0.262371063 -0.233663157 0.934274495
1305031469.127679 -0.136986792 0.167581528 -0.398248196 0.045311671 -0.255534977 -0.248517618 0.933213651
1305031469.159703 -0.137887746 0.158414543 -0.390390098 0.035012063 -0.247402266 -0.254635572 0.934198558
1305031469.195540 -0.143262178 0.152975991 -0.380789548 0.028239250 -0.237716511 -0.259929836 0.935483754
1305031469.227754 -0.160664201 0.149203360 -0.373930722 0.022777470 -0.227762178 -0.264879256 0.936720133
1305031469.259586 -0.163821623 0.149420977 -0.361469865 0.018966591 -0.225473419 -0.268561810 0.936310053
1305031469.296754 -0.169732347 0.146851763 -0.349813223 0.013951371 -0.220406443 -0.270941764 0.936918855
1305031469.327618 -0.172276050 0.150041729 -0.340529561 0.009713719 -0.217319280 -0.272573203 0.937220275
1305031469.359592 -0.167226672 0.145682737 -0.323172033 0.002646102 -0.215374500 -0.277170748 0.936367035
1305031469.395695 -0.169462383 0.134217203 -0.311848670 -0.001940088 -0.205061525 -0.283731520 0.936719000
1305031469.427651 -0.176358178 0.144336045 -0.301020056 0.001097930 -0.191417292 -0.288873076 0.938035488
1305031469.459668 -0.179354012 0.148351312 -0.289058954 0.001050295 -0.182183996 -0.294939011 0.937986612
1305031469.495744 -0.194769621 0.159887597 -0.276277781 0.001867980 -0.173044443 -0.299018711 0.938424170
1305031469.527622 -0.197047055 0.169449687 -0.263346821 -0.000583217 -0.173406735 -0.298513263 0.938519895
1305031469.559645 -0.196085617 0.178413525 -0.247697622 -0.005787464 -0.175790429 -0.298527241 0.938054204
1305031469.595755 -0.196704239 0.181949750 -0.236933976 -0.015074557 -0.176603481 -0.298589706 0.937778294
1305031469.627752 -0.197389424 0.191473320 -0.222505569 -0.023770407 -0.175577238 -0.298458993 0.937832534
1305031469.659590 -0.208786637 0.194504917 -0.209671080 -0.032586113 -0.169076264 -0.299478322 0.938437045
1305031469.695613 -0.209557131 0.209251583 -0.195527613 -0.033864785 -0.166184425 -0.298989624 0.939063966
1305031469.727679 -0.219334304 0.214795485 -0.186636299 -0.042330414 -0.158856317 -0.298226029 0.940230846
1305031469.759599 -0.222896159 0.226423025 -0.175270051 -0.048742883 -0.155301988 -0.294298768 0.941750348
1305031469.795621 -0.225629538 0.244229615 -0.163365215 -0.052711386 -0.155229300 -0.289622486 0.942997456
1305031469.827526 -0.233969152 0.258091956 -0.153887928 -0.058388144 -0.155578971 -0.287129223 0.943367779
1305031469.859574 -0.240929142 0.272507310 -0.144134983 -0.064983241 -0.157100618 -0.284817487 0.943385124
1305031469.895755 -0.251026124 0.286296397 -0.135768980 -0.070616119 -0.157146946 -0.282858163 0.943562150
1305031469.927854 -0.257194072 0.304733753 -0.129044905 -0.071993135 -0.159265190 -0.278421789 0.944422007
1305031469.959805 -0.269714057 0.325911582 -0.122782305 -0.071022511 -0.159973025 -0.274330735 0.945572376
1305031469.995551 -0.280995995 0.338060826 -0.120585226 -0.074229397 -0.160707146 -0.272783220 0.945649266
1305031470.027694 -0.292030603 0.351838291 -0.115543112 -0.077392101 -0.163153753 -0.272549123 0.945044041
1305031470.059638 -0.305319309 0.368493706 -0.113206849 -0.078513741 -0.161908522 -0.272279084 0.945243537
1305031470.095944 -0.316228509 0.383253127 -0.113530383 -0.079942368 -0.161184043 -0.269549876 0.946029484
1305031470.127633 -0.327088922 0.395808578 -0.113288574 -0.085102119 -0.161413699 -0.267852783 0.946022272
1305031470.159626 -0.338604689 0.411611229 -0.112573095 -0.087242827 -0.161916256 -0.264736056 0.946618557
1305031470.196092 -0.352702528 0.426879883 -0.115389876 -0.088966012 -0.161484987 -0.260594636 0.947680354
1305031470.227618 -0.364357263 0.437354833 -0.117602922 -0.094293147 -0.161294296 -0.258670479 0.947724938
1305031470.259965 -0.377947509 0.451764345 -0.119991697 -0.098525427 -0.159660846 -0.255502075 0.948430181
1305031470.295718 -0.389392048 0.462149233 -0.123717628 -0.104851246 -0.158484370 -0.253888637 0.948382556
1305031470.327644 -0.403149277 0.475145996 -0.124204613 -0.111921862 -0.157673895 -0.249956578 0.948754013
1305031470.359624 -0.414987922 0.485073596 -0.126101881 -0.118399769 -0.159075245 -0.246254966 0.948701739
1305031470.395823 -0.428666592 0.499589145 -0.129121974 -0.120189063 -0.158742160 -0.241827831 0.949670911
1305031470.427641 -0.441880256 0.511743784 -0.132487893 -0.120112821 -0.159463197 -0.242679760 0.949342370
1305031470.459721 -0.456793994 0.521945775 -0.134684250 -0.119565614 -0.159770906 -0.242142469 0.949496865
1305031470.495686 -0.469195724 0.529254496 -0.139203921 -0.119322933 -0.161056533 -0.240846440 0.949639857
1305031470.527689 -0.481776625 0.536157250 -0.143082485 -0.119835585 -0.161053002 -0.241964832 0.949291527
1305031470.559677 -0.491944283 0.543017924 -0.148163125 -0.120886475 -0.160031706 -0.241364673 0.949483752
1305031470.595760 -0.505139112 0.548120797 -0.148797855 -0.123525828 -0.159060940 -0.239040852 0.949894965
1305031470.627729 -0.515399754 0.555300057 -0.151627377 -0.125656903 -0.157903373 -0.234039500 0.951053321
1305031470.659690 -0.525523365 0.561201036 -0.155000687 -0.127064973 -0.157316566 -0.229892030 0.951974630
1305031470.695630 -0.538512766 0.568433464 -0.153944045 -0.130016059 -0.156865701 -0.226600453 0.952439606
1305031470.727654 -0.549736440 0.572741449 -0.155236721 -0.130069986 -0.156483054 -0.225301549 0.952803254
1305031470.759682 -0.559855342 0.571878135 -0.159725472 -0.134348243 -0.151686713 -0.223441154 0.953423142
1305031470.795615 -0.569158733 0.579873443 -0.159567133 -0.134288952 -0.146583095 -0.218227834 0.955435216
1305031470.827831 -0.578193545 0.584775090 -0.158039883 -0.129818007 -0.146423772 -0.213910684 0.957052529
1305031470.859645 -0.588414371 0.586921155 -0.160548091 -0.125765547 -0.145999134 -0.208560720 0.958837688
1305031470.895722 -0.597270310 0.589797616 -0.165472299 -0.121516548 -0.146742016 -0.202373847 0.960596323
1305031470.927684 -0.607393146 0.588856220 -0.163536698 -0.119580157 -0.149966449 -0.200503007 0.960733652
1305031470.959647 -0.618837535 0.588685036 -0.167231947 -0.110022426 -0.151579976 -0.197275788 0.962289393
1305031470.995996 -0.627196312 0.586744606 -0.171657979 -0.103759028 -0.151971027 -0.195885092 0.963207126
1305031471.027644 -0.636103511 0.586194336 -0.175908789 -0.094819851 -0.149559855 -0.193425715 0.965001345
1305031471.059636 -0.645836532 0.582661688 -0.178494915 -0.088031359 -0.146613285 -0.188176081 0.967132270
1305031471.095777 -0.653373122 0.580595076 -0.182919472 -0.082225479 -0.146094710 -0.180215314 0.969235659
1305031471.127663 -0.660442173 0.574783862 -0.186620146 -0.080591075 -0.147310376 -0.173684031 0.970380604
1305031471.159649 -0.670854211 0.572555304 -0.192670405 -0.077188767 -0.143209055 -0.167831317 0.972299159
1305031471.195703 -0.676863492 0.574128330 -0.193534017 -0.073847733 -0.140378952 -0.162218794 0.973922670
1305031471.227569 -0.683189631 0.574649453 -0.195479289 -0.073280603 -0.137345031 -0.156939521 0.975262165
1305031471.259722 -0.689617932 0.573964715 -0.195950925 -0.073831990 -0.135590106 -0.154074132 0.975922823
1305031471.296068 -0.696738839 0.568855882 -0.198117137 -0.075857811 -0.132404670 -0.149668798 0.976889908
1305031471.327642 -0.699295640 0.568226397 -0.200061917 -0.071918629 -0.129481256 -0.146179974 0.978107214
1305031471.359615 -0.704526961 0.566533804 -0.204232931 -0.072499409 -0.120597735 -0.143649325 0.979573846
1305031471.395730 -0.713497281 0.561266065 -0.204842791 -0.074624315 -0.111624174 -0.138605103 0.981203258
1305031471.427704 -0.721256316 0.563878179 -0.209013700 -0.068877593 -0.106995545 -0.130694449 0.983222663
1305031471.459647 -0.724108636 0.565276325 -0.211738959 -0.067533836 -0.108197860 -0.125525206 0.983857632
1305031471.496491 -0.729011655 0.563705921 -0.214432448 -0.069651082 -0.106870353 -0.121605821 0.984347224
1305031471.527624 -0.732519746 0.564198315 -0.217466354 -0.069239035 -0.106258675 -0.116969705 0.985004127
1305031471.559671 -0.735164464 0.564967811 -0.221076280 -0.069006979 -0.104308605 -0.115031257 0.985457003
1305031471.595702 -0.737170219 0.563609183 -0.224059179 -0.069710270 -0.100378238 -0.113013953 0.986048937
1305031471.627621 -0.739523292 0.562499583 -0.226850659 -0.069944575 -0.095817335 -0.111445658 0.986664414
1305031471.659642 -0.744887650 0.561574280 -0.231024101 -0.068872802 -0.088519104 -0.108610146 0.987737179
1305031471.695609 -0.745499790 0.563731611 -0.233828321 -0.066017158 -0.085404873 -0.102903344 0.988816798
1305031471.727501 -0.748275280 0.565480947 -0.236943513 -0.066655666 -0.080727920 -0.098728180 0.989592195
1305031471.759702 -0.747607291 0.563462496 -0.238083795 -0.069216415 -0.077493317 -0.092551805 0.990271688
1305031471.795801 -0.749053955 0.568237662 -0.241199240 -0.066111378 -0.070237383 -0.083817661 0.991801679
1305031471.827639 -0.752744734 0.574884474 -0.242697120 -0.066861786 -0.063767575 -0.076693818 0.992764413
1305031471.859665 -0.755054116 0.571566820 -0.243093655 -0.074146658 -0.060192965 -0.070714355 0.992914140
1305031471.895604 -0.755401671 0.580305576 -0.243487179 -0.073294699 -0.056762010 -0.063102745 0.993692100
1305031471.927651 -0.756574810 0.580707073 -0.243185982 -0.080178894 -0.052400082 -0.059862513 0.993600547
1305031471.959643 -0.761604130 0.576809227 -0.243233934 -0.084802791 -0.043465998 -0.059620146 0.993662238
1305031471.995573 -0.765534699 0.582843423 -0.247475356 -0.082747363 -0.034779225 -0.054963969 0.994445682
1305031472.027638 -0.767745078 0.593182743 -0.244408220 -0.085523814 -0.029870033 -0.051077288 0.994577587
1305031472.059668 -0.773046970 0.589278042 -0.242466062 -0.091264769 -0.024157764 -0.049187463 0.994317710
1305031472.095601 -0.776849687 0.595122755 -0.243044525 -0.088608734 -0.019008879 -0.043496124 0.994934797
1305031472.127594 -0.784595132 0.599578023 -0.242619380 -0.093249843 -0.013607624 -0.040410008 0.994729280
1305031472.159645 -0.786791444 0.595421493 -0.239736080 -0.099274658 -0.014033522 -0.038629200 0.994210958
1305031472.195682 -0.792459369 0.594990313 -0.240162462 -0.096475340 -0.011229428 -0.034688506 0.994667351
1305031472.227626 -0.794697404 0.596806228 -0.241546437 -0.093482539 -0.010492731 -0.031757057 0.995059013
1305031472.263840 -0.797116518 0.591964424 -0.240030169 -0.093944758 -0.009105822 -0.030820809 0.995058596
1305031472.295671 -0.799404621 0.590921104 -0.242413044 -0.087397434 -0.006542869 -0.028965810 0.995730817
1305031472.327678 -0.800853848 0.594665468 -0.244199932 -0.079907015 -0.005441478 -0.025913881 0.996450543
1305031472.363577 -0.801104367 0.596814811 -0.245016307 -0.078119911 -0.005945423 -0.025034431 0.996611893
1305031472.395599 -0.805060446 0.593122363 -0.243579328 -0.079800315 -0.005993740 -0.023617761 0.996513009
1305031472.427686 -0.804169595 0.588579476 -0.245201081 -0.079745814 -0.009999814 -0.023044337 0.996498644
1305031472.463603 -0.802562714 0.586671174 -0.245046675 -0.077910103 -0.012242681 -0.024210788 0.996591210
1305031472.495626 -0.800590575 0.584688246 -0.246240065 -0.078224763 -0.011691963 -0.024899211 0.996556163
1305031472.527625 -0.801821411 0.576400399 -0.245443419 -0.081457384 -0.008742484 -0.024206296 0.996344447
1305031472.563587 -0.803888500 0.571628749 -0.245889604 -0.077448279 -0.007790833 -0.021820681 0.996727109
1305031472.595675 -0.801145434 0.574413300 -0.246827811 -0.070661701 -0.010356862 -0.019591594 0.997254133
1305031472.627701 -0.797840595 0.571386456 -0.247094482 -0.071094327 -0.012673432 -0.017662778 0.997232676
1305031472.663575 -0.797267616 0.564859629 -0.245437056 -0.072729684 -0.012708158 -0.016658563 0.997131586
1305031472.695755 -0.795796633 0.559818447 -0.244336367 -0.072463602 -0.013671040 -0.015184983 0.997161746
1305031472.727628 -0.793802321 0.556404233 -0.243157804 -0.070604391 -0.015018280 -0.015184497 0.997275770
1305031472.763578 -0.792975605 0.555286407 -0.242755309 -0.067649022 -0.014387352 -0.016864985 0.997462869
1305031472.795640 -0.792123675 0.551385880 -0.241834357 -0.066778295 -0.013254844 -0.018562259 0.997507095
1305031472.827627 -0.790502787 0.550918937 -0.240914077 -0.063086130 -0.013161630 -0.017595939 0.997766137
1305031472.863598 -0.790812671 0.550085127 -0.239879876 -0.060648661 -0.012920224 -0.016372373 0.997941256
1305031472.895713 -0.789316177 0.549632490 -0.238397941 -0.060219765 -0.015218534 -0.013445703 0.997978508
1305031472.927685 -0.789097369 0.545263171 -0.237138718 -0.062740915 -0.015997259 -0.013074762 0.997815967
1305031472.963756 -0.788122833 0.545089483 -0.236443996 -0.062088758 -0.016168876 -0.011164277 0.997877181
1305031472.995704 -0.790203333 0.544533610 -0.235306412 -0.062874369 -0.015554681 -0.010703248 0.997842848
1305031473.027638 -0.787651837 0.545478106 -0.234077543 -0.062408052 -0.018732132 -0.010137542 0.997823417
1305031473.063684 -0.786187768 0.543096423 -0.232419983 -0.064287603 -0.020117313 -0.011868179 0.997658014
1305031473.095695 -0.787597179 0.542444110 -0.232728958 -0.063802570 -0.017987352 -0.014133001 0.997700334
1305031473.127744 -0.788426757 0.541469574 -0.232129484 -0.064171717 -0.016438814 -0.015182860 0.997687936
1305031473.167060 -0.789128542 0.539747775 -0.231640905 -0.063990004 -0.016878678 -0.015492789 0.997687519
1305031473.196069 -0.788315535 0.539279521 -0.232074469 -0.062752664 -0.018001368 -0.015862644 0.997740626
