1305031453.359684 0.000000000 0.000000000 0.000000000 0.000000000 0.000000000 0.000000000 1.000000000
1305031453.391690 0.002150428 0.004473633 -0.009490805 -0.000586155 0.006182211 0.012029159 0.999908388
1305031453.423683 0.007721179 0.006490808 -0.017900079 0.000361244 0.009640280 0.021353271 0.999725461
1305031453.459685 0.010428214 0.009352719 -0.027892489 0.003524760 0.016658911 0.029598756 0.999416828
1305031453.491698 0.015102151 0.014741586 -0.038657833 0.008040938 0.022322243 0.040193506 0.998910189
1305031453.523684 0.014738159 0.019927522 -0.051244430 0.014802068 0.027622325 0.049118016 0.998301208
1305031453.559753 0.014561548 0.026083143 -0.066402636 0.022145636 0.030758722 0.055927623 0.997715175
1305031453.591640 0.011212612 0.033112928 -0.080664240 0.029904857 0.034812588 0.060128864 0.997135043
1305031453.627706 0.004767071 0.036784984 -0.099015012 0.035644207 0.036981493 0.063578285 0.996654212
1305031453.659600 -0.007242009 0.045685612 -0.114108115 0.044142131 0.035917956 0.061518006 0.996482253
1305031453.691678 -0.015454292 0.053613678 -0.129403144 0.050643921 0.031858250 0.056474254 0.996609688
1305031453.727652 -0.025134029 0.063164711 -0.144630611 0.055474721 0.027754659 0.051764529 0.996730983
1305031453.759694 -0.046444550 0.070811450 -0.154979631 0.060642589 0.023635505 0.044349309 0.996893644
1305031453.791716 -0.045309357 0.082203791 -0.169992536 0.065923430 0.011367337 0.036420241 0.997094989
1305031453.827773 -0.054751992 0.086860001 -0.184829384 0.067383640 0.004538042 0.030147314 0.997261226
1305031453.859705 -0.086910613 0.101006031 -0.191034406 0.071868449 -0.001378976 0.021114711 0.997189641
1305031453.891710 -0.103883281 0.110903040 -0.199870899 0.072634444 -0.014669129 0.013634226 0.997157514
1305031453.927723 -0.106833495 0.113377020 -0.203216597 0.069003016 -0.036574613 0.008606467 0.996908605
1305031453.959641 -0.115267918 0.120708585 -0.211495027 0.067734689 -0.053281441 0.000995200 0.996279120
1305031453.991624 -0.126290590 0.121566489 -0.220309481 0.065230772 -0.063995488 -0.011130233 0.995753825
1305031454.027662 -0.135890096 0.121016815 -0.222704455 0.066638634 -0.077309839 -0.020613022 0.994563997
1305031454.059654 -0.149012193 0.125672638 -0.229256257 0.067512810 -0.087785505 -0.032294437 0.993324101
1305031454.091651 -0.165493637 0.126785278 -0.229962736 0.067518316 -0.097869083 -0.046595871 0.991812348
1305031454.127701 -0.181443065 0.128421068 -0.233943641 0.070279226 -0.110214099 -0.061021458 0.989540339
1305031454.159672 -0.200189084 0.139245585 -0.231033772 0.073351733 -0.122937337 -0.073307939 0.986981213
1305031454.191658 -0.213989154 0.144240886 -0.233215868 0.071755588 -0.137844369 -0.088255033 0.983900964
1305031454.227671 -0.222821161 0.129594088 -0.243579715 0.068197735 -0.155744940 -0.106080465 0.979713976
1305031454.259627 -0.228147954 0.136520624 -0.241963118 0.075145356 -0.168797597 -0.122431472 0.975126147
1305031454.291639 -0.232564986 0.143380538 -0.242254883 0.074438222 -0.177777991 -0.133404806 0.972140491
1305031454.327699 -0.253362179 0.135911733 -0.248075008 0.072428249 -0.184069753 -0.149907157 0.968710661
1305031454.359636 -0.260637701 0.143255949 -0.249506861 0.080046095 -0.194688857 -0.164619818 0.963633358
1305031454.391677 -0.268064469 0.149866864 -0.252335429 0.082198299 -0.202198595 -0.177461937 0.959617853
1305031454.427465 -0.281556696 0.153833672 -0.254306793 0.083666407 -0.213057190 -0.192877576 0.954151332
1305031454.459913 -0.278894007 0.156792223 -0.251602173 0.086253844 -0.225474089 -0.207722738 0.947930872
1305031454.491617 -0.283720374 0.163583815 -0.253690392 0.088690370 -0.229690537 -0.222525507 0.943323195
1305031454.527700 -0.287550569 0.173036262 -0.256030530 0.089342982 -0.234931201 -0.238822132 0.937970757
1305031454.559575 -0.289657414 0.183898821 -0.259902686 0.087900586 -0.241618782 -0.251719385 0.933022618
1305031454.591635 -0.297939152 0.191177234 -0.262155950 0.085574239 -0.250411302 -0.269080698 0.926049054
1305031454.627580 -0.296436489 0.193984970 -0.264721185 0.083285145 -0.264371037 -0.282600343 0.918318331
1305031454.659528 -0.293255538 0.205990210 -0.267999947 0.079300821 -0.276822895 -0.288653880 0.913104236
1305031454.691884 -0.298667103 0.212391645 -0.267269701 0.072274528 -0.289444000 -0.297074258 0.907053173
1305031454.727659 -0.288874030 0.213539764 -0.258583069 0.067338154 -0.307280689 -0.300360560 0.900459707
1305031454.759732 -0.286912382 0.224259615 -0.262793690 0.062217921 -0.310323924 -0.294718266 0.901647985
1305031454.791641 -0.282163113 0.229786739 -0.263081908 0.057390325 -0.313325226 -0.287704378 0.903194249
1305031454.827570 -0.272356927 0.238236755 -0.260631800 0.053298216 -0.316007107 -0.280333728 0.904826939
1305031454.859620 -0.269186705 0.244069710 -0.257714838 0.047129527 -0.313901871 -0.273463368 0.907998979
1305031454.891764 -0.265159935 0.252199620 -0.258478105 0.043678753 -0.309015840 -0.265849233 0.912099481
1305031454.927567 -0.262536466 0.261507690 -0.261678904 0.040557217 -0.302819699 -0.259914488 0.916023910
1305031454.959648 -0.264873832 0.271648943 -0.264941663 0.037351578 -0.296461731 -0.253632903 0.919992149
1305031454.991937 -0.268886179 0.280280858 -0.271986455 0.034342278 -0.291573763 -0.247430474 0.923354447
1305031455.027799 -0.269585699 0.293425143 -0.275399238 0.034899745 -0.290769726 -0.243796200 0.924553037
1305031455.059636 -0.273598313 0.299908102 -0.279731691 0.033201698 -0.286967337 -0.242144331 0.926236212
1305031455.091700 -0.279264122 0.308893144 -0.284632951 0.035684075 -0.282870442 -0.241784811 0.927497208
1305031455.127695 -0.285713077 0.322008103 -0.291283399 0.038019929 -0.276815176 -0.240716308 0.929507136
1305031455.159720 -0.295341253 0.333558291 -0.295585394 0.037748549 -0.271445036 -0.236515939 0.932176411
1305031455.191655 -0.304652154 0.343427360 -0.298199534 0.034739289 -0.267685533 -0.230837181 0.934800386
1305031455.227581 -0.313777626 0.350688130 -0.302350819 0.034352280 -0.264166176 -0.225283474 0.937167764
1305031455.259631 -0.321184725 0.364473313 -0.304872811 0.032980125 -0.259869874 -0.218510330 0.940017641
1305031455.291831 -0.334905356 0.371870190 -0.313044965 0.025249358 -0.251795828 -0.209639743 0.944464147
1305031455.327766 -0.348395765 0.381848812 -0.318611085 0.019813515 -0.248049855 -0.198651150 0.947953761
1305031455.359630 -0.355334878 0.402020991 -0.322670758 0.016759293 -0.245189860 -0.190353721 0.950455964
1305031455.391665 -0.366903603 0.401023209 -0.324809611 0.004696998 -0.238138810 -0.183212265 0.953782558
1305031455.427642 -0.382523984 0.407513797 -0.333289921 -0.002226607 -0.229054213 -0.172376260 0.958026946
1305031455.459589 -0.398473531 0.405440748 -0.345003247 -0.009171953 -0.222866476 -0.163867146 0.960933924
1305031455.491637 -0.410249323 0.412699699 -0.350186735 -0.012359853 -0.219465375 -0.152919069 0.963482201
1305031455.527610 -0.427101374 0.408942133 -0.361506581 -0.019496009 -0.214414924 -0.140567765 0.966378212
1305031455.559669 -0.447082132 0.410292953 -0.373922527 -0.022280725 -0.212480828 -0.126819551 0.968644559
1305031455.591645 -0.464674890 0.416169226 -0.385728747 -0.024597578 -0.211635381 -0.112468518 0.970544279
1305031455.627617 -0.484404922 0.407675028 -0.397419035 -0.031958092 -0.207366467 -0.101368010 0.972472310
1305031455.659615 -0.499245405 0.406300157 -0.405461013 -0.028712761 -0.205501139 -0.096007399 0.973512948
1305031455.691605 -0.517058253 0.412437707 -0.417142719 -0.022316098 -0.202261552 -0.097379297 0.974222541
1305031455.727628 -0.534615159 0.408228636 -0.429621160 -0.021431776 -0.197186008 -0.102162965 0.974792838
1305031455.759683 -0.549016893 0.405158281 -0.438043654 -0.020949285 -0.191749498 -0.105010018 0.975585043
1305031455.791666 -0.568691313 0.395880163 -0.455308557 -0.020317419 -0.183899507 -0.105658978 0.977038562
1305031455.827590 -0.587015629 0.399794549 -0.465382040 -0.015717441 -0.178087667 -0.104931653 0.978277624
1305031455.859526 -0.599886596 0.394481868 -0.477352619 -0.016158437 -0.175930217 -0.106340371 0.978508651
1305031455.891657 -0.613080978 0.391447455 -0.489217281 -0.015962875 -0.172159493 -0.106737427 0.979139149
1305031455.927955 -0.625321269 0.385250628 -0.500541210 -0.017414145 -0.167945608 -0.107832924 0.979726076
1305031455.959716 -0.639499605 0.386444151 -0.512510002 -0.015550761 -0.162357792 -0.110639513 0.980386138
1305031455.991694 -0.648705840 0.383673549 -0.520772815 -0.017606622 -0.157740012 -0.112842776 0.980854034
1305031456.027770 -0.655977368 0.390432507 -0.528823972 -0.019773681 -0.151887789 -0.116120093 0.981353760
1305031456.059713 -0.672546744 0.383802742 -0.535519958 -0.029475443 -0.144341886 -0.124181308 0.981262267
1305031456.091707 -0.688740015 0.369392633 -0.541386843 -0.038452759 -0.138173640 -0.129748642 0.981119156
1305031456.127645 -0.700789332 0.362707824 -0.546892643 -0.040230978 -0.133057863 -0.131051928 0.981581628
1305031456.159731 -0.711226881 0.347840369 -0.549957335 -0.044178274 -0.127391577 -0.132280961 0.981998682
1305031456.191658 -0.720023155 0.336419553 -0.551355124 -0.041225489 -0.119925104 -0.129329801 0.983459353
1305031456.227678 -0.726866543 0.346346974 -0.555243194 -0.034057479 -0.109924391 -0.126022235 0.985329986
1305031456.291675 -0.758924365 0.329135120 -0.553585649 -0.034731928 -0.084223218 -0.119806588 0.988608360
1305031456.327718 -0.768331110 0.321506321 -0.551003754 -0.031457558 -0.074439101 -0.113065377 0.990295649
1305031456.391619 -0.791899145 0.314650029 -0.545083165 -0.027210910 -0.048908908 -0.104064144 0.992994547
1305031456.427662 -0.814577818 0.323320955 -0.541070759 -0.016948890 -0.033959374 -0.096796438 0.994580269
1305031456.491677 -0.853326738 0.341292799 -0.528416693 -0.018339628 -0.022959178 -0.084335692 0.996004045
1305031456.527641 -0.866271734 0.337290704 -0.520408928 -0.025899284 -0.023432892 -0.078798339 0.996278524
1305031456.591651 -0.881480336 0.343172193 -0.505419910 -0.026327049 -0.020747587 -0.066454962 0.997226238
1305031456.627612 -0.893555343 0.362869769 -0.493476272 -0.032831255 -0.014072767 -0.060726739 0.997515082
1305031456.691612 -0.934590936 0.343707740 -0.465981811 -0.048795566 0.002327637 -0.044038281 0.997834742
1305031456.727693 -0.950652838 0.358414382 -0.459390402 -0.050157148 0.005048279 -0.035055809 0.998113155
1305031456.791649 -0.978549719 0.347440153 -0.436088860 -0.055382054 -0.004577441 -0.019778863 0.998258829
1305031456.827603 -0.981109679 0.363873363 -0.426468074 -0.053715646 -0.010455315 -0.011497736 0.998435318
1305031456.891672 -1.000494957 0.352090538 -0.401479155 -0.067106426 -0.006203276 -0.000001197 0.997726560
1305031456.927690 -1.012875438 0.360804856 -0.393103778 -0.059913840 0.000599219 0.006240975 0.998183846
1305031456.959667 -1.026390672 0.379275143 -0.388198137 -0.056856863 0.007434310 0.011529832 0.998288095
1305031456.991709 -1.039862990 0.373950064 -0.378623635 -0.067167751 0.013336292 0.014255822 0.997550726
1305031457.027648 -1.052489042 0.374419272 -0.373680741 -0.068667263 0.018195873 0.017629461 0.997317851
1305031457.091655 -1.072668791 0.379414290 -0.369754732 -0.080512717 0.027787104 0.028328221 0.995963395
1305031457.127632 -1.086825371 0.369257182 -0.367263347 -0.086363286 0.035994466 0.031705376 0.995108306
1305031457.191735 -1.114838958 0.373949707 -0.373753995 -0.081837013 0.052634768 0.044698250 0.994250655
1305031457.227543 -1.132337093 0.370366037 -0.375817537 -0.085847661 0.062099054 0.050055929 0.993110418
1305031457.291656 -1.159049273 0.358609676 -0.387872368 -0.077875383 0.078283243 0.062315613 0.991929412
1305031457.327548 -1.175576329 0.362971485 -0.396591485 -0.073117934 0.089300945 0.067075059 0.991049945
1305031457.391684 -1.205185175 0.347328186 -0.410790890 -0.070359871 0.112312026 0.080527380 0.987902224
1305031457.427641 -1.230247736 0.345157564 -0.419071466 -0.067060664 0.123509660 0.086967818 0.986247838
1305031457.491705 -1.257879496 0.328153968 -0.434197783 -0.067719333 0.128400370 0.096033044 0.984736025
1305031457.527638 -1.273895383 0.322506368 -0.442688376 -0.063310824 0.133457646 0.098320417 0.984131038
1305031457.559685 -1.289935589 0.319211990 -0.451444507 -0.058700889 0.139242962 0.101797044 0.983261406
1305031457.591678 -1.310433269 0.315781504 -0.459185421 -0.055411320 0.145581260 0.105285652 0.982166290
1305031457.627526 -1.324714541 0.301564664 -0.463805497 -0.057708379 0.148088634 0.108558446 0.981302500
1305031457.659632 -1.344007850 0.308838248 -0.470512331 -0.050352309 0.151667461 0.111995183 0.980774522
1305031457.691570 -1.355881095 0.301447809 -0.476600438 -0.055977736 0.151174590 0.115448333 0.980145097
1305031457.727669 -1.368440390 0.280189693 -0.478468120 -0.061654825 0.153120026 0.114451319 0.979619265
1305031457.759556 -1.380771637 0.268443763 -0.482637763 -0.059866205 0.155292392 0.113123037 0.979542494
1305031457.791567 -1.387595415 0.251609147 -0.488060921 -0.054044228 0.158271059 0.111497022 0.979590714
1305031457.827699 -1.404734492 0.254393518 -0.497644365 -0.041884329 0.167269006 0.111384585 0.978703380
1305031457.859623 -1.420371771 0.242690176 -0.498736918 -0.041037433 0.176722169 0.111331642 0.977082670
1305031457.891593 -1.436603189 0.220665812 -0.497186691 -0.036725502 0.185637251 0.111506663 0.975579977
1305031457.927633 -1.456073761 0.217768103 -0.498672247 -0.022607105 0.191511169 0.114828020 0.974488020
1305031457.991644 -1.482033491 0.195288703 -0.495465457 -0.013712756 0.195047259 0.119862691 0.973345518
1305031458.027845 -1.493361115 0.182883114 -0.491759330 -0.006455850 0.199177697 0.119352244 0.972646713
1305031458.059689 -1.514851809 0.196613371 -0.487914711 0.007625669 0.206110850 0.120612726 0.971036971
1305031458.091690 -1.530572891 0.197386682 -0.479891002 0.008822883 0.211274341 0.122314088 0.969703317
1305031458.127605 -1.548537970 0.185163349 -0.465930879 0.006063007 0.217733309 0.122592144 0.968259573
1305031458.159638 -1.564293146 0.174486876 -0.452922583 0.006714052 0.221626118 0.124787673 0.967090905
1305031458.191646 -1.586296678 0.177225113 -0.439581513 0.008841151 0.224367604 0.129250124 0.965854764
1305031458.227611 -1.606221795 0.173100099 -0.419768691 0.002003493 0.224567860 0.129388481 0.965828061
1305031458.259934 -1.614366889 0.139957666 -0.403380990 -0.006699865 0.222496882 0.127551243 0.966530383
1305031458.291664 -1.634053588 0.140262410 -0.385291278 0.004471374 0.221054211 0.127491608 0.966882050
1305031458.327628 -1.643694043 0.135522336 -0.369575799 0.006150635 0.215677217 0.129344448 0.967840672
1305031458.359590 -1.653102160 0.108895525 -0.355900109 0.008521976 0.212933570 0.130255356 0.968307912
1305031458.391626 -1.666524768 0.115385681 -0.332806408 0.023560280 0.212604448 0.132229730 0.967863381
1305031458.427598 -1.669425011 0.116634257 -0.317203403 0.033090733 0.211854845 0.139545560 0.966721058
1305031458.459637 -1.664258957 0.111494288 -0.302016616 0.044441253 0.214889914 0.145786822 0.964672744
1305031458.491696 -1.667621732 0.092749625 -0.284426212 0.060880512 0.226960957 0.142096594 0.961556494
1305031458.527737 -1.678767443 0.119515315 -0.267783046 0.085370101 0.237964094 0.141208112 0.957154810
1305031458.559628 -1.686564445 0.126295686 -0.248040557 0.093808509 0.248324513 0.136858970 0.954360843
1305031458.591641 -1.690665722 0.129134700 -0.216973424 0.103677481 0.255037338 0.130499884 0.952458262
1305031458.627659 -1.702984333 0.156866252 -0.193579078 0.111470483 0.257099986 0.126437381 0.951571107
1305031458.659623 -1.715084791 0.156330615 -0.166392267 0.105444729 0.256287485 0.127462268 0.952340066
1305031458.691674 -1.717238665 0.157672703 -0.149079919 0.098391928 0.240832567 0.119300470 0.958168089
1305031458.727650 -1.702732444 0.153180584 -0.131434500 0.095654704 0.223905995 0.111045152 0.963527501
1305031458.759945 -1.705935717 0.157730550 -0.112323821 0.101692177 0.210295737 0.099432133 0.967237115
1305031458.791632 -1.706610799 0.175549582 -0.094746053 0.103702970 0.195834592 0.089177854 0.971051931
1305031458.827564 -1.691081405 0.173848629 -0.079912126 0.097285710 0.183939829 0.088923931 0.974060655
1305031458.891665 -1.683069229 0.167322636 -0.066169679 0.102420956 0.179225475 0.079217859 0.975250065
1305031458.927621 -1.693577766 0.174104288 -0.057683706 0.102793463 0.187001437 0.083307967 0.973408341
1305031458.959617 -1.697164297 0.162871987 -0.047295451 0.093894593 0.192580566 0.098704852 0.971778691
1305031458.991647 -1.709179521 0.135323256 -0.031895876 0.091383420 0.200513497 0.102412567 0.970028400
1305031459.027665 -1.730572701 0.130207151 -0.012580395 0.102127060 0.202812910 0.099778511 0.968752384
1305031459.059631 -1.765898943 0.113386258 -0.003034651 0.108652376 0.202687815 0.106679872 0.967332244
1305031459.127618 -1.800776005 0.072772756 -0.039208710 0.122245990 0.162985668 0.133032367 0.969945371
1305031459.159639 -1.805795193 0.074559465 -0.027761996 0.133473411 0.136661023 0.133319408 0.972488880
1305031459.191674 -1.831406593 0.069792628 -0.010750949 0.139902979 0.122983657 0.136900976 0.972913325
1305031459.227607 -1.835366607 0.070971914 0.000471622 0.143726945 0.109101966 0.147472173 0.972466588
1305031459.259760 -1.831827164 0.081201747 0.022816688 0.146885067 0.103985883 0.156191811 0.971193016
1305031459.327632 -1.843397260 0.087268338 0.035576880 0.143017426 0.132966816 0.180286199 0.964034617
1305031459.359651 -1.854093671 0.095340848 0.049269617 0.149281412 0.157357320 0.198307544 0.955838799
1305031459.391667 -1.871487617 0.121561661 0.065677285 0.153227866 0.183238000 0.220516488 0.945683658
1305031459.427646 -1.864436865 0.127449527 0.084714890 0.144100398 0.211172238 0.255376816 0.932429135
1305031459.459679 -1.898040295 0.120645866 0.096280575 0.143117726 0.257507890 0.294510067 0.909104407
1305031459.527594 -1.932231188 0.135825276 0.125823736 0.133923888 0.299497217 0.353191942 0.876139939
1305031464.195585 -1.987730026 0.027611822 -0.255813181 -0.033525504 0.333356768 0.265552253 0.904008448
1305031464.327866 -1.950934172 0.071987659 -0.287819624 0.007085576 0.272060066 0.250537306 0.929066300
1305031464.359684 -1.934765100 0.067551598 -0.311885536 0.011054641 0.260114461 0.249344140 0.932762444
1305031464.395611 -1.924456954 0.068278499 -0.329244852 0.015192447 0.254695117 0.238584504 0.937004268
1305031464.427634 -1.912054777 0.071160905 -0.346013546 0.015704213 0.252715409 0.229180038 0.939874887
1305031464.459689 -1.909140825 0.064755954 -0.358816922 0.016451433 0.252548605 0.220717639 0.941930056
1305031464.495633 -1.895608425 0.066765040 -0.381284297 0.018820571 0.248339921 0.215097412 0.944301963
1305031464.527574 -1.890249610 0.069726594 -0.396114826 0.020254949 0.248927429 0.206667870 0.945998549
1305031464.559703 -1.870389700 0.071015023 -0.421373308 0.016610285 0.242204264 0.195638210 0.950150967
1305031464.595698 -1.839077115 0.050826311 -0.464775264 0.012923508 0.240184218 0.187506646 0.952358007
1305031464.627672 -1.834643483 0.038647562 -0.489900827 0.018093310 0.252195477 0.177033097 0.951172650
1305031464.659749 -1.831646323 0.040342189 -0.496714592 0.026142288 0.266469061 0.163339466 0.949542582
1305031464.695663 -1.824372172 0.013176482 -0.516691387 0.030257097 0.278283238 0.142536938 0.949382007
1305031464.727652 -1.837498903 0.015228806 -0.515194178 0.048280567 0.290406168 0.123251751 0.947703719
1305031464.759740 -1.837261558 0.035650976 -0.511219263 0.062933564 0.291925132 0.100256093 0.949087858
1305031464.796021 -1.828853607 0.016199380 -0.528273880 0.063521124 0.285853475 0.084781237 0.952399611
1305031464.827759 -1.830604315 0.005104676 -0.526528120 0.071262032 0.276256710 0.068989381 0.955952108
1305031464.859654 -1.825556040 0.030633271 -0.517515361 0.082228869 0.260693669 0.049323250 0.960647941
1305031464.895817 -1.806591988 0.022659779 -0.536250949 0.075627826 0.240013719 0.028022945 0.967413366
1305031464.927799 -1.775401354 0.012245655 -0.535992742 0.070269138 0.224486649 0.010379829 0.971884906
1305031464.959763 -1.758662581 0.000904962 -0.534252882 0.070170052 0.218932867 -0.006967251 0.973188579
1305031464.995687 -1.733263731 0.007627621 -0.542406857 0.076282389 0.213791698 -0.025374277 0.973565757
1305031465.027823 -1.719998002 0.009292707 -0.529686213 0.077530324 0.213503405 -0.045877531 0.972779810
1305031465.059749 -1.711774111 0.030492082 -0.505817294 0.084962070 0.208742917 -0.065939985 0.972038984
1305031465.095700 -1.687188506 0.068355009 -0.507853866 0.084113874 0.191184565 -0.080534726 0.974621713
1305031465.127664 -1.667824388 0.078237221 -0.497594416 0.064273372 0.176538453 -0.097170137 0.977374613
1305031465.159842 -1.648423672 0.087766126 -0.479764581 0.049930099 0.164293811 -0.103089020 0.979738295
1305031465.195564 -1.623404384 0.088773891 -0.468929619 0.035979468 0.150433600 -0.107853308 0.982060552
1305031465.227907 -1.599585772 0.105089113 -0.460340947 0.026727851 0.138892993 -0.112544358 0.983528435
1305031465.259807 -1.587050796 0.106404409 -0.442647487 0.013585709 0.131722793 -0.114075847 0.984607160
1305031465.295623 -1.566044211 0.122443423 -0.430508107 0.012540810 0.120832883 -0.104365341 0.987091720
1305031465.327674 -1.555651665 0.138853267 -0.421461701 0.008604961 0.110085592 -0.091174155 0.989694118
1305031465.359948 -1.544015288 0.141273618 -0.410907537 0.004340328 0.095966391 -0.079436019 0.992200375
1305031465.395586 -1.516642451 0.148871258 -0.409620553 0.007260774 0.076348431 -0.068059616 0.994729161
1305031465.427697 -1.476252079 0.162184075 -0.409367979 0.012872144 0.055780433 -0.056233563 0.996775091
1305031465.460125 -1.455277801 0.182090491 -0.408041507 0.019249126 0.044444557 -0.043374348 0.997884154
1305031465.495703 -1.432750940 0.204832599 -0.412061751 0.021212295 0.033124477 -0.034313027 0.998636782
1305031465.527622 -1.399823666 0.198468924 -0.419848263 0.016226748 0.018012261 -0.028831502 0.999290228
1305031465.559812 -1.372317195 0.212104008 -0.424469173 0.024233961 0.006862415 -0.022940189 0.999419510
1305031465.595599 -1.345473886 0.230849504 -0.429411054 0.031671643 -0.000060199 -0.014399025 0.999394596
1305031465.627688 -1.331023335 0.245470837 -0.436842412 0.036663920 -0.003680160 -0.005898387 0.999303460
1305031465.660060 -1.305466533 0.263120890 -0.444228798 0.043216866 -0.016615810 0.003758707 0.998920441
1305031465.695668 -1.273547053 0.279833138 -0.448399782 0.049949680 -0.027481087 0.010895221 0.998314142
1305031465.727682 -1.249221683 0.296235561 -0.456407696 0.057436459 -0.032543231 0.020163525 0.997614861
1305031465.759766 -1.226852655 0.319424391 -0.462797701 0.066474378 -0.038226224 0.028467532 0.996649146
1305031465.795937 -1.197677612 0.338628054 -0.465410441 0.072372094 -0.044713572 0.036627080 0.995701492
1305031465.827996 -1.173013210 0.353451908 -0.471543521 0.080980860 -0.049601115 0.041573964 0.994612217
1305031465.859861 -1.146404624 0.381946146 -0.476291746 0.093920492 -0.053852621 0.047182035 0.993001878
1305031465.895494 -1.117888093 0.408216119 -0.476211250 0.098185681 -0.053299677 0.051336747 0.992412865
1305031465.927495 -1.092987895 0.422791600 -0.473666936 0.103210390 -0.047634553 0.052002233 0.992156386
1305031465.959710 -1.076128125 0.443282574 -0.482468009 0.113475151 -0.038508661 0.051457092 0.991459846
1305031465.995753 -1.065355420 0.469316334 -0.486425281 0.122276537 -0.030533442 0.047913935 0.990868509
1305031466.027644 -1.047797799 0.494159609 -0.486733884 0.128842965 -0.030315565 0.047283340 0.990073085
1305031466.059757 -1.034419537 0.525108874 -0.489213824 0.130308658 -0.029091649 0.049363788 0.989816427
1305031466.095840 -1.024103999 0.546469152 -0.502062619 0.126205429 -0.029823089 0.049168937 0.990335882
1305031466.127640 -1.011907220 0.568621397 -0.505245268 0.122795261 -0.034712277 0.047112074 0.990705192
1305031466.160428 -0.993638098 0.587281227 -0.510194302 0.118766412 -0.043278668 0.050230470 0.990706027
1305031466.195833 -0.984122038 0.607514560 -0.522897542 0.112470098 -0.051763445 0.050784033 0.991005540
1305031466.227951 -0.965561986 0.621021152 -0.528842032 0.102465212 -0.062908448 0.046147127 0.991672277
1305031466.259815 -0.936322808 0.619994044 -0.538192749 0.095879897 -0.070094049 0.040943123 0.992077351
1305031466.295737 -0.912982643 0.633404493 -0.554318488 0.098696597 -0.067336455 0.028947378 0.992414653
1305031466.327702 -0.900503874 0.648939848 -0.566432834 0.099814922 -0.057188377 0.018771246 0.993183792
1305031466.359829 -0.891044855 0.660035014 -0.581180096 0.094951458 -0.046876967 0.011276677 0.994313657
1305031466.395784 -0.879640937 0.650474608 -0.593739629 0.089869805 -0.042829603 0.009544679 0.994986415
1305031466.427819 -0.868384957 0.666028440 -0.608793378 0.097663775 -0.044311702 0.004476749 0.994222403
1305031466.459790 -0.851307511 0.680663109 -0.619426489 0.098386116 -0.050309464 0.000810950 0.993875504
1305031466.495809 -0.829372346 0.689605176 -0.624635994 0.094720758 -0.056084536 -0.000468813 0.993922651
1305031466.527538 -0.803689957 0.692417502 -0.632960141 0.091454595 -0.056875907 0.000025141 0.994183660
1305031466.560353 -0.785742879 0.707336009 -0.637531340 0.091153964 -0.053790279 -0.000579599 0.994382799
1305031466.595936 -0.763599515 0.719925404 -0.642341137 0.083687112 -0.055452380 -0.002731489 0.994944274
1305031466.627549 -0.736521482 0.713460088 -0.645518661 0.074944623 -0.055776965 -0.007778659 0.995596170
1305031466.659688 -0.719755590 0.717781663 -0.648874581 0.080709681 -0.051751871 -0.012908247 0.995309532
1305031466.695822 -0.704192877 0.737305403 -0.655699015 0.084451474 -0.051818404 -0.020684291 0.994864285
1305031466.728074 -0.682592988 0.738762379 -0.659377992 0.077122293 -0.055210244 -0.030832730 0.995014250
1305031466.759637 -0.658818603 0.731753647 -0.662366748 0.076144896 -0.056841653 -0.038179502 0.994742811
1305031466.795604 -0.645188510 0.747211635 -0.661786199 0.086321533 -0.057179712 -0.044856045 0.993613124
1305031466.827879 -0.623120725 0.757928431 -0.666950524 0.084816560 -0.063724250 -0.047201645 0.993235826
1305031466.859665 -0.610175192 0.750482500 -0.674010515 0.079396196 -0.068610802 -0.047815908 0.993328989
1305031466.895694 -0.599743783 0.755563855 -0.680986345 0.083159663 -0.078087062 -0.048972394 0.992264390
1305031466.927756 -0.578700781 0.765118718 -0.679879904 0.086464539 -0.094905868 -0.051970694 0.990361452
1305031466.959728 -0.558443069 0.764903545 -0.686119080 0.086692847 -0.105898976 -0.054297280 0.989101410
1305031466.995712 -0.537291288 0.769797564 -0.686189055 0.088763170 -0.112910591 -0.057033312 0.987987578
1305031467.027843 -0.521788955 0.769622862 -0.689843953 0.088452108 -0.116795890 -0.062037334 0.987262011
1305031467.059700 -0.499292076 0.775440872 -0.690493107 0.090298593 -0.121820040 -0.065053597 0.986293077
1305031467.095687 -0.481783748 0.777858377 -0.693241835 0.088321030 -0.123705074 -0.070208028 0.985884011
1305031467.128974 -0.469923943 0.773686767 -0.697929025 0.086867206 -0.125165835 -0.081121653 0.984990776
1305031467.159660 -0.457834125 0.777032673 -0.701306462 0.089341536 -0.127053499 -0.090061150 0.983750224
1305031467.195663 -0.445095122 0.779645383 -0.703835189 0.090692326 -0.131364688 -0.094464846 0.982646763
1305031467.227704 -0.429666430 0.783001184 -0.706021845 0.092434809 -0.138537854 -0.100585885 0.980890214
1305031467.259694 -0.414683819 0.783668935 -0.707634926 0.094201416 -0.144444481 -0.104832821 0.979424298
1305031467.295846 -0.399823427 0.786097884 -0.711420953 0.096724853 -0.149884939 -0.111456223 0.977627933
1305031467.328008 -0.384536862 0.791350901 -0.713209867 0.099162869 -0.155943528 -0.116502173 0.975846112
1305031467.359654 -0.370247602 0.798366129 -0.716349423 0.097812042 -0.162456915 -0.118272617 0.974706173
1305031467.395756 -0.353212148 0.799963892 -0.721629441 0.092187226 -0.170544058 -0.123507604 0.973222554
1305031467.427783 -0.337655067 0.799361467 -0.722989202 0.090477712 -0.176883623 -0.128443241 0.971611202
1305031467.459692 -0.325349897 0.803230882 -0.726331592 0.090945289 -0.183026761 -0.129176781 0.970331669
1305031467.496058 -0.305117041 0.807621896 -0.730568945 0.087851070 -0.191381246 -0.135502651 0.968139648
1305031467.527663 -0.291186363 0.808985293 -0.732539177 0.083525516 -0.194165170 -0.143305048 0.966843843
1305031467.559763 -0.276388735 0.806049943 -0.733124554 0.083364315 -0.195581406 -0.146367058 0.966113329
1305031467.595989 -0.261559725 0.806054950 -0.733348668 0.083100654 -0.197948113 -0.144286796 0.965966940
1305031467.627532 -0.249716729 0.795709312 -0.729700267 0.082532585 -0.203423336 -0.143471807 0.964999020
1305031467.659626 -0.236838669 0.790356100 -0.730596304 0.088319145 -0.209115177 -0.139955908 0.963785708
1305031467.695886 -0.223083705 0.790439427 -0.727848411 0.092644073 -0.213388234 -0.142265782 0.962103426
1305031467.727535 -0.209384233 0.774375021 -0.722561359 0.093798012 -0.216812342 -0.147288352 0.960468888
1305031467.759907 -0.199171633 0.769808352 -0.715964139 0.100704104 -0.219134420 -0.148796469 0.959009111
1305031467.796075 -0.188157797 0.764884830 -0.708805323 0.105119213 -0.222548679 -0.151320964 0.957352638
1305031467.827800 -0.179396212 0.749867380 -0.695888042 0.108540617 -0.226482540 -0.152345940 0.955884576
1305031467.859729 -0.172873974 0.736722291 -0.687845886 0.113943271 -0.231146395 -0.149808824 0.954539478
1305031467.895947 -0.164124757 0.732049346 -0.673678994 0.119688757 -0.239879146 -0.149208471 0.951771736
1305031467.927754 -0.158378601 0.719401717 -0.661965787 0.121975362 -0.247054264 -0.152380556 0.949139833
1305031467.959826 -0.150584668 0.704182029 -0.647943377 0.127488703 -0.252984613 -0.153984025 0.946590900
1305031467.995754 -0.141001225 0.702876568 -0.629487574 0.132360592 -0.256896585 -0.155623928 0.944598317
1305031468.028107 -0.138399452 0.687667966 -0.610235929 0.130142435 -0.258066177 -0.159204364 0.943990886
1305031468.059850 -0.133651704 0.667361379 -0.595746219 0.133070722 -0.261176288 -0.161795005 0.942285240
1305031468.095867 -0.126755178 0.661503315 -0.581157327 0.136312783 -0.265310645 -0.163729087 0.940330744
1305031468.127816 -0.121653497 0.643739522 -0.565297902 0.134010971 -0.268254936 -0.165572971 0.939503014
1305031468.159864 -0.115899950 0.628367662 -0.548450947 0.135657877 -0.271182835 -0.168500438 0.937904298
1305031468.195985 -0.109239429 0.616893172 -0.535292864 0.135930941 -0.272217393 -0.172428936 0.936850429
1305031468.228158 -0.098109543 0.586783051 -0.522247553 0.129633993 -0.274301320 -0.172636539 0.937096834
1305031468.259754 -0.091682881 0.570004582 -0.508970082 0.128916651 -0.273508757 -0.171419188 0.937650740
1305031468.295830 -0.084083274 0.549050927 -0.496898621 0.126326308 -0.272607595 -0.171865091 0.938183963
1305031468.327847 -0.079373807 0.521435618 -0.484544277 0.125269324 -0.271410406 -0.170831308 0.938861370
1305031468.359787 -0.070752636 0.504244208 -0.477320671 0.127101436 -0.270093709 -0.166096658 0.939843893
1305031468.395860 -0.065242857 0.491324395 -0.467933118 0.124913849 -0.269762129 -0.165668905 0.940307796
1305031468.428025 -0.063918322 0.464709461 -0.463358253 0.117939897 -0.269694030 -0.166976318 0.940996408
1305031468.459759 -0.057819828 0.441973954 -0.458710223 0.115131937 -0.270634443 -0.165097728 0.941405535
1305031468.495809 -0.052566797 0.422225833 -0.453406751 0.111080855 -0.270009696 -0.165988863 0.941914797
1305031468.527756 -0.056922436 0.397568405 -0.451964706 0.108867586 -0.266866714 -0.171128497 0.942149162
1305031468.559739 -0.061054349 0.374374747 -0.452362865 0.113980547 -0.265606314 -0.180254310 0.940196812
1305031468.595768 -0.061368197 0.364666551 -0.451929480 0.117859766 -0.266012698 -0.185872018 0.938508332
1305031468.627626 -0.067426860 0.347149044 -0.451199710 0.111098133 -0.266061485 -0.188463107 0.938802481
1305031468.659579 -0.075170547 0.318962276 -0.454485118 0.106474668 -0.268900067 -0.190965876 0.938023448
1305031468.695835 -0.081806436 0.297970593 -0.452859998 0.109361127 -0.275064409 -0.194869027 0.935096681
1305031468.727785 -0.084933937 0.283339113 -0.452105343 0.112884767 -0.280760527 -0.195788994 0.932790041
1305031468.759628 -0.089671344 0.268994480 -0.448176891 0.113858908 -0.285166979 -0.196402341 0.931204617
1305031468.795796 -0.095295206 0.243052170 -0.446626604 0.114544384 -0.287677616 -0.200576171 0.929457009
1305031468.829247 -0.102450013 0.231964111 -0.448509902 0.123985380 -0.288072914 -0.207400650 0.926621079
1305031468.859659 -0.096277431 0.225569189 -0.440399289 0.127421871 -0.289950192 -0.210092455 0.924961448
1305031468.895873 -0.099960074 0.211857691 -0.436054230 0.124212913 -0.285398990 -0.212064371 0.926362395
1305031468.928141 -0.105620980 0.203069255 -0.434309602 0.119952887 -0.279333532 -0.209404916 0.929372728
1305031468.959594 -0.109609902 0.202967688 -0.433268875 0.114929758 -0.273157537 -0.206482515 0.932491839
1305031468.995711 -0.117817968 0.218382746 -0.431793272 0.106406495 -0.267145485 -0.210645646 0.934312224
1305031469.027699 -0.119531140 0.192918301 -0.425185531 0.081682809 -0.266151249 -0.218940631 0.935177207
1305031469.059832 -0.129338011 0.182553187 -0.423253864 0.068161197 -0.263318360 -0.226645887 0.935226798
1305031469.095723 -0.126201317 0.179924652 -0.409064740 0.058605123 -0.264393866 -0.236394927 0.933155239
1305031469.127679 -0.130174205 0.162242681 -0.399073303 0.043340944 -0.257805049 -0.248810261 0.932604730
1305031469.159703 -0.132977366 0.151679292 -0.390659928 0.032854572 -0.249321267 -0.256648719 0.933215380
1305031469.195540 -0.138877511 0.145530045 -0.378940344 0.025561968 -0.239918053 -0.261706740 0.934502780
1305031469.227754 -0.154253125 0.145908594 -0.374763757 0.021861602 -0.229938477 -0.266087264 0.935867488
1305031469.259586 -0.157548085 0.143088967 -0.360880822 0.016744057 -0.227946401 -0.269374102 0.935519993
1305031469.296754 -0.163664907 0.141748756 -0.348908514 0.012312753 -0.222764552 -0.272032171 0.936067760
1305031469.327618 -0.166608959 0.147134304 -0.337856323 0.009059990 -0.219755545 -0.273582548 0.936364233
1305031469.359592 -0.160737067 0.140870690 -0.323138416 0.001577121 -0.217848167 -0.277939081 0.935569108
1305031469.395695 -0.164749071 0.135041714 -0.308531433 -0.001133962 -0.207151800 -0.283786118 0.936243713
1305031469.427651 -0.171184137 0.142450079 -0.300088823 0.001207512 -0.193310261 -0.289806694 0.937358916
1305031469.459668 -0.178475291 0.146287739 -0.287392378 0.000508307 -0.182651758 -0.296826899 0.937300324
1305031469.495744 -0.188217685 0.155513361 -0.274660379 0.000985511 -0.175931558 -0.299667388 0.937681496
1305031469.527622 -0.191257775 0.165865019 -0.261242151 -0.001230111 -0.176376432 -0.299844593 0.937540948
1305031469.559645 -0.188732535 0.172014624 -0.247894049 -0.007543804 -0.178993329 -0.299352497 0.937172651
1305031469.595755 -0.188923270 0.181557983 -0.233951166 -0.014594812 -0.180308551 -0.298839897 0.937000811
1305031469.627752 -0.194171041 0.185956240 -0.220791310 -0.025833946 -0.177508056 -0.299927950 0.936945438
1305031469.659590 -0.203041539 0.191076279 -0.207806543 -0.032937035 -0.171903417 -0.301169366 0.937369406
1305031469.695613 -0.205188960 0.201055840 -0.196771026 -0.036891274 -0.168290228 -0.300501734 0.938091755
1305031469.727679 -0.210764796 0.212182820 -0.184390172 -0.042133607 -0.163002253 -0.298908919 0.939312756
1305031469.759599 -0.214330330 0.220615834 -0.172736719 -0.049914740 -0.159809276 -0.295410126 0.940586209
1305031469.795621 -0.216352507 0.239434317 -0.161753297 -0.053039100 -0.159755558 -0.290732771 0.941880822
1305031469.827526 -0.221272439 0.251560062 -0.153084770 -0.059003782 -0.161341563 -0.287325084 0.942301333
1305031469.859574 -0.230728567 0.268068016 -0.143171325 -0.065212667 -0.161986262 -0.285390615 0.942369342
1305031469.895755 -0.241717130 0.283224463 -0.133431181 -0.070543930 -0.161819890 -0.282554805 0.942868292
1305031469.927854 -0.253107935 0.303468227 -0.127711773 -0.071551472 -0.161416993 -0.279547960 0.943757355
1305031469.959805 -0.263100088 0.319707364 -0.122073434 -0.072660238 -0.163656965 -0.277032048 0.944028676
1305031469.995551 -0.272658080 0.333324105 -0.117831334 -0.075182840 -0.165535897 -0.274918258 0.944121480
1305031470.027694 -0.285293847 0.349324405 -0.115247130 -0.077408105 -0.166319862 -0.274217904 0.944007576
1305031470.059638 -0.297210902 0.364693761 -0.114341915 -0.078727037 -0.165713340 -0.274302930 0.943980396
1305031470.095944 -0.309112877 0.380127907 -0.113620400 -0.080193497 -0.164740846 -0.271111757 0.944948614
1305031470.127633 -0.321362674 0.393262923 -0.112711750 -0.085363097 -0.164449111 -0.269676507 0.944957256
1305031470.159626 -0.332163006 0.409116983 -0.111738876 -0.087673508 -0.165405095 -0.265901774 0.945648372
1305031470.196092 -0.346864641 0.426411569 -0.115577102 -0.088077404 -0.163858697 -0.261844605 0.947011173
1305031470.227618 -0.359013408 0.437943667 -0.119247250 -0.093118504 -0.163193628 -0.259274334 0.947350860
1305031470.259965 -0.370802045 0.447115153 -0.120670721 -0.099511474 -0.162827551 -0.258056432 0.947096348
1305031470.295718 -0.381856292 0.458001137 -0.124282315 -0.105818622 -0.161662579 -0.256060988 0.947153866
1305031470.327644 -0.395834357 0.472180665 -0.125180945 -0.112189680 -0.160527945 -0.252342969 0.947611392
1305031470.359624 -0.409749210 0.484470367 -0.128788024 -0.117142953 -0.160036668 -0.248541638 0.948099554
1305031470.395823 -0.421580404 0.495878547 -0.131001607 -0.120644882 -0.161447600 -0.245454296 0.948225558
1305031470.427641 -0.434038967 0.509338617 -0.135373846 -0.119804211 -0.162189394 -0.245078474 0.948302746
1305031470.459721 -0.448654413 0.520239115 -0.138390660 -0.118753895 -0.162303105 -0.244759157 0.948497832
1305031470.495686 -0.461688429 0.525831044 -0.141220316 -0.119902976 -0.164228305 -0.244681552 0.948041797
1305031470.527689 -0.473980576 0.532890797 -0.146921724 -0.120137773 -0.164072394 -0.244690970 0.948036611
1305031470.559677 -0.486582816 0.542503297 -0.149234951 -0.120397680 -0.161970302 -0.244278610 0.948471367
1305031470.595760 -0.498069674 0.548116326 -0.151582003 -0.122311898 -0.161221951 -0.240881428 0.949222505
1305031470.627729 -0.508851945 0.555074453 -0.153769016 -0.124760672 -0.160407797 -0.236823767 0.950062454
1305031470.659690 -0.519090295 0.559722602 -0.156040758 -0.127299055 -0.160076812 -0.232639179 0.950815141
1305031470.695630 -0.531226099 0.567883015 -0.157241389 -0.129065767 -0.158963516 -0.228835121 0.951686442
1305031470.727654 -0.543462932 0.572367251 -0.158415660 -0.129310578 -0.157976672 -0.227509171 0.952135324
1305031470.759682 -0.553240061 0.571605384 -0.162462056 -0.133553669 -0.153616995 -0.225710094 0.952691019
1305031470.795615 -0.562327147 0.577604115 -0.160730913 -0.134813949 -0.148767874 -0.221363604 0.954301596
1305031470.827831 -0.572445035 0.584639966 -0.159598827 -0.129420027 -0.147692606 -0.214758813 0.956721485
1305031470.859645 -0.582961380 0.586178780 -0.161828116 -0.125701666 -0.147191703 -0.210323095 0.958278596
1305031470.895722 -0.591180742 0.587828636 -0.164175794 -0.122390263 -0.149024948 -0.204782337 0.959623039
1305031470.927684 -0.600115299 0.588493049 -0.165837914 -0.119084887 -0.152227074 -0.200814828 0.960374475
1305031470.959647 -0.612250030 0.590853512 -0.170013353 -0.107636206 -0.153108969 -0.198168889 0.962133646
1305031470.995996 -0.622202039 0.585527539 -0.174431533 -0.104415581 -0.152952969 -0.197796375 0.962589920
1305031471.027644 -0.631636679 0.578696072 -0.177949905 -0.100644037 -0.151182994 -0.195899725 0.963658571
1305031471.059636 -0.642581344 0.577188373 -0.181857973 -0.092424937 -0.146495119 -0.189226955 0.966535032
1305031471.095777 -0.648309350 0.575457752 -0.186394960 -0.086030051 -0.147487432 -0.182121798 0.968337715
1305031471.127663 -0.657044590 0.572866440 -0.189728767 -0.081807144 -0.147333205 -0.175647125 0.969921947
1305031471.159649 -0.661445796 0.573525667 -0.193179384 -0.075440809 -0.147803560 -0.168576390 0.971619666
1305031471.195703 -0.667739749 0.576752305 -0.196223617 -0.070776306 -0.144239083 -0.162830874 0.973484397
1305031471.227569 -0.678332031 0.571626186 -0.199157536 -0.075124793 -0.138590798 -0.158127323 0.974753618
1305031471.259722 -0.683776081 0.571101367 -0.200469881 -0.075280845 -0.137306631 -0.155045584 0.975418150
1305031471.296068 -0.690159976 0.570484757 -0.200474635 -0.073868252 -0.134568095 -0.151433870 0.976474643
1305031471.327642 -0.691040039 0.566471338 -0.201275080 -0.072451696 -0.133700386 -0.146863133 0.977397680
1305031471.359615 -0.693014026 0.566334724 -0.204880238 -0.071755022 -0.126707807 -0.144032031 0.978800833
1305031471.395730 -0.702385306 0.561142266 -0.207268462 -0.073729612 -0.117140792 -0.139402658 0.980514586
1305031471.427704 -0.712219000 0.565947652 -0.211381257 -0.066531166 -0.111045934 -0.132074356 0.982750595
1305031471.459647 -0.715355814 0.566476464 -0.213713467 -0.065924227 -0.112170532 -0.126799643 0.983358324
1305031471.496491 -0.720350862 0.564022303 -0.216202661 -0.068615690 -0.110910855 -0.123111725 0.983785629
1305031471.527624 -0.725030720 0.565078139 -0.219764441 -0.067969911 -0.109495707 -0.118268743 0.984582782
1305031471.559671 -0.726044118 0.564130485 -0.222700745 -0.068821356 -0.108716093 -0.116647959 0.984803379
1305031471.595702 -0.729910254 0.564400911 -0.225793749 -0.068631075 -0.103387825 -0.114686817 0.985620439
1305031471.627621 -0.731416166 0.563030660 -0.228492737 -0.068930171 -0.099525891 -0.112668000 0.986229777
1305031471.659642 -0.735425711 0.561903417 -0.232700914 -0.067868255 -0.093058102 -0.109882042 0.987248719
1305031471.695609 -0.736640632 0.564267457 -0.235667288 -0.064848840 -0.089393869 -0.103903376 0.988436878
1305031471.727501 -0.737936139 0.568630517 -0.238892958 -0.063512690 -0.085566886 -0.099351406 0.989329934
1305031471.759702 -0.738964558 0.562546670 -0.241321504 -0.069105387 -0.081260897 -0.094140045 0.989827633
1305031471.795801 -0.739855051 0.567312837 -0.243364796 -0.066055156 -0.074498124 -0.085647300 0.991338134
1305031471.827639 -0.742169440 0.574602425 -0.245702744 -0.066220783 -0.068754464 -0.078080796 0.992366374
1305031471.859665 -0.743402898 0.575084507 -0.245003313 -0.070845783 -0.066011995 -0.071415178 0.992735207
1305031471.895604 -0.746247411 0.579941392 -0.247279778 -0.072725326 -0.060745388 -0.064865358 0.993384838
1305031471.927651 -0.748442769 0.578314185 -0.247669488 -0.081252061 -0.055713475 -0.061380282 0.993240476
1305031471.959643 -0.751930773 0.573354542 -0.246198624 -0.086710460 -0.048139703 -0.060826685 0.993208945
1305031471.995573 -0.756540298 0.585672617 -0.249023825 -0.080376819 -0.038818259 -0.056737632 0.994391024
1305031472.027638 -0.760295272 0.588658571 -0.249089673 -0.088060752 -0.032616142 -0.053103685 0.994163692
1305031472.059668 -0.765880227 0.585618496 -0.247078031 -0.093370907 -0.026797004 -0.050799277 0.993973434
1305031472.095601 -0.772376716 0.591659427 -0.248460516 -0.090710819 -0.019626586 -0.045363821 0.994649947
1305031472.127594 -0.777086675 0.597773194 -0.248542368 -0.093999848 -0.016337447 -0.041684855 0.994564950
1305031472.159645 -0.778313577 0.594452202 -0.243803978 -0.099463597 -0.017698929 -0.039650694 0.994093299
1305031472.195682 -0.784185112 0.593837559 -0.244119778 -0.096618146 -0.014732890 -0.035046432 0.994595170
1305031472.227626 -0.786394238 0.596450686 -0.245613843 -0.093182422 -0.013946519 -0.032279037 0.995027900
1305031472.263840 -0.788498878 0.591956735 -0.244963855 -0.093586236 -0.012618558 -0.031968899 0.995017767
1305031472.295671 -0.791646898 0.589213312 -0.246889412 -0.088069417 -0.009512131 -0.029704638 0.995625913
1305031472.327678 -0.793067992 0.594433725 -0.248596996 -0.079621047 -0.008321462 -0.027499592 0.996411085
1305031472.363577 -0.793485940 0.595432520 -0.249393433 -0.078681551 -0.008899461 -0.026127430 0.996517658
1305031472.395599 -0.799368083 0.591075838 -0.249026015 -0.080787040 -0.007610648 -0.024677284 0.996396780
1305031472.427686 -0.798102379 0.587198555 -0.249051496 -0.080370396 -0.012129794 -0.023764782 0.996407866
1305031472.463603 -0.795576155 0.585508108 -0.249771833 -0.078364290 -0.014764785 -0.025013549 0.996501565
1305031472.495626 -0.794645786 0.583405495 -0.250513941 -0.078703366 -0.013496948 -0.025875777 0.996470809
1305031472.527625 -0.795388341 0.577067137 -0.249236748 -0.080622308 -0.010903191 -0.024685780 0.996379316
1305031472.563587 -0.795740664 0.571448386 -0.249455094 -0.077191152 -0.011055023 -0.023434574 0.996679544
1305031472.595675 -0.793498933 0.575030863 -0.251035720 -0.069491327 -0.013212366 -0.020809283 0.997277975
1305031472.627701 -0.792098761 0.569441617 -0.251194656 -0.071925282 -0.014280627 -0.018615847 0.997134030
1305031472.663575 -0.790517807 0.563782632 -0.249730378 -0.073100671 -0.015201184 -0.017888572 0.997048259
1305031472.695755 -0.788285494 0.559564888 -0.248595446 -0.072181493 -0.016632961 -0.016146330 0.997122109
1305031472.727628 -0.787571311 0.555048585 -0.248768166 -0.070975058 -0.016994666 -0.016112380 0.997203112
1305031472.763578 -0.785022080 0.555055499 -0.247139633 -0.067300104 -0.017636292 -0.017698515 0.997419894
1305031472.795640 -0.783757985 0.550174952 -0.245925844 -0.067077249 -0.016844492 -0.018975474 0.997425079
1305031472.827627 -0.783555090 0.548154175 -0.245412499 -0.064313158 -0.015730349 -0.019113285 0.997622669
1305031472.863598 -0.783178329 0.548787236 -0.244161889 -0.061060794 -0.016028237 -0.017651493 0.997849226
1305031472.895713 -0.782515824 0.547582448 -0.243338451 -0.061228644 -0.017642405 -0.015149945 0.997852802
1305031472.927685 -0.780181050 0.545029342 -0.241921440 -0.062335171 -0.019954225 -0.013800721 0.997760355
1305031472.963756 -0.780847251 0.544465065 -0.240792006 -0.061962228 -0.018968634 -0.012543556 0.997819364
1305031472.995704 -0.780643165 0.544457853 -0.239330247 -0.062376149 -0.020022480 -0.011447599 0.997786164
1305031473.027638 -0.780339181 0.544556320 -0.238379359 -0.062536389 -0.021628257 -0.011243260 0.997744918
1305031473.063684 -0.779661834 0.541601419 -0.237470403 -0.064825729 -0.022450039 -0.013025280 0.997559011
1305031473.095695 -0.777637541 0.540857613 -0.236943185 -0.064429440 -0.022679746 -0.014806234 0.997554600
1305031473.127744 -0.780696034 0.540456772 -0.236378431 -0.064346410 -0.019650543 -0.016484719 0.997597933
1305031473.167060 -0.782026768 0.537867248 -0.236728832 -0.064793460 -0.019641709 -0.016590422 0.997567415
1305031473.196069 -0.780557871 0.536264300 -0.236839861 -0.064464070 -0.021227093 -0.016874067 0.997551560
