1341836537.655662 0.000000000 0.000000000 0.000000000 0.000000000 0.000000000 0.000000000 1.000000000
1341836537.687415 -0.003757288 0.000296188 -0.003201613 -0.001311814 0.000625614 -0.000762910 0.999998629
1341836537.723576 0.000380860 0.001562631 -0.002729005 -0.001905781 0.000409474 -0.002096702 0.999995947
1341836537.755501 0.002343602 0.007026527 -0.004507496 -0.001951473 0.000828388 -0.002804022 0.999993801
1341836537.787367 -0.012088353 -0.001778331 -0.013667803 -0.005012948 0.005379973 -0.003075436 0.999968231
1341836537.823375 -0.008234330 0.004024666 -0.007652793 -0.004862620 0.005106491 -0.001652421 0.999973774
1341836537.855421 -0.006759216 0.001311819 -0.013186974 -0.006054325 0.005282569 -0.004668172 0.999956787
1341836537.887593 -0.014642881 -0.005723195 -0.012780501 -0.007860591 0.009329705 -0.008002573 0.999893546
1341836537.923463 -0.013099284 -0.002326584 -0.008082465 -0.005580379 0.011372275 -0.006954513 0.999895573
1341836537.955620 -0.008697748 0.005843612 -0.011842044 -0.002059470 0.012002328 -0.002677267 0.999922216
1341836537.987525 -0.002123786 0.012199424 -0.007294009 -0.001179135 0.012471921 -0.002036519 0.999919415
1341836538.023300 -0.008619966 0.003257691 -0.014198679 -0.003089723 0.017844168 -0.004863864 0.999824166
1341836538.055509 -0.024080729 0.007777122 -0.016218932 -0.001892249 0.022110503 -0.005191471 0.999740243
1341836538.087628 -0.025417030 0.004675274 -0.018491946 -0.002136008 0.019709028 -0.006960961 0.999779224
1341836538.123334 -0.023414178 -0.000137463 -0.022534886 -0.003341811 0.018547719 -0.010433459 0.999767959
1341836538.155344 -0.030871300 0.000824140 -0.020128353 -0.002785397 0.021484625 -0.011258095 0.999701917
1341836538.191519 -0.048580762 0.002423898 -0.024449034 -0.001573555 0.024458533 -0.009900315 0.999650598
1341836538.223356 -0.036085654 0.012729728 -0.018666254 0.000111293 0.020891296 -0.007400054 0.999754369
1341836538.255568 -0.040446788 0.003510919 -0.021005055 -0.000815530 0.022944352 -0.007882123 0.999705315
1341836538.291700 -0.044711314 0.012996096 -0.026793791 0.002508431 0.022922277 -0.006541430 0.999712706
1341836538.323323 -0.056926008 0.004839133 -0.027985839 0.000496992 0.025563225 -0.005164336 0.999659717
1341836538.355402 -0.056322102 0.006460376 -0.025962066 0.001623187 0.024944525 -0.003997279 0.999679506
1341836538.391298 -0.064879619 0.006504737 -0.030240107 0.002086865 0.026957279 -0.002654697 0.999630868
1341836538.423501 -0.073952958 0.012276140 -0.032275666 0.002414778 0.029545078 -0.000878970 0.999560177
1341836538.456232 -0.076893665 0.006121723 -0.038633134 0.000961087 0.029749800 0.001696420 0.999555469
1341836538.491425 -0.075088874 0.011538436 -0.037658274 0.001483813 0.028597346 0.003249594 0.999584615
1341836538.523417 -0.081035987 0.010831235 -0.036525384 0.001018684 0.030317647 0.003402884 0.999533951
1341836538.556411 -0.106514126 0.007474924 -0.036424156 -0.000140370 0.034251831 0.003659626 0.999406517
1341836538.591453 -0.103025585 0.003920512 -0.040072415 -0.000307303 0.031411067 0.002936074 0.999502182
1341836538.623386 -0.107642591 0.010544368 -0.042068128 0.002243543 0.033725597 0.004353453 0.999419153
1341836538.659232 -0.116857320 0.016348833 -0.038034305 0.002632084 0.035376925 0.006379019 0.999350190
1341836538.691411 -0.121727064 0.015537335 -0.032854602 0.001572602 0.036552265 0.009158224 0.999288559
1341836538.723365 -0.120666578 0.017743781 -0.034948815 0.001801537 0.038212232 0.013918841 0.999171078
1341836538.759383 -0.119987257 0.017436873 -0.036096938 0.000963690 0.039825849 0.017590040 0.999051332
1341836538.791663 -0.131758541 0.015918666 -0.035676833 0.001180711 0.041527204 0.019689273 0.998942614
1341836538.824233 -0.142996088 0.013275751 -0.037753645 0.000215022 0.042707320 0.020077555 0.998885810
1341836538.859625 -0.148194060 0.021672217 -0.031014554 0.000414686 0.045115020 0.022465110 0.998729110
1341836538.891338 -0.168417871 0.007529946 -0.042248804 -0.002484299 0.046694212 0.023172881 0.998637319
1341836538.924362 -0.178597957 0.007311422 -0.032782443 -0.002379575 0.043732535 0.021786733 0.998802841
1341836538.959281 -0.174633265 0.010788495 -0.030028287 -0.000746314 0.044954892 0.021596255 0.998755276
1341836538.992295 -0.182357386 0.007994529 -0.022978989 -0.001834154 0.050501328 0.022729043 0.998463631
1341836539.028701 -0.199786022 0.013075361 -0.017928502 0.001189518 0.055800419 0.028786754 0.998026133
1341836539.059493 -0.190981165 0.012036527 -0.017746514 0.002746838 0.054019365 0.030817455 0.998060465
1341836539.092314 -0.210081905 0.017016187 -0.014170893 0.005826753 0.060667198 0.028019622 0.997747719
1341836539.127236 -0.223242581 0.010551660 -0.010205092 0.005858269 0.062474500 0.026793189 0.997669637
1341836539.159608 -0.228731126 0.008307938 -0.013213895 0.005666055 0.058458764 0.025446337 0.997949362
1341836539.195388 -0.230828956 0.015634093 -0.003576040 0.006071088 0.058253542 0.022155115 0.998037457
1341836539.227456 -0.240062907 0.020270782 0.000433723 0.005120741 0.061346538 0.019765588 0.997907639
1341836539.260399 -0.227087289 0.021345394 -0.004357608 0.003915552 0.058610443 0.021722838 0.998036861
1341836539.295519 -0.260899693 0.008706184 -0.001993928 -0.000161402 0.063436486 0.021558329 0.997752964
1341836539.327434 -0.271160126 0.007127494 0.005932605 -0.001189806 0.065168455 0.020473121 0.997663498
1341836539.363371 -0.260862619 0.021843515 0.005614735 0.002290621 0.063521460 0.020388231 0.997769535
1341836539.395523 -0.270498574 0.027754286 0.006003717 0.002973354 0.064121276 0.022495380 0.997684121
1341836539.427397 -0.274657905 0.023281025 0.012088664 0.001265939 0.063873775 0.022058191 0.997713327
1341836539.463424 -0.273744434 0.019513801 0.010002751 0.000018289 0.064785890 0.019993991 0.997698843
1341836539.495503 -0.289923936 0.019395445 0.012212096 0.000226002 0.068807811 0.020718453 0.997414708
1341836539.531399 -0.300273389 0.018644985 0.013401894 0.000010345 0.069740683 0.020711461 0.997350097
1341836539.563358 -0.299368382 0.014006201 0.016188135 -0.001527120 0.070375018 0.022513105 0.997265339
1341836539.628437 -0.320414811 0.010045861 0.011106294 0.000524702 0.075241692 0.021007149 0.996943891
1341836539.692462 -0.328403950 0.012473926 0.022288285 0.001431360 0.075603105 0.021451732 0.996906161
1341836539.728498 -0.328322202 0.010596288 0.022740074 0.000604242 0.076612644 0.019804534 0.996864021
1341836539.760370 -0.331496090 0.009803738 0.024452750 0.000104695 0.078126781 0.019256879 0.996757448
1341836539.796542 -0.341507792 0.014935819 0.028700884 0.000882705 0.079843670 0.019051453 0.996624947
1341836539.828612 -0.339373499 0.014716938 0.025794365 -0.000059854 0.079645090 0.019665860 0.996629298
1341836539.860428 -0.349131763 0.005421758 0.026977075 -0.001688736 0.083447143 0.016033376 0.996381760
1341836539.896538 -0.349958241 0.006676922 0.021436945 -0.000651606 0.083867855 0.016130054 0.996346116
1341836539.928277 -0.361890674 0.006376346 0.023846343 -0.000284193 0.086226240 0.017557556 0.996120811
1341836539.967421 -0.369174570 0.010498585 0.031787228 0.000806797 0.087320641 0.019671036 0.995985687
1341836540.028550 -0.378515273 0.007905422 0.025942311 0.000660782 0.088101625 0.020503469 0.995900214
1341836540.064319 -0.380414963 0.009113268 0.028078284 -0.000028698 0.087602928 0.021747386 0.995918036
1341836540.096659 -0.382815570 0.018618809 0.041581813 0.000759819 0.087754443 0.022261066 0.995893061
1341836540.128316 -0.389702111 0.021533318 0.041453660 -0.000028286 0.086901493 0.021578273 0.995983183
1341836540.164722 -0.390361518 0.024579139 0.045285951 -0.000936347 0.086477630 0.022790123 0.995992661
1341836540.196409 -0.396748424 0.022051051 0.051019318 -0.001926578 0.088682860 0.024822261 0.995748699
1341836540.232442 -0.404913217 0.022605641 0.054811895 -0.002491041 0.090406656 0.029196331 0.995473742
1341836540.264342 -0.405279338 0.012546559 0.055429898 -0.006418845 0.088739470 0.031952735 0.995521545
1341836540.296462 -0.414315432 0.007204459 0.063848622 -0.006073595 0.091562212 0.032199088 0.995260119
1341836540.332431 -0.428046554 0.010243783 0.064098105 -0.002451369 0.093399182 0.033740584 0.995053768
1341836540.364486 -0.434673727 0.014094871 0.063759021 -0.000558873 0.091419354 0.036733426 0.995134592
1341836540.396559 -0.434841543 0.007170518 0.071044013 -0.002479840 0.089863390 0.036862280 0.995268583
1341836540.432557 -0.446769446 0.001588009 0.072563842 -0.002322287 0.090689391 0.032777183 0.995336950
1341836540.464302 -0.444808632 0.008919572 0.067450151 0.000341802 0.086333871 0.031736854 0.995760560
1341836540.500473 -0.442583799 0.007971940 0.070636787 -0.001211755 0.083164126 0.030927297 0.996055126
1341836540.532753 -0.439726919 0.018184543 0.074559644 -0.000790359 0.082198910 0.028706217 0.996202111
1341836540.564528 -0.442993313 0.012860859 0.072757810 -0.003072213 0.083210699 0.027753986 0.996140659
1341836540.600372 -0.452891350 0.012281209 0.074868828 -0.003544801 0.084726445 0.028852746 0.995980084
1341836540.632355 -0.447957814 0.006806077 0.071591079 -0.005817159 0.084166229 0.028321736 0.996032119
1341836540.664373 -0.465623826 0.003062538 0.077142268 -0.007704605 0.089725047 0.024441272 0.995636761
1341836540.700377 -0.463743776 0.011505166 0.077576004 -0.006344798 0.089407064 0.025312200 0.995653272
1341836540.732431 -0.459286481 0.007600568 0.073473327 -0.007303704 0.086326391 0.026623085 0.995884359
1341836540.768334 -0.457646549 0.014184688 0.071113460 -0.006939980 0.086450532 0.027102536 0.995863259
1341836540.800341 -0.467544585 0.008273460 0.076444626 -0.008861303 0.090057306 0.027411805 0.995519817
1341836540.832332 -0.473208040 0.012799144 0.076788068 -0.007204411 0.087953098 0.026645120 0.995742142
1341836540.868402 -0.472598046 0.019198844 0.079733528 -0.006164825 0.086978570 0.025789848 0.995857239
1341836540.900301 -0.485683143 0.016297547 0.077413671 -0.007981595 0.090192840 0.023049762 0.995625556
1341836540.932326 -0.486053854 0.026332570 0.076410450 -0.006644327 0.089685313 0.024136983 0.995655417
1341836540.968285 -0.487403750 0.015270372 0.074706666 -0.009689392 0.090488635 0.025943728 0.995512366
1341836541.000321 -0.496721774 0.017110903 0.079839237 -0.008723155 0.092646703 0.026357409 0.995311856
1341836541.036246 -0.498873889 0.018873338 0.074152522 -0.006631554 0.092292637 0.026440967 0.995358706
1341836541.071359 -0.508027017 0.018543769 0.075161219 -0.005911586 0.093993098 0.026508754 0.995202303
1341836541.103403 -0.511452913 0.022122212 0.073766463 -0.004047105 0.095929265 0.028603522 0.994968832
1341836541.139243 -0.511647165 0.031495929 0.072128832 -0.003020599 0.096604884 0.030036919 0.994864881
1341836541.171340 -0.524617732 0.019285321 0.070863783 -0.006850591 0.101133563 0.027783593 0.994461238
1341836541.204384 -0.536028385 0.022598939 0.068279967 -0.005002397 0.103411898 0.028434688 0.994219542
1341836541.239253 -0.534680068 0.012112943 0.057458177 -0.006956044 0.101753116 0.029844813 0.994337559
1341836541.271362 -0.542797387 0.021257972 0.063299596 -0.006360007 0.104232855 0.029520093 0.994094372
1341836541.304263 -0.555796981 0.016653202 0.057966642 -0.007867943 0.107327081 0.029264988 0.993761837
1341836541.339433 -0.559896410 0.019339096 0.050124094 -0.008135449 0.107330434 0.028724488 0.993775070
1341836541.371310 -0.567892253 0.024223113 0.052285351 -0.008464424 0.110220760 0.029957088 0.993419468
1341836541.407187 -0.573289096 0.014720463 0.046950944 -0.012433199 0.112398788 0.028684212 0.993171215
1341836541.439348 -0.582457364 0.008469641 0.042549349 -0.014426130 0.113820128 0.027395584 0.993018806
1341836541.472293 -0.589075625 0.015557567 0.044351183 -0.013403852 0.114970855 0.027028646 0.992910624
1341836541.536336 -0.601548433 0.013516763 0.039425164 -0.015166853 0.118839733 0.028534088 0.992387474
1341836541.572445 -0.612846196 0.016087163 0.036103241 -0.015638718 0.121449880 0.028988197 0.992050946
1341836541.604378 -0.620550871 0.013311638 0.031873450 -0.017291736 0.123140439 0.029336510 0.991804779
1341836541.636347 -0.626700938 0.018788438 0.033348322 -0.016528474 0.125720829 0.030491380 0.991459191
1341836541.707556 -0.648893416 0.020619584 0.036184624 -0.017602952 0.131118670 0.032055072 0.990691900
1341836541.772337 -0.670537651 0.016242016 0.028786570 -0.021485295 0.133450061 0.033625051 0.990251899
1341836541.804378 -0.677139103 0.017994074 0.028756067 -0.020493206 0.133043930 0.032774523 0.990356088
1341836541.840291 -0.684459507 0.016983196 0.024832442 -0.022256028 0.133721814 0.030755742 0.990291476
1341836541.872463 -0.658474505 0.018639332 0.021530703 -0.023043573 0.129479438 0.030749425 0.990837276
1341836541.904436 -0.670676649 0.007315941 0.017010093 -0.022509113 0.132422969 0.028870817 0.990517020
1341836541.940356 -0.682658076 0.009572395 0.021543294 -0.018038379 0.134966075 0.029878041 0.990235388
1341836541.972296 -0.689847171 0.011886487 0.014515519 -0.015220917 0.135060012 0.031299438 0.990225971
1341836542.008370 -0.699919224 0.016144671 0.015447155 -0.013494944 0.135455862 0.032789793 0.990148664
1341836542.040580 -0.705949545 0.009318287 0.018949971 -0.014422936 0.135438725 0.031565700 0.990177691
1341836542.108713 -0.728196621 0.015578248 0.018339843 -0.008847224 0.138289675 0.030098388 0.989894807
1341836542.140542 -0.732292771 0.011186354 0.012814850 -0.008401874 0.136672661 0.031128669 0.990091383
1341836542.172392 -0.741628528 0.005205158 0.013514161 -0.008839190 0.137769014 0.031591624 0.989920974
1341836542.208374 -0.749074459 0.010410387 0.011942774 -0.006492975 0.136795968 0.032188784 0.990054846
1341836542.276490 -0.759463251 0.009483561 0.012910143 -0.006091666 0.137462929 0.034219153 0.989896894
1341836542.308326 -0.770921171 0.004769026 0.014553517 -0.005967169 0.138138279 0.033442516 0.989830196
1341836542.340362 -0.766862094 0.013474287 0.011868954 -0.003819287 0.137668580 0.033580955 0.989901602
1341836542.376345 -0.771404207 0.010531302 0.010944456 -0.003603235 0.141457871 0.033295888 0.989377677
1341836542.408921 -0.786375523 0.013094237 0.015485793 -0.001090789 0.145432189 0.032715868 0.988826573
1341836542.444516 -0.798805714 0.017220080 0.010953069 -0.000894636 0.145895615 0.031973027 0.988782763
1341836542.476425 -0.795417011 0.012278225 0.013489261 -0.004540025 0.145642594 0.031130629 0.988836944
1341836542.508460 -0.808287442 0.015570120 0.011956319 -0.005342097 0.148419172 0.029943451 0.988456666
1341836542.544563 -0.815878630 0.013002750 0.010898694 -0.006300997 0.148663491 0.030573836 0.988395035
1341836542.576562 -0.810834706 0.016552133 0.008994982 -0.005593345 0.148687869 0.033209700 0.988310575
1341836542.608657 -0.825266957 0.005929056 0.013836101 -0.007650782 0.153407246 0.035504941 0.987495363
1341836542.644314 -0.844053864 -0.002511071 0.017601907 -0.008153177 0.154551953 0.035511505 0.987312615
1341836542.676494 -0.842929840 0.002981148 0.017261669 -0.007187498 0.151722118 0.035264708 0.987767756
1341836542.712387 -0.849639058 -0.002986838 0.017053694 -0.008601118 0.151993200 0.034453418 0.987743437
1341836542.744408 -0.859907925 -0.001735296 0.024177641 -0.008668398 0.151079386 0.033795856 0.987905741
1341836542.776383 -0.854776740 0.006030876 0.025140002 -0.007059678 0.148369223 0.035164047 0.988281488
1341836542.812247 -0.863861322 0.001749574 0.030755162 -0.007607558 0.151097387 0.036359675 0.987820685
1341836542.844426 -0.872811437 -0.000950004 0.031215191 -0.006943024 0.151362523 0.040108539 0.987639844
1341836542.876340 -0.877283812 -0.002493135 0.037230805 -0.007224385 0.150121063 0.040581558 0.987807930
1341836542.912372 -0.884649038 -0.001673813 0.040955812 -0.006958239 0.150494173 0.039553519 0.987794816
1341836542.944447 -0.892832696 -0.000416160 0.040456012 -0.006334755 0.149708375 0.040263686 0.987889707
1341836542.980341 -0.894776940 0.002129092 0.041992500 -0.005461464 0.148481146 0.040092785 0.988087118
1341836543.012422 -0.899144948 0.005260880 0.042423919 -0.005341002 0.149254471 0.040770311 0.987943470
1341836543.044312 -0.906517446 0.009163052 0.049103782 -0.005280833 0.150942460 0.042587861 0.987610579
1341836543.080484 -0.909189224 0.015375430 0.050522014 -0.004708344 0.150844738 0.045141675 0.987514973
1341836543.112482 -0.920096517 0.008343162 0.055114746 -0.008000161 0.153291211 0.044966131 0.987125039
1341836543.151803 -0.926749647 0.006579616 0.055646077 -0.008924030 0.154114097 0.044066790 0.987029493
1341836543.212330 -0.940547407 0.004920428 0.057305723 -0.009792534 0.159108117 0.046817962 0.986101806
1341836543.248396 -0.955483437 0.006101024 0.063273460 -0.009832730 0.161248520 0.049849700 0.985605001
1341836543.280522 -0.961971700 -0.006138458 0.058915094 -0.012935457 0.159981862 0.048554618 0.985840201
1341836543.312360 -0.965281725 -0.006118756 0.061814129 -0.013744100 0.161115050 0.044975579 0.985814512
1341836543.348486 -0.967756748 0.003269991 0.062550917 -0.012621659 0.161923215 0.045365542 0.985679209
1341836543.380347 -0.972127378 -0.000689371 0.064905971 -0.013731270 0.163659289 0.049305100 0.985188365
1341836543.416470 -0.980032384 -0.008389606 0.068775281 -0.015159355 0.166472793 0.052191071 0.984547138
1341836543.451421 -0.993728578 -0.014989103 0.072966188 -0.015825564 0.168105617 0.051624887 0.984289050
1341836543.483494 -0.989623308 -0.000946800 0.081506297 -0.012367885 0.168342993 0.050373461 0.984362841
1341836543.519290 -1.003556371 0.000978615 0.083472237 -0.011167473 0.171511918 0.051782448 0.983756840
1341836543.551512 -1.007887006 0.000080154 0.087732106 -0.011764289 0.171952024 0.053996325 0.983554006
1341836543.583524 -1.008575678 -0.001599619 0.089788646 -0.012371088 0.174398273 0.052921630 0.983174205
1341836543.619354 -1.022543907 -0.006733517 0.093300998 -0.014344140 0.178738013 0.054202620 0.982297838
1341836543.652624 -1.030236602 -0.007002933 0.096007407 -0.014774135 0.178534850 0.054230411 0.982326865
1341836543.684407 -1.024972081 -0.001826026 0.098009989 -0.014382957 0.178485215 0.053974133 0.982355833
1341836543.719296 -1.034857035 -0.008016954 0.099144667 -0.016578594 0.182108164 0.054368213 0.981634319
1341836543.751406 -1.041887403 -0.007425030 0.106087297 -0.016576352 0.183534369 0.056373037 0.981255591
1341836543.787380 -1.046038508 -0.004843792 0.110050708 -0.015559671 0.183623716 0.058693502 0.981119454
1341836543.819690 -1.051553249 -0.004987044 0.116478264 -0.015562179 0.185063645 0.058021765 0.980888724
1341836543.851349 -1.067408562 -0.013983002 0.118499428 -0.017266994 0.187408149 0.057253618 0.980460107
1341836543.887421 -1.073834658 -0.013660421 0.125405103 -0.016980547 0.186413944 0.058451820 0.980583966
1341836543.919383 -1.070567489 -0.004967507 0.124196738 -0.015216202 0.184018344 0.058872148 0.981040120
1341836543.952337 -1.068525672 -0.009138152 0.125228196 -0.016518598 0.184320420 0.058844682 0.980964005
1341836543.987350 -1.080741167 -0.005270813 0.131312579 -0.014959925 0.187107489 0.061318859 0.980309606
1341836544.019495 -1.081773639 -0.003536959 0.126581520 -0.013910340 0.186275199 0.062988669 0.980377734
1341836544.052246 -1.083514571 -0.003997301 0.131959230 -0.014562282 0.188274756 0.063842997 0.979930937
1341836544.087492 -1.096411586 -0.016960347 0.133105010 -0.016844591 0.191307962 0.062036742 0.979422748
1341836544.119369 -1.100404978 -0.003867813 0.140214354 -0.012755849 0.189890563 0.064073578 0.979629278
1341836544.155476 -1.094259381 -0.001142228 0.139678806 -0.013874777 0.188792884 0.062033482 0.979957461
1341836544.187341 -1.102179170 -0.013595290 0.142369807 -0.018256804 0.192486465 0.058524821 0.979382694
1341836544.220394 -1.113785148 -0.004185297 0.146676928 -0.016017977 0.193683818 0.060095210 0.979090691
1341836544.255287 -1.106540442 0.000706038 0.151579618 -0.016108377 0.191744730 0.062712856 0.979306698
1341836544.287478 -1.116966128 -0.004203478 0.148278505 -0.018645538 0.194326118 0.061215531 0.978847444
1341836544.323292 -1.124800086 -0.009227961 0.151729107 -0.019777577 0.196374506 0.058218565 0.978599250
1341836544.355325 -1.133731723 -0.001735318 0.151445985 -0.017416110 0.196560949 0.056713015 0.978695095
1341836544.387392 -1.126067758 -0.005077705 0.150801688 -0.017874634 0.192924142 0.057894442 0.979341090
1341836544.423303 -1.133934736 -0.004776895 0.159434080 -0.016651794 0.195245355 0.055910241 0.979017854
1341836544.455424 -1.141510487 0.002460293 0.159460098 -0.014192595 0.195185497 0.053901102 0.979181170
1341836544.491390 -1.144264221 -0.003826126 0.156852365 -0.015837640 0.193441927 0.051979519 0.979605794
1341836544.523560 -1.153548717 -0.000084161 0.158434570 -0.014367166 0.193982005 0.050743025 0.979586482
1341836544.555305 -1.169009924 -0.001222994 0.165623158 -0.014503205 0.195377558 0.047520395 0.979468763
1341836544.591370 -1.169039845 -0.006116577 0.162558585 -0.016699241 0.193613380 0.043808509 0.979957044
1341836544.623377 -1.163582802 -0.008938696 0.165235817 -0.019116778 0.191398144 0.041536126 0.980446815
1341836544.659348 -1.163398147 -0.009789417 0.166827977 -0.019067645 0.190260097 0.041464567 0.980672300
1341836544.691325 -1.178833365 -0.012236623 0.167755574 -0.019290173 0.193361551 0.041769776 0.980048180
1341836544.727518 -1.191903114 -0.003372821 0.167912036 -0.016864039 0.194213301 0.042089846 0.979910791
1341836544.759494 -1.189465165 -0.009402987 0.170700848 -0.018308451 0.192471683 0.042345680 0.980217457
1341836544.791668 -1.194745541 -0.011709762 0.169659823 -0.018359698 0.191047996 0.041676957 0.980523646
1341836544.827466 -1.199078202 -0.013000330 0.176653355 -0.018979141 0.190844953 0.042143710 0.980531454
1341836544.859305 -1.207303762 -0.019577492 0.185909271 -0.020725435 0.191055030 0.041043431 0.980501831
1341836544.895467 -1.215620875 -0.023303943 0.180353135 -0.020763852 0.191081449 0.038079318 0.980615497
1341836544.927304 -1.225487471 -0.005548549 0.184462309 -0.016687773 0.194365397 0.038485296 0.980031908
1341836544.959325 -1.235364676 -0.011375101 0.188836068 -0.017531380 0.196780488 0.040723067 0.979444563
1341836544.995539 -1.238572240 -0.007611301 0.185478687 -0.014494313 0.196318462 0.042554393 0.979509115
1341836545.027344 -1.242431998 -0.003880363 0.185587704 -0.013590718 0.196897864 0.042474058 0.979409218
1341836545.059375 -1.254932284 -0.001390199 0.191479892 -0.013210084 0.199332878 0.042474654 0.978921771
1341836545.095388 -1.260562897 -0.009502113 0.186666399 -0.014749569 0.198352411 0.044736471 0.978998184
1341836545.127468 -1.276456833 -0.003334802 0.188094079 -0.012628827 0.202082083 0.045840267 0.978213668
1341836545.163386 -1.288281679 -0.002814142 0.188773572 -0.012262751 0.204207435 0.048069522 0.977669835
1341836545.195497 -1.299829006 0.001022009 0.188364029 -0.012504640 0.203813672 0.048975021 0.977703989
1341836545.227397 -1.299696088 -0.007791754 0.190553963 -0.016569156 0.204624847 0.045925032 0.977622092
1341836545.263290 -1.301973581 0.002752649 0.190985084 -0.014479039 0.207064077 0.045041163 0.977182746
1341836545.295536 -1.319822788 -0.011861725 0.199988812 -0.017059941 0.211036965 0.047330569 0.976182461
1341836545.327474 -1.322205663 -0.010629781 0.198670983 -0.014742004 0.210084513 0.050261118 0.976279140
1341836545.363462 -1.335625052 -0.011240803 0.206557393 -0.014908415 0.214047596 0.051451258 0.975353360
1341836545.395566 -1.346114874 0.008558340 0.200102031 -0.010186662 0.213985875 0.053882219 0.975296319
1341836545.427508 -1.349465132 -0.014892463 0.199131548 -0.018178536 0.213585109 0.059309307 0.974952996
1341836545.463411 -1.368243456 -0.015087150 0.205500543 -0.022298072 0.221013859 0.060864057 0.973114192
1341836545.495417 -1.373647928 -0.006088085 0.213477612 -0.022245748 0.223195121 0.063483141 0.972449958
1341836545.531468 -1.381959081 -0.007749464 0.207916081 -0.022299718 0.222520277 0.064320832 0.972548306
1341836545.563294 -1.381846189 0.007170036 0.198835939 -0.018762335 0.221295342 0.065900832 0.972796679
1341836545.595508 -1.404530883 0.005752750 0.201082736 -0.020546412 0.224523798 0.065736547 0.972031653
1341836545.631269 -1.410753012 -0.014595695 0.205748588 -0.025082022 0.223116919 0.067346655 0.972138941
1341836545.663475 -1.416550875 0.000714349 0.201584995 -0.021546109 0.221428365 0.067523390 0.972597480
1341836545.695896 -1.421182036 0.000515994 0.194217801 -0.023757387 0.219007373 0.066241048 0.973182142
1341836545.731477 -1.428095818 -0.005365379 0.195826441 -0.027142106 0.218414158 0.062872939 0.973450363
1341836545.763607 -1.435029149 0.000422813 0.201266825 -0.026523925 0.219036937 0.063784331 0.973268151
1341836545.795383 -1.437580466 0.003995690 0.196442932 -0.026124058 0.219226405 0.065654583 0.973111928
1341836545.831377 -1.453559995 -0.010614425 0.198719740 -0.029239636 0.223072186 0.063813016 0.972271442
1341836545.863348 -1.467286944 -0.008949589 0.198957711 -0.027965888 0.225528672 0.060981486 0.971923828
1341836545.896341 -1.463417768 -0.000169672 0.191040725 -0.026409235 0.222692564 0.060010970 0.972681463
1341836545.931585 -1.481466889 -0.011105649 0.192259073 -0.030101458 0.225160703 0.056504469 0.972215950
1341836545.963501 -1.486957431 -0.013421349 0.196603596 -0.031036735 0.226861954 0.055105776 0.971871257
1341836545.999215 -1.485461473 -0.015303612 0.192740470 -0.032445598 0.225541174 0.056182139 0.972071052
1341836546.031467 -1.478397727 -0.005226210 0.185274959 -0.030439284 0.225100696 0.057490811 0.972161472
1341836546.063373 -1.497188807 -0.005061012 0.191473335 -0.030614421 0.230598330 0.056736100 0.970911026
1341836546.099306 -1.509179831 0.000874329 0.189007342 -0.029935056 0.232626498 0.056870915 0.970440388
1341836546.131834 -1.522300124 -0.006773900 0.197033733 -0.032047570 0.236427546 0.058060441 0.969383299
1341836546.164355 -1.532951474 -0.006292433 0.197054267 -0.031384040 0.238796681 0.058974568 0.968768895
1341836546.199264 -1.542081475 -0.011022124 0.200966328 -0.031946149 0.241435230 0.059578940 0.968059301
1341836546.231493 -1.539395452 -0.007362686 0.193483710 -0.030069683 0.240278929 0.061610829 0.968279898
1341836546.264287 -1.544082403 -0.008241706 0.189181894 -0.029699912 0.239011779 0.061803993 0.968592525
1341836546.299427 -1.547894716 -0.012187839 0.193398923 -0.031087980 0.238790497 0.061036848 0.968652248
1341836546.331292 -1.554571390 -0.005046017 0.190186352 -0.029689388 0.238379180 0.058343351 0.968963325
1341836546.367416 -1.543374300 -0.003770020 0.180697292 -0.028670313 0.234282464 0.057891801 0.970019698
1341836546.399555 -1.563556671 -0.000555087 0.185202897 -0.027870944 0.236925468 0.055619605 0.969533861
1341836546.432297 -1.568286300 -0.011037242 0.194591075 -0.031941634 0.238212556 0.053399339 0.969217777
1341836546.467482 -1.570173383 -0.008574367 0.194910198 -0.031406991 0.237843663 0.050857354 0.969462514
1341836546.499225 -1.575664639 -0.011018712 0.196609586 -0.031625532 0.239496529 0.051461842 0.969016492
1341836546.535507 -1.574273109 -0.008521438 0.194273800 -0.030320533 0.241678625 0.054784954 0.968334019
1341836546.567385 -1.583673120 -0.001519360 0.192005038 -0.028069131 0.242906258 0.056009810 0.968024552
1341836546.599295 -1.596724033 -0.002013039 0.193443060 -0.027681043 0.243003875 0.051556859 0.968258619
1341836546.635406 -1.588813782 -0.012117099 0.193014801 -0.030461693 0.241739839 0.049369410 0.968605518
1341836546.668046 -1.606978655 -0.007490352 0.206210315 -0.029073274 0.245921537 0.048140973 0.967656851
1341836546.703485 -1.613320589 -0.005903646 0.205794275 -0.027351510 0.245615885 0.048943534 0.967744410
1341836546.738692 -1.626588225 -0.014843740 0.215036869 -0.029276893 0.248675302 0.046086177 0.967046797
1341836546.803475 -1.639530540 -0.007244762 0.207392335 -0.025800463 0.248014033 0.043784019 0.967422545
1341836546.868495 -1.648162127 -0.015649445 0.220770597 -0.027571486 0.250852257 0.044377249 0.966614544
1341836546.900379 -1.666590452 -0.006476432 0.225351393 -0.024753671 0.252136052 0.046363905 0.966263413
1341836546.932517 -1.671686172 -0.013509337 0.232984602 -0.026142394 0.249605268 0.048551731 0.966776371
1341836546.971295 -1.671260357 -0.015660621 0.224527061 -0.027573552 0.246722043 0.047391199 0.967534006
1341836547.032580 -1.694873571 -0.009372752 0.233906209 -0.028926760 0.247932866 0.049184702 0.967095315
1341836547.068622 -1.707679510 -0.014809933 0.242790103 -0.030350439 0.250584781 0.049191207 0.966367602
1341836547.100577 -1.710497379 -0.018847845 0.246247232 -0.030679369 0.253926158 0.050310574 0.965426922
1341836547.136348 -1.723325133 -0.010676138 0.246491432 -0.028534295 0.257998705 0.054248519 0.964198947
1341836547.168609 -1.731000185 -0.001464270 0.250119865 -0.026866531 0.260838985 0.059677001 0.963161409
1341836547.200315 -1.749102950 -0.011782683 0.257240534 -0.030222869 0.267993718 0.063845821 0.960827589
1341836547.236411 -1.761727929 -0.001273420 0.258910775 -0.027584339 0.269665092 0.064351134 0.960405529
1341836547.269507 -1.774117589 -0.000435516 0.266152084 -0.027593398 0.270378739 0.063276507 0.960276008
1341836547.300389 -1.774797320 -0.009761751 0.262004495 -0.030822992 0.268746495 0.063521989 0.960619748
1341836547.336435 -1.793639898 -0.000491910 0.274579763 -0.029806400 0.272355884 0.063358307 0.959645569
1341836547.368600 -1.789850712 -0.006806910 0.266913116 -0.032163795 0.270805925 0.066867083 0.959770024
1341836547.404507 -1.798489094 0.001118176 0.277769268 -0.031681072 0.272151768 0.066934206 0.959400654
1341836547.436484 -1.820491910 -0.013114728 0.280557215 -0.034873936 0.275015414 0.063916713 0.958678782
1341836547.475394 -1.835112333 -0.012705341 0.283502221 -0.034632832 0.276478946 0.062623866 0.958351791
1341836547.536533 -1.849027157 -0.022508249 0.290179431 -0.036034890 0.275103837 0.062248327 0.958720267
1341836547.568431 -1.851274967 -0.006081037 0.291790843 -0.031131992 0.274848640 0.063000634 0.958916068
1341836547.604254 -1.858255148 -0.008345276 0.291252196 -0.032033928 0.272481650 0.063350417 0.959538639
1341836547.636420 -1.875545502 -0.005981579 0.307937384 -0.031201126 0.275887519 0.061137889 0.958736002
1341836547.672322 -1.862102270 0.019225217 0.309894800 -0.025329158 0.273402065 0.060511079 0.959660411
1341836547.704389 -1.872016668 0.026116472 0.321121693 -0.022897700 0.273868322 0.061846163 0.959503472
1341836547.736516 -1.879730105 0.013578109 0.321747065 -0.024763646 0.273959041 0.063576944 0.959318101
1341836547.772413 -1.885219574 0.018044423 0.320919991 -0.023159606 0.273196697 0.063479759 0.959581971
1341836547.804409 -1.892852783 0.020932421 0.322849631 -0.022357933 0.272736311 0.062838934 0.959774077
1341836547.840336 -1.899322391 0.012843855 0.325855434 -0.023528224 0.272796571 0.063593768 0.959679306
1341836547.872370 -1.900476933 0.011761542 0.327869773 -0.022709902 0.270269990 0.065411098 0.960291505
1341836547.904524 -1.895231962 0.013164420 0.323428571 -0.021915726 0.266278207 0.067381330 0.961288393
1341836547.940212 -1.905696630 0.004751626 0.332945704 -0.022864845 0.267651826 0.066995367 0.960911691
1341836547.972282 -1.919210672 0.006175805 0.343272805 -0.022054769 0.269695938 0.067427687 0.960328698
1341836548.004382 -1.935276270 0.008875132 0.351220310 -0.021704387 0.272456169 0.068791077 0.959460437
1341836548.040419 -1.932032228 -0.003129095 0.354263544 -0.024987631 0.271133333 0.070305496 0.959645510
1341836548.072298 -1.929158330 0.005189005 0.346977413 -0.022112956 0.268149585 0.069903217 0.960583329
1341836548.108439 -1.930994630 -0.001000606 0.350007534 -0.023349505 0.266565204 0.069045670 0.961056948
1341836548.140411 -1.944845915 -0.003980879 0.362561643 -0.023889065 0.268878549 0.066959068 0.960546792
1341836548.172332 -1.954158068 0.003256761 0.366723299 -0.021597411 0.268962055 0.067059718 0.960570633
1341836548.208477 -1.948261380 -0.004320547 0.361063540 -0.023126146 0.265558988 0.067125626 0.961476862
1341836548.240362 -1.950947046 0.003059920 0.355641961 -0.020926716 0.264762580 0.065651223 0.961848617
1341836548.272973 -1.946446657 -0.006754674 0.354514718 -0.023632370 0.263561666 0.065516450 0.962124884
1341836548.308412 -1.962743759 -0.010110758 0.370629430 -0.024928555 0.267325372 0.063840687 0.961165965
1341836548.340462 -1.965558052 -0.000915453 0.379048586 -0.022857336 0.268425971 0.064812839 0.960845649
1341836548.376493 -1.960702658 -0.004867025 0.372152269 -0.023214908 0.268866777 0.069514506 0.960385025
1341836548.411379 -1.971246719 -0.010511313 0.379296720 -0.024070216 0.271565050 0.071177192 0.959482610
1341836548.443599 -1.979749084 -0.008751389 0.385358930 -0.023460487 0.271951735 0.070233703 0.959457695
1341836548.479367 -1.983837128 0.000153590 0.392263412 -0.021249076 0.274235487 0.069664307 0.958900571
1341836548.511578 -1.985725522 -0.005751003 0.385861993 -0.021429639 0.273168623 0.072452433 0.958994448
1341836548.543463 -1.982413054 -0.008196820 0.383954942 -0.020508153 0.271351874 0.072668433 0.959513903
1341836548.579379 -1.998783708 -0.004607521 0.394686341 -0.019332768 0.275783896 0.071822219 0.958337605
1341836548.611299 -2.001310825 -0.008945480 0.393025696 -0.020394046 0.275147974 0.073152304 0.958397865
1341836548.644283 -2.008471251 -0.005064465 0.397816420 -0.018299205 0.277451426 0.074109025 0.957702279
1341836548.679357 -2.014995575 -0.010595430 0.400504708 -0.018546486 0.281272322 0.077055708 0.956349492
1341836548.711385 -2.026308298 -0.004149757 0.404361665 -0.016633008 0.284912050 0.078512438 0.955188036
1341836548.744381 -2.036937952 -0.008656126 0.409354031 -0.016422004 0.287647963 0.079229824 0.954312086
1341836548.779339 -2.038805246 -0.012100425 0.407097578 -0.017197177 0.288756102 0.080165148 0.953885555
1341836548.811351 -2.039930820 -0.016177654 0.398380876 -0.017790271 0.289659709 0.083016828 0.953356683
1341836548.847326 -2.048955679 -0.014516458 0.398216426 -0.015778627 0.291436374 0.086607553 0.952530801
1341836548.879497 -2.061662436 -0.018295847 0.407051086 -0.015936770 0.295459300 0.085790589 0.951362073
1341836548.912408 -2.079295397 -0.016078949 0.412784338 -0.014569869 0.299173415 0.084491797 0.950338900
1341836548.947401 -2.085516214 -0.014709309 0.410725057 -0.013429531 0.298955023 0.086479895 0.950245619
1341836549.015475 -2.099328756 -0.020432994 0.416063368 -0.015485483 0.305065483 0.084550820 0.948444188
1341836549.080349 -2.111762762 -0.020763896 0.412235379 -0.014750241 0.307270676 0.089536920 0.947285712
1341836549.115351 -2.117703915 -0.016028099 0.407484114 -0.014465537 0.305316567 0.088246003 0.948042810
1341836549.147492 -2.130655766 -0.022629775 0.418402612 -0.017274249 0.307277560 0.083410569 0.947799981
1341836549.183418 -2.136652470 -0.029366538 0.416969419 -0.019043982 0.308265775 0.086231157 0.947192550
1341836549.215378 -2.141865015 -0.025629707 0.412352026 -0.017396538 0.307565719 0.089605153 0.947138667
1341836549.247531 -2.144361734 -0.031733736 0.413794160 -0.019454863 0.307717353 0.087926842 0.947206616
1341836549.283330 -2.162223339 -0.030395404 0.421459615 -0.019072123 0.310611188 0.084038392 0.946622670
1341836549.315584 -2.160734653 -0.026579782 0.409943640 -0.017155550 0.306306452 0.085809886 0.947902262
1341836549.348171 -2.164850235 -0.020857200 0.411833048 -0.016589910 0.305622727 0.085388593 0.948171020
1341836549.383316 -2.166396618 -0.027862534 0.412934363 -0.018870028 0.304459423 0.081914499 0.948808908
1341836549.415365 -2.173075199 -0.029772580 0.409852147 -0.018127939 0.303379357 0.080042481 0.949328959
1341836549.451370 -2.176957130 -0.026047654 0.414039969 -0.016928265 0.303620100 0.080335595 0.949249387
1341836549.483381 -2.201680899 -0.044275716 0.438889802 -0.021495650 0.310527533 0.078222461 0.947096527
1341836549.515395 -2.214299917 -0.036123894 0.446537197 -0.019067880 0.312642455 0.076292589 0.946610093
1341836549.551462 -2.209007263 -0.042750515 0.432213068 -0.018891275 0.309937268 0.076547228 0.947482228
1341836549.583462 -2.205634832 -0.049129747 0.412756145 -0.018056549 0.306674868 0.079158843 0.948345065
1341836549.619282 -2.222478628 -0.048527949 0.431021810 -0.017537501 0.310242355 0.078323208 0.947263241
1341836549.651473 -2.221681118 -0.051638313 0.423154652 -0.017083334 0.308349013 0.079247400 0.947812736
1341836549.683367 -2.226725340 -0.053576238 0.426945567 -0.016800083 0.308672518 0.078563012 0.947769403
1341836549.719230 -2.234158516 -0.053629495 0.429204404 -0.015118418 0.308430910 0.078110650 0.947913826
1341836549.751414 -2.246462345 -0.044552386 0.435953379 -0.011725019 0.310337275 0.077444807 0.947394133
1341836549.787507 -2.258539915 -0.051417559 0.442562580 -0.013392028 0.311568499 0.076820105 0.947018743
1341836549.819340 -2.263030052 -0.053628139 0.442724466 -0.014036350 0.308872283 0.075115375 0.948028803
1341836549.851680 -2.274216890 -0.052408591 0.446560562 -0.013920926 0.308641583 0.074175142 0.948179662
1341836549.887374 -2.278293133 -0.049656846 0.449002266 -0.014392220 0.306731731 0.073281020 0.948861599
1341836549.919465 -2.285480261 -0.057753973 0.449753881 -0.015861873 0.304814547 0.073549546 0.949435055
1341836549.955410 -2.290060282 -0.064036094 0.452867270 -0.017158851 0.305152178 0.073005460 0.949346066
1341836549.987370 -2.297385693 -0.055352099 0.460340440 -0.014646863 0.304443330 0.070919871 0.949773669
1341836550.019353 -2.302881956 -0.045550562 0.461095691 -0.012047647 0.303817749 0.071518227 0.949965656
1341836550.055341 -2.302326441 -0.053218357 0.461612701 -0.015233360 0.302444994 0.073239654 0.950226784
1341836550.087353 -2.307399273 -0.053342387 0.466901720 -0.016191177 0.301782042 0.071796536 0.950531781
1341836550.119416 -2.308293581 -0.056876540 0.471572936 -0.017183624 0.301981241 0.070488691 0.950549006
1341836550.155369 -2.312758207 -0.055328593 0.474622667 -0.016959157 0.301302165 0.070111178 0.950796366
1341836550.187297 -2.315884113 -0.052731246 0.469840527 -0.015785050 0.299995810 0.072276272 0.951067507
1341836550.223427 -2.318889856 -0.059574805 0.478791356 -0.017838297 0.301932335 0.073655769 0.950312316
1341836550.255383 -2.330870390 -0.059572101 0.486616731 -0.017583139 0.302883178 0.072775714 0.950082242
1341836550.320516 -2.334167004 -0.059862509 0.492978990 -0.016810047 0.298188210 0.071634002 0.951666832
1341836550.352459 -2.339790344 -0.056519665 0.498949528 -0.016025595 0.298435420 0.067925252 0.951874793
1341836550.384560 -2.337093830 -0.063005365 0.502858937 -0.017699935 0.298310429 0.070883699 0.951668561
1341836550.420444 -2.351765156 -0.055841483 0.511398017 -0.015214873 0.300474286 0.074352622 0.950765669
1341836550.452358 -2.352984428 -0.054715812 0.514658153 -0.014949261 0.300646067 0.074650630 0.950692236
1341836550.484436 -2.365234852 -0.063897334 0.523341835 -0.016821468 0.302845210 0.074994557 0.949935555
1341836550.520427 -2.378013611 -0.062651783 0.532257259 -0.016239066 0.304019988 0.076111041 0.949481547
1341836550.552434 -2.369926453 -0.059716962 0.526165724 -0.015225327 0.300505668 0.078287266 0.950439692
1341836550.588509 -2.379722595 -0.056243330 0.533667266 -0.013978564 0.302399963 0.077925898 0.949887574
1341836550.620438 -2.397285223 -0.056073837 0.550526738 -0.013411841 0.305302978 0.078535095 0.948916435
1341836550.652656 -2.395341158 -0.053979144 0.552744627 -0.013084513 0.305038214 0.081470199 0.948758662
1341836550.688439 -2.395121813 -0.068271905 0.556973457 -0.016845595 0.306593984 0.083047085 0.948060870
1341836550.720423 -2.400622845 -0.054257862 0.569630980 -0.013441555 0.308505148 0.083353557 0.947468221
1341836550.752434 -2.410848618 -0.063316055 0.578679204 -0.014874398 0.308704406 0.083832286 0.947339654
1341836550.788573 -2.411508322 -0.064094551 0.570857167 -0.014407463 0.306934208 0.083441958 0.947956324
1341836550.820368 -2.414629221 -0.059629008 0.575285912 -0.013903001 0.308933765 0.084575139 0.947213650
1341836550.856414 -2.416684389 -0.074401930 0.576959074 -0.017629743 0.309230149 0.084869958 0.947028518
1341836550.888343 -2.424452782 -0.065824546 0.582839549 -0.015072357 0.310568213 0.082748242 0.946822524
1341836550.920432 -2.426692486 -0.073080048 0.578811526 -0.016288657 0.312157005 0.083385974 0.946223736
1341836550.956331 -2.437167883 -0.069921434 0.592389584 -0.015962990 0.316551566 0.083934128 0.944719732
1341836550.988524 -2.442518234 -0.073445879 0.591689527 -0.015743017 0.318122327 0.086313486 0.943981051
1341836551.020555 -2.444426537 -0.076337576 0.596811831 -0.016064616 0.318830937 0.086075224 0.943758368
1341836551.056360 -2.456277370 -0.078123853 0.604400754 -0.016190713 0.322317839 0.083868675 0.942769945
1341836551.088410 -2.455906391 -0.077523850 0.600985348 -0.015572964 0.323060602 0.086448498 0.942292929
1341836551.124405 -2.461351871 -0.079633959 0.605420470 -0.015807437 0.323722541 0.087225959 0.941990197
1341836551.156413 -2.468704939 -0.083086573 0.606443584 -0.016353160 0.325268596 0.085624978 0.941595078
1341836551.188336 -2.481107712 -0.072816826 0.612541556 -0.013981569 0.329839647 0.084945269 0.940103531
1341836551.224358 -2.481756210 -0.078578450 0.618424177 -0.015182114 0.330695808 0.088509247 0.939455092
1341836551.256305 -2.489583015 -0.079298206 0.614957094 -0.014167370 0.332340300 0.090886280 0.938663363
1341836551.292276 -2.495679379 -0.074302450 0.620332599 -0.013494023 0.335411936 0.090072207 0.937658668
1341836551.326846 -2.502574444 -0.078406610 0.623152018 -0.014157656 0.337092966 0.090869159 0.936968923
1341836551.356394 -2.508788824 -0.081531040 0.627790451 -0.013934937 0.337822914 0.093243673 0.936475873
1341836551.392345 -2.511253595 -0.086277515 0.631110728 -0.015064658 0.338769644 0.093353651 0.936105371
1341836551.424392 -2.517354727 -0.086909048 0.638698876 -0.015264113 0.341956139 0.093303531 0.934947789
1341836551.456321 -2.518461943 -0.085384198 0.634832442 -0.013034499 0.340474367 0.095606804 0.935289562
1341836551.492455 -2.522466183 -0.084365383 0.636138916 -0.010390732 0.341312468 0.096450962 0.934930503
1341836551.524730 -2.527171373 -0.085780628 0.639805019 -0.008782155 0.342483193 0.095322229 0.934634566
1341836551.560490 -2.533931255 -0.097553566 0.635546923 -0.010504504 0.341553211 0.094585016 0.935031891
1341836551.592523 -2.536356926 -0.092008121 0.635763586 -0.008891690 0.341653019 0.094959639 0.934974253
1341836551.624484 -2.542708397 -0.089932196 0.634940505 -0.009251241 0.342171848 0.096452340 0.934628129
1341836551.660534 -2.550246000 -0.097030625 0.657043040 -0.013042536 0.343839854 0.094333373 0.934186935
1341836551.692452 -2.557306290 -0.092486456 0.657567143 -0.011750157 0.344804555 0.092383876 0.934043288
1341836551.724354 -2.564259529 -0.091345936 0.656400621 -0.011882530 0.344027430 0.092643879 0.934302390
1341836551.760297 -2.565980434 -0.097999595 0.653300047 -0.013993768 0.344109952 0.093500264 0.934157491
1341836551.792285 -2.564463139 -0.094320774 0.656877398 -0.014729831 0.345341295 0.093349427 0.933706760
1341836551.828378 -2.574766397 -0.099924996 0.657894135 -0.016072042 0.346284777 0.093854472 0.933284461
1341836551.860476 -2.573961258 -0.103472546 0.657245338 -0.016807673 0.345048219 0.094097711 0.933704853
1341836551.892485 -2.575246096 -0.102768399 0.664425075 -0.016864829 0.346360803 0.093613394 0.933266401
1341836551.928290 -2.575371265 -0.109523162 0.666799068 -0.017309416 0.346406877 0.093523756 0.933250189
1341836551.960486 -2.587096214 -0.105878398 0.673874676 -0.015326615 0.348453254 0.093628481 0.932512283
1341836551.992344 -2.586363316 -0.110121392 0.678426266 -0.015695138 0.347114086 0.094702527 0.932897031
1341836552.028600 -2.591879845 -0.113609418 0.681521058 -0.015728923 0.347402006 0.093479954 0.932912588
1341836552.060303 -2.602256775 -0.116062202 0.688252389 -0.016131900 0.349633396 0.093624510 0.932057202
1341836552.096567 -2.610334396 -0.115417682 0.693031251 -0.015486012 0.350338846 0.094696112 0.931694925
1341836552.131524 -2.609767437 -0.109366134 0.700164020 -0.013713362 0.349659383 0.094096407 0.932038605
1341836552.163502 -2.612638235 -0.108512387 0.702217638 -0.013276031 0.351361006 0.092995428 0.931515455
1341836552.199321 -2.619610548 -0.111798808 0.712152362 -0.014240951 0.354934365 0.094263546 0.930017829
1341836552.231433 -2.627668381 -0.114591807 0.719964266 -0.014637841 0.357339919 0.095510945 0.928962588
1341836552.264218 -2.631199598 -0.113375328 0.722076356 -0.014402756 0.359474301 0.096102946 0.928081393
1341836552.299306 -2.631100416 -0.107463636 0.721248209 -0.012282029 0.360808879 0.097356699 0.927463114
1341836552.331302 -2.640004396 -0.100268215 0.722703755 -0.010368830 0.361827463 0.098528698 0.926965714
1341836552.364350 -2.645853996 -0.112142965 0.726153493 -0.015791360 0.362848699 0.098091938 0.926536202
1341836552.399343 -2.655223846 -0.111314490 0.730108559 -0.016864127 0.366734475 0.095655657 0.925241292
1341836552.431418 -2.658646822 -0.113447860 0.742050409 -0.016178977 0.368859738 0.097478069 0.924217880
1341836552.467415 -2.659832478 -0.112617806 0.726097643 -0.013918983 0.367516965 0.103426993 0.924143016
1341836552.499249 -2.667741299 -0.114922628 0.733144641 -0.014606360 0.371479928 0.103626214 0.922524214
1341836552.532418 -2.672708988 -0.117583275 0.740252137 -0.014836482 0.373186260 0.103579499 0.921836853
1341836552.567368 -2.681915760 -0.115379110 0.750280619 -0.012275800 0.374467313 0.105167940 0.921174884
1341836552.599391 -2.689472437 -0.121354923 0.761964977 -0.013467988 0.375588000 0.105251603 0.920692325
1341836552.635473 -2.693322420 -0.125236675 0.758315325 -0.014184146 0.374352455 0.103574216 0.921374738
1341836552.667375 -2.699903965 -0.123737827 0.757389188 -0.012527805 0.375452995 0.104211800 0.920878887
1341836552.699343 -2.703188896 -0.117966935 0.764975369 -0.010221345 0.376618057 0.108334519 0.919955432
1341836552.735425 -2.709517002 -0.135779500 0.768752456 -0.012898861 0.376796663 0.109614588 0.919696987
1341836552.768247 -2.720401764 -0.130371273 0.771831453 -0.010825553 0.379680634 0.107512102 0.918785393
1341836552.803477 -2.728840828 -0.131171614 0.779490709 -0.010201668 0.382278174 0.108128861 0.917642355
1341836552.864617 -2.736545563 -0.137139663 0.780416727 -0.009382185 0.384234965 0.109129347 0.916714907
1341836552.900505 -2.742538929 -0.130869612 0.787301481 -0.007808344 0.386786342 0.108786963 0.915696859
1341836552.932361 -2.747962713 -0.127832249 0.792407036 -0.006301711 0.387855619 0.111136720 0.914973736
1341836552.964441 -2.752449036 -0.126625299 0.792757452 -0.006482997 0.388669670 0.112071238 0.914512932
1341836553.001338 -2.760330200 -0.134805650 0.788331687 -0.008572550 0.389945954 0.111091509 0.914071858
1341836553.032376 -2.759064198 -0.135621071 0.783278584 -0.008480819 0.387837529 0.112007193 0.914857626
1341836553.068569 -2.758318186 -0.145156488 0.773336291 -0.010412648 0.385080189 0.111832872 0.916023016
1341836553.100441 -2.764064074 -0.147738054 0.771799624 -0.010511200 0.385900736 0.111536056 0.915712714
1341836553.132383 -2.780328512 -0.139153063 0.795554042 -0.009227225 0.391193897 0.110330783 0.913624287
1341836553.168938 -2.777126074 -0.146839485 0.785131574 -0.010137984 0.389675468 0.111681543 0.914099276
1341836553.200403 -2.781782389 -0.144073397 0.787645221 -0.009204663 0.390610516 0.111028031 0.913789630
1341836553.232423 -2.787612438 -0.146749347 0.789060950 -0.009794537 0.392342359 0.110659458 0.913085997
1341836553.269564 -2.787159920 -0.151924133 0.791420698 -0.010373242 0.392141998 0.110561177 0.913177550
1341836553.300359 -2.795077562 -0.147558093 0.793839455 -0.007570494 0.392805666 0.111069098 0.912858188
1341836553.336411 -2.800405741 -0.151446357 0.795590401 -0.007944426 0.394838274 0.111638807 0.911908090
1341836553.368474 -2.806478739 -0.152462542 0.800244331 -0.006463411 0.396269947 0.112810507 0.911154270
1341836553.400445 -2.808672905 -0.152660131 0.799238682 -0.005070731 0.394013077 0.113493443 0.912056565
1341836553.436421 -2.806715012 -0.158432677 0.791770101 -0.006138856 0.392206699 0.113197736 0.912864983
1341836553.468477 -2.815681696 -0.149980143 0.800515890 -0.003962184 0.394652158 0.111917034 0.911980569
1341836553.504461 -2.824805498 -0.156032577 0.808101654 -0.004586290 0.394904792 0.113479845 0.911675096
1341836553.536341 -2.825227261 -0.147923529 0.808253646 -0.002513439 0.393661827 0.114442714 0.912100315
1341836553.568459 -2.826737881 -0.152730286 0.806391001 -0.003187584 0.394917905 0.115390241 0.911435604
1341836553.604432 -2.834605694 -0.157672882 0.811598539 -0.002614049 0.395481259 0.115600348 0.911166489
1341836553.636456 -2.833683968 -0.156341866 0.816373110 -0.001765462 0.393110216 0.114102282 0.912382603
1341836553.668714 -2.841171265 -0.158852518 0.819070458 -0.001700874 0.394993395 0.112402931 0.911780119
1341836553.704420 -2.852686405 -0.154143944 0.833675623 -0.001037687 0.398487180 0.112988502 0.910187066
1341836553.736432 -2.849386692 -0.166113660 0.824987054 -0.004065401 0.394106418 0.115492128 0.911770344
1341836553.772413 -2.851641178 -0.168427587 0.837804317 -0.003479588 0.395846546 0.113929391 0.911215425
1341836553.805308 -2.858546734 -0.169638276 0.835872889 -0.000413424 0.396519899 0.114671715 0.910835981
1341836553.836430 -2.860410452 -0.166484207 0.836781502 0.004191163 0.396041125 0.117724515 0.910645247
1341836553.872431 -2.860038042 -0.168413669 0.842705965 0.005995661 0.395815969 0.117438413 0.910769999
1341836553.904605 -2.864050150 -0.173303396 0.848627925 0.005539056 0.396293283 0.114236780 0.910972536
1341836553.936434 -2.865232468 -0.174535304 0.854008555 0.006574721 0.394923478 0.111914240 0.911848366
1341836553.972533 -2.866593361 -0.174789459 0.850087643 0.008460110 0.392413855 0.109889358 0.913161576
1341836554.004482 -2.871425152 -0.169697613 0.858181119 0.010458216 0.395122796 0.106396787 0.912386060
1341836554.040423 -2.869537354 -0.185578406 0.863003969 0.008291486 0.396883011 0.109984584 0.911218166
1341836554.075305 -2.877761841 -0.186408669 0.890812635 0.010029173 0.399331123 0.110296540 0.910092711
1341836554.140435 -2.881083012 -0.182932764 0.894330621 0.012610952 0.398965865 0.108475469 0.910439610
1341836554.172892 -2.890574932 -0.189732373 0.903864384 0.012456840 0.400361776 0.110002324 0.909645379
1341836554.209182 -2.882334232 -0.186054096 0.881621599 0.016275836 0.392829865 0.110640630 0.912786126
1341836554.243518 -2.884037018 -0.194641247 0.893983483 0.014270308 0.396220118 0.109805644 0.911454201
1341836554.278265 -2.885538101 -0.180672705 0.894709468 0.017439062 0.398978561 0.112122484 0.909912407
1341836554.343525 -2.891865730 -0.193844214 0.906575918 0.017182507 0.403058380 0.117910035 0.907384157
1341836554.408617 -2.898324013 -0.198973075 0.922519326 0.016837459 0.404645264 0.113828547 0.907205462
1341836554.476388 -2.904587507 -0.196680248 0.921619892 0.015016879 0.404869795 0.112226881 0.907336771
1341836554.511752 -2.908380032 -0.198384359 0.926991582 0.013454237 0.406818748 0.109154932 0.906864226
1341836554.545324 -2.917785168 -0.201037809 0.924959660 0.012745060 0.410823137 0.111571647 0.904772758
1341836554.576365 -2.923871994 -0.193112969 0.933797479 0.014502563 0.415472656 0.114990331 0.902191401
1341836554.611474 -2.925557137 -0.200350046 0.940136313 0.012150146 0.418522507 0.116998062 0.900556922
1341836554.643517 -2.926571846 -0.205980495 0.940990448 0.010389235 0.420112580 0.116921261 0.899848282
1341836554.679301 -2.933102608 -0.199016914 0.940049529 0.012307829 0.422191709 0.118511260 0.898642182
1341836554.711387 -2.933821678 -0.199063852 0.947928071 0.012084289 0.425168574 0.118338868 0.897263408
1341836554.744294 -2.944702387 -0.199928224 0.957510114 0.012549253 0.430266887 0.120990492 0.894468665
1341836554.779243 -2.948409081 -0.203343868 0.961736083 0.010620251 0.431778669 0.121377490 0.893712461
1341836554.811465 -2.949954033 -0.200460300 0.968627572 0.010672300 0.433481693 0.119560741 0.893132091
1341836554.844421 -2.960763931 -0.200159952 0.972313523 0.011307624 0.436702013 0.121272162 0.891322970
1341836554.879285 -2.965268373 -0.205596954 0.987285137 0.010305900 0.438485175 0.123110250 0.890206933
1341836554.911347 -2.969065666 -0.215747938 0.985180497 0.008407110 0.437676251 0.121992663 0.890778661
1341836554.947423 -2.974565268 -0.205933377 0.990251184 0.010473107 0.439202398 0.118979879 0.890413046
1341836554.979379 -2.978966236 -0.209119976 0.994713187 0.010379706 0.441560954 0.122644812 0.888748825
1341836555.012388 -2.980878830 -0.220617816 0.983332157 0.009642119 0.439016193 0.127121121 0.889388561
1341836555.047398 -2.980988503 -0.222000048 0.981133699 0.008413386 0.438825279 0.126278564 0.889615297
1341836555.079410 -2.982552052 -0.228956550 0.986916900 0.006057658 0.439928114 0.123747773 0.889445364
1341836555.115333 -2.996235132 -0.222642764 1.004807830 0.009287305 0.443912148 0.124094814 0.887387335
1341836555.147403 -2.994817257 -0.221953720 1.011234164 0.009980350 0.445139468 0.125305533 0.886594534
1341836555.179327 -2.996341467 -0.223376423 1.014616251 0.009290699 0.446872562 0.124230474 0.885881186
1341836555.215254 -3.002130508 -0.228239924 1.023652315 0.007651522 0.447267741 0.121799387 0.886034966
1341836555.247478 -3.000842333 -0.224439949 1.022556901 0.008417667 0.446697682 0.121758841 0.886321187
1341836555.283336 -3.005164623 -0.217041939 1.017626762 0.011249400 0.448507428 0.123220406 0.885173082
1341836555.315509 -3.007961035 -0.231548518 1.016357780 0.008145118 0.447415978 0.124898545 0.885524094
1341836555.347557 -3.011406660 -0.233595252 1.024089098 0.007278971 0.448481292 0.124710113 0.885019183
1341836555.383389 -3.013670921 -0.233317450 1.020601511 0.008430107 0.448301166 0.125208616 0.885029852
1341836555.415569 -3.017313004 -0.231647506 1.023961782 0.010056786 0.448029906 0.125293180 0.885138214
1341836555.451666 -3.014540195 -0.232174858 1.028579354 0.009776622 0.448357254 0.124043055 0.885151684
1341836555.483306 -3.012939930 -0.225749329 1.032620192 0.011293916 0.450628847 0.126016825 0.883700073
1341836555.515620 -3.017153740 -0.225290820 1.037783504 0.012621480 0.451775432 0.129892036 0.882534802
1341836555.551593 -3.012740612 -0.230473205 1.036249280 0.011107112 0.451704055 0.129543751 0.882642865
1341836555.583395 -3.014520645 -0.229291260 1.033938408 0.011471231 0.453893781 0.129860818 0.881467581
1341836555.619267 -3.013441086 -0.239445761 1.048487067 0.009449249 0.455066472 0.128933504 0.881022930
1341836555.651764 -3.013083458 -0.241696596 1.042970896 0.010350707 0.453556716 0.129465848 0.881712973
1341836555.683433 -3.006565571 -0.249762475 1.045573235 0.009166774 0.455541790 0.131011471 0.880473554
1341836555.719341 -3.017013550 -0.243903175 1.052442789 0.012923765 0.458460271 0.131841809 0.878786027
1341836555.751564 -3.014723539 -0.249182001 1.049404979 0.012624024 0.456770182 0.132764369 0.879531264
1341836555.787315 -3.006730556 -0.255991817 1.053413749 0.008908883 0.457774848 0.131837815 0.879193664
1341836555.819769 -3.008741617 -0.255928308 1.056798577 0.008360059 0.461126804 0.132189065 0.877392828
1341836555.851679 -3.012899876 -0.250619203 1.057983994 0.011383399 0.462780535 0.134683698 0.876107752
1341836555.887393 -3.002803326 -0.253002882 1.052842975 0.011896444 0.463008910 0.135459617 0.875860691
1341836555.919578 -3.005410910 -0.256930530 1.055456281 0.011698053 0.468575805 0.137428164 0.872590005
1341836555.955380 -3.004678249 -0.260242403 1.049905300 0.012362086 0.470747083 0.139928058 0.871013463
1341836555.989240 -3.003428459 -0.271971315 1.055475712 0.010193152 0.474540979 0.143044755 0.868472874
1341836556.019400 -2.991217136 -0.284036219 1.041656017 0.007166928 0.476887345 0.146089971 0.866709173
1341836556.055601 -2.999916077 -0.263330817 1.039341450 0.013733935 0.480959326 0.146849409 0.864248037
1341836556.087385 -2.994962215 -0.247465655 1.059273243 0.013991084 0.487452358 0.144820601 0.860942185
1341836556.119395 -2.992506027 -0.251906544 1.047101259 0.012171512 0.491699010 0.147717446 0.858057976
1341836556.155460 -3.000363827 -0.238267750 1.051749945 0.016326975 0.496917486 0.149177745 0.854723573
1341836556.187386 -2.992518425 -0.266399473 1.059885859 0.006964733 0.503531396 0.151519328 0.850558341
1341836556.219549 -2.998651505 -0.245460749 1.042977095 0.011593847 0.507897913 0.154242307 0.847416401
1341836556.255513 -3.013267040 -0.250908911 1.040977478 0.010919913 0.510740519 0.156328335 0.845332086
1341836556.287550 -3.002220154 -0.249991655 1.039323211 0.006243196 0.513951838 0.153471887 0.843955517
1341836556.319460 -3.008533955 -0.248002499 1.034544945 0.005498492 0.518415213 0.154061034 0.841118693
1341836556.355470 -3.013916969 -0.247109950 1.031759381 0.006354920 0.520795166 0.156377643 0.839212716
1341836556.387408 -3.015856981 -0.235698938 1.034679055 0.007243918 0.523360431 0.153711334 0.838101566
1341836556.423470 -3.019685268 -0.243055969 1.031805992 0.002728944 0.525810599 0.151266515 0.837038934
1341836556.455541 -3.025994062 -0.235539377 1.033118486 0.003854276 0.527303517 0.151779026 0.836001933
1341836556.487492 -3.028274059 -0.241867214 1.034242868 0.001166219 0.528740287 0.152592018 0.834953904
1341836556.523491 -3.029798985 -0.239272654 1.041544557 0.000778166 0.531774938 0.151657358 0.833195567
1341836556.555480 -3.037797689 -0.237716019 1.032957673 0.002487574 0.531264961 0.152427390 0.833377004
1341836556.587472 -3.039741993 -0.234206885 1.035443544 0.003389566 0.531361878 0.152941793 0.833217740
1341836556.623447 -3.044585228 -0.241991609 1.033199668 0.000412560 0.531248748 0.152800694 0.833322585
1341836556.655577 -3.053848267 -0.242258072 1.034141302 -0.000429566 0.531039476 0.153156459 0.833390594
1341836556.688390 -3.057869911 -0.246541232 1.037107825 -0.001823986 0.529793501 0.154727653 0.833891332
1341836556.723474 -3.058675528 -0.232181311 1.045571685 0.000967829 0.529147387 0.153759107 0.834482014
1341836556.755589 -3.060123920 -0.236251801 1.054371953 0.000567709 0.528553903 0.153504536 0.834905267
1341836556.791502 -3.061091423 -0.232727379 1.058879733 0.000389697 0.526423573 0.150663242 0.836766779
1341836556.823299 -3.059549332 -0.240126938 1.062759280 -0.001813941 0.526480258 0.150813639 0.836702168
1341836556.855500 -3.063403845 -0.240550250 1.067551494 -0.000400236 0.527268350 0.151533604 0.836077452
1341836556.891411 -3.063696384 -0.236410141 1.067082047 0.001827065 0.525168121 0.152311817 0.837255180
1341836556.923356 -3.057741642 -0.247791499 1.073100090 -0.000970893 0.525079668 0.151404485 0.837476611
1341836556.956491 -3.063142776 -0.242182165 1.071816802 0.002542897 0.525059402 0.150950745 0.837567866
1341836556.991578 -3.065207958 -0.245783687 1.078655958 0.002563077 0.524027228 0.149716377 0.838435411
1341836557.023423 -3.058259964 -0.255529672 1.080129266 -0.000876807 0.523696065 0.147575036 0.839025199
1341836557.056479 -3.065165281 -0.249686241 1.082617640 0.001228651 0.524265945 0.145550817 0.839022458
1341836557.091401 -3.066728115 -0.248814017 1.085026979 0.002405333 0.522523165 0.144537136 0.840281367
1341836557.123977 -3.060182095 -0.255032808 1.086734653 -0.000712918 0.522483528 0.141963825 0.840747714
1341836557.159693 -3.066996336 -0.256579369 1.090479255 -0.000052954 0.524700224 0.140865654 0.839551389
1341836557.191367 -3.071278572 -0.255796462 1.095668554 0.001309533 0.524134517 0.140938655 0.839891434
1341836557.224237 -3.066431999 -0.258319199 1.097193360 0.000118179 0.523403883 0.139948517 0.840513408
1341836557.259428 -3.071388960 -0.260986984 1.097727418 0.000207374 0.524670541 0.138809890 0.839912295
1341836557.291320 -3.079206467 -0.261408120 1.102999330 0.002006975 0.525387108 0.139755055 0.839305043
1341836557.327336 -3.077043533 -0.260209650 1.109517813 0.001870964 0.524945617 0.138632849 0.839767516
1341836557.359367 -3.082649708 -0.259636074 1.106825829 0.003093378 0.525461316 0.138617203 0.839443922
1341836557.391466 -3.092890263 -0.261965334 1.112848878 0.003545876 0.525457680 0.139003083 0.839380622
1341836557.427430 -3.093921661 -0.262946159 1.121617556 0.003093975 0.525114477 0.139407799 0.839530051
1341836557.459285 -3.103384495 -0.264836729 1.125669956 0.005317719 0.525158703 0.142761543 0.838927448
1341836557.495372 -3.107259274 -0.270852387 1.133914471 0.005466457 0.523256063 0.142031685 0.840238214
1341836557.527351 -3.111638546 -0.269280612 1.130313873 0.005645229 0.520772576 0.140225351 0.842081308
1341836557.559823 -3.122395277 -0.270120323 1.140837789 0.006190612 0.520416200 0.141514778 0.842082024
1341836557.595345 -3.120827198 -0.275040716 1.151616096 0.004363992 0.518300593 0.141219303 0.843446791
1341836557.627527 -3.118397713 -0.271840811 1.149923086 0.004822937 0.516460836 0.140626684 0.844671011
1341836557.663458 -3.122634172 -0.277826250 1.154643536 0.003124969 0.515718102 0.139515430 0.845316827
1341836557.695389 -3.135390282 -0.273587734 1.151877999 0.006656488 0.513976574 0.140322745 0.846222997
1341836557.727634 -3.138542652 -0.284592718 1.167242646 0.004330752 0.514923215 0.139541894 0.845791578
1341836557.763370 -3.140278816 -0.283691913 1.176149011 0.004488786 0.514566779 0.136938125 0.846433043
1341836557.795557 -3.147587776 -0.282745659 1.179371357 0.006253450 0.513852417 0.135311753 0.847117066
1341836557.831402 -3.152651787 -0.281423062 1.186378121 0.008070497 0.512833238 0.136517987 0.847525716
1341836557.863496 -3.150064468 -0.287129372 1.178573370 0.006710107 0.510228395 0.135093510 0.849336028
1341836557.895559 -3.158167839 -0.288581818 1.190769792 0.007161518 0.512790740 0.134050310 0.847953320
1341836557.931492 -3.167562246 -0.285122365 1.196566701 0.011458612 0.511925220 0.136539847 0.848031938
1341836557.963497 -3.167489529 -0.282328546 1.197608471 0.012790862 0.510146558 0.135112122 0.849312425
1341836557.999327 -3.168550014 -0.292275161 1.204956293 0.009342847 0.511185944 0.132033229 0.849216580
1341836558.031507 -3.178479433 -0.293869168 1.213457942 0.010976644 0.511565268 0.131246373 0.849090636
1341836558.063409 -3.186561346 -0.302799433 1.223837256 0.011622648 0.510982990 0.133329317 0.849108160
1341836558.099336 -3.183266163 -0.302823693 1.224708319 0.012559911 0.509398282 0.133091465 0.850083709
1341836558.131450 -3.191154003 -0.303223491 1.230380416 0.013161370 0.510873735 0.130443513 0.849599481
1341836558.167388 -3.196777821 -0.305483580 1.240417480 0.015148852 0.510932148 0.133720174 0.849021614
1341836558.199275 -3.196420670 -0.324751258 1.243578196 0.011547012 0.509422302 0.136611879 0.849525034
1341836558.231310 -3.193850040 -0.317542583 1.247253537 0.013209813 0.510191977 0.134773403 0.849332511
1341836558.267380 -3.209139347 -0.323836833 1.248435974 0.013922608 0.510833025 0.134130895 0.849037468
1341836558.299370 -3.209178925 -0.316056669 1.252645493 0.016852291 0.509516180 0.134700358 0.849685252
1341836558.331340 -3.211007118 -0.321661651 1.255674124 0.016366700 0.509413302 0.135247976 0.849669456
1341836558.367521 -3.216367245 -0.321218014 1.259748101 0.016990088 0.510853529 0.134214535 0.848956108
1341836558.399507 -3.220017433 -0.315425694 1.264110804 0.019047523 0.510975718 0.135303959 0.848665893
1341836558.431424 -3.227560043 -0.327535808 1.267979741 0.016368084 0.511469007 0.138522416 0.847905099
1341836558.467334 -3.221398354 -0.322840333 1.277038336 0.016135652 0.512034893 0.137806535 0.847684622
1341836558.499235 -3.229759455 -0.318506211 1.282501817 0.017078875 0.511609972 0.134751648 0.848413527
1341836558.531456 -3.228022814 -0.319366455 1.283727050 0.017339565 0.510111272 0.135361195 0.849213243
1341836558.567430 -3.226078987 -0.329625845 1.290056467 0.015762478 0.510528207 0.136333436 0.848837852
1341836558.599261 -3.226195335 -0.326909900 1.298341990 0.016072262 0.510841846 0.134359568 0.848958075
1341836558.635428 -3.228552103 -0.324766576 1.299791574 0.016107524 0.510845304 0.134343103 0.848957896
1341836558.667315 -3.227823257 -0.328509629 1.302068949 0.015042875 0.511006117 0.135567173 0.848686039
1341836558.699299 -3.231208563 -0.321451485 1.309788585 0.017171009 0.510858238 0.135164231 0.848798931
1341836558.735276 -3.230757713 -0.323655069 1.305358768 0.015361397 0.508599579 0.132763624 0.850567102
1341836558.767234 -3.231218338 -0.326538622 1.329911828 0.012452043 0.513204157 0.131743535 0.848003566
1341836558.799388 -3.237975121 -0.322814137 1.333129406 0.015507687 0.513228536 0.135157749 0.847400904
1341836558.835519 -3.232856274 -0.331566632 1.321886063 0.013565980 0.510819137 0.136445582 0.848682702
1341836558.867451 -3.231315613 -0.333233178 1.340211153 0.011738833 0.515528202 0.134971157 0.846094310
1341836558.900348 -3.231367111 -0.334738523 1.345964074 0.013277656 0.517826319 0.138668686 0.844067872
1341836558.935724 -3.235012054 -0.328309566 1.340326309 0.018673597 0.516758740 0.141107634 0.844215810
1341836558.967478 -3.230630875 -0.330404967 1.340995431 0.019040590 0.517153621 0.141519234 0.843896866
1341836559.000224 -3.233703852 -0.331884384 1.348355293 0.018585218 0.520152748 0.141214371 0.842112958
1341836559.035306 -3.235880852 -0.333893836 1.349087000 0.018649671 0.521102369 0.144097269 0.841035366
1341836559.067396 -3.229879379 -0.325448573 1.368743062 0.020251581 0.523409486 0.146452874 0.839156687
1341836559.100310 -3.229832888 -0.331834912 1.370088220 0.017997386 0.524364054 0.146135181 0.838667393
1341836559.135300 -3.228435278 -0.344298989 1.367960453 0.014822329 0.524815679 0.147426158 0.838220954
1341836559.168365 -3.233294487 -0.336730689 1.376369119 0.019059466 0.527015030 0.149323732 0.836417556
1341836559.203378 -3.237349033 -0.333140880 1.381334782 0.022145065 0.527791023 0.151422754 0.835474312
1341836559.235370 -3.233214855 -0.339657992 1.383226514 0.018833995 0.527490973 0.150619224 0.835890114
1341836559.268241 -3.233551979 -0.342603475 1.392015100 0.016971206 0.530919850 0.149729982 0.833916664
1341836559.303359 -3.243563175 -0.336629361 1.401242256 0.019814311 0.531908989 0.152210832 0.832773745
1341836559.335518 -3.240005016 -0.342928499 1.400827289 0.017738331 0.530109167 0.153970316 0.833644271
1341836559.371796 -3.235193014 -0.353240758 1.406221151 0.012264220 0.533361435 0.152925536 0.831858754
1341836559.408276 -3.243244648 -0.342944235 1.416854143 0.016334303 0.536210001 0.155388132 0.829497814
1341836559.439280 -3.245237827 -0.340893060 1.419831038 0.017135935 0.534576416 0.156355560 0.830353737
1341836559.471768 -3.239660740 -0.354811549 1.420360804 0.011528909 0.535220563 0.154667646 0.830351770
1341836559.503696 -3.242117882 -0.353208154 1.430706024 0.012708053 0.538523138 0.154516608 0.828224599
1341836559.539299 -3.245045424 -0.347216815 1.438063145 0.015867203 0.538304806 0.155319840 0.828161776
1341836559.571414 -3.242218494 -0.359036207 1.436314821 0.012815754 0.538279712 0.155954540 0.828111649
1341836559.603414 -3.248301506 -0.359639078 1.441410780 0.013137626 0.540499389 0.155222580 0.826797307
1341836559.639412 -3.253428459 -0.345527083 1.448547125 0.015852096 0.540110171 0.154584974 0.827123463
1341836559.672296 -3.250518322 -0.354686320 1.449500561 0.013143025 0.540141284 0.156266436 0.826834559
1341836559.707411 -3.247794628 -0.366252989 1.456058502 0.010906763 0.542909324 0.156728923 0.824964583
1341836559.739469 -3.248586178 -0.361040771 1.460049272 0.014329931 0.543690801 0.157811627 0.824190795
1341836559.771384 -3.248883724 -0.358105063 1.467715502 0.015821012 0.543674469 0.158436149 0.824054480
1341836559.807349 -3.247240305 -0.358715475 1.468085766 0.014522169 0.543161571 0.156147271 0.824853122
1341836559.839315 -3.245110035 -0.362329692 1.476515532 0.011696005 0.545458138 0.156705901 0.823275089
1341836559.875410 -3.248420954 -0.362277687 1.481126904 0.012090533 0.547483385 0.160532683 0.821185112
1341836559.907310 -3.246758223 -0.357550740 1.486938715 0.013285394 0.548055530 0.161116868 0.820670426
1341836559.939497 -3.245468378 -0.363104463 1.485309601 0.012201745 0.548384547 0.159928292 0.820699930
1341836559.975374 -3.248669624 -0.362667382 1.490849495 0.012138773 0.550025821 0.159006760 0.819781125
1341836560.007502 -3.248537064 -0.361728311 1.493302822 0.013254732 0.550603926 0.160322517 0.819119215
1341836560.043829 -3.242311954 -0.362813592 1.500470161 0.011883097 0.552761912 0.159366608 0.817872465
1341836560.104647 -3.249744892 -0.365596324 1.506648660 0.012247074 0.557239711 0.161496446 0.814403355
1341836560.140480 -3.248276949 -0.365869790 1.505172968 0.012769051 0.557793081 0.164037794 0.813508093
1341836560.172477 -3.235482454 -0.376239032 1.505534291 0.009873093 0.561362922 0.167899877 0.810298622
1341836560.204360 -3.242494583 -0.372933686 1.517586946 0.016503273 0.567444682 0.171733156 0.805134714
1341836560.240546 -3.246737242 -0.374053866 1.506220341 0.020752251 0.566970229 0.174460813 0.804784179
1341836560.272387 -3.242881060 -0.373595417 1.500790358 0.021175463 0.568840146 0.173509881 0.803658366
1341836560.304441 -3.250563622 -0.386838853 1.508157015 0.020773413 0.574928463 0.177207768 0.798513055
1341836560.340364 -3.255171537 -0.377557755 1.505062819 0.026164170 0.576319516 0.181340516 0.796421289
1341836560.372350 -3.238457203 -0.377647460 1.511366367 0.019999210 0.579148650 0.177269563 0.795463562
1341836560.408404 -3.252952337 -0.375036746 1.510826111 0.020658763 0.582368016 0.175947219 0.793387175
1341836560.440483 -3.251033783 -0.369083077 1.513619900 0.020244261 0.582670212 0.174172804 0.793567479
1341836560.472298 -3.248797655 -0.370857149 1.510160923 0.017279448 0.583421588 0.173993438 0.793124795
1341836560.508310 -3.256734371 -0.367244989 1.507715940 0.017481934 0.584899247 0.174137071 0.791999698
1341836560.540317 -3.253646374 -0.370468110 1.516627789 0.014859049 0.586059570 0.173815966 0.791265726
1341836560.573502 -3.255371571 -0.370188296 1.516245604 0.013993779 0.585916638 0.174035877 0.791339040
1341836560.608340 -3.255771875 -0.372054785 1.519563079 0.011534850 0.586244643 0.172648937 0.791439593
1341836560.640422 -3.258677721 -0.371117562 1.522434711 0.010912563 0.586844504 0.172522232 0.791031361
1341836560.676330 -3.264658213 -0.375416189 1.531340837 0.009263551 0.587194026 0.171717569 0.790968060
1341836560.708409 -3.265017748 -0.380091131 1.540535688 0.005222932 0.586115658 0.170051038 0.792163968
1341836560.740520 -3.271178961 -0.365379006 1.530503988 0.007301656 0.584308147 0.169802725 0.793534935
1341836560.776254 -3.273420572 -0.367050648 1.531982541 0.005661926 0.585007250 0.170720875 0.792835951
1341836560.808326 -3.278317451 -0.364382207 1.542742014 0.005409992 0.587081015 0.171622783 0.791108251
1341836560.840419 -3.273292542 -0.364978254 1.552518368 0.003231417 0.588518083 0.173711553 0.789595068
1341836560.876325 -3.275933743 -0.367023051 1.554756165 0.001923642 0.589938521 0.172720090 0.788756430
1341836560.908357 -3.284950256 -0.366022885 1.558955550 0.003998276 0.590605259 0.172709957 0.788251698
1341836560.944404 -3.285322428 -0.376745939 1.558403254 0.001463758 0.589537323 0.172487944 0.789108038
1341836560.976295 -3.283146381 -0.372482836 1.559808731 0.001765456 0.590484202 0.169921324 0.788956285
1341836561.008556 -3.290427685 -0.377429307 1.568670750 0.001895540 0.592858195 0.168519020 0.787475049
1341836561.044416 -3.295656443 -0.377092123 1.575305581 0.003330267 0.592978358 0.167992339 0.787492275
1341836561.076367 -3.297263622 -0.384001076 1.577989817 0.000324770 0.593126774 0.164907828 0.788039267
1341836561.112398 -3.301003456 -0.379171014 1.586347222 -0.000873722 0.595592678 0.162561402 0.786665380
1341836561.144333 -3.306208849 -0.373228431 1.585770488 0.002119212 0.596469581 0.166706756 0.785129547
1341836561.176591 -3.304281712 -0.381509840 1.594363689 -0.000054443 0.597319543 0.168254435 0.784155488
1341836561.212363 -3.309499025 -0.385122299 1.593684196 -0.000722327 0.597865582 0.167038158 0.783999026
1341836561.244392 -3.313356400 -0.385403335 1.601619482 0.000207253 0.598203063 0.166928038 0.783765316
1341836561.276337 -3.318665028 -0.387288928 1.608583570 0.000969430 0.597312033 0.168032736 0.784208119
1341836561.312402 -3.316041708 -0.390431881 1.613367677 -0.000604658 0.597455323 0.167353600 0.784244597
1341836561.344495 -3.316841602 -0.396804452 1.620064259 -0.002911716 0.597975671 0.164924234 0.784357488
1341836561.380447 -3.317783356 -0.391469657 1.628773093 -0.001013824 0.597553611 0.163604334 0.784960032
1341836561.412463 -3.314780235 -0.400694191 1.632858038 -0.003381125 0.596308649 0.161802068 0.786272585
1341836561.444383 -3.319710255 -0.405864000 1.633047819 -0.005465028 0.596373618 0.159338459 0.786714613
1341836561.480494 -3.324877977 -0.401393831 1.638577223 -0.004731280 0.597894430 0.157571718 0.785920501
1341836561.512334 -3.323471785 -0.405087054 1.647282600 -0.004918926 0.598788023 0.159373641 0.784874976
1341836561.544433 -3.322660208 -0.411897361 1.646001816 -0.006669254 0.598607659 0.159527108 0.784968495
1341836561.580361 -3.323294640 -0.413499594 1.648286223 -0.007855766 0.600110233 0.156213939 0.784476340
1341836561.612391 -3.325162411 -0.407151222 1.657298803 -0.005509256 0.602383733 0.155844599 0.782825649
1341836561.648336 -3.323759556 -0.411630571 1.659073353 -0.006006972 0.603271186 0.157172590 0.781872451
1341836561.680331 -3.319386482 -0.419945002 1.657638311 -0.009083729 0.606131613 0.155894175 0.779883921
1341836561.712414 -3.328085423 -0.409732640 1.666304588 -0.004734222 0.610247493 0.155803517 0.776724398
1341836561.748511 -3.329645395 -0.417256474 1.673382521 -0.005708832 0.611109138 0.155595556 0.776081920
1341836561.780401 -3.326452255 -0.426512778 1.669776201 -0.007957496 0.612664342 0.155434102 0.774867356
1341836561.812700 -3.330976009 -0.426986217 1.675975561 -0.005684557 0.615689933 0.155674607 0.772437036
1341836561.848579 -3.332258701 -0.420911491 1.685888767 -0.003219282 0.616963267 0.155464217 0.771477044
1341836561.880265 -3.333144903 -0.427136600 1.688024759 -0.004719542 0.618629515 0.156453222 0.769933522
1341836561.916312 -3.335693359 -0.425554872 1.687918305 -0.004209764 0.620244920 0.156260729 0.768674910
1341836561.951295 -3.342818499 -0.434662402 1.694324136 -0.003508489 0.621662021 0.157069564 0.767367661
1341836562.019341 -3.344873428 -0.431921721 1.695721865 -0.002253340 0.621403337 0.155184522 0.767965257
1341836562.080581 -3.351804733 -0.433633983 1.708563566 -0.001144538 0.624485850 0.155708060 0.765356839
1341836562.116439 -3.353619576 -0.429884076 1.712604523 -0.000365739 0.626526892 0.156742290 0.763476074
1341836562.148367 -3.355950594 -0.432253897 1.719274759 -0.002224305 0.628564537 0.155509561 0.762048841
1341836562.184511 -3.363868713 -0.432260931 1.723153710 -0.000979200 0.629965484 0.157368571 0.760511458
1341836562.219290 -3.363090992 -0.434277296 1.733806372 -0.001475500 0.631788731 0.158639684 0.758732021
1341836562.251425 -3.363604546 -0.433977365 1.733333588 -0.002937639 0.632656336 0.156594738 0.758429527
1341836562.287390 -3.368521214 -0.436235607 1.737892866 -0.003009272 0.634494901 0.158719912 0.756448984
1341836562.319250 -3.371125460 -0.433339536 1.737637281 0.000134407 0.635322928 0.162315115 0.754995704
1341836562.352232 -3.371773243 -0.429214776 1.747817039 0.001469051 0.638637543 0.162580639 0.752135217
1341836562.387730 -3.383167267 -0.440282047 1.743831635 0.000488569 0.638630390 0.163489565 0.751945496
1341836562.419326 -3.386842728 -0.429099917 1.752606273 0.002228579 0.638360679 0.161088780 0.752689242
1341836562.455394 -3.386014938 -0.435627103 1.751201749 -0.001327871 0.638050437 0.161098793 0.752952218
1341836562.487315 -3.386110067 -0.437809765 1.761543989 -0.003033930 0.640484512 0.162214875 0.750637531
1341836562.519469 -3.396510124 -0.428466439 1.767106771 0.000716000 0.640165925 0.162015647 0.750958085
1341836562.555498 -3.387313843 -0.433003485 1.768946886 -0.002253953 0.638459384 0.161213458 0.752578735
1341836562.587360 -3.383716345 -0.446089327 1.769351244 -0.007533813 0.639165223 0.158988759 0.752418518
1341836562.623388 -3.387531757 -0.444925249 1.774621964 -0.006162284 0.640762985 0.159990817 0.750858068
1341836562.656832 -3.380976439 -0.434751391 1.775398254 -0.003279284 0.641693592 0.162805438 0.749475181
1341836562.687414 -3.383115053 -0.438187182 1.780932069 -0.004877892 0.644671738 0.162241772 0.747028887
1341836562.723392 -3.382667303 -0.440434158 1.781334043 -0.004036271 0.645984173 0.163482592 0.745628357
1341836562.755310 -3.380200386 -0.441142559 1.783373237 -0.004343300 0.646406054 0.163804665 0.745190144
1341836562.787756 -3.374680996 -0.449713349 1.784762979 -0.008398891 0.647828460 0.163656816 0.743951738
1341836562.823473 -3.374051571 -0.444642007 1.785719752 -0.006796048 0.649903715 0.163821280 0.742119610
1341836562.855234 -3.377875805 -0.445439339 1.788996458 -0.004900754 0.651632011 0.164896712 0.740378797
1341836562.891396 -3.376965046 -0.436636209 1.792432666 -0.001982137 0.651919842 0.165225178 0.740065694
1341836562.923404 -3.367771626 -0.450637639 1.793849945 -0.007106107 0.652703762 0.163286194 0.739773571
1341836562.955395 -3.371423244 -0.449311435 1.797007561 -0.006507911 0.654113233 0.162075832 0.738799691
1341836562.991509 -3.368084908 -0.450837493 1.802380323 -0.005884755 0.654913068 0.164044306 0.737660944
1341836563.023489 -3.362627745 -0.445642889 1.803333282 -0.004594601 0.655662715 0.164714947 0.736854315
1341836563.059412 -3.359289885 -0.446503937 1.809291005 -0.004539738 0.657040000 0.164899752 0.735585392
1341836563.091490 -3.355238199 -0.448320895 1.812721014 -0.005811785 0.658364058 0.164941072 0.734382391
1341836563.123526 -3.351045609 -0.452520013 1.814980626 -0.005896425 0.660174549 0.167960033 0.732068419
1341836563.159903 -3.353480339 -0.452132344 1.817881346 -0.003346107 0.661789894 0.169675365 0.730228186
1341836563.192322 -3.351078749 -0.447749853 1.814347982 -0.001413005 0.661243439 0.169915333 0.730673552
1341836563.227384 -3.347307444 -0.451378465 1.818353653 -0.002542158 0.662618399 0.169315100 0.729563475
1341836563.259586 -3.347742319 -0.452171504 1.820555925 -0.000654163 0.663266242 0.171072587 0.728568256
1341836563.291784 -3.345305443 -0.451123357 1.821463823 0.000553731 0.663176715 0.170564860 0.728768826
1341836563.327381 -3.338732481 -0.459524989 1.825069785 -0.001865521 0.663873196 0.170165300 0.728225708
1341836563.359432 -3.334687710 -0.458726525 1.830418348 -0.000831564 0.664917529 0.168723956 0.727609932
1341836563.395723 -3.336778641 -0.457129657 1.834233284 0.000911837 0.664695978 0.166953638 0.728220403
1341836563.427417 -3.333824158 -0.459230542 1.833006263 -0.000328005 0.664173543 0.166430220 0.728817105
1341836563.459328 -3.327717781 -0.465665430 1.839462280 -0.003532881 0.666418016 0.165201575 0.727037132
1341836563.495414 -3.333602190 -0.469482780 1.841192365 -0.001353696 0.667616606 0.167977557 0.725306690
1341836563.527734 -3.331136703 -0.466805041 1.837886453 -0.000330260 0.666707933 0.168958753 0.725915551
1341836563.563330 -3.328217268 -0.466281474 1.839588881 -0.002092778 0.667141497 0.166208059 0.726149261
1341836563.595336 -3.325963497 -0.464269698 1.843530893 -0.001529037 0.667643249 0.166022241 0.725731909
1341836563.627267 -3.329443216 -0.468554616 1.842145920 -0.001388226 0.667338133 0.167168036 0.725749850
1341836563.663448 -3.325278282 -0.477299452 1.841975808 -0.004665377 0.667626679 0.167839184 0.725315750
1341836563.695359 -3.327140808 -0.469294161 1.845464706 -0.003549040 0.668386638 0.165587157 0.725139737
1341836563.727466 -3.325510979 -0.471668124 1.851704240 -0.004708591 0.668909907 0.165233746 0.724731147
1341836563.763461 -3.321106195 -0.464774996 1.853606462 -0.004455287 0.669518471 0.165569574 0.724093795
1341836563.795366 -3.321558714 -0.469398111 1.857348800 -0.006220537 0.671732366 0.165534616 0.722035468
1341836563.827447 -3.326813221 -0.470321476 1.858775139 -0.004607390 0.672186077 0.167254180 0.721228600
1341836563.863324 -3.325734138 -0.473969579 1.859913349 -0.004977539 0.671961308 0.168875277 0.721057832
1341836563.895278 -3.324739695 -0.474849224 1.861065507 -0.005592404 0.672964334 0.168829411 0.720128059
1341836563.927597 -3.322433472 -0.471936375 1.866517067 -0.004447968 0.673855960 0.169227347 0.719208241
1341836563.963416 -3.321846962 -0.471287966 1.872229338 -0.001343096 0.674207628 0.172077984 0.718214035
1341836563.995418 -3.321000099 -0.475073874 1.874394178 -0.002367508 0.674133599 0.171335161 0.718458474
1341836564.031385 -3.317887783 -0.473389447 1.874213576 -0.003392623 0.674565673 0.169312045 0.718528390
1341836564.063489 -3.322093964 -0.476251662 1.879902005 -0.003067949 0.675527096 0.169775650 0.717516541
1341836564.095401 -3.324636459 -0.478159189 1.878922462 -0.002081160 0.675929189 0.172520652 0.716485918
1341836564.131464 -3.319584608 -0.481773287 1.881943703 -0.003692264 0.677824438 0.174191445 0.714281321
1341836564.163332 -3.319492340 -0.477686852 1.883402824 -0.002188990 0.678616881 0.174580023 0.713439703
1341836564.195307 -3.323756933 -0.478802860 1.886404753 -0.000585071 0.678960204 0.176148191 0.712730348
1341836564.231400 -3.320007801 -0.478605866 1.887506485 -0.000691294 0.678337157 0.176731721 0.713178873
1341836564.263512 -3.318195581 -0.485796094 1.890308142 -0.003362534 0.679475427 0.175779298 0.712322652
1341836564.295354 -3.324469805 -0.479612947 1.895297647 0.001258141 0.680242360 0.176848099 0.711332202
1341836564.331382 -3.315955877 -0.482147843 1.895829678 -0.001034684 0.679067194 0.175498530 0.712788165
1341836564.363288 -3.318746567 -0.480684072 1.894095421 -0.001103261 0.679425597 0.173805997 0.712861180
1341836564.396337 -3.319595098 -0.479145288 1.897097349 -0.000520151 0.680201828 0.174780443 0.711882710
1341836564.431406 -3.316968441 -0.478744984 1.897889376 0.000193118 0.680625677 0.176720843 0.710998178
1341836564.463308 -3.317123890 -0.481455296 1.897663951 -0.001342704 0.681131780 0.176947623 0.710455596
1341836564.499232 -3.314768076 -0.482935101 1.901941776 -0.002983933 0.681577265 0.175553992 0.710369110
1341836564.531509 -3.316345692 -0.476135522 1.900790095 -0.000789529 0.681051195 0.174345389 0.711176753
1341836564.564458 -3.315640688 -0.485006154 1.898149252 -0.003146048 0.680867970 0.175256744 0.711121678
1341836564.599215 -3.308351517 -0.482157081 1.899056673 -0.003802047 0.682474613 0.173845991 0.709923625
1341836564.631361 -3.315521479 -0.485599071 1.899886847 -0.003784588 0.682894409 0.173869148 0.709514260
1341836564.664403 -3.313737392 -0.478741318 1.895781159 -0.002178094 0.681315362 0.174104720 0.710979760
1341836564.699246 -3.307257175 -0.482879162 1.899947882 -0.006682566 0.682552636 0.170794934 0.710567594
1341836564.731521 -3.316069126 -0.482970566 1.897851825 -0.005130589 0.683132768 0.170982584 0.709977627
1341836564.767617 -3.316745281 -0.480661571 1.898970962 -0.003085611 0.682278514 0.173004583 0.710321009
1341836564.799280 -3.314253092 -0.484130651 1.896379948 -0.005266906 0.681176424 0.171855614 0.711643517
1341836564.832295 -3.312363625 -0.486629993 1.896876335 -0.007272580 0.682056665 0.170577809 0.711090028
1341836564.867842 -3.317890167 -0.483741373 1.898316383 -0.004835191 0.681738675 0.171610668 0.711167216
1341836564.899297 -3.320409775 -0.484341353 1.894987822 -0.005139198 0.680711567 0.171587035 0.712153971
1341836564.935266 -3.316154718 -0.482270330 1.898198485 -0.007621060 0.681023359 0.169107422 0.712426722
1341836564.967281 -3.317189217 -0.480669022 1.897242188 -0.007586657 0.680529058 0.167816967 0.713204086
1341836564.999531 -3.312258959 -0.481414944 1.895728946 -0.007549269 0.680067658 0.168742746 0.713426173
1341836565.035467 -3.314170599 -0.483854353 1.898350000 -0.008009152 0.681131184 0.168735266 0.712407589
