1341839113.657637 0.000000000 0.000000000 0.000000000 0.000000000 0.000000000 0.000000000 1.000000000
1341839113.693575 -0.002671006 -0.001644924 -0.000360708 -0.001392110 0.001012488 0.001877132 0.999996781
1341839113.725606 -0.001869268 0.002221514 -0.000546232 -0.001105073 0.001659280 0.004702130 0.999986947
1341839113.793718 -0.001994975 -0.004435226 -0.000452817 -0.003796125 0.002799273 0.006289156 0.999969125
1341839113.861553 -0.004627310 0.002521193 -0.001695101 -0.001844431 0.001433935 0.003252079 0.999991953
1341839113.894400 -0.006549025 0.002038625 -0.002895735 -0.003396146 0.002731500 0.004479760 0.999980450
1341839113.925550 -0.005651327 -0.001717030 0.000391251 -0.004657134 0.002259460 0.006889491 0.999962866
1341839113.961614 -0.005339864 0.001830661 -0.001530065 -0.004361200 0.001642871 0.006183288 0.999970019
1341839113.993616 -0.006405971 0.001140849 0.000635865 -0.005115335 0.001333151 0.004041501 0.999977827
1341839114.025642 -0.006627699 -0.000854428 0.000681557 -0.005103129 0.000276059 0.003970043 0.999979079
1341839114.061534 -0.007975414 0.003160992 -0.003172826 -0.005597250 0.000424616 0.003592041 0.999977767
1341839114.093617 -0.008426914 0.001487420 -0.001780412 -0.009048268 0.000745011 0.004710041 0.999947667
1341839114.129556 -0.008183410 -0.003218010 0.003560422 -0.011130524 -0.000482299 0.004815687 0.999926329
1341839114.161678 -0.008803308 0.001849555 0.002308118 -0.009220252 -0.001265020 0.001673683 0.999955297
1341839114.229673 -0.012518525 0.001889791 0.003882762 -0.011639557 -0.002117054 -0.000308982 0.999929965
1341839114.261690 -0.015016110 0.008460416 0.000333480 -0.009548172 -0.000556727 0.000418295 0.999954164
1341839114.293564 -0.016678048 0.004030201 -0.002442386 -0.012325604 0.000474517 0.001663505 0.999922574
1341839114.329671 -0.015646951 -0.002171764 0.002354507 -0.014629802 -0.001920338 0.001739346 0.999889612
1341839114.361622 -0.020405212 0.005517981 0.001482153 -0.012206409 -0.002197389 -0.000273342 0.999923050
1341839114.397666 -0.024073521 0.010268684 -0.002829282 -0.011346157 -0.001337149 -0.000917090 0.999934316
1341839114.429583 -0.026922302 0.009417868 -0.002779165 -0.013660198 -0.000805229 0.000542431 0.999906242
1341839114.461610 -0.028116524 0.011154559 -0.000812875 -0.014597766 -0.000905851 0.003149024 0.999888062
1341839114.497561 -0.029162738 0.012823817 -0.000577093 -0.014851026 -0.000457702 0.003408557 0.999883831
1341839114.529492 -0.030425828 0.009938188 -0.000152864 -0.015714660 -0.000596375 0.002245687 0.999873817
1341839114.565482 -0.034677751 0.012966850 -0.004527379 -0.015589789 -0.000413647 0.002138885 0.999876082
1341839114.597648 -0.036078140 0.018345920 -0.004494318 -0.015976839 0.000375640 0.001684790 0.999870896
1341839114.629596 -0.035353497 0.017344275 -0.003035282 -0.017167035 0.001471281 0.002633444 0.999848068
1341839114.665607 -0.037710812 0.015617901 -0.006515232 -0.018174103 0.001987077 0.002183161 0.999830484
1341839114.697721 -0.038469981 0.018404581 -0.004547862 -0.017934224 0.001997156 -0.000677537 0.999836922
1341839114.730054 -0.042589128 0.019615024 -0.007863642 -0.017033940 0.004107197 -0.001138538 0.999845803
1341839114.765560 -0.045712296 0.018898878 -0.013034161 -0.018762507 0.005189667 0.000758826 0.999810219
1341839114.797510 -0.047359809 0.020678345 -0.010204289 -0.018836796 0.006352359 0.000886455 0.999801993
1341839114.833570 -0.052581891 0.021454955 -0.015765307 -0.017851330 0.008037073 0.001746246 0.999806821
1341839114.865530 -0.054904372 0.021147791 -0.019997831 -0.019129910 0.008137594 0.001791935 0.999782264
1341839114.897742 -0.059439976 0.024969136 -0.020802787 -0.018556971 0.009364957 0.001813245 0.999782324
1341839114.933721 -0.064851791 0.024235940 -0.025328726 -0.018030601 0.011053442 0.002263336 0.999773741
1341839114.965565 -0.070576735 0.024665514 -0.030974956 -0.018206595 0.011840227 0.004244373 0.999755144
1341839114.997678 -0.073946863 0.029450689 -0.034278680 -0.018586474 0.011738284 0.004133916 0.999749780
1341839115.033675 -0.075987078 0.036388479 -0.035834808 -0.017009512 0.014448065 0.003343988 0.999745369
1341839115.065634 -0.084359199 0.030513473 -0.042978611 -0.018755510 0.017946884 0.008418487 0.999627590
1341839115.101577 -0.088742919 0.029531937 -0.046621397 -0.020159189 0.017304841 0.011546987 0.999580324
1341839115.133455 -0.090720937 0.038696483 -0.046648212 -0.018053718 0.017274119 0.007619156 0.999658763
1341839115.165699 -0.099552318 0.039946493 -0.051948681 -0.016772771 0.019938570 0.007060520 0.999635577
1341839115.201542 -0.105207898 0.036523730 -0.063007519 -0.019049667 0.020145433 0.010594543 0.999559402
1341839115.233600 -0.109717518 0.043454070 -0.062179677 -0.021009235 0.019897092 0.011044394 0.999520242
1341839115.265499 -0.111888528 0.045665525 -0.061769720 -0.020690512 0.020438971 0.009714188 0.999529779
1341839115.301699 -0.120545536 0.042590935 -0.070690379 -0.022314902 0.021043392 0.010261589 0.999476850
1341839115.333616 -0.125222951 0.054528087 -0.075794436 -0.023422740 0.019870257 0.008468079 0.999492288
1341839115.369483 -0.127072349 0.055556990 -0.070720591 -0.024495052 0.020176137 0.006580520 0.999474645
1341839115.401613 -0.133625239 0.057161894 -0.076064624 -0.023747982 0.022028033 0.007629736 0.999446154
1341839115.469819 -0.142900407 0.059338141 -0.077947140 -0.028474469 0.023399796 0.007697483 0.999290943
1341839115.533671 -0.156278685 0.064690836 -0.089567095 -0.027982567 0.026417300 0.012680186 0.999178827
1341839115.569633 -0.155216038 0.058785230 -0.084422141 -0.031543814 0.025463037 0.010827216 0.999119282
1341839115.601623 -0.159302279 0.058868594 -0.080935791 -0.029726775 0.027001251 0.009288475 0.999150097
1341839115.637954 -0.169980004 0.062132917 -0.088314600 -0.027783204 0.030182946 0.012035497 0.999085724
1341839115.669467 -0.175429732 0.068431586 -0.092855811 -0.028937537 0.031126784 0.014482619 0.998991489
1341839115.701635 -0.172609225 0.056352358 -0.081874453 -0.032868661 0.030817391 0.014720053 0.998875976
1341839115.737552 -0.178579181 0.055849478 -0.081058897 -0.029277375 0.032567468 0.014923832 0.998929143
1341839115.769579 -0.192073762 0.068573952 -0.090741567 -0.026203405 0.034745675 0.014237816 0.998951137
1341839115.805533 -0.193850502 0.063545845 -0.084365785 -0.029738754 0.035178307 0.013867787 0.998842239
1341839115.837641 -0.200617149 0.062013779 -0.081056498 -0.028540432 0.037501443 0.016138054 0.998758554
1341839115.869594 -0.212413922 0.069332011 -0.087051257 -0.027207416 0.040247798 0.018299446 0.998651564
1341839115.905464 -0.216941953 0.069800064 -0.084273331 -0.029639421 0.041159276 0.019702114 0.998518527
1341839115.937926 -0.220818862 0.061364565 -0.077694774 -0.030030273 0.043366391 0.022511879 0.998354018
1341839115.976772 -0.233721182 0.071505137 -0.085734755 -0.025587672 0.047686335 0.024858417 0.998225093
1341839116.037844 -0.249543935 0.061027512 -0.085465163 -0.031276867 0.051965363 0.031261917 0.997669339
1341839116.073614 -0.255724847 0.059378792 -0.083034448 -0.029043360 0.053427786 0.031759538 0.997643888
1341839116.105551 -0.269760370 0.065495364 -0.089260839 -0.025858881 0.056659069 0.031747445 0.997553587
1341839116.137629 -0.280863762 0.064811595 -0.090383112 -0.027162416 0.058699444 0.033027343 0.997359395
1341839116.173741 -0.282259494 0.058406442 -0.084408656 -0.028152190 0.058969885 0.034093548 0.997280121
1341839116.205705 -0.292887837 0.062761366 -0.087415040 -0.025112391 0.062521286 0.033603817 0.997161567
1341839116.237744 -0.306136370 0.062992737 -0.091560513 -0.025142105 0.065935284 0.035322659 0.996881485
1341839116.273644 -0.311155587 0.061860912 -0.092528053 -0.025942933 0.066982575 0.037743088 0.996702433
1341839116.305590 -0.319679677 0.068707168 -0.092732355 -0.025186805 0.070193470 0.037556119 0.996507943
1341839116.341693 -0.330241799 0.064202048 -0.091787711 -0.026100876 0.074510381 0.039584737 0.996092379
1341839116.374159 -0.341825098 0.061711982 -0.095596582 -0.026396461 0.076964483 0.044907261 0.995672166
1341839116.405626 -0.345138282 0.064493313 -0.094756484 -0.026280023 0.077303611 0.047638427 0.995522022
1341839116.441448 -0.353854090 0.059749678 -0.093188703 -0.026591331 0.079767428 0.049444024 0.995231330
1341839116.473792 -0.361182600 0.057861246 -0.096452907 -0.026249202 0.079909898 0.052013077 0.995097995
1341839116.505559 -0.367956042 0.066628218 -0.095849834 -0.023827024 0.080287136 0.050814886 0.995190501
1341839116.541530 -0.377853572 0.066983171 -0.100131772 -0.024497962 0.082608357 0.052915942 0.994874656
1341839116.573449 -0.383059531 0.061345655 -0.101412237 -0.027450444 0.082333460 0.054562908 0.994731426
1341839116.609629 -0.381665170 0.060443293 -0.098256618 -0.027212312 0.080981940 0.051281910 0.995023429
1341839116.642092 -0.395677954 0.063236676 -0.102280289 -0.025564853 0.084141150 0.048425429 0.994948089
1341839116.673494 -0.402767688 0.061523337 -0.107881442 -0.027039587 0.084359296 0.050647147 0.994780004
1341839116.709491 -0.400399536 0.064581215 -0.104660094 -0.028086210 0.082536459 0.048315812 0.995019853
1341839116.741798 -0.401216000 0.058885854 -0.103470117 -0.029038580 0.083343014 0.043917172 0.995129168
1341839116.777780 -0.413071662 0.056085020 -0.106846564 -0.028800519 0.085248105 0.042796396 0.995023489
1341839116.809493 -0.420283735 0.062257402 -0.111889854 -0.028868001 0.084590510 0.042684991 0.995082438
1341839116.841577 -0.419044942 0.055646762 -0.106342368 -0.031298615 0.084219255 0.039852049 0.995157957
1341839116.877541 -0.424611479 0.056287806 -0.105535172 -0.028280959 0.085811682 0.038559698 0.995163143
1341839116.909607 -0.436740577 0.063549586 -0.115036719 -0.026231715 0.087955043 0.039289150 0.995003641
1341839116.941574 -0.446599901 0.066844732 -0.118792228 -0.028743669 0.089750960 0.039280426 0.994774163
1341839116.977669 -0.444862187 0.051707990 -0.112763032 -0.032414801 0.089536786 0.038799711 0.994699478
1341839117.009692 -0.455674767 0.060793411 -0.117825218 -0.028380055 0.090941072 0.036199421 0.994793415
1341839117.045446 -0.467345566 0.076054215 -0.125372633 -0.027200600 0.092853777 0.033774253 0.994734943
1341839117.077581 -0.469790667 0.066184506 -0.120815620 -0.031756196 0.093960322 0.034160610 0.994482815
1341839117.109633 -0.476647526 0.064943440 -0.122070611 -0.031350978 0.096058466 0.035269748 0.994256496
1341839117.145451 -0.483173966 0.070833713 -0.125739589 -0.029818045 0.098089002 0.034102105 0.994146109
1341839117.177591 -0.496338040 0.067396522 -0.127756834 -0.031114500 0.100861117 0.034511629 0.993814826
1341839117.209585 -0.500977099 0.060333505 -0.127088428 -0.032358449 0.100737862 0.035636939 0.993747890
1341839117.245753 -0.509109616 0.068894431 -0.132120371 -0.028732693 0.103121310 0.035151877 0.993632078
1341839117.278976 -0.526839554 0.068775907 -0.136491567 -0.028906321 0.107493013 0.037219327 0.993088305
1341839117.313580 -0.535578668 0.063028820 -0.138380617 -0.030006170 0.108086750 0.040758893 0.992852271
1341839117.345623 -0.546763062 0.073007211 -0.144813091 -0.027713604 0.109801494 0.041816048 0.992686749
1341839117.377641 -0.559709787 0.075164862 -0.149668008 -0.029404307 0.111242555 0.042509846 0.992448211
1341839117.413568 -0.571382940 0.075396717 -0.149103045 -0.030589361 0.111972004 0.041520443 0.992372215
1341839117.445717 -0.584856629 0.082235917 -0.158942446 -0.030370111 0.113253318 0.042781413 0.992179990
1341839117.477601 -0.597206295 0.084820509 -0.163069099 -0.034098852 0.115118869 0.044030163 0.991789401
1341839117.513635 -0.603685975 0.076669246 -0.159670293 -0.036866870 0.116261542 0.047061976 0.991417825
1341839117.545603 -0.618462205 0.084752910 -0.168183774 -0.035263453 0.117634162 0.048612021 0.991239429
1341839117.581707 -0.628908753 0.084598720 -0.169260740 -0.037208978 0.117871970 0.048912205 0.991125226
1341839117.613653 -0.638080895 0.081298202 -0.172685623 -0.038533900 0.118338533 0.049563736 0.990986645
1341839117.645887 -0.654502451 0.088001534 -0.176285267 -0.037403826 0.120598078 0.050279845 0.990721464
1341839117.681569 -0.667876244 0.090204164 -0.179483384 -0.038339198 0.121394344 0.051243395 0.990539074
1341839117.713639 -0.669364750 0.083757423 -0.181002066 -0.040864483 0.119343095 0.049691174 0.990766406
1341839117.745712 -0.684409976 0.084404081 -0.181481197 -0.039589252 0.121163294 0.048392776 0.990661561
1341839117.781725 -0.695074618 0.096236207 -0.187173799 -0.036999576 0.122091211 0.049314767 0.990602255
1341839117.813499 -0.709969044 0.098184988 -0.192176908 -0.039417796 0.123869471 0.052010611 0.990150213
1341839117.849617 -0.710540533 0.086552545 -0.188602582 -0.043225508 0.121971682 0.053711891 0.990136087
1341839117.881610 -0.720332205 0.087524623 -0.190990686 -0.041479293 0.121376276 0.051425960 0.990405321
1341839117.913581 -0.737019181 0.101961873 -0.197759345 -0.039388079 0.121711686 0.048956927 0.990574598
1341839117.949521 -0.744623125 0.100972325 -0.196866065 -0.042797010 0.121103428 0.047877207 0.990560532
1341839117.981586 -0.753206670 0.100768641 -0.196757436 -0.043578949 0.121089086 0.049074393 0.990469575
1341839118.017504 -0.758967817 0.104365960 -0.200603902 -0.044779416 0.120913021 0.047739219 0.990502834
1341839118.049478 -0.764535427 0.097363621 -0.197652161 -0.047349975 0.121599115 0.045420602 0.990408301
1341839118.081566 -0.777817488 0.102158993 -0.197478518 -0.045675289 0.123124234 0.045637820 0.990288556
1341839118.117532 -0.783084035 0.102150224 -0.198340923 -0.046930648 0.122812741 0.047077823 0.990201116
1341839118.149476 -0.783243954 0.091300204 -0.195401058 -0.049025595 0.121923991 0.047426850 0.990192771
1341839118.182394 -0.794036746 0.096662030 -0.195148855 -0.045907225 0.123074800 0.045927137 0.990270555
1341839118.217697 -0.802658439 0.101004779 -0.196240827 -0.045636598 0.124010831 0.044355679 0.990237951
1341839118.249595 -0.805716872 0.089792430 -0.191641435 -0.047843862 0.124930933 0.046457600 0.989921689
1341839118.285581 -0.811258614 0.090607896 -0.188753694 -0.045674421 0.125560015 0.047578987 0.989891291
1341839118.317574 -0.818962038 0.087712705 -0.187992483 -0.045041543 0.126551896 0.047254633 0.989809513
1341839118.349685 -0.824738801 0.085885428 -0.186023206 -0.043873034 0.127462059 0.047106829 0.989752233
1341839118.385618 -0.835021973 0.088870734 -0.184665531 -0.041277789 0.129040718 0.048288774 0.989602387
1341839118.417611 -0.845481932 0.092214972 -0.183493271 -0.040251859 0.130378917 0.049809869 0.989393771
1341839118.449697 -0.844553351 0.090107270 -0.181319237 -0.040732995 0.129182056 0.051214203 0.989459395
1341839118.485493 -0.851789057 0.085467704 -0.178812772 -0.040846456 0.130187556 0.050149426 0.989377499
1341839118.517623 -0.862064898 0.090720206 -0.176224753 -0.038623959 0.131938964 0.049591117 0.989262879
1341839118.554050 -0.876282513 0.097302437 -0.177031621 -0.038279071 0.133584797 0.051374290 0.988964379
1341839118.585668 -0.873551786 0.088326119 -0.171110362 -0.042328473 0.131296754 0.052135780 0.989065886
1341839118.617700 -0.878579199 0.087083362 -0.164701790 -0.040975031 0.132106513 0.050283592 0.989110947
1341839118.653714 -0.893941641 0.099082671 -0.167973042 -0.038146667 0.133979380 0.050085492 0.988982201
1341839118.717504 -0.902993858 0.078377202 -0.157631397 -0.045810331 0.134924382 0.052947894 0.988379121
1341839118.753742 -0.913869441 0.092057630 -0.161280245 -0.040930923 0.136671826 0.051742174 0.988417029
1341839118.785566 -0.930132627 0.099984989 -0.162212059 -0.041163426 0.139586374 0.052810457 0.987943470
1341839118.821695 -0.934928477 0.093887597 -0.160323456 -0.044835053 0.139159247 0.056574080 0.987635493
1341839118.853833 -0.932998180 0.087074190 -0.155665874 -0.047194187 0.138600931 0.055377189 0.987671912
1341839118.921740 -0.963639915 0.093480416 -0.154209465 -0.043501087 0.142768741 0.054143209 0.987316191
1341839118.953665 -0.962822139 0.089269653 -0.150520414 -0.046000343 0.142469347 0.055191148 0.987188160
1341839118.989622 -0.970445335 0.081576422 -0.146204963 -0.046313800 0.145045832 0.057102919 0.986689389
1341839119.021687 -0.981200218 0.085432939 -0.147000059 -0.043773197 0.146979004 0.057650134 0.986487448
1341839119.054550 -0.990642726 0.092237905 -0.147631735 -0.042664718 0.149107799 0.058307577 0.986177862
1341839119.089581 -1.004975557 0.089268208 -0.145533949 -0.044374719 0.152226731 0.062029056 0.985398591
1341839119.121679 -1.008844614 0.085108429 -0.144721746 -0.046168312 0.152120590 0.064272530 0.985188723
1341839119.153810 -1.016006708 0.084288925 -0.141942978 -0.046076961 0.153310716 0.063533172 0.985056460
1341839119.190466 -1.028701901 0.087069273 -0.142770559 -0.045559436 0.154938355 0.063636370 0.984819233
1341839119.221601 -1.039464951 0.093891025 -0.142842293 -0.046083082 0.156129286 0.064267911 0.984565675
1341839119.257728 -1.041235328 0.085619904 -0.138950825 -0.049028032 0.157199875 0.065938748 0.984142542
1341839119.289455 -1.049214840 0.085221291 -0.136803925 -0.048564881 0.158922195 0.066081628 0.983879268
1341839119.321569 -1.061617494 0.084353507 -0.133684158 -0.048303168 0.160876662 0.067856014 0.983453631
1341839119.357502 -1.068407774 0.083351269 -0.131539553 -0.047232214 0.161712497 0.070583820 0.983176529
1341839119.389594 -1.075274706 0.088917971 -0.132366031 -0.045975987 0.162203088 0.071858622 0.983062923
1341839119.421517 -1.082264900 0.080526888 -0.131139994 -0.048400942 0.161751419 0.072239645 0.982993007
1341839119.457571 -1.087634921 0.082546860 -0.130559117 -0.047517013 0.160137236 0.070738405 0.983409524
1341839119.489537 -1.095055580 0.089431852 -0.130269319 -0.046597373 0.161321312 0.069404483 0.983355045
1341839119.525734 -1.105568528 0.090774640 -0.128813684 -0.047345359 0.163605511 0.071513124 0.982790649
1341839119.557461 -1.109190226 0.098378107 -0.130093277 -0.048060615 0.162381023 0.073182806 0.982836127
1341839119.589618 -1.107386947 0.084610015 -0.127954841 -0.053500563 0.161441118 0.070828579 0.982882380
1341839119.625979 -1.113482833 0.081591986 -0.125926137 -0.052497748 0.162279502 0.068513080 0.982962489
1341839119.657625 -1.128024936 0.097865731 -0.128901899 -0.048878018 0.163962945 0.067329124 0.982951641
1341839119.689899 -1.129120350 0.095319271 -0.128505051 -0.052909944 0.162960336 0.067910008 0.982869625
1341839119.725735 -1.124102712 0.078310624 -0.125247270 -0.056937128 0.161799073 0.066392839 0.982940078
1341839119.757807 -1.137183666 0.089058921 -0.125891089 -0.053038854 0.164065301 0.063784391 0.982955217
1341839119.793744 -1.148788452 0.092915386 -0.126568288 -0.054113701 0.164668918 0.063574746 0.982809305
1341839119.825500 -1.145388365 0.080554321 -0.123597056 -0.057933688 0.163118437 0.063428178 0.982859552
1341839119.857554 -1.147715211 0.078420013 -0.121949285 -0.056297217 0.164163545 0.063890427 0.982750714
1341839119.893748 -1.163972139 0.089558974 -0.124426275 -0.052678812 0.167371318 0.064829886 0.982348621
1341839119.925601 -1.168026805 0.092184015 -0.125497073 -0.054638829 0.167355403 0.066237107 0.982150435
1341839119.957678 -1.168492079 0.076054461 -0.119985849 -0.058245800 0.167971238 0.067216583 0.981771350
1341839119.993679 -1.178316474 0.078823268 -0.119874895 -0.054661889 0.168874934 0.067308478 0.981816113
1341839120.025666 -1.186063409 0.081857935 -0.120625913 -0.053354278 0.169461504 0.066149302 0.981865764
1341839120.061576 -1.193904042 0.083287291 -0.119385481 -0.052576125 0.171057284 0.067097828 0.981566608
1341839120.093515 -1.200554013 0.083508328 -0.116888344 -0.052263673 0.173075885 0.069757558 0.981043875
1341839120.125657 -1.209102750 0.081018001 -0.116395682 -0.052001577 0.175047472 0.072970241 0.980474114
1341839120.161703 -1.211574912 0.072758712 -0.112685889 -0.052836079 0.175607532 0.073842935 0.980264008
1341839120.193590 -1.222558856 0.071548000 -0.110894501 -0.050134599 0.177577689 0.073870040 0.980048895
1341839120.229713 -1.234002709 0.079441786 -0.111870646 -0.046274733 0.180489987 0.075139381 0.979610145
1341839120.261506 -1.245532632 0.083018206 -0.111722380 -0.045328345 0.184009656 0.079350837 0.978667080
1341839120.293457 -1.252407312 0.073897861 -0.108014435 -0.046731830 0.185448110 0.084013864 0.977940083
1341839120.329588 -1.260480881 0.075713292 -0.109095216 -0.045312636 0.186644956 0.083177701 0.977850676
1341839120.361629 -1.277783751 0.081186078 -0.108424574 -0.044477150 0.189693764 0.083068386 0.977311492
1341839120.393790 -1.294382691 0.085992314 -0.104807734 -0.044896092 0.191516250 0.085478842 0.976728857
1341839120.429559 -1.298241973 0.084774487 -0.104827225 -0.046610747 0.191331580 0.086472444 0.976597250
1341839120.461550 -1.309310913 0.079223685 -0.102024198 -0.048492342 0.192773774 0.086613856 0.976209402
1341839120.497665 -1.321256161 0.078508615 -0.100382745 -0.048315376 0.193075091 0.086912669 0.976132035
1341839120.561630 -1.337783337 0.082127646 -0.101623803 -0.049162552 0.194890708 0.088922851 0.975547731
1341839120.597681 -1.346636415 0.081012286 -0.100210279 -0.049496535 0.195929185 0.091279775 0.975105047
1341839120.629503 -1.354947805 0.082911670 -0.102265477 -0.049576323 0.195941791 0.091384925 0.975088596
1341839120.661993 -1.362308264 0.084972143 -0.103425175 -0.050769072 0.197061151 0.090310268 0.974901795
1341839120.697745 -1.372738123 0.081902377 -0.101385266 -0.052998625 0.199214220 0.091114730 0.974270463
1341839120.729566 -1.381877899 0.083542258 -0.100915432 -0.053478528 0.199695557 0.092137486 0.974049509
1341839120.765550 -1.385152936 0.080547459 -0.101828903 -0.055566549 0.199583903 0.090887800 0.974072933
1341839120.797761 -1.394438863 0.078295894 -0.098432451 -0.055716697 0.201434731 0.089299046 0.973830283
1341839120.829557 -1.403737783 0.083079964 -0.100269794 -0.054411951 0.202435881 0.089633495 0.973665714
1341839120.865525 -1.411068559 0.081744120 -0.099219650 -0.055504546 0.204598650 0.090760879 0.973047316
1341839120.897669 -1.418676019 0.072704017 -0.095686108 -0.056594368 0.207303271 0.093061782 0.972194433
1341839120.929785 -1.428046107 0.072035857 -0.092510194 -0.054426074 0.208351091 0.093962342 0.972007573
1341839120.965555 -1.435627580 0.072299667 -0.092386752 -0.052598957 0.208103910 0.092551656 0.972296417
1341839120.997581 -1.444272399 0.072227113 -0.090972334 -0.051382411 0.208626136 0.091682769 0.972331882
1341839121.033744 -1.456130266 0.071277618 -0.087250113 -0.050262470 0.209655300 0.093916267 0.971955776
1341839121.065604 -1.460576773 0.065014184 -0.084465563 -0.050307896 0.208746254 0.095820718 0.971963227
1341839121.097656 -1.468352079 0.067944713 -0.081533551 -0.047857508 0.208984539 0.095330931 0.972083926
1341839121.133691 -1.483269215 0.069046192 -0.077539563 -0.047182888 0.209119186 0.095351294 0.972085953
1341839121.165530 -1.487276912 0.062347881 -0.074613750 -0.047848895 0.206384316 0.095674008 0.972606063
1341839121.201575 -1.492094398 0.063875772 -0.073488832 -0.046491239 0.205341250 0.094347887 0.973022103
1341839121.233546 -1.504646778 0.063702427 -0.067283392 -0.045591585 0.206005156 0.094595082 0.972900331
1341839121.265498 -1.512018919 0.063587159 -0.065365732 -0.045306787 0.204125524 0.096136756 0.973158658
1341839121.301532 -1.514862299 0.058492258 -0.062810600 -0.046726301 0.202732071 0.095680222 0.973427773
1341839121.333608 -1.516289592 0.054441772 -0.059286475 -0.046663087 0.201597750 0.094458438 0.973785639
1341839121.365570 -1.526689172 0.056309961 -0.057356775 -0.045230374 0.202195689 0.092834391 0.973885477
1341839121.401586 -1.533581018 0.049945235 -0.052630901 -0.044997450 0.202767253 0.094760284 0.973591924
1341839121.433568 -1.536688089 0.060070693 -0.052624762 -0.041765247 0.202302352 0.094236553 0.973883390
1341839121.470470 -1.541314006 0.048650175 -0.049364269 -0.045002390 0.202633366 0.093626194 0.973729253
1341839121.501558 -1.535364866 0.032460801 -0.041397035 -0.045071047 0.201200366 0.093206130 0.974063456
1341839121.533669 -1.545982480 0.044488892 -0.041691244 -0.038292382 0.202721074 0.089872681 0.974351466
1341839121.569551 -1.555452466 0.039407827 -0.037596822 -0.037580267 0.204600811 0.089794829 0.973993361
1341839121.601594 -1.557400465 0.033204585 -0.032872319 -0.036132682 0.204335734 0.090074293 0.974078000
1341839121.633518 -1.563810229 0.038636714 -0.032600880 -0.032587510 0.205329508 0.088802181 0.974110901
1341839121.676759 -1.567542791 0.028742850 -0.027677476 -0.033558354 0.206000686 0.089933865 0.973832309
1341839121.737794 -1.575506330 0.017561615 -0.019144416 -0.029749775 0.204190508 0.089214534 0.974403381
1341839121.769806 -1.575953960 0.016025703 -0.016934812 -0.028459609 0.202839747 0.085452467 0.975060999
1341839121.801610 -1.589499474 0.018322520 -0.008363605 -0.026164275 0.204438731 0.083150603 0.974990368
1341839121.837558 -1.595876336 0.014483735 -0.005773067 -0.026011884 0.203639194 0.083093911 0.975166559
1341839121.869640 -1.595252752 0.007972229 0.001537502 -0.026267616 0.203136683 0.082580552 0.975308120
1341839121.901603 -1.605817199 0.010186858 0.007829010 -0.023375934 0.203632250 0.081504069 0.975368917
1341839121.937642 -1.612868905 0.003781989 0.010523856 -0.023793768 0.203138366 0.080000609 0.975586236
1341839121.969593 -1.622129560 0.009855639 0.018726468 -0.021530358 0.205321804 0.079848416 0.975194156
1341839122.005447 -1.633707047 0.010365147 0.022259355 -0.021034913 0.206918851 0.082461834 0.974649787
1341839122.037577 -1.638435841 0.005904611 0.025079012 -0.022419902 0.205487758 0.082921110 0.974882662
1341839122.069508 -1.639409304 -0.000830479 0.027471304 -0.024209160 0.204189837 0.081064403 0.975268662
1341839122.105677 -1.649974704 -0.000835344 0.033401906 -0.023347884 0.205631331 0.079282239 0.975133300
1341839122.137560 -1.658191800 0.003004376 0.035987258 -0.022224141 0.206337139 0.079335883 0.975006104
1341839122.169506 -1.664950728 0.006224256 0.037840247 -0.023435751 0.207042307 0.078968890 0.974857986
1341839122.205699 -1.668374658 -0.004505500 0.044585824 -0.026332095 0.208332017 0.079742387 0.974446297
1341839122.237714 -1.673507214 -0.007717375 0.048045576 -0.025194792 0.209166497 0.080492027 0.974235892
1341839122.273692 -1.680756807 -0.000239622 0.049753129 -0.023343289 0.210839152 0.079693578 0.973987103
1341839122.305536 -1.687384844 -0.004195139 0.053124130 -0.024791645 0.212985471 0.080743872 0.973397672
1341839122.337539 -1.697204828 -0.011562217 0.060184538 -0.025597772 0.214953601 0.083209991 0.972736239
1341839122.373595 -1.698345423 -0.009771321 0.061793089 -0.025309110 0.214326382 0.083688654 0.972841144
1341839122.405534 -1.703419089 -0.017936498 0.069630682 -0.026319236 0.215881467 0.083151631 0.972516477
1341839122.441566 -1.713418722 -0.017096337 0.076710343 -0.023226425 0.217584476 0.083875023 0.972153544
1341839122.476666 -1.724052668 -0.014984414 0.080045760 -0.021909263 0.218547434 0.085062370 0.971864879
1341839122.541642 -1.730700850 -0.028132673 0.092674971 -0.020611977 0.218531311 0.088529103 0.971587241
1341839122.605781 -1.751219273 -0.023914926 0.100819111 -0.016408049 0.220192656 0.088356569 0.971307933
1341839122.641573 -1.756195903 -0.033550046 0.107339382 -0.017463166 0.219995454 0.091437161 0.971049070
1341839122.673585 -1.756950617 -0.036163568 0.110872507 -0.016453715 0.218094110 0.091780245 0.971463144
1341839122.709612 -1.764497876 -0.036021024 0.116004646 -0.015429573 0.217554301 0.089308202 0.971831322
1341839122.744481 -1.771178365 -0.033585683 0.116428316 -0.014648140 0.216355398 0.087325163 0.972291172
1341839122.809572 -1.786029100 -0.027708497 0.120824754 -0.017455995 0.217238322 0.089539506 0.971846402
1341839122.841637 -1.782103419 -0.039408393 0.125671089 -0.021603977 0.216056362 0.088861473 0.972088754
1341839122.873612 -1.786376357 -0.036321208 0.129814744 -0.020679705 0.216834426 0.085123815 0.972270072
1341839122.909624 -1.798115730 -0.030898351 0.132643819 -0.019648772 0.218488351 0.085251220 0.971910000
1341839122.941543 -1.796212435 -0.032207821 0.133987010 -0.021524763 0.216783375 0.086723901 0.972121716
1341839122.977575 -1.790971756 -0.045301203 0.138425529 -0.024117470 0.216270939 0.085981831 0.972240865
1341839123.009572 -1.799199820 -0.042502470 0.142446816 -0.020790663 0.218047619 0.083765320 0.972114384
1341839123.041702 -1.809778094 -0.028678920 0.142921567 -0.017667918 0.219421193 0.083532535 0.971887052
1341839123.077583 -1.813776851 -0.026212230 0.142788947 -0.020327348 0.219713137 0.085803710 0.971571207
1341839123.109751 -1.807638407 -0.044475894 0.147738516 -0.025029434 0.219094902 0.087842986 0.971418858
1341839123.141926 -1.810691833 -0.035196763 0.149704874 -0.021024963 0.219844967 0.085679799 0.971537471
1341839123.177759 -1.824189544 -0.020552758 0.148675621 -0.019469922 0.222112715 0.085052229 0.971109152
1341839123.209570 -1.829764843 -0.022900824 0.148942888 -0.023578182 0.223589465 0.089001432 0.970324993
1341839123.245725 -1.824819326 -0.035945803 0.151024699 -0.027699167 0.223663941 0.092277311 0.969892800
1341839123.277647 -1.822514772 -0.034595758 0.154289246 -0.027479911 0.224919766 0.090358093 0.969789326
1341839123.309620 -1.833127499 -0.031049546 0.155570269 -0.026061079 0.227797776 0.088950127 0.969286799
1341839123.345630 -1.838249922 -0.030955922 0.158677459 -0.026007121 0.229309693 0.091764607 0.968669176
1341839123.378204 -1.834865689 -0.030725881 0.156954229 -0.026106609 0.230325729 0.093543299 0.968255222
1341839123.413605 -1.837229013 -0.034548283 0.158073962 -0.026184952 0.232835203 0.093428180 0.967663825
1341839123.445605 -1.842758536 -0.034306251 0.159949183 -0.025590818 0.233831361 0.092671819 0.967512250
1341839123.477524 -1.843350410 -0.036907241 0.161341965 -0.026225448 0.234472990 0.091255903 0.967474520
1341839123.513569 -1.845359445 -0.033405550 0.162331939 -0.025030220 0.236670822 0.089740992 0.967112660
1341839123.545681 -1.854051828 -0.033571653 0.166177034 -0.024275456 0.240215719 0.090903014 0.966148913
1341839123.577643 -1.851593494 -0.045319788 0.166138172 -0.025952507 0.239851847 0.092425555 0.966051280
1341839123.613598 -1.855309963 -0.047240943 0.167200267 -0.024680981 0.241541848 0.089476943 0.965941131
1341839123.645669 -1.870346427 -0.037083201 0.172063351 -0.022297576 0.245374486 0.087030910 0.965256333
1341839123.681751 -1.873605490 -0.046478629 0.175519109 -0.023988226 0.245963961 0.088633008 0.964919925
1341839123.713662 -1.879664660 -0.044798844 0.176575780 -0.022466516 0.247400135 0.088737227 0.964579761
1341839123.745702 -1.882734179 -0.047290631 0.178850949 -0.022443494 0.248803839 0.087888688 0.964296877
1341839123.781632 -1.891984224 -0.053972118 0.185810566 -0.022158006 0.251141518 0.087486327 0.963733912
1341839123.813710 -1.906230211 -0.044007819 0.189255118 -0.018249188 0.252455533 0.087934792 0.963431716
1341839123.845656 -1.913339376 -0.036433667 0.188582659 -0.018662041 0.251596242 0.088143542 0.963629484
1341839123.881576 -1.915849209 -0.041699663 0.191667438 -0.022107812 0.251533240 0.086420491 0.963729084
1341839123.913827 -1.929727912 -0.044320509 0.196082234 -0.023383349 0.253636628 0.084884457 0.963284135
1341839123.949667 -1.946267605 -0.044352189 0.200949013 -0.024696348 0.254524022 0.085110731 0.962997317
1341839123.981668 -1.952011585 -0.054183453 0.203291237 -0.028352575 0.252174109 0.085380785 0.963490784
1341839124.013726 -1.960054874 -0.057868250 0.208771586 -0.028700484 0.251109451 0.084248535 0.963858128
1341839124.049634 -1.975114107 -0.052906148 0.213842809 -0.026710419 0.250947446 0.083936527 0.963984728
1341839124.081682 -1.985177398 -0.057112120 0.215439141 -0.027354246 0.249360397 0.085378140 0.964251876
1341839124.113596 -1.992022395 -0.060528859 0.218006134 -0.028405897 0.247493550 0.085554361 0.964686751
1341839124.149548 -1.998818874 -0.069369607 0.222541928 -0.030217296 0.246918857 0.083942555 0.964920521
1341839124.181547 -2.012030125 -0.063081957 0.223865390 -0.027970051 0.247005627 0.083085239 0.965040267
1341839124.217783 -2.019251823 -0.058749519 0.223398924 -0.028713696 0.245965287 0.083052553 0.965286970
1341839124.256572 -2.028918982 -0.073750600 0.230678558 -0.032542966 0.246758714 0.083274648 0.964943767
1341839124.317542 -2.049596548 -0.067120433 0.230812252 -0.029159436 0.247406960 0.083802611 0.964840233
1341839124.349622 -2.061981201 -0.066738650 0.234873652 -0.028973311 0.248814374 0.085683197 0.964318573
1341839124.417782 -2.070551634 -0.073585726 0.234814823 -0.031429358 0.248909235 0.088724114 0.963942111
1341839124.449587 -2.080586433 -0.074622557 0.236889958 -0.029831385 0.250451922 0.088438660 0.963619530
1341839124.485711 -2.089649200 -0.063793667 0.233462036 -0.028215686 0.250475794 0.087825693 0.963717997
1341839124.549607 -2.102324486 -0.070036456 0.237625241 -0.031031730 0.254003197 0.090632454 0.962447464
1341839124.585623 -2.110548496 -0.069320858 0.237539113 -0.030821942 0.254931211 0.091375090 0.962138593
1341839124.617614 -2.115227938 -0.071240067 0.237498581 -0.032607295 0.255357802 0.090214916 0.962076128
1341839124.653561 -2.122681141 -0.072448641 0.241004586 -0.031868026 0.257148057 0.090676501 0.961580515
1341839124.685611 -2.130587578 -0.061659947 0.237670779 -0.029492449 0.257854402 0.091441751 0.961394668
1341839124.717580 -2.134329557 -0.070253603 0.237660289 -0.033743873 0.258470774 0.091694593 0.961065173
1341839124.753621 -2.137835741 -0.075110584 0.242997110 -0.034181152 0.259393066 0.091018364 0.960865498
1341839124.785678 -2.148702145 -0.068300761 0.243891716 -0.031719971 0.260649890 0.090766810 0.960633576
1341839124.817558 -2.150254011 -0.063287593 0.238981724 -0.032392342 0.261130393 0.090908229 0.960467279
1341839124.885712 -2.170567989 -0.082415648 0.255928159 -0.033164535 0.267065138 0.093293346 0.958578467
1341839124.921721 -2.169211388 -0.071423851 0.249011755 -0.030338356 0.263348818 0.092504494 0.959775984
1341839124.953580 -2.166571856 -0.080040067 0.248125076 -0.033972356 0.264442563 0.088650696 0.959717155
1341839124.985862 -2.185547352 -0.085087858 0.260515690 -0.032001264 0.270683557 0.088521674 0.958055496
1341839125.021660 -2.194987774 -0.072588719 0.262137115 -0.026117677 0.270400286 0.092721820 0.957916617
1341839125.053606 -2.191850901 -0.070143946 0.254001617 -0.027468450 0.268029153 0.093511596 0.958468258
1341839125.086082 -2.192129612 -0.093730941 0.260936081 -0.033292845 0.269813538 0.091471285 0.957979739
1341839125.121616 -2.205339193 -0.085955061 0.268794715 -0.027370799 0.271077186 0.089962363 0.957953453
1341839125.153540 -2.208079815 -0.063686825 0.257087231 -0.024560930 0.266775370 0.088473536 0.959374845
1341839125.189545 -2.207456112 -0.082055360 0.258270502 -0.034614891 0.267891735 0.085202560 0.959049702
1341839125.221519 -2.210375786 -0.097790450 0.268971801 -0.037150845 0.271655113 0.083236396 0.958068371
1341839125.253620 -2.216757536 -0.077836186 0.269776225 -0.030824054 0.274479032 0.081053421 0.957675040
1341839125.289646 -2.224536657 -0.072421484 0.270935416 -0.031590428 0.275785089 0.081512965 0.957235694
1341839125.321651 -2.215672493 -0.105113998 0.272323430 -0.039459933 0.274462312 0.080348089 0.957422316
1341839125.353612 -2.218882322 -0.093200609 0.271290958 -0.034194741 0.277331948 0.076091237 0.957145691
1341839125.389732 -2.223542929 -0.070378833 0.263843358 -0.031283084 0.280082792 0.074874170 0.956540048
1341839125.421568 -2.227561712 -0.081764109 0.272951305 -0.036747813 0.285157681 0.076889418 0.954684615
1341839125.457605 -2.221722603 -0.090394557 0.274874032 -0.038569145 0.286324978 0.078374267 0.954142451
1341839125.489491 -2.223953009 -0.091096215 0.279368460 -0.037492473 0.289834797 0.077286236 0.953213990
1341839125.521521 -2.233539104 -0.081913292 0.282037973 -0.034755237 0.292524308 0.079472058 0.952316046
1341839125.557578 -2.229012966 -0.092515908 0.280157924 -0.038753420 0.291054994 0.081564747 0.952434957
1341839125.596685 -2.223642826 -0.099478900 0.282602191 -0.040541075 0.292355269 0.079039350 0.952175200
1341839125.657655 -2.242765903 -0.087728620 0.290968537 -0.036837675 0.297224522 0.083010495 0.950478733
1341839125.689599 -2.238507032 -0.087019041 0.295446754 -0.039154481 0.296791017 0.084684424 0.950373888
1341839125.725674 -2.238308430 -0.108483776 0.305639803 -0.043229315 0.297723949 0.084397279 0.949930906
1341839125.757650 -2.246650457 -0.093347818 0.311875343 -0.037867200 0.297382444 0.082712322 0.950414896
1341839125.789697 -2.249331713 -0.082833149 0.309273183 -0.037703685 0.296528429 0.083267100 0.950639725
1341839125.825554 -2.253890038 -0.094468057 0.319308698 -0.041785467 0.299319804 0.087386444 0.949223459
1341839125.857601 -2.256461620 -0.096836612 0.332209527 -0.041491684 0.300179839 0.090473630 0.948675394
1341839125.893542 -2.253059387 -0.107866436 0.332841873 -0.043300599 0.297699392 0.089674488 0.949451745
1341839125.925748 -2.258682013 -0.108750433 0.342546523 -0.042481076 0.298511952 0.087201662 0.949463964
1341839125.957565 -2.270640850 -0.103082865 0.350689769 -0.039740730 0.299500525 0.088837430 0.949119568
1341839125.993528 -2.271439552 -0.103376806 0.353766263 -0.040298641 0.297718972 0.092274480 0.949328601
1341839126.025584 -2.269252777 -0.119820490 0.362080276 -0.044000395 0.297744989 0.092390716 0.949144781
1341839126.057677 -2.276582241 -0.122052476 0.374961078 -0.041887272 0.298477501 0.091556661 0.949091136
1341839126.093586 -2.282652855 -0.110595867 0.376805365 -0.039613631 0.297038883 0.090926744 0.949700475
1341839126.125584 -2.280186653 -0.128332332 0.384739637 -0.044107344 0.296826392 0.091173254 0.949545145
1341839126.161675 -2.287757874 -0.131519333 0.395852804 -0.041190710 0.298897862 0.091816723 0.948964179
1341839126.193566 -2.291450500 -0.123210035 0.395129919 -0.038535420 0.298289180 0.092548944 0.949196100
1341839126.225494 -2.290524960 -0.130666420 0.402186990 -0.040433392 0.299912542 0.093319237 0.948529959
1341839126.262252 -2.296503544 -0.130806401 0.411900342 -0.038445044 0.303328931 0.095672593 0.947291017
1341839126.293564 -2.302519321 -0.132348582 0.425214827 -0.036950272 0.305014193 0.098637737 0.946504951
1341839126.325643 -2.302109718 -0.136826947 0.425551057 -0.037267596 0.303117245 0.098866947 0.947077811
1341839126.361562 -2.305268049 -0.141644716 0.430877447 -0.038578406 0.302713037 0.095811263 0.947468579
1341839126.393475 -2.307300806 -0.135582328 0.431473255 -0.038157228 0.303240895 0.092832379 0.947613418
1341839126.429534 -2.318825245 -0.135647520 0.441168666 -0.038964871 0.307282269 0.094117731 0.946150720
1341839126.461585 -2.320421219 -0.138169602 0.451559186 -0.039839540 0.307394952 0.098077193 0.945675433
1341839126.493573 -2.310716867 -0.160428151 0.449585438 -0.044283938 0.305229306 0.098087475 0.946178019
1341839126.529589 -2.316901445 -0.157481685 0.459897876 -0.041861024 0.308348507 0.093388341 0.945752323
1341839126.561488 -2.328535080 -0.142151356 0.466513038 -0.036904562 0.310824156 0.092753865 0.945210636
1341839126.593549 -2.331103802 -0.141647011 0.464353621 -0.036939006 0.311454058 0.096703649 0.944605887
1341839126.629751 -2.325398684 -0.161601007 0.470171452 -0.041710511 0.313022345 0.099526390 0.943595111
1341839126.661503 -2.322778940 -0.161237568 0.479971588 -0.038681485 0.315502375 0.097212538 0.943139255
1341839126.697561 -2.332745552 -0.145147085 0.478927493 -0.033452056 0.317481160 0.096063234 0.942792952
1341839126.729517 -2.330044270 -0.151336625 0.479517460 -0.036022551 0.319151491 0.097520545 0.941984296
1341839126.761554 -2.328078032 -0.169613004 0.486848235 -0.037721962 0.322382152 0.097755849 0.940792561
1341839126.797734 -2.332327843 -0.155583948 0.482946694 -0.032740723 0.324069768 0.095439836 0.940637052
1341839126.829608 -2.332918882 -0.160920307 0.483707190 -0.034457546 0.326882482 0.094423868 0.939704537
1341839126.865650 -2.340451956 -0.156727150 0.493523479 -0.032549534 0.331792086 0.095696241 0.937921524
1341839126.897640 -2.338174820 -0.165800169 0.495440066 -0.033354986 0.332623124 0.097609326 0.937401593
1341839126.929680 -2.342122555 -0.167008549 0.501808345 -0.030844567 0.336001396 0.097038344 0.936341405
1341839126.965564 -2.352728844 -0.149252206 0.505923629 -0.026305791 0.337924451 0.096924096 0.935799539
1341839126.997665 -2.347993851 -0.168159932 0.507770896 -0.032727666 0.336389154 0.098774776 0.935956597
1341839127.029597 -2.343255281 -0.182590470 0.516892314 -0.032507222 0.337378502 0.097406447 0.935751557
1341839127.065594 -2.348705053 -0.174785376 0.516384959 -0.027897617 0.337345213 0.092725895 0.936387658
1341839127.097689 -2.353044271 -0.176661998 0.518428683 -0.026806293 0.339467227 0.090168394 0.935902297
1341839127.133571 -2.355855465 -0.173374504 0.518239737 -0.024781210 0.342009664 0.091613412 0.934891582
1341839127.165684 -2.356850147 -0.176553041 0.523532867 -0.024182642 0.344938725 0.094280675 0.933565021
1341839127.197636 -2.353789330 -0.186551109 0.521582007 -0.024509935 0.346148193 0.095731251 0.932960987
1341839127.233596 -2.356048822 -0.189063191 0.527781606 -0.023299225 0.349084318 0.092803590 0.932193518
1341839127.265755 -2.365852356 -0.186636895 0.529733956 -0.020030338 0.352262467 0.092790358 0.931074619
1341839127.297673 -2.367918968 -0.184676170 0.528539121 -0.019697728 0.354298294 0.094136998 0.930173635
1341839127.333679 -2.366899729 -0.185038507 0.531094074 -0.020735454 0.356907398 0.093603551 0.929206967
1341839127.372174 -2.371930122 -0.197882116 0.538926423 -0.023647152 0.360602558 0.092306197 0.927839518
1341839127.401871 -2.380163908 -0.196951836 0.546796203 -0.021137184 0.364081711 0.091599770 0.926610589
1341839127.434153 -2.381714582 -0.187353179 0.543332458 -0.018664544 0.365004569 0.092566222 0.926204503
1341839127.465725 -2.388863564 -0.194793180 0.552706420 -0.019753773 0.369645238 0.094924033 0.924100459
1341839127.502087 -2.395512819 -0.193655580 0.554148972 -0.017743647 0.371374547 0.097333737 0.923196733
1341839127.533614 -2.402754307 -0.188943282 0.550671697 -0.019135891 0.373706728 0.095842279 0.922383487
1341839127.565666 -2.417149305 -0.196535066 0.567726016 -0.023329053 0.381207019 0.098572001 0.918923557
1341839127.601497 -2.417830467 -0.205723867 0.583033383 -0.023569653 0.383457392 0.103958488 0.917386234
1341839127.633641 -2.417202234 -0.213417530 0.584756970 -0.022394797 0.382913351 0.105095789 0.917513311
1341839127.669721 -2.424152851 -0.213491112 0.591570973 -0.020679504 0.384504020 0.103491798 0.917070568
1341839127.701590 -2.433376074 -0.207939327 0.598817766 -0.017670713 0.384909153 0.104242712 0.916878521
1341839127.733628 -2.433423996 -0.206242234 0.600164115 -0.016905101 0.383693516 0.106378764 0.917157054
1341839127.769756 -2.432568550 -0.210330367 0.602342606 -0.018296098 0.383155107 0.106401280 0.917352796
1341839127.801629 -2.438821793 -0.216961667 0.611634374 -0.019348241 0.384711683 0.104322784 0.916918397
1341839127.837525 -2.445020914 -0.214002296 0.617150784 -0.016841732 0.385894060 0.103429608 0.916572154
1341839127.869904 -2.453705072 -0.211318970 0.624361873 -0.015349025 0.389107019 0.105001256 0.915060043
1341839127.901787 -2.451223612 -0.218565241 0.627361476 -0.015878785 0.389493465 0.109261058 0.914387584
1341839127.937458 -2.446615696 -0.219712451 0.627739668 -0.014603017 0.389545530 0.109059550 0.914410770
1341839127.970000 -2.453981638 -0.222907022 0.637736917 -0.013716531 0.393377900 0.109175242 0.912768543
1341839128.001556 -2.458886147 -0.223461583 0.646768749 -0.011772563 0.394089818 0.111020945 0.912265837
1341839128.037646 -2.456161976 -0.223073840 0.647230625 -0.010770342 0.392198622 0.110939622 0.913102746
1341839128.069528 -2.459593773 -0.223189950 0.644712865 -0.011166233 0.392220318 0.108048894 0.913435280
1341839128.105485 -2.474417925 -0.222363263 0.655550778 -0.013201661 0.397632062 0.108277217 0.911038160
1341839128.137556 -2.477618694 -0.218986213 0.666510463 -0.013667246 0.401471972 0.118502870 0.908069670
1341839128.169766 -2.466886044 -0.228564501 0.666785657 -0.016134791 0.398823977 0.124132715 0.908443809
1341839128.205769 -2.459786892 -0.233647287 0.662653267 -0.018345064 0.397856772 0.119862601 0.909398973
1341839128.237693 -2.470312834 -0.226982445 0.674362123 -0.014835577 0.401022702 0.117421344 0.908390284
1341839128.269778 -2.480366230 -0.220354661 0.673287511 -0.013547640 0.400441140 0.120307140 0.908289373
1341839128.305489 -2.475126266 -0.231716171 0.676999867 -0.017686376 0.401074171 0.123461299 0.907515287
1341839128.337488 -2.472061157 -0.239427105 0.680715740 -0.017696146 0.402333498 0.123932071 0.906893313
1341839128.373648 -2.475367069 -0.234038934 0.680367649 -0.015662611 0.402348280 0.122990556 0.907052279
1341839128.405628 -2.471815586 -0.231065795 0.677792490 -0.016274035 0.401969910 0.121571541 0.907400548
1341839128.438499 -2.477855682 -0.238661379 0.689680159 -0.017521277 0.406921864 0.123073585 0.904964387
1341839128.473696 -2.478377342 -0.242493957 0.691625178 -0.016735945 0.408294022 0.126643986 0.903867900
1341839128.505546 -2.475892544 -0.244582757 0.690854788 -0.017555254 0.408430636 0.126563042 0.903801978
1341839128.537583 -2.473122120 -0.247551814 0.692657709 -0.019240528 0.409356862 0.123868160 0.903721988
1341839128.573515 -2.477037907 -0.245002523 0.702390313 -0.018362427 0.413318694 0.122441620 0.902130008
1341839128.605707 -2.486242056 -0.233786851 0.713243186 -0.013738143 0.416807085 0.127346098 0.899925590
1341839128.641615 -2.482574701 -0.242958546 0.715124428 -0.017220672 0.416266173 0.130922779 0.899602771
1341839128.674297 -2.471874475 -0.254259884 0.719245255 -0.019110003 0.416846812 0.130940199 0.899293184
1341839128.705724 -2.482440948 -0.240680248 0.730286181 -0.013084839 0.420650184 0.131866559 0.897492826
1341839128.741577 -2.483253956 -0.236946046 0.734169126 -0.011968778 0.419895977 0.135952488 0.897251964
1341839128.773449 -2.482968330 -0.257299215 0.744459569 -0.016710818 0.420152515 0.137494922 0.896820903
1341839128.805626 -2.481030941 -0.251313686 0.746853709 -0.015276764 0.419884235 0.133946866 0.897508800
1341839128.841524 -2.500968933 -0.257128417 0.759387553 -0.015917212 0.426032990 0.135912165 0.894298851
1341839128.873613 -2.505564690 -0.252756655 0.774639964 -0.014445456 0.429391682 0.143939614 0.891456962
1341839128.909718 -2.498250484 -0.258065104 0.770025790 -0.016539566 0.425814360 0.148520976 0.892384470
1341839128.941487 -2.490561008 -0.280738771 0.777645230 -0.022816142 0.426101983 0.143521428 0.892926753
1341839128.973556 -2.509113789 -0.259525120 0.793088794 -0.016154690 0.430398047 0.138866767 0.891746938
1341839129.009679 -2.522806168 -0.246020705 0.798135638 -0.014917224 0.429576218 0.142853305 0.891534984
1341839129.041584 -2.507872581 -0.277440369 0.796870112 -0.025080612 0.427994102 0.145548940 0.891631961
1341839129.077533 -2.517336845 -0.278365374 0.814979434 -0.022282293 0.434498370 0.144796357 0.888678074
1341839129.109520 -2.532174587 -0.256873667 0.823242009 -0.017284656 0.435211837 0.147664279 0.887968004
1341839129.141619 -2.522976398 -0.274895996 0.821548402 -0.024245158 0.431517988 0.150735840 0.889091194
1341839129.177574 -2.515708208 -0.291428089 0.825951934 -0.027970865 0.433352977 0.149794936 0.888247907
1341839129.209655 -2.531328201 -0.275175393 0.842152357 -0.021967966 0.439451545 0.150901869 0.885227859
1341839129.241510 -2.533185005 -0.274187148 0.846938610 -0.021888979 0.438776851 0.156107485 0.884661615
1341839129.277541 -2.524469852 -0.297366083 0.852836788 -0.027335042 0.439391315 0.157679841 0.883926034
1341839129.309548 -2.526837349 -0.294696450 0.862142861 -0.024138927 0.442912579 0.156674474 0.882439196
1341839129.345615 -2.533071995 -0.281024605 0.870926976 -0.019524982 0.443446100 0.158036381 0.882042408
1341839129.377515 -2.530987263 -0.294996440 0.875459373 -0.023983063 0.441706121 0.159021631 0.882628262
1341839129.409635 -2.523536682 -0.304680496 0.886049151 -0.025906723 0.443698138 0.157780841 0.881797075
1341839129.445518 -2.533491611 -0.294591367 0.898463130 -0.021181425 0.447254062 0.158874974 0.879928410
1341839129.477523 -2.532936096 -0.289531559 0.900158226 -0.021090569 0.445286512 0.161692679 0.880415022
1341839129.509566 -2.523608446 -0.307832360 0.906518042 -0.026629154 0.445085675 0.161921263 0.880324423
1341839129.545536 -2.530512094 -0.296975374 0.917675734 -0.022545084 0.448644996 0.162237257 0.878571868
1341839129.577541 -2.535866737 -0.291478872 0.921211421 -0.022474512 0.449194402 0.165893599 0.877609611
1341839129.613707 -2.526898861 -0.312379211 0.929620981 -0.028118694 0.450597644 0.168176398 0.876292109
1341839129.645497 -2.526172638 -0.310085058 0.931700945 -0.026633793 0.451278985 0.165921465 0.876417696
1341839129.677529 -2.529325247 -0.314897478 0.943881750 -0.028098892 0.453351587 0.162778527 0.875891507
1341839129.713807 -2.530205488 -0.311607510 0.950901568 -0.025332700 0.453433514 0.165094569 0.875499904
1341839129.745656 -2.527783394 -0.317618012 0.949738085 -0.026430652 0.452349365 0.165320799 0.875985444
1341839129.777553 -2.520022869 -0.329934657 0.950961053 -0.029175544 0.453696698 0.164034292 0.875443220
1341839129.813668 -2.529017210 -0.323307157 0.969116151 -0.023756636 0.458944261 0.164626569 0.872756481
1341839129.845557 -2.531234264 -0.318898380 0.967047393 -0.021287903 0.457374275 0.167870790 0.873026371
1341839129.881595 -2.523205996 -0.341013044 0.968202651 -0.027653860 0.456922203 0.166037485 0.873435140
1341839129.913656 -2.524486065 -0.343310416 0.980079234 -0.024881566 0.461405754 0.161310211 0.872046292
1341839129.945668 -2.537920475 -0.322851032 0.982243955 -0.018058492 0.462412477 0.162813947 0.871401310
1341839129.981581 -2.529190063 -0.336437613 0.977449596 -0.024164122 0.460455507 0.165235788 0.871833682
1341839130.013837 -2.523930788 -0.361417830 0.996893644 -0.029088955 0.465436995 0.161748111 0.869689465
1341839130.049672 -2.534298420 -0.340940744 1.000166774 -0.020119932 0.466574699 0.159871504 0.869680583
1341839130.081470 -2.537390232 -0.331966132 0.996683240 -0.019850511 0.464393944 0.161175817 0.870612741
1341839130.113580 -2.530968189 -0.354374081 1.011232376 -0.025589544 0.466389030 0.163368419 0.868986309
1341839130.149498 -2.531551838 -0.360314846 1.019597292 -0.022588016 0.468305081 0.163678333 0.867980123
1341839130.181614 -2.541806221 -0.343322575 1.017592907 -0.016896548 0.468413204 0.163743868 0.868038893
1341839130.213597 -2.543962479 -0.343151808 1.023760080 -0.018860733 0.469006717 0.165919766 0.867264390
1341839130.249495 -2.538559914 -0.365319133 1.036488414 -0.023151673 0.471615136 0.167796776 0.865382791
1341839130.281707 -2.547019482 -0.352567852 1.039096117 -0.017139185 0.474552542 0.168873280 0.863705933
1341839130.317659 -2.550099850 -0.351234913 1.044056773 -0.017219510 0.475884497 0.172615603 0.862230420
1341839130.349604 -2.548054457 -0.368771046 1.059974790 -0.019494409 0.478588223 0.175696045 0.860060573
1341839130.382034 -2.549987555 -0.364227414 1.053292274 -0.015070016 0.478569150 0.176170573 0.860063016
1341839130.417728 -2.558421612 -0.360881001 1.061754942 -0.014107624 0.482875377 0.175369591 0.857833266
1341839130.481948 -2.563355207 -0.369648337 1.070557475 -0.016793236 0.483448327 0.183207065 0.855821729
1341839130.517772 -2.563977480 -0.374945194 1.081545115 -0.017542487 0.487538636 0.181740761 0.853796601
1341839130.549519 -2.575765133 -0.367016613 1.092954397 -0.012700133 0.489420056 0.185053959 0.852092564
1341839130.585696 -2.573653698 -0.371325016 1.090448856 -0.014076266 0.485039979 0.187211215 0.854101896
1341839130.617684 -2.571012974 -0.389924556 1.097743511 -0.019688550 0.486880332 0.182783604 0.853902876
1341839130.649566 -2.582629681 -0.381183535 1.108768225 -0.016401157 0.490487456 0.181044281 0.852276921
1341839130.685466 -2.588514328 -0.378768325 1.119390607 -0.013986793 0.491200566 0.184206128 0.851231158
1341839130.717517 -2.589877129 -0.383237958 1.113302946 -0.015644243 0.489233345 0.185815662 0.851985037
1341839130.749572 -2.589928150 -0.395717502 1.122737885 -0.020894749 0.491197705 0.182859331 0.851381660
1341839130.785686 -2.597105026 -0.400443494 1.137824774 -0.020234074 0.494957954 0.181368664 0.849536717
1341839130.817796 -2.609085560 -0.385539889 1.143102050 -0.014108760 0.495965630 0.185486466 0.848182678
1341839130.854788 -2.606643438 -0.394414634 1.139793634 -0.017915171 0.493224889 0.188547000 0.849033713
1341839130.885541 -2.601293087 -0.427396446 1.158525705 -0.025144907 0.496630102 0.185659245 0.847500384
1341839130.917632 -2.615291834 -0.411975980 1.163575411 -0.017137554 0.498600900 0.182343677 0.847262800
1341839130.953712 -2.625854969 -0.398763746 1.164121389 -0.013667798 0.498538792 0.184412599 0.846914530
1341839130.985630 -2.619863987 -0.412510663 1.170507312 -0.017953109 0.498451650 0.188765496 0.845926225
1341839131.017560 -2.619573832 -0.432749629 1.185921192 -0.018568257 0.500879586 0.189381868 0.844339609
1341839131.053526 -2.629727364 -0.416697830 1.185456872 -0.012797303 0.499733448 0.185847193 0.845909894
1341839131.085681 -2.634833336 -0.417474747 1.193199396 -0.013880424 0.499342144 0.184234008 0.846476555
1341839131.121737 -2.638288021 -0.418750584 1.196977496 -0.013911759 0.498340935 0.184933767 0.846913338
1341839131.153629 -2.643606424 -0.417310387 1.203173161 -0.013066177 0.498365760 0.187000662 0.846458256
1341839131.185722 -2.644260406 -0.418669283 1.198976398 -0.015796695 0.496048212 0.187252119 0.847716510
1341839131.221649 -2.647753716 -0.428527504 1.215301514 -0.019564206 0.499471337 0.186563909 0.845777452
1341839131.253615 -2.653991699 -0.417347759 1.222588062 -0.015747920 0.499856681 0.188825205 0.845127404
1341839131.289544 -2.655611753 -0.416296542 1.218500495 -0.017283905 0.496907353 0.191326916 0.846273184
1341839131.321742 -2.648756981 -0.434634596 1.229328632 -0.023957694 0.497735530 0.190985531 0.845700800
1341839131.353559 -2.656078339 -0.434484988 1.243775964 -0.021256695 0.500755072 0.190743431 0.844043493
1341839131.389563 -2.667389154 -0.419169515 1.240812063 -0.017589908 0.499635816 0.193107843 0.844253480
1341839131.422027 -2.658304691 -0.436195195 1.248587370 -0.022906939 0.498928338 0.195589170 0.843973160
1341839131.453618 -2.654293537 -0.448355407 1.256577015 -0.024489310 0.499555826 0.192668334 0.844229341
1341839131.489531 -2.662294149 -0.438922077 1.262398481 -0.020752816 0.501045287 0.189356744 0.844196022
1341839131.521613 -2.668416023 -0.434056431 1.266328335 -0.018331377 0.500805199 0.192221388 0.843747020
1341839131.557577 -2.661844730 -0.447500288 1.272378802 -0.021019710 0.499980599 0.194955423 0.843546033
1341839131.589573 -2.661880970 -0.454674035 1.278386235 -0.020942999 0.500497520 0.192909047 0.843711853
1341839131.621822 -2.668628931 -0.453058928 1.285248041 -0.019263888 0.500828326 0.191050246 0.843978465
1341839131.657680 -2.669644356 -0.456577331 1.294721007 -0.018326601 0.500718951 0.192413807 0.843754470
1341839131.689554 -2.668694019 -0.465058357 1.299496651 -0.018260868 0.501008809 0.193662465 0.843298078
1341839131.721592 -2.670564175 -0.461276859 1.304720402 -0.015284283 0.501113415 0.193155110 0.843411446
1341839131.757613 -2.676826000 -0.462360084 1.312976360 -0.014270042 0.501378059 0.193140075 0.843275368
1341839131.789523 -2.673357725 -0.466229469 1.315836668 -0.015025471 0.500540018 0.194140628 0.843530238
1341839131.825565 -2.679869413 -0.463523686 1.321836829 -0.014353828 0.501912892 0.194897071 0.842551231
1341839131.857572 -2.679180622 -0.475112081 1.331845164 -0.016222630 0.503341496 0.196816325 0.841217875
1341839131.889513 -2.681265116 -0.476699203 1.333187819 -0.016899340 0.503369093 0.195585996 0.841474950
1341839131.925750 -2.685500622 -0.477258682 1.342324257 -0.016672360 0.505679846 0.195005000 0.840227902
1341839131.964633 -2.691964149 -0.471052915 1.344733834 -0.014503091 0.505856872 0.197259992 0.839635015
1341839132.025660 -2.684517622 -0.496917725 1.359893799 -0.020649280 0.507385731 0.196204677 0.838830769
1341839132.057881 -2.697482347 -0.484089911 1.359670043 -0.015452802 0.508258820 0.194454476 0.838821590
1341839132.093669 -2.700438738 -0.487475276 1.363228559 -0.017699666 0.509223342 0.196651980 0.837679088
1341839132.125565 -2.698665619 -0.498238653 1.371139288 -0.019468356 0.512503445 0.199966609 0.834850073
1341839132.157636 -2.707314968 -0.489001930 1.371948004 -0.015737547 0.514391422 0.203051388 0.833020985
1341839132.193673 -2.705261707 -0.501387954 1.380719900 -0.019600011 0.515174568 0.204463139 0.832109272
1341839132.225804 -2.706180096 -0.507551908 1.390834808 -0.019452564 0.517588139 0.203835413 0.830767870
1341839132.261812 -2.717193127 -0.496708840 1.394622326 -0.013522772 0.518525660 0.206849247 0.829555094
1341839132.293590 -2.713563919 -0.506080091 1.395453930 -0.016175287 0.517271161 0.209112465 0.829723358
1341839132.325554 -2.713675499 -0.515411258 1.404708385 -0.017475298 0.520241439 0.207880467 0.828148067
1341839132.361528 -2.722949982 -0.502862275 1.404572725 -0.013196790 0.521872044 0.209306806 0.826840997
1341839132.393650 -2.723323822 -0.508353591 1.411731005 -0.014306311 0.522976100 0.213882476 0.824951887
1341839132.425622 -2.720277309 -0.516285777 1.415862322 -0.015852910 0.523770452 0.214934230 0.824145913
1341839132.461663 -2.725479126 -0.512925982 1.420728922 -0.014278846 0.526175797 0.214428350 0.822773099
1341839132.493798 -2.732200623 -0.501086712 1.423668385 -0.011492267 0.525709808 0.216528445 0.822564662
1341839132.529690 -2.728237152 -0.515934467 1.429520607 -0.017534301 0.524701536 0.217194468 0.822926164
1341839132.561519 -2.726170778 -0.525918126 1.446021557 -0.019299725 0.528766394 0.215724960 0.820668221
1341839132.593700 -2.736853600 -0.514429569 1.450396538 -0.012822570 0.529816568 0.218167692 0.819471061
1341839132.629507 -2.740124226 -0.510191500 1.448604345 -0.012452647 0.526403666 0.221385360 0.820812166
1341839132.661576 -2.730244637 -0.532050610 1.457579017 -0.019956950 0.525805414 0.219997197 0.821420431
1341839132.693571 -2.733222961 -0.537180960 1.471432209 -0.018289214 0.527212858 0.216287181 0.821542442
1341839132.729515 -2.743742466 -0.517971158 1.471683741 -0.011699254 0.524306476 0.214662045 0.823945403
1341839132.761625 -2.744287014 -0.529082179 1.474430919 -0.015525290 0.521623194 0.215589747 0.825341940
1341839132.797547 -2.740448713 -0.542123497 1.487652302 -0.018027389 0.522082925 0.214414954 0.825306416
1341839132.829637 -2.750047445 -0.532710135 1.492868423 -0.010874589 0.522122204 0.216885403 0.824761093
1341839132.861592 -2.754539967 -0.527234972 1.487689495 -0.007574519 0.518727183 0.223557279 0.825158715
1341839132.897486 -2.750947952 -0.546253085 1.495511651 -0.011458998 0.519011438 0.226664633 0.824086785
1341839132.929713 -2.753382444 -0.545681596 1.497145534 -0.009455482 0.518891931 0.227169037 0.824048519
1341839132.961705 -2.753489971 -0.550461948 1.502636909 -0.008045839 0.519075632 0.228478327 0.823585689
1341839132.997927 -2.758486748 -0.542116106 1.493605137 -0.004208836 0.517254293 0.228739381 0.824686944
1341839133.029816 -2.758871555 -0.552635670 1.494462967 -0.007826900 0.517999351 0.229272664 0.824044585
1341839133.065602 -2.753968716 -0.559808135 1.499629021 -0.008271810 0.518049717 0.227832660 0.824407876
1341839133.097540 -2.761515617 -0.554491043 1.494714260 -0.006159553 0.517640769 0.224414602 0.825619876
1341839133.129508 -2.764645576 -0.556465626 1.495329857 -0.008256602 0.518669426 0.223786339 0.825126410
1341839133.165630 -2.763962746 -0.561662078 1.497053266 -0.009916862 0.518868983 0.222089455 0.825441003
1341839133.197576 -2.769985199 -0.558497548 1.496026516 -0.010469909 0.519187629 0.218925744 0.826078713
1341839133.229574 -2.773482323 -0.557687879 1.502799988 -0.011353307 0.519436061 0.218054935 0.826141238
1341839133.265549 -2.770677090 -0.570533454 1.503327012 -0.015208381 0.519381285 0.216833219 0.826435208
1341839133.297600 -2.781083822 -0.560957551 1.510969281 -0.011420353 0.523325741 0.217821747 0.823743522
1341839133.333601 -2.784908056 -0.557541311 1.514104128 -0.009532304 0.522820294 0.220396683 0.823403537
1341839133.365789 -2.792217255 -0.551246226 1.506801367 -0.008757804 0.521239758 0.221709862 0.824061334
1341839133.397692 -2.795347691 -0.558965862 1.511393189 -0.012871055 0.521982253 0.224240631 0.822851777
1341839133.433673 -2.795511246 -0.563611269 1.523269534 -0.015192190 0.524144053 0.222551033 0.821896136
1341839133.465589 -2.807063580 -0.545726597 1.516005039 -0.011807140 0.522694826 0.221689969 0.823106468
1341839133.501571 -2.811540604 -0.549297094 1.521439195 -0.016062872 0.523193002 0.223303065 0.822281480
1341839133.533533 -2.813225269 -0.556632996 1.529023886 -0.018351506 0.525258243 0.225666091 0.820269346
1341839133.565553 -2.820420504 -0.550052524 1.529576421 -0.016799463 0.526539028 0.227303609 0.819028378
1341839133.633642 -2.824991226 -0.562294781 1.548160791 -0.021725213 0.531809628 0.231517881 0.814313233
1341839133.672597 -2.837275505 -0.551385880 1.545922279 -0.016890034 0.532056093 0.233135104 0.813805342
1341839133.708834 -2.840938807 -0.551497877 1.549096823 -0.020140208 0.532212436 0.233354717 0.813566148
1341839133.740662 -2.842373133 -0.555261314 1.562967181 -0.021094058 0.534144640 0.235290155 0.811716139
1341839133.776632 -2.847376823 -0.553457618 1.564108610 -0.018484084 0.532289505 0.237166598 0.812452018
1341839133.808566 -2.848873854 -0.560905993 1.565733790 -0.021281989 0.531731009 0.236263365 0.813012242
1341839133.842375 -2.851533651 -0.564380527 1.580851078 -0.021226011 0.534182489 0.235475913 0.811633945
1341839133.876620 -2.860677242 -0.556112647 1.586568594 -0.015443511 0.533445239 0.237467811 0.811669052
1341839133.908528 -2.864078045 -0.558708251 1.586162567 -0.016519651 0.530823708 0.239004657 0.812914550
1341839133.940713 -2.864167929 -0.567119002 1.595134139 -0.020541977 0.531435847 0.237950087 0.812732279
1341839133.976740 -2.867082119 -0.569029868 1.607924461 -0.020457501 0.532602489 0.237029150 0.812239647
1341839134.008547 -2.874314070 -0.564186990 1.608512521 -0.018755822 0.530565083 0.237147421 0.813578546
1341839134.040599 -2.874089003 -0.573121727 1.619672537 -0.022425191 0.529806793 0.235119075 0.814567983
1341839134.076583 -2.876529694 -0.577942848 1.630114675 -0.023226952 0.529607177 0.231582746 0.815687537
1341839134.108666 -2.882921219 -0.572404385 1.633747339 -0.021606363 0.528326571 0.229638889 0.817110896
1341839134.145583 -2.887587070 -0.573747277 1.636856556 -0.023296002 0.526132166 0.230307817 0.818291247
1341839134.177037 -2.882966042 -0.589739323 1.649220347 -0.029044461 0.525938392 0.228467137 0.818747818
1341839134.208585 -2.881247520 -0.600608587 1.663794994 -0.029053055 0.528901517 0.226838738 0.817290187
1341839134.245077 -2.892434597 -0.586696327 1.678622842 -0.018432045 0.531202614 0.229644850 0.815320373
1341839134.276660 -2.900359154 -0.580976546 1.681761026 -0.013318216 0.527765036 0.233291507 0.816616058
1341839134.344596 -2.903521061 -0.596914709 1.705721378 -0.013921526 0.528178692 0.228785932 0.817612648
1341839134.405658 -2.915857792 -0.613633931 1.717094421 -0.017380359 0.521170080 0.231463954 0.821281970
1341839134.437582 -2.915083408 -0.617823362 1.730982900 -0.016578691 0.522690296 0.228079960 0.821279228
1341839134.473570 -2.933096886 -0.598022342 1.734642029 -0.007071431 0.520765007 0.228412956 0.822545648
1341839134.505576 -2.932098866 -0.621448755 1.741276264 -0.013942329 0.517251611 0.231025815 0.823943853
1341839134.537527 -2.926384449 -0.631730080 1.755199671 -0.016992368 0.518402159 0.227926880 0.824026585
1341839134.573575 -2.934335947 -0.634857893 1.768035412 -0.012971850 0.519888282 0.225297466 0.823886514
1341839134.605581 -2.942203999 -0.639034450 1.768048048 -0.009458181 0.519184411 0.225462377 0.824332893
1341839134.637613 -2.949073315 -0.637184083 1.776337147 -0.008073202 0.520041406 0.226433873 0.823540807
1341839134.673530 -2.941223860 -0.660719693 1.791722059 -0.011292358 0.522777259 0.226333052 0.821796715
1341839134.705768 -2.952074528 -0.655077696 1.788896799 -0.001784568 0.524192035 0.223119378 0.821849883
1341839134.741672 -2.965007305 -0.645492792 1.780920982 0.000737460 0.520647943 0.224724814 0.823664963
1341839134.773479 -2.954513311 -0.672024071 1.805057764 -0.006692086 0.524156809 0.226098999 0.821032345
1341839134.805757 -2.954414368 -0.682191908 1.811543703 -0.002237665 0.528328717 0.224915370 0.818704367
1341839134.841632 -2.969218016 -0.670613348 1.811054468 0.006025528 0.529227376 0.225588635 0.817919254
1341839134.873616 -2.970248222 -0.666146994 1.821809530 0.007030473 0.528827608 0.227366328 0.817677438
1341839134.905696 -2.972392082 -0.675881147 1.819071770 0.003498625 0.528580070 0.224844560 0.818557084
1341839134.941552 -2.972002029 -0.687061429 1.828741074 0.001720470 0.531067789 0.222102597 0.817700744
1341839134.974666 -2.979333639 -0.679439902 1.830748200 0.006052981 0.533011198 0.222192928 0.816390097
1341839135.009601 -2.989581108 -0.669082522 1.825688720 0.009076878 0.531152308 0.224413827 0.816965878
1341839135.042135 -2.978002787 -0.687354565 1.833688974 0.001035738 0.532212615 0.223375946 0.816609979
1341839135.073504 -2.982946157 -0.688068032 1.836157203 0.000897349 0.536670446 0.221311375 0.814251363
1341839135.109696 -2.996181250 -0.663745522 1.849014521 0.006965756 0.538462281 0.221791029 0.812907517
1341839135.141720 -2.985676050 -0.684575617 1.849325418 0.000762700 0.536418140 0.224474773 0.813551545
1341839135.173566 -2.971244335 -0.708594501 1.864871979 -0.006901774 0.541277289 0.221216679 0.811193168
1341839135.209553 -2.981082439 -0.694983959 1.880332947 -0.000391356 0.546583831 0.220605612 0.807823658
1341839135.241688 -2.993395329 -0.671171367 1.879630566 0.008924241 0.544209242 0.223926127 0.808463812
1341839135.277641 -2.980554104 -0.697420001 1.875737071 -0.001840141 0.542182207 0.225221351 0.809512436
1341839135.309842 -2.973399162 -0.715673625 1.880076766 -0.008260041 0.546774805 0.220662519 0.807636738
1341839135.341555 -2.988690138 -0.694832683 1.885622621 0.003587776 0.550722241 0.220422029 0.805050433
1341839135.377558 -2.994671822 -0.674182653 1.874978304 0.007079556 0.545791507 0.224927694 0.807136297
1341839135.409554 -2.971921444 -0.720065355 1.884248734 -0.009087247 0.548362494 0.223498806 0.805769384
1341839135.441588 -2.976460457 -0.708021760 1.902177095 -0.001181709 0.556936026 0.219536081 0.801014841
1341839135.477530 -2.998787403 -0.670333266 1.895609140 0.009399784 0.555670321 0.220388249 0.801605403
1341839135.509758 -2.979266644 -0.707285285 1.896999836 -0.004580657 0.554348290 0.225532994 0.801131606
1341839135.545510 -2.963524342 -0.733921111 1.915845871 -0.011965916 0.561148882 0.222862512 0.797057748
1341839135.577577 -2.974895477 -0.717538118 1.924007177 -0.002553615 0.567496717 0.221584454 0.792995155
1341839135.609596 -2.986568928 -0.704822540 1.916378975 0.000637699 0.566017509 0.228082180 0.792213559
1341839135.645470 -2.964739799 -0.729224801 1.929981709 -0.008698798 0.568157911 0.230225787 0.790010750
1341839135.677567 -2.956473351 -0.739451766 1.943258762 -0.006605476 0.573105812 0.226743698 0.787460089
1341839135.713508 -2.971733093 -0.727685869 1.942261457 0.001737126 0.574673831 0.223357558 0.787310839
1341839135.745626 -2.972189188 -0.727438450 1.933123589 0.001479396 0.573296309 0.224910825 0.787873209
1341839135.777556 -2.959654331 -0.742416918 1.944474578 -0.003162964 0.576478720 0.225626826 0.785337389
1341839135.813582 -2.961857319 -0.737334251 1.949416280 0.002513004 0.580001056 0.224479988 0.783071637
1341839135.845539 -2.972386360 -0.727373362 1.945245743 0.007041792 0.579897642 0.226165295 0.782635570
1341839135.877786 -2.964100361 -0.737558186 1.953721166 0.002586981 0.581584573 0.227239966 0.781098425
1341839135.913620 -2.959902763 -0.743501604 1.962808847 0.003072334 0.583948970 0.224469781 0.780133009
1341839135.945920 -2.965870380 -0.745230258 1.963135242 0.004080628 0.584872186 0.223335475 0.779762208
1341839135.981913 -2.971085072 -0.740833759 1.965170860 0.006511781 0.585620105 0.226352274 0.778313160
1341839136.014297 -2.962052345 -0.746761084 1.977125406 0.006368918 0.586943865 0.229751647 0.776318550
1341839136.059226 -2.958083153 -0.754899144 1.980103016 0.006073962 0.587488115 0.229224890 0.776064932
1341839136.120606 -2.967402458 -0.744194567 1.991495371 0.010159383 0.589087725 0.227670416 0.775266826
1341839136.181673 -2.962280512 -0.767186165 1.996754289 0.002639326 0.590052664 0.227678120 0.774592459
1341839136.214507 -2.961236000 -0.757838309 2.008953094 0.009220825 0.592352033 0.230040818 0.772085071
1341839136.249624 -2.967383385 -0.751827776 2.009935379 0.014565685 0.589210629 0.232852951 0.773562014
1341839136.281495 -2.960254192 -0.767361104 2.014306545 0.008349340 0.587902248 0.231274679 0.775121450
1341839136.314066 -2.956561804 -0.773010254 2.025752544 0.008661573 0.590827286 0.227172792 0.774106324
1341839136.349787 -2.968445301 -0.764822304 2.021803141 0.015618055 0.590171874 0.228037402 0.774242997
1341839136.388618 -2.970812321 -0.767604649 2.020929813 0.013923410 0.587904811 0.232089400 0.774795830
1341839136.449733 -2.963740110 -0.773625851 2.038549185 0.011153876 0.590973735 0.229542345 0.773263216
1341839136.481697 -2.969653606 -0.768829048 2.040348053 0.014850797 0.589141130 0.230477080 0.774320602
1341839136.517624 -2.968155861 -0.772417963 2.039847136 0.012119452 0.587216377 0.231006756 0.775671303
1341839136.549505 -2.963290691 -0.779422104 2.050293922 0.009807965 0.589368343 0.230410606 0.774247825
1341839136.581632 -2.970145702 -0.772282720 2.052910805 0.014814351 0.588931561 0.230878502 0.774361193
1341839136.617613 -2.974146605 -0.770794928 2.051108837 0.014416298 0.586739242 0.231510401 0.775842845
1341839136.649571 -2.966654778 -0.785705328 2.061153889 0.009210262 0.587970257 0.231913865 0.774869084
1341839136.685554 -2.968523741 -0.783163846 2.067541599 0.012042806 0.588629246 0.231053159 0.774587035
1341839136.717527 -2.977779865 -0.772473276 2.066929817 0.015693991 0.586824477 0.230722263 0.775988400
1341839136.749496 -2.978070259 -0.783281505 2.069213152 0.010764942 0.585466325 0.231527850 0.776857853
1341839136.785674 -2.974566460 -0.787275493 2.079305172 0.008165898 0.586479664 0.230043143 0.776566207
1341839136.817542 -2.979093552 -0.784066737 2.082992315 0.010585479 0.587279856 0.229366124 0.776132345
1341839136.849615 -2.987301826 -0.781051815 2.081167936 0.012754504 0.585477054 0.232276097 0.776596248
1341839136.892657 -2.977711678 -0.794655621 2.091672421 0.007758502 0.586155415 0.233570471 0.775761902
1341839136.953615 -2.992137909 -0.789073646 2.097627163 0.015439848 0.588646472 0.231909022 0.774257839
1341839136.985942 -2.993283272 -0.801285863 2.102913380 0.011267466 0.588424444 0.233666748 0.773970008
1341839137.017616 -2.985144138 -0.806374371 2.111441135 0.009456520 0.590182900 0.232909754 0.772882760
1341839137.053572 -2.995504856 -0.807062805 2.116364002 0.011957475 0.592640758 0.231420904 0.771413207
1341839137.085843 -3.004531860 -0.800088406 2.121395111 0.014361919 0.593651891 0.232903227 0.770147562
1341839137.117537 -2.999177456 -0.808296621 2.130367279 0.013128622 0.594245374 0.236430466 0.768635631
1341839137.153707 -2.996813059 -0.820357919 2.133051395 0.010576616 0.595866859 0.235745952 0.767629266
1341839137.186296 -3.006219149 -0.814953566 2.143466234 0.014406718 0.600508392 0.234766036 0.764242768
1341839137.221759 -3.021386385 -0.803598106 2.145130157 0.020960059 0.600978792 0.237442836 0.762893260
1341839137.253565 -3.021607161 -0.812718272 2.145614147 0.017458512 0.600550234 0.240290403 0.762427092
1341839137.285736 -3.014491081 -0.827472508 2.155106783 0.013712395 0.605228424 0.240175426 0.758832157
1341839137.321642 -3.028339386 -0.820402920 2.163859606 0.020946708 0.609262288 0.240081668 0.755461097
1341839137.353692 -3.040665865 -0.814592838 2.161345959 0.022609649 0.608902395 0.242336527 0.754983187
1341839137.386256 -3.030074596 -0.839144111 2.174116135 0.014990574 0.613309860 0.244734824 0.750820339
1341839137.421671 -3.038964748 -0.836530864 2.181387424 0.018174367 0.617471874 0.243702367 0.747667968
1341839137.453657 -3.049639225 -0.831845343 2.181838036 0.020586520 0.618620694 0.244296879 0.746460795
1341839137.489830 -3.051828384 -0.837676704 2.184936523 0.017539168 0.619989991 0.244863898 0.745215714
1341839137.521652 -3.052215576 -0.843717754 2.193006039 0.015011534 0.622883976 0.243264094 0.743379295
1341839137.553558 -3.059210062 -0.842253566 2.197464943 0.015830183 0.624624312 0.241957888 0.742327571
1341839137.592577 -3.065343380 -0.844952106 2.195986748 0.013616581 0.625143230 0.241379201 0.742123008
1341839137.628551 -3.068478584 -0.844968855 2.205001116 0.012037059 0.627563477 0.241916925 0.739929318
1341839137.660598 -3.073703766 -0.841414452 2.210713625 0.013118151 0.628542483 0.242897838 0.738757670
1341839137.692612 -3.078410149 -0.843755662 2.217534304 0.011949524 0.629530609 0.243588641 0.737707913
1341839137.728532 -3.086310863 -0.838853180 2.223052025 0.012767414 0.629556537 0.244710982 0.737300515
1341839137.760497 -3.086738110 -0.843613803 2.230254412 0.009974595 0.629635572 0.246145070 0.736798584
1341839137.796681 -3.089611053 -0.848039806 2.238853455 0.009504717 0.630470812 0.246644661 0.735922992
1341839137.828611 -3.101027250 -0.840885997 2.244063377 0.010767238 0.629961967 0.246687353 0.736326933
1341839137.860523 -3.097992659 -0.850921869 2.254004478 0.006199004 0.629814208 0.247714520 0.736161113
1341839137.896603 -3.098468781 -0.852245331 2.261595726 0.006864788 0.630949259 0.247958645 0.735100269
1341839137.928510 -3.114625931 -0.838298917 2.266706228 0.011509506 0.630136073 0.248237848 0.735645294
1341839137.964534 -3.109887362 -0.850018203 2.272307396 0.006021587 0.628656149 0.250035852 0.736367583
1341839137.996524 -3.102768660 -0.858997762 2.286095142 0.004795088 0.630621433 0.248895228 0.735081494
1341839138.028640 -3.117594481 -0.849650025 2.290450811 0.009805180 0.629630268 0.247194037 0.736454189
1341839138.064541 -3.119465828 -0.854624748 2.293052673 0.006286097 0.627978444 0.247426331 0.737823606
1341839138.096479 -3.113221884 -0.864293993 2.309041023 0.005112366 0.629985809 0.248943955 0.735607684
1341839138.132550 -3.126096964 -0.855385303 2.310687304 0.011335760 0.629065990 0.249886587 0.736005545
1341839138.164623 -3.128625154 -0.855094135 2.320533991 0.010780501 0.627583444 0.250372440 0.737113595
1341839138.196431 -3.118090868 -0.871465564 2.334127188 0.006698595 0.628717005 0.250635356 0.736105978
1341839138.232704 -3.126467705 -0.868314147 2.338627338 0.012254043 0.629152894 0.251855046 0.735245168
1341839138.264578 -3.134584665 -0.864205420 2.342993259 0.015007475 0.628013372 0.254071862 0.735405624
1341839138.300697 -3.127650261 -0.873526990 2.352550507 0.011829270 0.627996862 0.255042195 0.735141814
1341839138.332541 -3.129349470 -0.872070909 2.355959415 0.011742643 0.627338827 0.253075093 0.736383796
1341839138.364517 -3.128453255 -0.876586139 2.361207485 0.007091190 0.627307713 0.250139028 0.737472177
1341839138.400834 -3.126885891 -0.877774775 2.370876789 0.004718536 0.628153861 0.246812373 0.737891674
1341839138.432562 -3.128702879 -0.882046461 2.372867823 0.003552988 0.628106117 0.246158183 0.738157332
1341839138.469017 -3.130961657 -0.878662705 2.372356176 0.004260451 0.628219128 0.248302251 0.737338841
1341839138.500623 -3.127602816 -0.883711755 2.379704952 0.002567083 0.629867971 0.250768036 0.735102177
1341839138.532584 -3.124641895 -0.885883152 2.387105465 0.002267536 0.631510913 0.251636416 0.733394742
1341839138.568521 -3.122701406 -0.888495982 2.391440153 0.002067237 0.632836819 0.251682431 0.732235730
1341839138.600559 -3.124540806 -0.884332180 2.392994404 0.003055616 0.633493721 0.250562966 0.732048213
1341839138.637679 -3.122491360 -0.885110915 2.397251129 0.002654886 0.634165287 0.250489742 0.731493115
1341839138.668579 -3.119393110 -0.891553819 2.398403168 0.000064382 0.635292411 0.249675974 0.730797827
1341839138.700570 -3.118827820 -0.890519083 2.402407885 -0.000888263 0.637040734 0.248681262 0.729613543
1341839138.736618 -3.118699312 -0.889931560 2.404367447 -0.001106213 0.638204753 0.250273615 0.728049874
1341839138.768580 -3.116247654 -0.889921725 2.407602310 -0.001710374 0.639272392 0.252045065 0.726499259
1341839138.800591 -3.113392591 -0.891802311 2.410644293 -0.004277247 0.640628219 0.251508862 0.725479484
1341839138.836668 -3.112913609 -0.889513373 2.415587425 -0.005769355 0.642514706 0.251183659 0.723911881
1341839138.868631 -3.109411716 -0.886468947 2.420168400 -0.006959963 0.643546283 0.251744419 0.722789407
1341839138.900591 -3.100967646 -0.890730321 2.425824642 -0.008829331 0.645470262 0.251429528 0.721161187
1341839138.936751 -3.101811171 -0.890817881 2.426789522 -0.010116209 0.646964073 0.251077414 0.719927311
1341839138.968925 -3.100402594 -0.887242794 2.433482409 -0.009345454 0.649265945 0.253278434 0.717088878
1341839139.004685 -3.098525047 -0.894879520 2.431130171 -0.012902527 0.649888515 0.255415529 0.715710461
1341839139.036835 -3.098857641 -0.889135003 2.436492443 -0.013721933 0.652477086 0.255676061 0.713242650
1341839139.069010 -3.097993135 -0.888119876 2.441315889 -0.015402474 0.654288411 0.255949974 0.711448550
1341839139.105164 -3.097460985 -0.885413170 2.445924282 -0.016118987 0.655835450 0.257293314 0.709521115
1341839139.137964 -3.089907646 -0.888034284 2.452679396 -0.017048679 0.656933784 0.259853542 0.707547545
1341839139.168993 -3.084503412 -0.894703031 2.458787918 -0.017717244 0.659242451 0.259924740 0.705354214
1341839139.208632 -3.086265564 -0.891533196 2.459526300 -0.016834674 0.660632610 0.258623570 0.704553068
1341839139.237233 -3.085312843 -0.892467797 2.465967417 -0.016228182 0.661999106 0.258295953 0.703403950
1341839139.269740 -3.084265947 -0.899987459 2.466020346 -0.018276602 0.662833691 0.258789152 0.702385664
1341839139.305090 -3.082729340 -0.901289999 2.471090794 -0.020510672 0.665561736 0.258981913 0.699667931
1341839139.336872 -3.081291676 -0.895107687 2.480734587 -0.018117603 0.667500675 0.259786695 0.697585464
1341839139.404779 -3.077015877 -0.906498849 2.480417013 -0.021104619 0.668020189 0.258275777 0.697565258
1341839139.436967 -3.076237679 -0.906331360 2.489859581 -0.020205641 0.671539187 0.257513046 0.694488227
1341839139.479384 -3.083567142 -0.897986054 2.492688179 -0.016216796 0.671378851 0.259197742 0.694121003
1341839139.504961 -3.071291685 -0.915079117 2.493983746 -0.023164287 0.671766996 0.260493219 0.693062663
1341839139.572716 -3.080538750 -0.905348241 2.502522707 -0.020095682 0.676996708 0.257818133 0.689058363
1341839139.633776 -3.070713997 -0.911971390 2.511693478 -0.024617812 0.678412080 0.260546356 0.686488569
1341839139.665625 -3.070469618 -0.915872037 2.517981052 -0.026718518 0.680648267 0.260617077 0.684165776
1341839139.701587 -3.072088003 -0.909210980 2.523444176 -0.024706276 0.681623220 0.261980593 0.682748556
1341839139.733553 -3.068593264 -0.916079581 2.526668787 -0.027416205 0.682394207 0.263663560 0.681225419
1341839139.765553 -3.068078756 -0.913887978 2.531381130 -0.027122637 0.684204042 0.265675604 0.678635180
1341839139.801543 -3.073184013 -0.905305445 2.538233995 -0.023259256 0.684364855 0.267857015 0.677758336
1341839139.833756 -3.067331314 -0.913200200 2.538555384 -0.027365550 0.682855785 0.268501341 0.678871274
1341839139.865591 -3.061203003 -0.920279384 2.546784639 -0.031564172 0.685084343 0.267015278 0.677027345
1341839139.901631 -3.068208218 -0.909187913 2.554773569 -0.025353804 0.686673105 0.268799186 0.674969792
1341839139.933716 -3.074936867 -0.902141333 2.557095051 -0.022038113 0.683948815 0.270797193 0.677050412
1341839139.969603 -3.059900284 -0.923595905 2.558229685 -0.031822123 0.682724595 0.269286782 0.678497732
1341839140.001567 -3.056927681 -0.929351270 2.565625191 -0.033703826 0.685996711 0.266820639 0.676076472
1341839140.033569 -3.069330692 -0.916213036 2.568813562 -0.026508844 0.686816692 0.268827140 0.674768209
1341839140.069602 -3.071675539 -0.914689541 2.565642118 -0.026172295 0.684192538 0.272172153 0.676104963
1341839140.101607 -3.055741549 -0.936294556 2.568607807 -0.036862686 0.685563028 0.270897657 0.674728811
1341839140.137593 -3.058037996 -0.926613688 2.582094193 -0.031894222 0.690683544 0.266949534 0.671324790
1341839140.169583 -3.077643633 -0.915575922 2.579167604 -0.026268033 0.689047039 0.268336177 0.672695994
1341839140.201678 -3.064783812 -0.927500367 2.579517603 -0.033500839 0.688022614 0.271718919 0.672065139
1341839140.237641 -3.053601265 -0.932699263 2.591978073 -0.036317710 0.691542327 0.270636946 0.668734610
1341839140.269632 -3.063994408 -0.926538408 2.595184088 -0.031173546 0.692301273 0.269299746 0.668748677
1341839140.301538 -3.068196297 -0.928665757 2.594068527 -0.033485033 0.690867543 0.269312829 0.670113027
1341839140.337608 -3.061654568 -0.933278680 2.604148626 -0.036220465 0.692932010 0.269948244 0.667578697
1341839140.369503 -3.064642906 -0.932106376 2.609569311 -0.034046181 0.693769991 0.270905286 0.666434109
1341839140.405652 -3.069438696 -0.935378551 2.613927603 -0.034120839 0.693558037 0.272245020 0.666104853
1341839140.437622 -3.065014839 -0.943392336 2.621049166 -0.037288968 0.695174992 0.272931546 0.663965046
1341839140.469802 -3.069606781 -0.938130200 2.628600597 -0.033292685 0.696813405 0.273675531 0.662151277
1341839140.505600 -3.074880838 -0.937764108 2.632581949 -0.031476799 0.695966303 0.274662405 0.662722170
1341839140.537508 -3.067111731 -0.954403043 2.634783268 -0.038472943 0.696477056 0.273552865 0.662275136
1341839140.569631 -3.072741508 -0.952758372 2.645749092 -0.035866551 0.700368166 0.272888184 0.658581853
1341839140.605614 -3.086401463 -0.941132903 2.651604176 -0.029282128 0.701031923 0.275629312 0.657058060
1341839140.637520 -3.085717916 -0.948857605 2.655263186 -0.032858126 0.699887097 0.278455138 0.656917930
1341839140.673589 -3.075998783 -0.962163329 2.664348364 -0.039133418 0.701898754 0.277287573 0.654918551
1341839140.705526 -3.087876558 -0.957630098 2.673562765 -0.036110584 0.703948677 0.275708169 0.653557420
1341839140.737690 -3.095154047 -0.961009026 2.677659988 -0.036910925 0.703152537 0.279567331 0.652729809
1341839140.780691 -3.084268808 -0.969372690 2.690444469 -0.040340256 0.704769194 0.283132046 0.649237514
1341839140.837561 -3.094836473 -0.969177544 2.703338385 -0.035929821 0.705625534 0.281828344 0.649133563
1341839140.873616 -3.091559410 -0.978798389 2.711599112 -0.040506579 0.706586301 0.281208575 0.648086965
1341839140.905496 -3.095515013 -0.974220932 2.722846508 -0.037672598 0.708067715 0.281787634 0.646387339
1341839140.941764 -3.094817162 -0.980554283 2.729759455 -0.038334489 0.708404779 0.283797115 0.645098627
1341839140.973483 -3.096689701 -0.984230995 2.736252308 -0.039035186 0.709429026 0.284223020 0.643742144
1341839141.005687 -3.095494747 -0.984555602 2.745476961 -0.039725475 0.709963977 0.283235848 0.643545270
1341839141.041564 -3.089649439 -0.991963983 2.757891655 -0.040832452 0.710921645 0.282124132 0.642906725
1341839141.074063 -3.092961550 -0.994452000 2.764999151 -0.038436219 0.711012840 0.281616420 0.643176138
1341839141.110271 -3.092840672 -1.001224756 2.770387888 -0.038492020 0.710973024 0.281983376 0.643056095
1341839141.141854 -3.088180304 -1.009199381 2.778273821 -0.039775718 0.711533844 0.280856997 0.642850518
1341839141.176858 -3.092283964 -1.008735776 2.786345959 -0.036476023 0.712692082 0.279428333 0.642385662
1341839141.209658 -3.100205898 -1.008921981 2.789957762 -0.035293605 0.711919904 0.279062182 0.643466175
1341839141.241623 -3.091051102 -1.021001339 2.798268318 -0.040354744 0.712750673 0.278634310 0.642433524
1341839141.273659 -3.093069315 -1.019155502 2.807850122 -0.037736207 0.715271533 0.277385294 0.640328050
1341839141.309576 -3.108280182 -1.015599966 2.810410500 -0.033342846 0.714654684 0.279343307 0.640409470
1341839141.341687 -3.098929644 -1.024480581 2.819180727 -0.038279567 0.714193165 0.280001640 0.640360713
1341839141.378026 -3.095713377 -1.029378414 2.827709198 -0.039945766 0.715391517 0.277693450 0.639926255
1341839141.409623 -3.103949308 -1.030491352 2.832981825 -0.039859779 0.716305733 0.276441842 0.639450669
1341839141.441571 -3.111515522 -1.022867203 2.841847658 -0.036252432 0.716891825 0.278788924 0.637987912
1341839141.477635 -3.100963116 -1.033575058 2.847814560 -0.039616149 0.716980100 0.280744314 0.636830211
1341839141.509696 -3.092360497 -1.043704867 2.858043909 -0.042260412 0.719688058 0.278993458 0.634370387
1341839141.541659 -3.097956657 -1.039698005 2.865224600 -0.038167469 0.721312404 0.276781976 0.633753419
1341839141.577526 -3.103628159 -1.043077230 2.869066000 -0.037559737 0.721720099 0.276428491 0.633479774
1341839141.645706 -3.100665331 -1.043015361 2.885691643 -0.032408487 0.724328160 0.280321419 0.629061401
1341839141.677487 -3.107974052 -1.042509317 2.884783745 -0.031812191 0.722464681 0.278066128 0.632227838
1341839141.709572 -3.097488642 -1.055775404 2.892554283 -0.040110651 0.722291470 0.274798572 0.633381367
1341839141.745638 -3.096612930 -1.055378199 2.902756691 -0.037560720 0.724670649 0.272833943 0.631667018
1341839141.777895 -3.117231846 -1.047062278 2.901861191 -0.030607784 0.723105490 0.274945229 0.632919192
1341839141.809561 -3.097985268 -1.062541246 2.910073042 -0.038314085 0.722914875 0.276726276 0.631940365
1341839141.845701 -3.087501287 -1.066832066 2.921150208 -0.038453352 0.725073516 0.273772061 0.630744457
1341839141.877530 -3.107009172 -1.056251049 2.923641205 -0.030838145 0.724623442 0.272453129 0.632249236
1341839141.913569 -3.103068352 -1.065541029 2.923764706 -0.036177587 0.722372890 0.273950607 0.633892477
1341839141.945636 -3.085358620 -1.074084282 2.934044600 -0.042004064 0.724620581 0.271893084 0.631850243
1341839141.977668 -3.096278191 -1.070174336 2.939227581 -0.038025480 0.726093948 0.270243794 0.631118000
1341839142.013466 -3.101435184 -1.073275328 2.938520908 -0.040249098 0.725431323 0.271077484 0.631384492
1341839142.048866 -3.087982178 -1.079051375 2.945690155 -0.046183947 0.727306902 0.270846516 0.628914833
1341839142.116693 -3.089160681 -1.074067473 2.955037832 -0.041984443 0.731721342 0.270395339 0.624265611
1341839142.181588 -3.069812059 -1.083267927 2.967687130 -0.047150791 0.734840930 0.272246927 0.619408727
1341839142.213523 -3.070149660 -1.078870654 2.974023581 -0.041924041 0.737629652 0.271610171 0.616743743
1341839142.245657 -3.077215910 -1.071848154 2.977785349 -0.037181523 0.737795055 0.272711158 0.616364002
1341839142.281484 -3.061928034 -1.084675074 2.980664253 -0.043930974 0.737917244 0.271998137 0.616088629
1341839142.313501 -3.057275534 -1.091127396 2.986660719 -0.045368560 0.742466807 0.267222285 0.612598598
1341839142.349595 -3.072441816 -1.082012892 2.991910934 -0.038933709 0.744552374 0.269436806 0.609532416
1341839142.413736 -3.045491219 -1.099671125 2.998605013 -0.046455950 0.748086989 0.274591476 0.602334797
1341839142.449600 -3.046088696 -1.096013904 3.005395174 -0.044648964 0.752065420 0.271339029 0.598981857
1341839142.481586 -3.053122044 -1.090933323 3.011677980 -0.040661968 0.753296614 0.271271378 0.597748041
1341839142.513495 -3.050322056 -1.096642494 3.015895128 -0.042607035 0.752939820 0.273049295 0.597252369
1341839142.549621 -3.034190893 -1.111858845 3.020840883 -0.049324155 0.755101681 0.272657663 0.594177127
1341839142.581646 -3.043292999 -1.102566004 3.029746056 -0.044026047 0.758653998 0.270090312 0.591233552
1341839142.617733 -3.051940203 -1.098831654 3.034197330 -0.041824341 0.757948160 0.271680564 0.591569901
1341839142.649501 -3.033522844 -1.115729570 3.036018372 -0.049513541 0.758404076 0.273533016 0.589534879
1341839142.681490 -3.033913374 -1.112846613 3.044804096 -0.046375621 0.762071371 0.272310585 0.585613728
1341839142.717648 -3.036861420 -1.111829281 3.047212362 -0.044515882 0.762425840 0.272117883 0.585386276
1341839142.749655 -3.028422832 -1.121237278 3.051093578 -0.046965621 0.763530493 0.272438377 0.583603323
1341839142.781698 -3.030306339 -1.120065212 3.056960821 -0.043928646 0.765914500 0.272647798 0.580610454
1341839142.817748 -3.028610229 -1.118672490 3.061080933 -0.042389359 0.766420603 0.273539841 0.579636693
1341839142.849646 -3.024040699 -1.123806477 3.063995361 -0.043821666 0.766786873 0.272377670 0.579593003
1341839142.885615 -3.023142576 -1.130974054 3.066489458 -0.046318520 0.767845571 0.272067636 0.578141093
1341839142.917485 -3.024972200 -1.124429107 3.072030783 -0.043690074 0.769378424 0.272918165 0.575902462
1341839142.949726 -3.021980762 -1.126194000 3.076776981 -0.043294296 0.769643545 0.274066061 0.575032413
1341839142.985900 -3.015080452 -1.136447310 3.077413797 -0.048206165 0.770482242 0.273278147 0.573892236
1341839143.025376 -3.017930031 -1.133480668 3.084107399 -0.046445549 0.773156404 0.273191869 0.570471942
1341839143.056750 -3.023769855 -1.127114654 3.089286566 -0.042836074 0.773318052 0.274636447 0.569841325
1341839143.092610 -3.013789654 -1.132906914 3.093181849 -0.046213094 0.772801280 0.275314659 0.569951236
1341839143.124560 -3.008643150 -1.134110928 3.098192930 -0.047428202 0.773934603 0.273006082 0.569423914
1341839143.160701 -3.013047218 -1.134073019 3.101960659 -0.046925597 0.774522901 0.270522743 0.569850624
1341839143.224815 -3.014256954 -1.138677120 3.111368895 -0.048909131 0.774422467 0.271564484 0.569324493
1341839143.285789 -3.021059275 -1.134096861 3.124381065 -0.047791865 0.774713755 0.273199409 0.568239927
1341839143.321671 -3.010575533 -1.140809536 3.128146648 -0.051396962 0.773635805 0.273589879 0.569205225
1341839143.353517 -3.010846615 -1.144872427 3.134324312 -0.053427298 0.774500310 0.270890087 0.569133937
1341839143.385603 -3.016958237 -1.143123031 3.138405800 -0.052415468 0.774509370 0.271257013 0.569040895
1341839143.421529 -3.013596773 -1.143331170 3.146418095 -0.052403636 0.774333775 0.273923814 0.568002522
1341839143.453645 -3.006668806 -1.150858521 3.150688171 -0.055762168 0.774715304 0.273769170 0.567236543
1341839143.485734 -3.010332584 -1.151386619 3.154735565 -0.056677509 0.775469661 0.272050560 0.566941917
1341839143.521668 -3.012364626 -1.151380897 3.162643433 -0.057797078 0.776209891 0.271824777 0.565923154
1341839143.553630 -3.011316299 -1.152924418 3.169353485 -0.058530241 0.776651978 0.273250759 0.564552963
1341839143.590154 -3.005742311 -1.158003926 3.174516916 -0.060708743 0.777628541 0.274225891 0.562502027
1341839143.621854 -3.012192965 -1.155737877 3.182240963 -0.059973426 0.778994679 0.273773015 0.560908973
1341839143.653546 -3.011244297 -1.157320261 3.186981916 -0.062203601 0.778580189 0.275626361 0.560333610
1341839143.689669 -3.000261784 -1.170542002 3.192883492 -0.069038048 0.780646026 0.275550038 0.556684613
1341839143.721563 -3.020198584 -1.166095972 3.200374842 -0.067307033 0.783667922 0.275506616 0.552657604
1341839143.753557 -3.023873568 -1.153455257 3.209598780 -0.062309176 0.784005404 0.283058643 0.548936188
1341839143.789597 -3.003657818 -1.159895420 3.215252638 -0.066173278 0.784064591 0.284747481 0.547524095
1341839143.821488 -3.000574112 -1.172384143 3.217405796 -0.072397090 0.786193252 0.279390424 0.546442807
1341839143.857691 -3.012826681 -1.162759304 3.226754189 -0.067277968 0.788232028 0.279193252 0.544256449
1341839143.889668 -3.005042553 -1.162826777 3.233451843 -0.066081367 0.787814796 0.282710373 0.543190539
1341839143.921613 -2.992682219 -1.172822833 3.237038851 -0.068514340 0.788919866 0.283915311 0.540650845
1341839143.957679 -2.996505737 -1.164442301 3.244566441 -0.063954443 0.790825665 0.283680141 0.538544536
1341839143.989692 -2.996972561 -1.168439865 3.248353481 -0.064957440 0.789327443 0.284707785 0.540077865
1341839144.021612 -2.987316847 -1.173562169 3.253459692 -0.068583243 0.789776504 0.283684015 0.539511561
1341839144.057581 -2.990780354 -1.172588229 3.257761478 -0.065969907 0.790504873 0.284240156 0.538477063
1341839144.089682 -2.988022566 -1.174567461 3.263122559 -0.065198727 0.790386319 0.285438448 0.538110971
1341839144.125588 -2.979094028 -1.176720381 3.264627934 -0.065970585 0.790298700 0.285654336 0.538031042
1341839144.157579 -2.972103119 -1.181459904 3.268496037 -0.067275539 0.791148603 0.285060257 0.536934435
1341839144.189633 -2.975360394 -1.180440426 3.273616314 -0.064850025 0.792127907 0.283964962 0.536369085
1341839144.225642 -2.974853277 -1.183220267 3.276887894 -0.064737819 0.791844904 0.285339892 0.536070764
1341839144.257760 -2.964842319 -1.186607957 3.277183056 -0.067256384 0.792369187 0.284915179 0.535211205
1341839144.289779 -2.969047546 -1.185044646 3.281713963 -0.064302459 0.794252932 0.284238279 0.533137977
1341839144.325641 -2.974972248 -1.186200261 3.285654068 -0.063449249 0.794155359 0.286639184 0.532099187
1341839144.357603 -2.961791754 -1.186313391 3.288213968 -0.065406509 0.794594049 0.288212001 0.530354619
1341839144.393630 -2.959837675 -1.186485767 3.291750431 -0.064995602 0.795380235 0.286536098 0.530134916
1341839144.425526 -2.962115526 -1.183607101 3.296804190 -0.063922606 0.795239925 0.285180300 0.531205773
1341839144.457696 -2.956374407 -1.186869860 3.299967289 -0.064401031 0.794650972 0.286113828 0.531527221
1341839144.493799 -2.949489594 -1.191103578 3.302623034 -0.065903790 0.794950008 0.285771221 0.531080008
1341839144.525996 -2.955934525 -1.186195016 3.307603598 -0.061228830 0.795502722 0.285368443 0.531028450
1341839144.561696 -2.956294537 -1.191474438 3.308018208 -0.062397756 0.793433249 0.287041336 0.533082902
1341839144.593602 -2.941148520 -1.196747422 3.307183743 -0.065591127 0.793694913 0.287376076 0.532128870
1341839144.627771 -2.950050354 -1.190745354 3.314230919 -0.058518950 0.795256317 0.286773175 0.530946374
1341839144.661818 -2.947835207 -1.195473194 3.313143730 -0.060177561 0.793117881 0.287419707 0.533603430
1341839144.732548 -2.944047451 -1.202854872 3.316793680 -0.061375272 0.794243455 0.282696038 0.534315765
1341839144.793602 -2.935182095 -1.204880595 3.316624165 -0.062251415 0.794595778 0.283949494 0.533024430
1341839144.829602 -2.939480782 -1.206229210 3.316160202 -0.060817122 0.794603944 0.283461422 0.533437431
1341839144.861614 -2.931962729 -1.209733009 3.315548658 -0.063443109 0.794722438 0.282534271 0.533446908
1341839144.893704 -2.934944153 -1.204406142 3.315765381 -0.061110593 0.795367479 0.279851019 0.534171820
1341839144.929498 -2.940749884 -1.207851648 3.314183712 -0.060634490 0.794354618 0.280710399 0.535281062
1341839144.961563 -2.930027246 -1.212631583 3.316845417 -0.064256839 0.794960380 0.281843066 0.533360600
1341839144.993581 -2.933229923 -1.208031416 3.317498207 -0.061601188 0.795595407 0.280700386 0.533329725
1341839145.029623 -2.936114550 -1.207694411 3.316735268 -0.060641397 0.794982791 0.280808061 0.534295678
1341839145.061626 -2.932321072 -1.210292101 3.315414429 -0.063349843 0.794469059 0.280373633 0.534973204
1341839145.097529 -2.932928562 -1.206191421 3.316463947 -0.062579811 0.795030832 0.278121591 0.535404682
1341839145.129540 -2.937936306 -1.208300948 3.318389177 -0.062210880 0.794601560 0.278465122 0.535906196
1341839145.161548 -2.932613373 -1.210483789 3.316104889 -0.064710364 0.793806493 0.279495746 0.536251783
1341839145.197472 -2.933757544 -1.210409284 3.315324783 -0.066344909 0.794052720 0.278296649 0.536311150
1341839145.229600 -2.936510086 -1.207373381 3.317457199 -0.066099338 0.794519544 0.277425408 0.536101460
1341839145.262518 -2.939942122 -1.208897352 3.315785885 -0.067171492 0.793538213 0.278383076 0.536924601
1341839145.297552 -2.929486513 -1.210275769 3.317660093 -0.069867551 0.794678211 0.278700203 0.534725368
1341839145.329591 -2.936740637 -1.205731750 3.318218470 -0.066422619 0.795145631 0.278542548 0.534551799
