0.000000 0.000000000 0.000000000 0.000000000 0.000000000 0.000000000 0.000000000 1.000000000
1.000000 -0.002610791 0.000574765 0.000037774 0.001890070 -0.000250548 0.000169225 0.999998152
2.000000 -0.002115320 0.008291269 -0.002858425 0.002867285 -0.000522322 -0.000076005 0.999995768
3.000000 -0.001135902 0.008299767 -0.001254697 0.001110298 -0.000790021 0.000110757 0.999999046
4.000000 -0.000966461 0.007445915 -0.002453278 0.000772226 -0.000324789 -0.000175164 0.999999642
5.000000 -0.003213095 0.010413128 -0.002313712 0.000846984 0.000651819 -0.000435556 0.999999344
6.000000 -0.001808358 0.009046071 -0.003251001 -0.000699568 0.000602132 -0.000846946 0.999999225
7.000000 0.000254915 0.005761018 -0.002067534 -0.001714179 0.000201123 -0.000536625 0.999998391
8.000000 -0.001447800 0.004454136 -0.001422661 -0.001131651 0.000380065 -0.000456626 0.999999166
9.000000 -0.002377587 0.009315327 -0.002125017 -0.000291211 0.000591166 -0.000537290 0.999999642
10.000000 -0.001631439 0.005497320 -0.001211177 -0.001250971 0.000529491 -0.000696578 0.999998808
11.000000 -0.000178898 0.001519759 -0.000893261 -0.001171891 0.000278682 -0.000316601 0.999999225
12.000000 -0.000069561 -0.001201599 0.000470178 -0.000237579 0.000322368 -0.000144331 0.999999881
13.000000 -0.001412676 -0.000777724 0.001265205 0.000813189 0.000491627 0.000102425 0.999999523
14.000000 0.001527147 -0.000767203 0.000785382 0.001505331 -0.000328461 0.000679360 0.999998569
15.000000 -0.000473917 -0.000047817 0.000474746 0.002316357 -0.000298202 0.000863318 0.999996901
16.000000 -0.002152090 0.002654769 0.000441468 0.002914140 -0.000086268 0.001139716 0.999995112
17.000000 -0.000543467 0.002852630 0.000132273 0.002922978 -0.000654298 0.000917365 0.999995112
18.000000 -0.000278761 0.001964597 0.000324932 0.002304975 -0.000834506 0.000248769 0.999996960
19.000000 -0.000639954 0.003926295 -0.001743326 0.002095907 -0.000761037 -0.000508535 0.999997377
20.000000 0.000378017 0.003483883 -0.001671308 0.001323244 -0.000691043 -0.001292678 0.999998033
21.000000 -0.001422042 0.001990459 -0.001060167 0.000584932 -0.000153133 -0.001791311 0.999998212
22.000000 -0.004699939 0.005055305 -0.001082555 0.000740108 0.000258925 -0.002155594 0.999997377
23.000000 -0.000116009 0.003401831 -0.000304057 0.000058202 -0.000675677 -0.002418713 0.999996841
24.000000 -0.001273655 0.002610670 -0.001058108 -0.000117856 -0.000731181 -0.002433369 0.999996781
25.000000 -0.002937915 0.002648622 -0.000998316 0.000022318 -0.000802936 -0.002652777 0.999996126
26.000000 -0.003554051 0.002736581 -0.000642938 0.000300207 -0.000826837 -0.002657589 0.999996066
27.000000 -0.003169893 0.004971755 -0.001058631 0.000788347 -0.000883448 -0.003113812 0.999994457
28.000000 -0.004576463 0.001857959 -0.000134124 0.000152530 -0.000619151 -0.003288010 0.999994397
29.000000 -0.004507802 0.002409821 -0.000895414 0.000419336 -0.000536976 -0.003583708 0.999993324
30.000000 -0.005858554 0.002483899 -0.000385667 0.000807329 -0.000286507 -0.003862326 0.999992192
31.000000 -0.006172477 0.003652070 -0.000777755 0.000839975 -0.000177089 -0.004018910 0.999991536
32.000000 -0.005300978 0.002451407 0.000014861 -0.000137263 -0.000511547 -0.004496610 0.999989748
33.000000 -0.008880913 0.003478661 -0.000422517 0.000130913 -0.000098009 -0.004794918 0.999988496
34.000000 -0.010155800 0.006570859 -0.001039731 0.000194250 0.000128283 -0.005282098 0.999985993
35.000000 -0.008386972 0.007695881 0.000190060 -0.000424399 0.000277807 -0.005292602 0.999985874
36.000000 -0.010091683 0.004518609 -0.000030028 -0.001188782 0.001445222 -0.005265684 0.999984384
37.000000 -0.009631317 0.007344598 -0.000049136 -0.000749240 0.002254972 -0.005337732 0.999982953
38.000000 -0.011263289 0.012421993 -0.000301724 -0.000931532 0.003475182 -0.005204935 0.999979973
39.000000 -0.013738318 0.010574289 0.000402476 -0.003157011 0.004472653 -0.004059532 0.999976754
40.000000 -0.011464782 0.005645186 0.002805893 -0.004347099 0.004194280 -0.003056773 0.999977052
41.000000 -0.015353313 0.008147764 0.002803951 -0.003302598 0.004774136 -0.002022090 0.999981105
42.000000 -0.018548165 0.008978838 0.004139553 -0.003162563 0.005406223 -0.001485574 0.999979258
43.000000 -0.020171760 0.007577252 0.005371142 -0.002982427 0.005911559 -0.001168008 0.999977410
44.000000 -0.017488670 0.007065439 0.009907597 -0.002388072 0.006244723 -0.001593225 0.999976397
45.000000 -0.018107465 0.010561373 0.012552323 -0.001979348 0.007005251 -0.002522733 0.999970317
46.000000 -0.018117061 0.012572432 0.014460732 -0.002689968 0.008130297 -0.003904901 0.999955714
47.000000 -0.018954055 0.013025644 0.019407505 -0.003436513 0.009272780 -0.005439190 0.999936283
48.000000 -0.019180542 0.014546701 0.021956159 -0.004168355 0.009672723 -0.007094857 0.999919355
49.000000 -0.018500995 0.015935199 0.028181696 -0.006000594 0.010032479 -0.008907313 0.999891996
50.000000 -0.020715598 0.016191147 0.032308813 -0.007357228 0.010882187 -0.010726060 0.999856174
51.000000 -0.019599032 0.018500779 0.040035944 -0.007524179 0.010781552 -0.012466368 0.999835849
52.000000 -0.013356777 0.016984239 0.046379212 -0.008644351 0.009748687 -0.013413454 0.999825120
53.000000 -0.009034199 0.018030817 0.052620199 -0.010076834 0.009345507 -0.014832878 0.999795556
54.000000 -0.013787512 0.017940322 0.058361087 -0.011543367 0.010159625 -0.015505189 0.999761522
55.000000 -0.009452389 0.015927561 0.067085370 -0.012218064 0.008485092 -0.016143581 0.999759018
56.000000 -0.010778086 0.015709622 0.074219830 -0.012104739 0.007333182 -0.017162846 0.999752522
57.000000 -0.003589875 0.012985229 0.083974078 -0.011874863 0.005162571 -0.018589158 0.999743342
58.000000 -0.002707991 0.009860114 0.093461335 -0.010568663 0.004027713 -0.020001134 0.999736011
59.000000 0.000073381 0.015781369 0.100580521 -0.008636378 0.002755444 -0.022481302 0.999706149
60.000000 0.004263999 0.015153792 0.111167751 -0.008512058 0.001423297 -0.025040938 0.999649167
61.000000 0.007761937 0.014999676 0.120343968 -0.008113116 0.000053176 -0.027660729 0.999584436
62.000000 0.014550120 0.017754603 0.128685951 -0.007124476 -0.002411830 -0.030156441 0.999516904
63.000000 0.017384991 0.014813696 0.138933331 -0.007482184 -0.004445046 -0.032266784 0.999441385
64.000000 0.022576310 0.013084074 0.147969842 -0.007486062 -0.007188414 -0.035025578 0.999332547
65.000000 0.032840800 0.012973978 0.156862617 -0.008133711 -0.010431970 -0.038668700 0.999164522
66.000000 0.033621997 0.009785965 0.167854518 -0.009111513 -0.011881003 -0.041562423 0.999023736
67.000000 0.033611603 0.005751084 0.176798627 -0.007584812 -0.013528870 -0.045479506 0.998844862
68.000000 0.044976626 0.010708750 0.186204791 -0.005171418 -0.017376522 -0.048680115 0.998649895
69.000000 0.046524413 0.011948745 0.194068164 -0.004853978 -0.019477261 -0.051257420 0.998483717
70.000000 0.049907297 0.006804628 0.204204068 -0.005760500 -0.022422688 -0.053041328 0.998323917
71.000000 0.057228889 0.007079733 0.213579178 -0.005133702 -0.026148947 -0.054414909 0.998162746
72.000000 0.059716016 0.011632331 0.221552879 -0.004791908 -0.028589165 -0.055900455 0.998015463
73.000000 0.066012189 0.005702170 0.230036378 -0.005952456 -0.032334611 -0.057666160 0.997794390
74.000000 0.070028663 0.001753198 0.238330498 -0.005319625 -0.035797909 -0.059855793 0.997550726
75.000000 0.074012749 0.008708186 0.246570811 -0.003125818 -0.039282590 -0.062857494 0.997244239
76.000000 0.077531643 0.012263928 0.253860086 -0.003525960 -0.042760443 -0.066157252 0.996886313
77.000000 0.084003165 0.005999150 0.264529675 -0.005553904 -0.046686035 -0.069851972 0.996448815
78.000000 0.087450318 0.003503598 0.273708373 -0.005606623 -0.049515899 -0.073239267 0.996068656
79.000000 0.094332509 0.006242586 0.280652821 -0.004720897 -0.053554684 -0.076401174 0.995626688
80.000000 0.094036795 0.011139678 0.287764847 -0.004731225 -0.056996021 -0.079550259 0.995188832
81.000000 0.099435531 0.011236569 0.302153170 -0.005266301 -0.061611183 -0.083424538 0.994593740
82.000000 0.103124656 0.011205059 0.309343755 -0.006149786 -0.065925278 -0.087067895 0.993999600
83.000000 0.100895926 0.018415451 0.317209661 -0.006953460 -0.068984047 -0.090038694 0.993521988
84.000000 0.100900955 0.012593078 0.324684441 -0.009374393 -0.072716072 -0.092951924 0.992967486
85.000000 0.109787740 0.008611040 0.336478204 -0.010385395 -0.078558706 -0.095665216 0.992254436
86.000000 0.112320945 0.008849489 0.346375883 -0.010500001 -0.082940556 -0.098614484 0.991607726
87.000000 0.117296167 0.008552643 0.356320262 -0.010217864 -0.087551735 -0.101755381 0.990896642
88.000000 0.111719243 0.007077848 0.362991989 -0.010677127 -0.089588128 -0.104384504 0.990436196
89.000000 0.114985324 0.007295088 0.372832954 -0.009971172 -0.093191810 -0.107797280 0.989745259
90.000000 0.116885900 0.007874197 0.381510556 -0.009002874 -0.096462287 -0.111291848 0.989054143
91.000000 0.118285201 0.006073170 0.391410261 -0.009327970 -0.099448144 -0.114232652 0.988419950
92.000000 0.125462219 0.010408173 0.403909415 -0.008756133 -0.103850842 -0.116360337 0.987723947
93.000000 0.125884458 0.008045604 0.414856136 -0.009905835 -0.107569799 -0.118065581 0.987112522
94.000000 0.125616953 0.008591140 0.422245890 -0.010348665 -0.111327522 -0.119597308 0.986506760
95.000000 0.130840018 0.009023884 0.434509456 -0.011085749 -0.116582535 -0.122176148 0.985575259
96.000000 0.132125244 0.003132427 0.445602655 -0.012020644 -0.121408947 -0.125610754 0.984549284
97.000000 0.134324729 0.001908792 0.456128925 -0.010663119 -0.125539988 -0.128915101 0.983619273
98.000000 0.137145013 0.000735592 0.466251194 -0.010004480 -0.129752442 -0.132812828 0.982560396
99.000000 0.136928380 -0.006745877 0.478632838 -0.010229865 -0.133697927 -0.136221692 0.981561959
100.000000 0.142601252 -0.012500560 0.492684841 -0.008186972 -0.138649970 -0.139055938 0.980496109
101.000000 0.143555850 -0.012318691 0.502727985 -0.005769931 -0.142600596 -0.141362265 0.979616523
102.000000 0.145300329 -0.015942000 0.515147567 -0.004060106 -0.147313252 -0.143647447 0.978594780
103.000000 0.146999285 -0.017698886 0.524656415 -0.001093156 -0.152252749 -0.145876035 0.977516294
104.000000 0.147332668 -0.017477736 0.531842828 0.001470093 -0.156146467 -0.147984773 0.976584196
105.000000 0.145620286 -0.024413012 0.541332603 0.002947064 -0.159587353 -0.150056750 0.975708067
106.000000 0.142993048 -0.022592124 0.548505425 0.005521545 -0.162868619 -0.151531130 0.974926472
107.000000 0.147921056 -0.028018780 0.557715118 0.006290912 -0.167700842 -0.153179929 0.973844349
108.000000 0.149561331 -0.034583792 0.568848193 0.007609210 -0.172316268 -0.154845595 0.972765148
109.000000 0.149627775 -0.030488856 0.573766351 0.011286426 -0.177159965 -0.154922634 0.971846640
110.000000 0.157200217 -0.032793649 0.586081266 0.013717622 -0.184403166 -0.155048564 0.970446944
111.000000 0.155673027 -0.034494732 0.593063176 0.015790431 -0.190262884 -0.155346528 0.969235837
112.000000 0.157976836 -0.034676112 0.603276670 0.018121826 -0.196794465 -0.155514881 0.967862904
113.000000 0.153801978 -0.035458073 0.609936893 0.020314073 -0.201928794 -0.156243667 0.966643691
114.000000 0.149031207 -0.035795849 0.616281092 0.021905107 -0.207001895 -0.157230809 0.965375006
115.000000 0.150286764 -0.040554039 0.624762237 0.022908242 -0.212906525 -0.158318847 0.963888586
116.000000 0.147937283 -0.041775055 0.633784652 0.024338897 -0.217901558 -0.159150779 0.962599397
117.000000 0.149500951 -0.042101655 0.644004822 0.025646949 -0.224804759 -0.159844980 0.960861385
118.000000 0.148694843 -0.044354152 0.652457058 0.027113048 -0.231638536 -0.160399646 0.959104002
119.000000 0.146661505 -0.044122711 0.660736620 0.028919468 -0.237356022 -0.161434412 0.957478285
120.000000 0.148907930 -0.048028808 0.671497703 0.029418984 -0.244261906 -0.163073182 0.955446422
121.000000 0.147906452 -0.043410875 0.681316495 0.032146238 -0.250579655 -0.164913163 0.953404486
122.000000 0.146871567 -0.048393033 0.694050074 0.032730792 -0.257299095 -0.166567922 0.951304913
123.000000 0.159614205 -0.048024066 0.705749512 0.034870088 -0.265471786 -0.167433470 0.948828101
124.000000 0.157303065 -0.049874023 0.716824532 0.036096696 -0.271668226 -0.168317035 0.946869969
125.000000 0.157782376 -0.052280534 0.726563334 0.037480813 -0.278106272 -0.169885308 0.944664478
126.000000 0.161705256 -0.054035880 0.739928424 0.038459953 -0.284649909 -0.171968997 0.942296088
127.000000 0.161648840 -0.054558013 0.748255253 0.039707400 -0.290238827 -0.174019158 0.940160692
128.000000 0.163075000 -0.052503932 0.759367168 0.041801237 -0.296265841 -0.174999654 0.938005507
129.000000 0.160220206 -0.056402259 0.767379403 0.041213151 -0.301134557 -0.176873833 0.936127722
130.000000 0.162406325 -0.052965079 0.775920510 0.040985800 -0.306749880 -0.177935675 0.934111118
131.000000 0.163525164 -0.056865282 0.785983860 0.040319052 -0.313012004 -0.179106921 0.931836128
132.000000 0.168653965 -0.053197388 0.796026886 0.041225370 -0.319647759 -0.180628955 0.929246426
133.000000 0.169696808 -0.058895994 0.807551622 0.040201776 -0.326110601 -0.183027938 0.926572442
134.000000 0.168254644 -0.059164226 0.813168049 0.041363675 -0.331455708 -0.185496867 0.924130440
135.000000 0.169595420 -0.053800095 0.820618808 0.042109147 -0.338241637 -0.186303571 0.921471894
136.000000 0.181481063 -0.052240726 0.833120584 0.042169183 -0.346865684 -0.188310519 0.917848110
137.000000 0.182423353 -0.054536544 0.841179848 0.041202232 -0.353229731 -0.189336315 0.915250182
138.000000 0.180364192 -0.054244909 0.847551942 0.040940799 -0.360064924 -0.189041033 0.912655771
139.000000 0.179702401 -0.053395450 0.854083836 0.041129742 -0.367838204 -0.188988149 0.909553111
140.000000 0.177922368 -0.050407007 0.869690061 0.039086666 -0.382986903 -0.189019099 0.903363168
141.000000 0.178662390 -0.051496923 0.878228545 0.038318444 -0.391406745 -0.188480139 0.899893165
142.000000 0.178030372 -0.046715971 0.884827256 0.037577767 -0.399314642 -0.187251002 0.896701038
143.000000 0.175285339 -0.049915548 0.891232014 0.035875946 -0.406512469 -0.187049136 0.893573284
144.000000 0.174442858 -0.046562344 0.897079706 0.036108840 -0.413420975 -0.186273053 0.890551269
145.000000 0.172986090 -0.045507912 0.903635621 0.037088260 -0.420753360 -0.185399100 0.887253225
146.000000 0.169176817 -0.042860020 0.908927381 0.038467646 -0.427944899 -0.184877634 0.883857310
147.000000 0.166147172 -0.039441645 0.915295184 0.038473099 -0.434778661 -0.185325280 0.880421400
148.000000 0.162618577 -0.041669186 0.921241403 0.037600350 -0.441712022 -0.186193898 0.876817286
149.000000 0.159016043 -0.040380675 0.926990151 0.037283327 -0.448270351 -0.186524183 0.873425663
150.000000 0.153746575 -0.042210530 0.934295356 0.036625396 -0.454731882 -0.187132314 0.869976461
151.000000 0.149538517 -0.040836245 0.939722896 0.036742520 -0.460951269 -0.186885029 0.866745591
152.000000 0.144986451 -0.040778525 0.947675049 0.037436474 -0.468049407 -0.187077314 0.862861693
153.000000 0.143382490 -0.043470580 0.957744479 0.037585244 -0.475324452 -0.187188730 0.858844817
154.000000 0.137136728 -0.040208802 0.963192821 0.038523849 -0.480840653 -0.187268406 0.855709493
155.000000 0.126527786 -0.034094412 0.977898896 0.038855560 -0.490826368 -0.186524779 0.850169539
156.000000 0.119885951 -0.036794335 0.983794093 0.037583735 -0.496307492 -0.186994165 0.846935332
157.000000 0.114727616 -0.035575986 0.990591228 0.037309501 -0.502129972 -0.186785072 0.843554914
158.000000 0.109940410 -0.035343256 0.996456206 0.036740225 -0.507902980 -0.187937543 0.839859605
159.000000 0.103472173 -0.038860589 1.005063295 0.035695728 -0.514014840 -0.189030617 0.835931838
160.000000 0.097580403 -0.037794694 1.010719419 0.036288988 -0.519574881 -0.190008268 0.832239091
161.000000 0.091637552 -0.036878720 1.015329719 0.036456913 -0.524271846 -0.192190081 0.828777969
162.000000 0.085213602 -0.038064245 1.019775152 0.035396677 -0.529062629 -0.193973154 0.825357020
163.000000 0.081852108 -0.036761530 1.028413415 0.035414714 -0.535496593 -0.194489583 0.821074307
164.000000 0.075621545 -0.037019420 1.033338428 0.034775879 -0.541315377 -0.195689037 0.816990852
165.000000 0.070139766 -0.039001528 1.046786070 0.033431433 -0.548108935 -0.196314558 0.812354326
166.000000 0.065602303 -0.041701768 1.052320004 0.032570228 -0.553751469 -0.196277827 0.808562636
167.000000 0.058629513 -0.037897378 1.057005405 0.033177134 -0.558992267 -0.196138352 0.804957569
168.000000 0.054806918 -0.039706312 1.063538432 0.031805310 -0.564324915 -0.197198585 0.801023364
169.000000 0.049285889 -0.040174205 1.068551779 0.031337894 -0.569545984 -0.197233990 0.797329307
170.000000 0.045293063 -0.034414209 1.071230173 0.031990692 -0.574586034 -0.196715966 0.793807507
171.000000 0.041476071 -0.034427810 1.076169968 0.030453049 -0.580127478 -0.197393447 0.789658487
172.000000 0.037860572 -0.033128843 1.081479549 0.028096788 -0.585479856 -0.196833819 0.785926402
173.000000 0.034431666 -0.030418236 1.085400820 0.026480136 -0.591220617 -0.195566475 0.781991541
174.000000 0.030453265 -0.030823097 1.087589860 0.024648990 -0.596940756 -0.194979399 0.777841330
175.000000 0.028201550 -0.029650752 1.090785980 0.022345582 -0.602708399 -0.193413019 0.773844063
176.000000 0.025299624 -0.024713680 1.093648672 0.020972351 -0.608898461 -0.191372633 0.769531906
177.000000 0.021947742 -0.021616396 1.094398737 0.019383417 -0.614839196 -0.190527409 0.765046597
178.000000 0.020439297 -0.023039211 1.099071264 0.017244909 -0.621559262 -0.189570189 0.759888053
179.000000 0.016397044 -0.019107871 1.098477006 0.016366880 -0.627293706 -0.188039750 0.755563259
180.000000 0.014132038 -0.020173036 1.100065827 0.014379615 -0.633542359 -0.186950311 0.750644326
181.000000 0.013098270 -0.017908737 1.103399873 0.012808572 -0.640043616 -0.185103357 0.745598316
182.000000 0.009712577 -0.016737122 1.103537560 0.011854380 -0.646465063 -0.183772773 0.740385056
183.000000 0.006952852 -0.015777249 1.104414463 0.009762018 -0.660019636 -0.181319520 0.728973329
184.000000 0.004655421 -0.015779000 1.106245279 0.009928782 -0.667481005 -0.180010453 0.722472668
185.000000 0.001926132 -0.011468010 1.109470487 0.010540587 -0.674284995 -0.178994089 0.716372669
186.000000 -0.000935383 -0.011080770 1.111719012 0.009713161 -0.680459917 -0.179592252 0.710370779
187.000000 -0.002397820 -0.010876968 1.119982362 0.008815967 -0.687476575 -0.179563060 0.703601658
188.000000 -0.003809959 -0.010700468 1.124976635 0.007390582 -0.693621993 -0.181203514 0.697136462
189.000000 -0.005109077 -0.011450334 1.127270699 0.006259533 -0.699126720 -0.183541834 0.691010177
190.000000 -0.005016237 -0.012109640 1.128467560 0.007553027 -0.704742372 -0.185046911 0.684864104
191.000000 -0.006006729 -0.010792473 1.138893843 0.008577421 -0.711776078 -0.184403852 0.677714169
192.000000 -0.005977221 -0.010590615 1.145499825 0.008792695 -0.717549443 -0.185449660 0.671307623
193.000000 -0.006385468 -0.011564915 1.146766543 0.007979245 -0.722267270 -0.186443329 0.665961921
194.000000 -0.004826978 -0.015336838 1.150147796 0.007523550 -0.727594793 -0.187550709 0.659828782
195.000000 -0.006224938 -0.009431755 1.155834913 0.007684052 -0.733017504 -0.186526075 0.654090464
196.000000 -0.007708587 -0.008400671 1.156580448 0.007013747 -0.737438202 -0.186526403 0.649109840
197.000000 -0.006976932 -0.009288313 1.158912063 0.006208563 -0.742341816 -0.187141210 0.643325865
198.000000 -0.007789038 -0.009795148 1.155993462 0.005993304 -0.746327043 -0.187744737 0.638523281
199.000000 -0.007346421 -0.009917587 1.163355231 0.004790495 -0.751688600 -0.186132029 0.632689595
200.000000 -0.005194917 -0.007910755 1.169773698 0.003484926 -0.756658018 -0.184815153 0.627136290
201.000000 -0.006204531 -0.009384517 1.169331670 0.002058403 -0.760735810 -0.184497520 0.622284055
202.000000 -0.005867079 -0.008437604 1.167461872 0.002150626 -0.764670014 -0.184152320 0.617546022
203.000000 -0.006412342 -0.007606391 1.172166228 0.001595952 -0.769444585 -0.182599664 0.612053871
204.000000 -0.007823527 -0.007598095 1.173319817 0.001235756 -0.773439050 -0.181414336 0.607354462
205.000000 -0.009157881 -0.005476311 1.173207402 0.001127797 -0.777436852 -0.179819196 0.602707028
206.000000 -0.009154752 -0.006833576 1.179862261 0.000654069 -0.782637596 -0.177118570 0.596746922
207.000000 -0.009142756 -0.008945853 1.172464013 0.001229156 -0.785603225 -0.176487356 0.593024790
208.000000 -0.010208517 -0.005423710 1.177771688 0.000252687 -0.790144503 -0.172802255 0.588056922
209.000000 -0.008431345 -0.011095718 1.187902927 -0.002330124 -0.795168519 -0.170697629 0.581862450
210.000000 -0.008628994 -0.011351019 1.187328696 -0.003499788 -0.798544586 -0.169773951 0.577486873
211.000000 -0.009617984 -0.010419980 1.186423659 -0.004411645 -0.801953733 -0.168357283 0.573154867
212.000000 -0.010584742 -0.010919005 1.185885906 -0.005605894 -0.805490434 -0.166583896 0.568685710
213.000000 -0.009998113 -0.012081496 1.184091449 -0.006814932 -0.808575988 -0.165414289 0.564620733
214.000000 -0.011244982 -0.011458889 1.181727648 -0.007209937 -0.811241150 -0.164416835 0.561072886
215.000000 -0.011338115 -0.012327172 1.180826426 -0.007709980 -0.814178526 -0.162624657 0.557321310
216.000000 -0.014497161 -0.011880465 1.180966377 -0.007957421 -0.817471683 -0.160672992 0.553046882
217.000000 -0.013134688 -0.014764935 1.176931620 -0.008469149 -0.820290029 -0.159118831 0.549302876
218.000000 -0.013392836 -0.014956608 1.175768018 -0.008422597 -0.823252082 -0.157093763 0.545441687
219.000000 -0.015347004 -0.017365180 1.172758937 -0.008358551 -0.826202154 -0.155521423 0.541417718
220.000000 -0.014744014 -0.019369081 1.171515942 -0.007644179 -0.829041183 -0.153593034 0.537625670
221.000000 -0.016530782 -0.018152647 1.170411348 -0.006156554 -0.831770420 -0.151690975 0.533956826
222.000000 -0.018210351 -0.018437713 1.167789459 -0.004764702 -0.834129572 -0.149517000 0.530895293
223.000000 -0.019092619 -0.020568632 1.164092898 -0.004474167 -0.836305618 -0.147575378 0.528009772
224.000000 -0.021461844 -0.022620380 1.162871361 -0.004831159 -0.838913321 -0.145197526 0.524517655
225.000000 -0.023037821 -0.021441564 1.161535501 -0.004243676 -0.841827035 -0.142396435 0.520607769
226.000000 -0.024641871 -0.024802297 1.158311248 -0.004543585 -0.844469190 -0.140502676 0.516827047
227.000000 -0.025558800 -0.026486523 1.154723406 -0.004127371 -0.846863508 -0.138085842 0.513553798
228.000000 -0.026576459 -0.024633706 1.150616765 -0.003121590 -0.848824084 -0.135299414 0.511059582
229.000000 -0.027932376 -0.023907267 1.148418427 -0.003230309 -0.850751400 -0.132894084 0.508478940
230.000000 -0.029656827 -0.030131221 1.145525455 -0.004198182 -0.852780044 -0.131422520 0.505447030
231.000000 -0.030292511 -0.029465042 1.140520811 -0.003272439 -0.854509711 -0.128909916 0.503174543
232.000000 -0.034946799 -0.029525109 1.140786529 -0.002601971 -0.856736720 -0.125841245 0.500159383
233.000000 -0.035914361 -0.030022293 1.135116935 0.001082614 0.858099282 0.123154677 -0.498495072
234.000000 -0.039682090 -0.031291403 1.132706046 -0.000047302 0.859545946 0.121105768 -0.496501923
235.000000 -0.040823728 -0.035440825 1.127616525 -0.001803797 0.860507727 0.119818687 -0.495143056
236.000000 -0.041698605 -0.033302888 1.124484539 -0.003109779 0.861494005 0.117033295 -0.494086713
237.000000 -0.049543917 -0.039346099 1.116764069 -0.006199284 0.863504291 0.113404110 -0.491387248
238.000000 -0.045892686 -0.038454592 1.102090478 -0.009248689 0.863570571 0.111007318 -0.491769910
239.000000 -0.049433202 -0.043686815 1.099583626 -0.011428390 0.865059018 0.108280785 -0.489711761
240.000000 -0.053724021 -0.045569599 1.094966173 -0.013700111 0.866373539 0.104593836 -0.488128394
241.000000 -0.058132499 -0.045588195 1.093298078 -0.015996477 0.867934406 0.100159191 -0.486212045
242.000000 -0.062007368 -0.048478924 1.091139078 -0.018355891 0.869046926 0.096598320 -0.484859973
243.000000 -0.063803285 -0.052806854 1.083065510 -0.020249449 0.869527996 0.093501292 -0.484529167
244.000000 -0.067183882 -0.053083934 1.079483509 -0.021259479 0.870308161 0.089852668 -0.483774960
245.000000 -0.071013004 -0.056040153 1.075073004 -0.021139054 0.871209800 0.087159194 -0.482648760
246.000000 -0.074789882 -0.054871827 1.068297982 -0.021917082 0.872101188 0.083327517 -0.481680036
247.000000 -0.081346452 -0.055775266 1.063888311 -0.022198481 0.873397768 0.079445906 -0.479970753
248.000000 -0.080794573 -0.068339780 1.061048269 -0.023105545 0.874208272 0.077413343 -0.478782982
249.000000 -0.087510884 -0.068395689 1.056828856 -0.023911349 0.875402749 0.073679954 -0.477147162
250.000000 -0.089483470 -0.072456069 1.051314831 -0.025264380 0.876380205 0.070334353 -0.475786239
251.000000 -0.091468543 -0.072527543 1.041857958 -0.027363572 0.877411783 0.066346377 -0.474339545
252.000000 -0.096869379 -0.077080935 1.039411545 -0.028979804 0.879106343 0.063276164 -0.471517086
253.000000 -0.096974850 -0.081498764 1.031738639 -0.030922869 0.880229950 0.060272984 -0.469687313
254.000000 -0.103369057 -0.081268623 1.029022932 -0.033165842 0.881943464 0.056161676 -0.466820747
255.000000 -0.108739972 -0.084041141 1.024254084 -0.034850575 0.883405805 0.052567482 -0.464345008
256.000000 -0.108991027 -0.081899986 1.016037941 -0.037593305 0.884393156 0.048567425 -0.462684274
257.000000 -0.107908875 -0.090218008 1.008965492 -0.039889209 0.885400176 0.047104537 -0.460713059
258.000000 -0.110374391 -0.094617680 1.005000830 -0.040934578 0.886729538 0.045303494 -0.458238751
259.000000 -0.114636779 -0.096664988 0.997592866 -0.041736186 0.888134539 0.042636395 -0.455694228
260.000000 -0.122062713 -0.094654404 0.995556593 -0.042979646 0.890101016 0.038559452 -0.452090710
261.000000 -0.127029806 -0.101162732 0.995616198 -0.044712279 0.892032921 0.036670018 -0.448255986
262.000000 -0.129177064 -0.098303005 0.986718357 -0.045450546 0.893194914 0.033840273 -0.446085095
263.000000 -0.132604152 -0.097025737 0.981170177 -0.046855561 0.894991815 0.031269439 -0.442511529
264.000000 -0.137301385 -0.100570932 0.977347136 -0.048258234 0.896961391 0.028877316 -0.438517481
265.000000 -0.139454693 -0.107566774 0.972880602 -0.050182242 0.898443341 0.027984126 -0.435313910
266.000000 -0.136267841 -0.106049776 0.964555144 -0.051031571 0.899372876 0.026706237 -0.433371663
267.000000 -0.140258163 -0.121407911 0.961064875 -0.051457454 0.901145816 0.027530152 -0.429570109
268.000000 -0.147099704 -0.111144640 0.955841601 -0.053952597 0.902750790 0.023985153 -0.426092565
269.000000 -0.146583915 -0.100150906 0.944671035 -0.056713030 0.903380454 0.020286378 -0.424589097
270.000000 -0.152661771 -0.110258572 0.942222178 -0.056413975 0.904889524 0.019492846 -0.421440929
271.000000 -0.156377822 -0.115978897 0.940066159 -0.056660678 0.906388700 0.019395240 -0.418178082
272.000000 -0.154571772 -0.103881240 0.924912512 -0.057776671 0.907233238 0.015444767 -0.416354686
273.000000 -0.158749521 -0.110904798 0.916247129 -0.057683531 0.908669591 0.014366226 -0.413262337
274.000000 -0.159428746 -0.112153023 0.909194469 -0.058221344 0.909856319 0.013645540 -0.410591602
275.000000 -0.162535280 -0.107664704 0.905859530 -0.058764365 0.911370575 0.012018250 -0.407192737
276.000000 -0.165953904 -0.109946012 0.900097489 -0.059135955 0.912789345 0.010945012 -0.403978646
277.000000 -0.168849558 -0.113169685 0.895992517 -0.060291912 0.913999796 0.010052271 -0.401083708
278.000000 -0.173056602 -0.111937501 0.890010357 -0.061321165 0.915167928 0.009055722 -0.398277938
279.000000 -0.175494134 -0.110261679 0.884303451 -0.061814256 0.916106224 0.008279191 -0.396055371
280.000000 -0.176945448 -0.112967804 0.879369855 -0.061862919 0.917277634 0.008028526 -0.393332213
281.000000 -0.179075897 -0.117697872 0.871041417 -0.061979793 0.918548524 0.008157324 -0.390333951
282.000000 -0.182017028 -0.112984441 0.867544889 -0.062607840 0.920251131 0.006940838 -0.386225224
283.000000 -0.187582016 -0.113260947 0.862941623 -0.062159207 0.922153831 0.006896574 -0.381734103
284.000000 -0.190986663 -0.113810800 0.858631730 -0.061853025 0.924046636 0.007178638 -0.377174318
285.000000 -0.195221126 -0.114389420 0.850511014 -0.061519857 0.925856769 0.007548498 -0.372756720
286.000000 -0.198267907 -0.115271434 0.844278574 -0.060627908 0.927648306 0.008150859 -0.368410617
287.000000 -0.201233089 -0.111596219 0.836802661 -0.059147619 0.929462314 0.007631106 -0.364064664
288.000000 -0.205971986 -0.110078171 0.833866358 -0.057100479 0.931531310 0.008149040 -0.359057873
289.000000 -0.211101383 -0.112464279 0.827184796 -0.055047266 0.933350861 0.009100633 -0.354602695
290.000000 -0.215902358 -0.110476941 0.819864392 -0.053224605 0.935087085 0.008245286 -0.350301772
291.000000 -0.222387135 -0.107458845 0.816171765 -0.052074123 0.936994910 0.008221460 -0.345342249
292.000000 -0.227270961 -0.105669431 0.810278296 -0.050990015 0.938464582 0.009595813 -0.341455936
293.000000 -0.232631177 -0.106079780 0.802140594 -0.048928995 0.939915478 0.010350974 -0.337724239
294.000000 -0.239317656 -0.101090997 0.797366381 -0.047696214 0.941413939 0.009039679 -0.333741158
295.000000 -0.247315735 -0.102906123 0.793383598 -0.046744641 0.943006575 0.009496498 -0.329337656
296.000000 -0.255949110 -0.101327814 0.788724005 -0.046311751 0.944550335 0.009481236 -0.324946195
297.000000 -0.264263898 -0.104226083 0.784295917 -0.046080969 0.945971489 0.011328154 -0.320758700
298.000000 -0.270180017 -0.101719812 0.777807474 -0.044811476 0.947253346 0.012108310 -0.317106456
299.000000 -0.276595175 -0.099514708 0.772080660 -0.043436419 0.948591471 0.012882261 -0.313243657
300.000000 -0.285283923 -0.103721328 0.766874015 -0.041770913 0.950026810 0.015014412 -0.308996469
301.000000 -0.293252081 -0.100798443 0.763368487 -0.040037643 0.951429367 0.015505226 -0.304858476
302.000000 -0.300820887 -0.100178123 0.756301522 -0.039049596 0.952782154 0.016449207 -0.300683737
303.000000 -0.312313944 -0.102676295 0.754086018 -0.038318872 0.954335868 0.018089175 -0.295715302
304.000000 -0.317956537 -0.098749489 0.748083830 -0.039004780 0.955485582 0.019055096 -0.291826695
305.000000 -0.325730801 -0.101231113 0.742168725 -0.039533190 0.956857860 0.020339373 -0.287135005
306.000000 -0.334805399 -0.098476477 0.737280071 -0.039691307 0.958315134 0.019823927 -0.282247603
307.000000 -0.346851707 -0.099439189 0.733597517 -0.041028760 0.959687591 0.020724950 -0.277284771
308.000000 -0.350368261 -0.096724749 0.726002336 -0.041408930 0.960621893 0.021720430 -0.273896247
309.000000 -0.361128151 -0.096301749 0.723654270 -0.041458294 0.962074518 0.022863030 -0.268646806
310.000000 -0.367904902 -0.096432023 0.718390584 -0.041441772 0.963238478 0.023229299 -0.264413625
311.000000 -0.376992792 -0.100374110 0.712570786 -0.041229460 0.964464307 0.024539195 -0.259820193
312.000000 -0.383773118 -0.095048636 0.710287035 -0.040128194 0.965851903 0.024217995 -0.254820228
313.000000 -0.393554986 -0.090300933 0.708420038 -0.039667688 0.967343092 0.024252828 -0.249169856
314.000000 -0.399460256 -0.088902295 0.703713119 -0.038617130 0.968658864 0.025328599 -0.244063869
315.000000 -0.410471320 -0.088287145 0.703619838 -0.038430948 0.970173538 0.026750440 -0.237846196
316.000000 -0.416252911 -0.080494694 0.700746953 -0.039109066 0.971186757 0.027066840 -0.233525500
317.000000 -0.421478808 -0.081511572 0.696487069 -0.038363133 0.971988320 0.029707201 -0.229966193
318.000000 -0.429869473 -0.084008925 0.691085815 -0.037694912 0.972797751 0.032340124 -0.226269200
319.000000 -0.435733736 -0.077623151 0.689521074 -0.036985602 0.973647892 0.031889651 -0.222766504
320.000000 -0.442339361 -0.080800816 0.683558702 -0.035461813 0.974354982 0.033304024 -0.219694495
321.000000 -0.447331905 -0.071954980 0.680507839 -0.034556873 0.974983335 0.033273604 -0.217039645
322.000000 -0.454942286 -0.069302469 0.675864816 -0.032913957 0.975642741 0.034583550 -0.214107111
323.000000 -0.453192681 -0.070012458 0.668445110 -0.031949595 0.976014256 0.036224451 -0.212280914
324.000000 -0.462458074 -0.067147307 0.666890979 -0.031111481 0.976956367 0.036815755 -0.207925156
325.000000 -0.465925753 -0.062714189 0.659232497 -0.031225191 0.977410853 0.037984550 -0.205548331
326.000000 -0.472318172 -0.065456070 0.654503763 -0.030550003 0.978036463 0.040129464 -0.202239886
327.000000 -0.478817165 -0.062232122 0.648127913 -0.030188693 0.978476405 0.040902734 -0.199998900
328.000000 -0.486675829 -0.051692694 0.648180902 -0.029859321 0.978979170 0.040495597 -0.197656915
329.000000 -0.488111466 -0.054549079 0.638095021 -0.028692428 0.978965938 0.042705297 -0.197430149
330.000000 -0.490035594 -0.050336204 0.631440163 -0.027924130 0.979062140 0.043417718 -0.196907237
331.000000 -0.498817414 -0.050732121 0.628686666 -0.026994424 0.979467988 0.045052879 -0.194637910
332.000000 -0.498014480 -0.053317465 0.619457543 -0.026942175 0.979324222 0.047592379 -0.194764391
333.000000 -0.508333087 -0.049105041 0.611073017 -0.027187506 0.979710877 0.048034813 -0.192665622
334.000000 -0.512135923 -0.041015945 0.605388284 -0.028026201 0.979694426 0.048749797 -0.192449600
335.000000 -0.514411926 -0.043565717 0.599957585 -0.028073413 0.979529023 0.052316662 -0.192347884
336.000000 -0.518420696 -0.043710414 0.586741805 -0.028201241 0.979422867 0.054712124 -0.192203179
337.000000 -0.522863746 -0.037844703 0.578279734 -0.028510807 0.979541898 0.055728048 -0.191256985
338.000000 -0.528150320 -0.046812177 0.572235107 -0.027077783 0.979736447 0.058729898 -0.189562812
339.000000 -0.529098749 -0.050947223 0.558831632 -0.026027150 0.979783356 0.060057849 -0.189050794
340.000000 -0.532478929 -0.049024865 0.549021959 -0.026443150 0.979943275 0.060118210 -0.188142717
341.000000 -0.542204559 -0.042401966 0.543029189 -0.026800891 0.980485737 0.058846649 -0.185651392
342.000000 -0.540215671 -0.042656925 0.531902552 -0.027129605 0.980337024 0.059634089 -0.186137259
343.000000 -0.546582520 -0.044490375 0.523458838 -0.026755283 0.980437100 0.061506659 -0.185051709
344.000000 -0.555845082 -0.039386798 0.517547369 -0.026768783 0.980859995 0.061494671 -0.182798997
345.000000 -0.561340749 -0.040641505 0.508218706 -0.026195396 0.981085300 0.062010810 -0.181493938
346.000000 -0.563355625 -0.039178967 0.498501539 -0.026245052 0.981165826 0.061985254 -0.181059778
347.000000 -0.566919386 -0.034958027 0.490341902 -0.026088897 0.981255591 0.061820891 -0.180651739
348.000000 -0.572492123 -0.034756891 0.483430564 -0.025227597 0.981337965 0.062644549 -0.180041909
349.000000 -0.571339309 -0.032753900 0.470966250 -0.024564655 0.981109738 0.063801624 -0.180968598
350.000000 -0.574313521 -0.031252347 0.462432474 -0.023646226 0.981100917 0.064914264 -0.180742994
351.000000 -0.577408731 -0.028180698 0.452322721 -0.022804257 0.981094122 0.066068202 -0.180469766
352.000000 -0.578844607 -0.028016569 0.443508506 -0.021620290 0.981056511 0.067468926 -0.180301383
353.000000 -0.579603791 -0.029027365 0.433917284 -0.020867417 0.981085539 0.068568721 -0.179816738
354.000000 -0.585782111 -0.026582513 0.425848305 -0.019691402 0.981407046 0.067997374 -0.178406209
355.000000 -0.587646246 -0.026359878 0.418045759 -0.018922895 0.981593728 0.068069234 -0.177432597
356.000000 -0.589324296 -0.026613522 0.409345657 -0.017681759 0.981900752 0.067990087 -0.175885201
357.000000 -0.592798173 -0.025603864 0.401807308 -0.016796963 0.982401133 0.066986412 -0.173547253
358.000000 -0.595163763 -0.022548659 0.394859314 -0.016202882 0.982861817 0.065767050 -0.171449244
359.000000 -0.593752086 -0.019410862 0.387338400 -0.015641930 0.983103454 0.066445917 -0.169846550
360.000000 -0.597101212 -0.016050659 0.379676700 -0.014429999 0.983589649 0.067650370 -0.166633219
361.000000 -0.600702107 -0.013982061 0.371288180 -0.013535284 0.984237969 0.068154886 -0.162626490
362.000000 -0.600669444 -0.012607655 0.363867879 -0.013344323 0.984766185 0.068877153 -0.159102172
363.000000 -0.601279676 -0.012602147 0.355597615 -0.013245305 0.985259533 0.070388801 -0.155350015
364.000000 -0.602833390 -0.014131494 0.347657740 -0.013271879 0.985804617 0.071316093 -0.151417166
365.000000 -0.604267120 -0.013213357 0.338317931 -0.013622094 0.986365497 0.070296355 -0.148175314
366.000000 -0.605005801 -0.007788470 0.331729501 -0.014692354 0.986987889 0.069104880 -0.144442305
367.000000 -0.606455624 -0.006698141 0.324164510 -0.014436976 0.987524152 0.070266202 -0.140179396
368.000000 -0.605533838 -0.007248955 0.315844655 -0.014852670 0.988011181 0.071620040 -0.135955438
369.000000 -0.606771648 -0.008520454 0.308237523 -0.014981631 0.988602996 0.072284617 -0.131204560
370.000000 -0.610423505 -0.007655848 0.298870862 -0.014433807 0.989339411 0.071587294 -0.125993937
371.000000 -0.614830256 -0.007083634 0.290219605 -0.014355458 0.990147471 0.070347644 -0.120221339
372.000000 -0.616266310 -0.006666707 0.280534595 -0.013571956 0.990863562 0.068980701 -0.115095004
373.000000 -0.617356598 -0.009094905 0.272318244 -0.013199040 0.991501629 0.067388281 -0.110495128
374.000000 -0.621903777 -0.000441490 0.267297685 -0.013033379 0.992356062 0.063852102 -0.104797132
375.000000 -0.618393362 -0.001256528 0.257570088 -0.012138999 0.992675662 0.063719086 -0.101919122
376.000000 -0.624137700 -0.005588011 0.250614285 -0.010540099 0.993111312 0.063704260 -0.097778372
377.000000 -0.623893261 -0.002553686 0.241119847 -0.009104644 0.993613720 0.061006006 -0.094483361
378.000000 -0.624812841 -0.002145927 0.234604895 -0.008400039 0.994023919 0.060220119 -0.090661459
379.000000 -0.627088726 0.006554523 0.225067705 -0.009091146 0.994515240 0.058719482 -0.086074851
380.000000 -0.631314099 0.005174275 0.216713548 -0.008696243 0.994889855 0.058720317 -0.081673153
381.000000 -0.633148134 0.004308410 0.205487609 -0.008032870 0.995159566 0.058760952 -0.078358278
382.000000 -0.634586811 0.005190105 0.199132919 -0.006532335 0.995434582 0.058558665 -0.075088374
383.000000 -0.642259836 0.007838830 0.189263970 -0.006170724 0.995825887 0.057890836 -0.070294477
384.000000 -0.643211901 0.003334575 0.179504693 -0.004132850 0.996039093 0.057775848 -0.067461044
385.000000 -0.642309666 0.007230311 0.170825809 -0.003289172 0.996290445 0.056471478 -0.064849570
386.000000 -0.650733590 0.003087896 0.161744595 -0.002709572 0.996568859 0.056730904 -0.060205691
387.000000 -0.651178479 0.000930172 0.154098779 -0.001942523 0.996798396 0.055756189 -0.057274520
388.000000 -0.658734977 0.002831103 0.144467592 -0.002370953 0.997115195 0.053767469 -0.053523492
389.000000 -0.668022275 -0.003074008 0.136529446 -0.002518596 0.997317433 0.053699862 -0.049678206
390.000000 -0.663066685 0.001240273 0.127834037 -0.002137390 0.997462332 0.051397122 -0.049220420
391.000000 -0.669996679 -0.006559249 0.120701522 -0.002466777 0.997617602 0.050954405 -0.046440039
392.000000 -0.678100765 -0.007583118 0.111510232 -0.001573441 0.997798920 0.049448285 -0.044155926
393.000000 -0.683748841 -0.010921476 0.104266033 -0.001114828 0.997937202 0.048400972 -0.042159762
394.000000 -0.687370121 -0.009345492 0.096273586 0.000010767 0.998076737 0.046478957 -0.041018527
395.000000 -0.686019361 -0.014652853 0.087549970 0.000684861 0.998103142 0.045536626 -0.041424364
396.000000 -0.696225643 -0.011478180 0.082200900 0.000427161 0.998338997 0.042718261 -0.038655382
397.000000 -0.698552489 -0.008888597 0.072991908 0.000075867 0.998487115 0.040374149 -0.037329093
398.000000 -0.702826858 -0.009272584 0.064867258 -0.000390212 0.998593569 0.039423011 -0.035447951
399.000000 -0.698490560 -0.017509034 0.053132579 0.000257998 0.998583496 0.039918032 -0.035177782
400.000000 -0.713134587 -0.003736998 0.050576463 -0.001604400 0.998939753 0.035115380 -0.029726524
401.000000 -0.715565026 -0.003108265 0.042686705 -0.001979605 0.999068618 0.033338767 -0.027322467
402.000000 -0.719706297 -0.006605447 0.034570094 -0.001770905 0.999185622 0.031758796 -0.024826154
403.000000 -0.721858919 -0.010942799 0.026425485 -0.001530443 0.999309003 0.029558022 -0.022482440
404.000000 -0.726253986 -0.009646394 0.020594541 -0.002130303 0.999455869 0.026628966 -0.019347910
405.000000 -0.729247510 -0.011758921 0.012709692 -0.003428454 0.999546111 0.024633503 -0.017000584
406.000000 -0.732444882 -0.014356003 0.005828548 -0.003917575 0.999621689 0.022443855 -0.015408334
407.000000 -0.731080055 -0.010572637 0.000514481 -0.004486063 0.999699414 0.019508796 -0.014155158
408.000000 -0.733132362 -0.012658156 -0.008218661 -0.004234227 0.999737382 0.018839924 -0.012342450
409.000000 -0.735221326 -0.017250266 -0.015480584 -0.003610020 0.999770224 0.018406928 -0.010373154
410.000000 -0.735333979 -0.015017502 -0.020595089 -0.003409932 0.999838948 0.015473193 -0.008426474
411.000000 -0.735345542 -0.017981043 -0.029147644 -0.003501716 0.999875844 0.013506993 -0.007322176
412.000000 -0.740742266 -0.019111672 -0.036023386 -0.003490491 0.999907136 0.012080506 -0.005250780
413.000000 -0.738064170 -0.017257527 -0.041117620 -0.002855174 0.999928951 0.010664884 -0.004496167
414.000000 -0.740318477 -0.020045634 -0.050079621 -0.001835554 0.999941587 0.010295301 -0.002712508
415.000000 -0.737992585 -0.017050680 -0.055835150 -0.000016569 0.999961138 0.008662600 -0.001635296
416.000000 -0.744729936 -0.024753571 -0.067299828 0.001699052 0.999958158 0.008812110 0.001763105
417.000000 -0.746001899 -0.020791594 -0.072514273 0.002704721 0.999970555 0.005731108 0.004328117
418.000000 -0.746291280 -0.025048247 -0.082184382 0.002726433 0.999971747 0.003243646 0.006209773
419.000000 -0.747665703 -0.022490533 -0.089952037 0.002153382 0.999965727 -0.000231889 0.007989760
420.000000 -0.752986968 -0.028266111 -0.101498321 0.002015125 0.999950647 -0.000756297 0.009696647
421.000000 -0.748322666 -0.028085638 -0.109246954 0.001601638 0.999953508 -0.002675991 0.009125332
422.000000 -0.750897646 -0.029128071 -0.117309563 0.001694573 0.999947011 -0.004077945 0.009301431
423.000000 -0.748369992 -0.032152817 -0.126574636 0.000941759 0.999950647 -0.005371513 0.008303895
424.000000 -0.745770097 -0.026992353 -0.133792415 0.000161953 0.999931812 -0.009424021 0.006895649
425.000000 -0.743294358 -0.025280710 -0.141359761 -0.001560175 0.999919474 -0.011490082 0.005159718
426.000000 -0.749845862 -0.030084873 -0.153392375 -0.003105161 0.999924719 -0.010792304 0.004939572
427.000000 -0.742256582 -0.030521089 -0.163105354 -0.004613273 0.999925792 -0.011081907 0.002091219
428.000000 -0.741977334 -0.032863230 -0.173872188 -0.006001193 0.999919295 -0.011148719 0.001051616
429.000000 -0.741942465 -0.030864267 -0.182109788 -0.007029654 0.999904215 -0.011920784 -0.000048743
430.000000 -0.740935028 -0.038064647 -0.196435556 -0.006664094 0.999917209 -0.010944744 -0.001148942
431.000000 -0.741168439 -0.035104543 -0.203611121 -0.006557511 0.999893904 -0.012953228 -0.001157699
432.000000 -0.736732185 -0.032459907 -0.212638184 -0.006340460 0.999858081 -0.015372778 -0.002707653
433.000000 -0.731407940 -0.036918987 -0.221112862 -0.005719172 0.999856293 -0.015138082 -0.005051567
434.000000 -0.731387734 -0.038676672 -0.231989518 -0.005032261 0.999843895 -0.015968539 -0.005638068
435.000000 -0.730044067 -0.039757811 -0.242516950 -0.004684906 0.999802947 -0.018308710 -0.006070147
436.000000 -0.726350307 -0.041212972 -0.250819206 -0.005339246 0.999740481 -0.020967575 -0.007133925
437.000000 -0.721971035 -0.041501839 -0.260741591 -0.006899489 0.999686182 -0.022423934 -0.008782815
438.000000 -0.717439234 -0.044740565 -0.271276027 -0.008480411 0.999630272 -0.023868255 -0.009883193
439.000000 -0.710955977 -0.043539003 -0.280551940 -0.009470732 0.999538302 -0.026371418 -0.011747289
440.000000 -0.714508951 -0.045350187 -0.290543437 -0.011201206 0.999461830 -0.028523749 -0.011706038
441.000000 -0.712627888 -0.044365451 -0.297999173 -0.011222312 0.999371290 -0.031001674 -0.013039058
442.000000 -0.709184766 -0.040755719 -0.302682906 -0.011341980 0.999279439 -0.033141397 -0.014614137
443.000000 -0.711219311 -0.039975613 -0.315223098 -0.011694185 0.999208450 -0.034500953 -0.015979173
444.000000 -0.712525666 -0.042753704 -0.323897064 -0.011328557 0.999215841 -0.034235083 -0.016350735
445.000000 -0.709900975 -0.042061586 -0.331734359 -0.011302234 0.999218762 -0.033746347 -0.017184613
446.000000 -0.712900579 -0.044756778 -0.340778857 -0.011450019 0.999268055 -0.032561425 -0.016491372
447.000000 -0.709412694 -0.043277957 -0.348800957 -0.011500322 0.999220967 -0.033375479 -0.017644696
448.000000 -0.706813872 -0.039567590 -0.354028344 -0.011825881 0.999181569 -0.034161851 -0.018146485
449.000000 -0.708446920 -0.041248601 -0.370936483 -0.010528099 0.999187291 -0.034129266 -0.018683340
450.000000 -0.706286311 -0.040916577 -0.379376322 -0.009162115 0.999120712 -0.035963014 -0.019506821
451.000000 -0.706284702 -0.034056421 -0.384278953 -0.008685729 0.999007583 -0.038728699 -0.020211747
452.000000 -0.710498571 -0.032751065 -0.394623756 -0.008242792 0.998921335 -0.040852919 -0.020473350
453.000000 -0.711514950 -0.032506838 -0.403035462 -0.007776483 0.998842299 -0.042381715 -0.021383958
454.000000 -0.713538349 -0.036842998 -0.412719190 -0.007414979 0.998853922 -0.041801535 -0.022099515
455.000000 -0.716825366 -0.040489547 -0.422552615 -0.006820171 0.998847783 -0.042088218 -0.022026047
456.000000 -0.715186000 -0.038203806 -0.429494202 -0.006741422 0.998732865 -0.044213045 -0.023074673
457.000000 -0.720325768 -0.040012192 -0.437870175 -0.006811352 0.998677969 -0.045614276 -0.022699289
458.000000 -0.723032415 -0.039863270 -0.448149413 -0.006572918 0.998539269 -0.048617031 -0.022637770
459.000000 -0.719798863 -0.039578080 -0.455481559 -0.007236750 0.998416901 -0.050776124 -0.023089489
460.000000 -0.726456940 -0.040926427 -0.466410428 -0.007848087 0.998362064 -0.052272715 -0.021889705
461.000000 -0.727808595 -0.037582662 -0.473881751 -0.007881612 0.998182416 -0.055529043 -0.022050245
462.000000 -0.727102518 -0.037324041 -0.481297225 -0.008317387 0.998044789 -0.057668664 -0.022620110
463.000000 -0.735238969 -0.036091246 -0.495637357 -0.010241426 0.997898281 -0.059939370 -0.022392001
464.000000 -0.738626063 -0.040680300 -0.504598260 -0.010522564 0.997839570 -0.060624704 -0.023024764
465.000000 -0.738279223 -0.039026741 -0.513175488 -0.012055284 0.997687519 -0.062016092 -0.025065685
466.000000 -0.740545332 -0.042888727 -0.520673037 -0.011722247 0.997700334 -0.061677657 -0.025544863
467.000000 -0.744831741 -0.043202594 -0.535569668 -0.013137871 0.997550726 -0.062976815 -0.027457189
468.000000 -0.750637054 -0.049476676 -0.543579161 -0.011246770 0.997550070 -0.063483655 -0.027151864
469.000000 -0.753161490 -0.054241940 -0.556306183 -0.011723931 0.997443259 -0.064566128 -0.028296666
470.000000 -0.757216871 -0.053741109 -0.566045105 -0.012509734 0.997172475 -0.068322957 -0.028679470
471.000000 -0.759964406 -0.054504104 -0.576939583 -0.014631614 0.996622503 -0.074752897 -0.030683508
472.000000 -0.762409747 -0.053775638 -0.582782269 -0.015895532 0.996206164 -0.079269312 -0.032201495
473.000000 -0.768045127 -0.055526733 -0.592843533 -0.017074768 0.995988727 -0.080973484 -0.034033000
474.000000 -0.772584558 -0.059441693 -0.603470862 -0.017980753 0.995793879 -0.082517296 -0.035526764
475.000000 -0.775922298 -0.064915955 -0.613303185 -0.018159527 0.995498478 -0.085555889 -0.036513515
476.000000 -0.778743327 -0.072062537 -0.624781251 -0.019186795 0.995310187 -0.087058194 -0.037554476
477.000000 -0.778717160 -0.076598987 -0.628607333 -0.019236332 0.995222867 -0.087507315 -0.038779307
478.000000 -0.785511672 -0.078813478 -0.640390158 -0.019408504 0.995056570 -0.089622505 -0.038125243
479.000000 -0.786615968 -0.083915532 -0.646412134 -0.018187568 0.994999945 -0.090878330 -0.037222669
480.000000 -0.792210162 -0.082926266 -0.657305121 -0.019813271 0.994787216 -0.093316928 -0.036024358
481.000000 -0.795969188 -0.085247166 -0.666897535 -0.020211140 0.994673550 -0.095051050 -0.034370303
482.000000 -0.797542095 -0.084115416 -0.671341300 -0.019642558 0.994500160 -0.097397566 -0.033125993
483.000000 -0.801185608 -0.086242601 -0.680492103 -0.020107470 0.994377494 -0.099069938 -0.031532072
484.000000 -0.800795436 -0.087806642 -0.684561074 -0.019676263 0.994374096 -0.099518575 -0.030480457
485.000000 -0.799135208 -0.083994441 -0.692226350 -0.020623153 0.994178474 -0.101339474 -0.030234238
486.000000 -0.802482128 -0.091714367 -0.698094010 -0.018871753 0.994298816 -0.101209156 -0.027756780
487.000000 -0.802136600 -0.090579718 -0.703403592 -0.019236501 0.994167209 -0.102838725 -0.026187468
488.000000 -0.801711798 -0.089627288 -0.711112678 -0.018818749 0.993982375 -0.105161130 -0.024207046
489.000000 -0.803954959 -0.090615019 -0.720932543 -0.019684520 0.993855417 -0.106739916 -0.021692265
490.000000 -0.805636227 -0.093418077 -0.724751711 -0.017543316 0.994003415 -0.106426224 -0.017968668
491.000000 -0.804275572 -0.094988480 -0.732191980 -0.017810518 0.994022846 -0.106693015 -0.014766928
492.000000 -0.806134462 -0.096513122 -0.738423347 -0.017019667 0.994020700 -0.107421950 -0.009677627
493.000000 -0.804862797 -0.098519012 -0.745363951 -0.016975654 0.993984699 -0.108040504 -0.005791130
494.000000 -0.808560908 -0.096494153 -0.753355086 -0.016585497 0.993805051 -0.109887719 -0.001069642
495.000000 -0.812447727 -0.096904792 -0.762130082 -0.015819235 0.993657649 -0.111274041 0.003515649
496.000000 -0.811568260 -0.094852783 -0.766098857 -0.014419909 0.993569016 -0.112062551 0.007395901
497.000000 -0.808847427 -0.088060372 -0.770632505 -0.014801382 0.993369102 -0.113576204 0.009959521
498.000000 -0.806672215 -0.088873945 -0.777715504 -0.014303206 0.993372083 -0.113355905 0.012560670
499.000000 -0.800074100 -0.087259233 -0.784716308 -0.014810964 0.993301809 -0.113801815 0.013465118
500.000000 -0.803329825 -0.079468027 -0.792149305 -0.014393494 0.992944479 -0.116542488 0.016491698
501.000000 -0.810954392 -0.079569288 -0.803237438 -0.012843455 0.992571712 -0.119108513 0.021204730
502.000000 -0.807402849 -0.082221374 -0.812239766 -0.013905947 0.992462277 -0.119550377 0.023085767
503.000000 -0.806418002 -0.082293324 -0.822145343 -0.014433912 0.992324710 -0.120140918 0.025485143
504.000000 -0.803855240 -0.085678905 -0.830368042 -0.013149449 0.992325008 -0.119630769 0.028402092
505.000000 -0.805034816 -0.089783661 -0.837576568 -0.011685777 0.992289841 -0.119106375 0.032218043
506.000000 -0.804407477 -0.084930904 -0.844199479 -0.009860742 0.992092133 -0.119891837 0.035803817
507.000000 -0.803888023 -0.082407139 -0.854139924 -0.009206971 0.991832793 -0.121012464 0.039229590
508.000000 -0.802522242 -0.079896338 -0.862403274 -0.008683655 0.991504312 -0.122535296 0.042766288
509.000000 -0.801166773 -0.085024498 -0.869671285 -0.006412155 0.991201758 -0.123593047 0.046933789
510.000000 -0.797708511 -0.083681822 -0.875784457 -0.004985197 0.990986466 -0.124144539 0.050091486
511.000000 -0.800126016 -0.087867141 -0.888983846 -0.004356531 0.990811169 -0.124119781 0.053559072
512.000000 -0.788778841 -0.088787220 -0.895979166 -0.002353076 0.990687311 -0.124945797 0.054052766
513.000000 -0.786059618 -0.086808272 -0.905258179 -0.000883061 0.990426123 -0.126193926 0.055950239
514.000000 -0.784483433 -0.087065578 -0.918766320 0.000437591 0.990195274 -0.126976237 0.058225073
515.000000 -0.776076734 -0.086282067 -0.924967289 0.002714130 0.990070820 -0.127601564 0.058909129
516.000000 -0.768104196 -0.083327651 -0.933030009 0.003756066 0.989879191 -0.128814176 0.059430607
517.000000 -0.763542831 -0.086470395 -0.942196131 0.005087726 0.989677429 -0.129649043 0.060859792
518.000000 -0.757728934 -0.086298689 -0.949782491 0.006835829 0.989462614 -0.130883127 0.061535284
519.000000 -0.754412889 -0.083717555 -0.957376599 0.007146171 0.989202082 -0.132269755 0.062712401
520.000000 -0.754907429 -0.090127736 -0.967676222 0.008241683 0.989022553 -0.132352725 0.065185890
521.000000 -0.743084729 -0.088069454 -0.968287110 0.010366185 0.988885462 -0.133235723 0.065163590
522.000000 -0.752132535 -0.097983718 -0.982928872 0.009801980 0.988675535 -0.132455260 0.069858506
523.000000 -0.743312120 -0.092826560 -0.985700548 0.010889920 0.988626897 -0.132173598 0.070910856
524.000000 -0.745944023 -0.095904276 -0.998682737 0.011282052 0.988472164 -0.131192356 0.074726626
525.000000 -0.741911769 -0.098276407 -1.001641870 0.012282207 0.988519788 -0.129283965 0.077222764
526.000000 -0.741747499 -0.095104739 -1.010577679 0.013885777 0.988224983 -0.128946885 0.081186503
527.000000 -0.732622564 -0.097080663 -1.009965301 0.016087100 0.988408327 -0.126007751 0.083139494
528.000000 -0.731957674 -0.092509069 -1.017178178 0.018611325 0.988238633 -0.124347165 0.087038957
529.000000 -0.739450395 -0.096305549 -1.030148387 0.019718030 0.988008440 -0.122217380 0.092268437
530.000000 -0.734973729 -0.093884692 -1.037657022 0.021492980 0.987873793 -0.120360613 0.095690906
531.000000 -0.731581271 -0.090226792 -1.040230393 0.022442417 0.988001406 -0.117344975 0.097876139
532.000000 -0.726856291 -0.089024223 -1.044335842 0.023193428 0.988073885 -0.114770159 0.099999644
533.000000 -0.728972316 -0.089138523 -1.049945235 0.024811372 0.987812400 -0.113061950 0.104058020
534.000000 -0.731684148 -0.104394011 -1.037750721 0.024651660 0.988257647 -0.106757648 0.106498346
535.000000 -0.729442477 -0.085221194 -1.059853673 0.026417507 0.987433434 -0.109958880 0.110391922
536.000000 -0.726616502 -0.096949615 -1.053603053 0.027473411 0.987656593 -0.104793623 0.113128036
537.000000 -0.730210602 -0.091750912 -1.061546683 0.027215600 0.987381041 -0.103218861 0.116977729
538.000000 -0.722624838 -0.083934337 -1.061684608 0.027647352 0.987431705 -0.100561969 0.118750118
539.000000 -0.728596449 -0.088398561 -1.067569256 0.026938444 0.987257004 -0.097388417 0.122936644
540.000000 -0.726267278 -0.091006160 -1.068790317 0.027773261 0.987076402 -0.094305396 0.126551479
541.000000 -0.729706228 -0.080482870 -1.076023221 0.027910868 0.986552417 -0.093545645 0.131089896
542.000000 -0.728865802 -0.080458507 -1.078476071 0.028028794 0.986217618 -0.091166459 0.135195568
543.000000 -0.734017849 -0.073706068 -1.081371665 0.027925424 0.985545695 -0.090315066 0.140581191
544.000000 -0.730765402 -0.067378089 -1.082247734 0.029412907 0.984916151 -0.089424193 0.145183861
545.000000 -0.735670686 -0.065585226 -1.090422034 0.029220337 0.984073758 -0.087345481 0.152038530
546.000000 -0.728116870 -0.072492689 -1.078006625 0.029715521 0.983987629 -0.080834016 0.156048685
547.000000 -0.722326279 -0.070338607 -1.079364538 0.029857701 0.983458459 -0.077561922 0.160941646
548.000000 -0.749355376 -0.041840374 -1.115292072 0.028995944 0.981527090 -0.080416702 0.171163470
549.000000 -0.753670931 -0.049212813 -1.115354657 0.028631294 0.980864882 -0.076019928 0.176933065
550.000000 -0.752944767 -0.041736573 -1.121550560 0.029248377 0.979949355 -0.076393269 0.181680739
551.000000 -0.756424189 -0.030491620 -1.134617448 0.029704617 0.978758037 -0.077177256 0.187600702
552.000000 -0.760950923 -0.029918268 -1.130693555 0.032641057 0.978039920 -0.073069654 0.192440420
553.000000 -0.759700119 -0.024033301 -1.132627130 0.032263331 0.977409124 -0.071686991 0.196192294
554.000000 -0.768413901 -0.045801818 -1.148471236 0.029134724 0.976411045 -0.068293244 0.202752858
555.000000 -0.772668958 -0.028483935 -1.165361524 0.031295501 0.974883854 -0.070360415 0.208977297
556.000000 -0.769905508 -0.034539148 -1.164188862 0.030401306 0.974341094 -0.068997264 0.212071970
557.000000 -0.761593044 -0.042344350 -1.140496254 0.030878365 0.974514484 -0.063569687 0.212901294
558.000000 -0.780810595 -0.042508431 -1.165782452 0.027672749 0.973082423 -0.063417286 0.219825104
559.000000 -0.782617092 -0.014802672 -1.198355794 0.026639115 0.971575856 -0.068756506 0.224951699
560.000000 -0.800729156 -0.049346998 -1.204022765 0.023083838 0.970684171 -0.062214937 0.231016576
561.000000 -0.790272951 -0.069081813 -1.177437901 0.024162287 0.971058905 -0.055031970 0.231154189
562.000000 -0.830065608 -0.055401228 -1.273609161 0.018285489 0.967091203 -0.062716134 0.245900348
563.000000 -0.810698390 -0.066072330 -1.247991443 0.019534616 0.967612743 -0.056795958 0.245190129
564.000000 -0.776433349 -0.081622005 -1.141098738 0.026669450 0.970416188 -0.042450164 0.236176133
565.000000 -0.823931217 -0.066714421 -1.257617235 0.016646838 0.965911925 -0.053201430 0.252797693
566.000000 -0.799640596 -0.035954639 -1.222090244 0.020281844 0.966704190 -0.053100314 0.249503642
567.000000 -0.824475050 -0.048615959 -1.260851383 0.015658539 0.964636743 -0.052410338 0.257844776
568.000000 -0.809337258 -0.033766478 -1.239830256 0.019374784 0.964719951 -0.049966242 0.257766277
569.000000 -0.798033893 -0.007614151 -1.224279761 0.021587705 0.964623451 -0.050548360 0.257837951
570.000000 -0.826309323 -0.046011738 -1.264561415 0.019833190 0.962042451 -0.043690789 0.268648684
571.000000 -0.803820968 -0.027618870 -1.231177330 0.021581296 0.962866902 -0.042573482 0.265723646
572.000000 -0.802543879 -0.020079561 -1.238955736 0.023389788 0.961556137 -0.041572955 0.270433605
573.000000 -0.809713721 -0.012120415 -1.245934725 0.025224287 0.960009933 -0.039797571 0.275972396
574.000000 -0.809372604 -0.012315392 -1.247867107 0.025426708 0.958952487 -0.037380584 0.279939920
575.000000 -0.808637202 -0.011168383 -1.251867056 0.024994548 0.957913399 -0.035463136 0.283759892
576.000000 -0.806751490 -0.005652506 -1.251328945 0.026317088 0.956790805 -0.032849770 0.287714601
577.000000 -0.804782748 -0.005717151 -1.253532767 0.027058804 0.955605149 -0.029458310 0.291922659
578.000000 -0.805824757 0.004654624 -1.258249283 0.027336976 0.954218268 -0.028166302 0.296524614
579.000000 -0.811245620 0.002401948 -1.269264579 0.026708284 0.952587008 -0.024855280 0.302070946
580.000000 -0.804407001 0.006111220 -1.260176897 0.024735563 0.952036500 -0.023633998 0.304065883
581.000000 -0.804767489 0.006207403 -1.261621952 0.023277294 0.950721025 -0.021306496 0.308437616
582.000000 -0.803890944 0.002760002 -1.269943595 0.022418799 0.949148595 -0.018591795 0.313478291
583.000000 -0.805849016 0.009208044 -1.273370624 0.021280929 0.947821259 -0.017753871 0.317595214
584.000000 -0.806133509 0.011210391 -1.273211718 0.020457879 0.946691513 -0.014726667 0.321153909
585.000000 -0.803686202 0.010784635 -1.278167486 0.019541498 0.945308864 -0.011804440 0.325376511
586.000000 -0.802685857 0.009891586 -1.277955413 0.019460401 0.944074690 -0.008872373 0.329037368
587.000000 -0.798969865 0.009592051 -1.278678298 0.018945105 0.942792833 -0.006165944 0.332783282
588.000000 -0.803285837 0.009810241 -1.278629899 0.017986689 0.941460311 -0.003820476 0.336622089
589.000000 -0.802901030 0.013590667 -1.276500702 0.017718568 0.940298915 -0.002408283 0.339879602
590.000000 -0.801345646 0.015421245 -1.276191473 0.017555358 0.939161301 -0.000159641 0.343027532
591.000000 -0.800260901 0.010853708 -1.274263024 0.016653428 0.938025892 0.003691633 0.346145183
592.000000 -0.803104997 0.020628247 -1.281270742 0.017082388 0.936494827 0.004709667 0.350233406
593.000000 -0.804073453 0.024762591 -1.285701275 0.017235253 0.935052454 0.006124220 0.354037255
594.000000 -0.798634648 0.028373359 -1.276377439 0.016780041 0.934561372 0.007312010 0.355330884
595.000000 -0.799460590 0.026976515 -1.279186606 0.016633091 0.933301032 0.010315656 0.358561158
596.000000 -0.804709554 0.028011646 -1.285267115 0.016947845 0.931801021 0.012095738 0.362371743
597.000000 -0.806002140 0.032017052 -1.289184928 0.017313091 0.930420339 0.013350431 0.365841597
598.000000 -0.801316023 0.042446680 -1.283016562 0.017751556 0.929617345 0.013013258 0.367868304
599.000000 -0.803985178 0.035327457 -1.290531874 0.017517911 0.927847981 0.016294148 0.372190505
600.000000 -0.798424125 0.039759975 -1.280008912 0.017658679 0.927263439 0.016785974 0.373615950
601.000000 -0.799762726 0.049917866 -1.279862046 0.018202364 0.925950468 0.017523851 0.376798809
602.000000 -0.798691750 0.049246714 -1.275555491 0.017728765 0.924865186 0.020121144 0.379348427
603.000000 -0.804080427 0.052659929 -1.292923808 0.018661967 0.922315001 0.023116989 0.385295212
604.000000 -0.800057530 0.046793073 -1.270914555 0.017049465 0.922126770 0.023980150 0.385767430
605.000000 -0.807806611 0.048939865 -1.284093022 0.017038887 0.919696629 0.025330301 0.391441166
606.000000 -0.798228383 0.060524229 -1.289254189 0.018232763 0.918149889 0.024962988 0.395025641
607.000000 -0.796801925 0.061134979 -1.282191634 0.017139738 0.917315245 0.025007609 0.397005767
608.000000 -0.802409530 0.057523001 -1.291141629 0.017347900 0.915370584 0.027791120 0.401277184
609.000000 -0.800046206 0.052109331 -1.294140220 0.016056702 0.913900673 0.030287193 0.404487908
610.000000 -0.797579408 0.062799402 -1.283643246 0.016839694 0.913169146 0.029866565 0.406136066
611.000000 -0.794758022 0.065390170 -1.290774465 0.016707081 0.911215842 0.030932030 0.410426319
612.000000 -0.793662906 0.062330142 -1.288833141 0.016688405 0.909820139 0.031954207 0.413434058
613.000000 -0.794739544 0.054852247 -1.287530541 0.017968340 0.908122718 0.033243854 0.416995376
614.000000 -0.795273542 0.068441272 -1.283455968 0.020803884 0.906124830 0.031670578 0.421309859
615.000000 -0.801854014 0.070121743 -1.297359943 0.021750854 0.902723551 0.034719575 0.428265870
616.000000 -0.792980552 0.079040393 -1.288820982 0.021122383 0.901599705 0.034513492 0.430674613
617.000000 -0.800250351 0.072592355 -1.300809145 0.021760046 0.898756802 0.038648840 0.436198324
618.000000 -0.789094925 0.076894388 -1.285293579 0.019829411 0.898227274 0.039797477 0.437276423
619.000000 -0.789300084 0.075546734 -1.296263337 0.019124866 0.895221412 0.042502057 0.443177700
620.000000 -0.786177337 0.066249706 -1.290417194 0.018097989 0.893536866 0.044318225 0.446430504
621.000000 -0.783166170 0.066735908 -1.290193319 0.017590290 0.891721964 0.044480085 0.450048953
622.000000 -0.780631542 0.067999028 -1.292127132 0.017030654 0.890000582 0.044812802 0.453432173
623.000000 -0.779025316 0.071285248 -1.293622613 0.016357424 0.888209939 0.044981044 0.456937909
624.000000 -0.774297833 0.068501554 -1.291444659 0.015050251 0.886896014 0.046140291 0.459412724
625.000000 -0.769783139 0.072533667 -1.293962836 0.014973550 0.884989083 0.045511231 0.463140219
626.000000 -0.764608204 0.074748009 -1.291689157 0.015372370 0.883215249 0.045490291 0.466503114
627.000000 -0.760297537 0.072678365 -1.291987300 0.015479285 0.881402433 0.046860505 0.469781041
628.000000 -0.755171776 0.066840552 -1.293543220 0.014937360 0.879552066 0.047728762 0.473166913
629.000000 -0.752421141 0.067632593 -1.294783711 0.015382723 0.877825439 0.046491254 0.476470858
630.000000 -0.746479273 0.067553878 -1.291186452 0.014881839 0.876642168 0.046008438 0.478706896
631.000000 -0.740475476 0.072475776 -1.294574022 0.014492330 0.874685943 0.045188434 0.482361406
632.000000 -0.735860944 0.061092518 -1.290901423 0.013120671 0.873046219 0.046372585 0.485250145
633.000000 -0.728135586 0.064890698 -1.287699103 0.013573117 0.871437252 0.044664223 0.488280624
634.000000 -0.721994162 0.068508931 -1.289745450 0.014658666 0.869151413 0.043537147 0.492407858
635.000000 -0.717358112 0.066872835 -1.291035652 0.015109872 0.866916060 0.043135989 0.496354222
636.000000 -0.709165812 0.061045311 -1.285894036 0.014406546 0.865467489 0.043029498 0.498905748
637.000000 -0.703177035 0.071911767 -1.286884189 0.015464283 0.863477886 0.040357236 0.502531648
638.000000 -0.696244419 0.067883186 -1.287713528 0.014971169 0.861598611 0.041044846 0.505706608
639.000000 -0.687983572 0.066910319 -1.285400391 0.014715347 0.860021770 0.040474087 0.508436799
640.000000 -0.678123236 0.068026222 -1.281734705 0.014500998 0.858764827 0.039335981 0.510651886
641.000000 -0.673021138 0.070820525 -1.281374812 0.015001204 0.857024431 0.038109321 0.513645589
642.000000 -0.663672209 0.067264006 -1.280693769 0.014428302 0.855718434 0.038410984 0.515812457
643.000000 -0.655639231 0.069143482 -1.278779149 0.014744151 0.854481220 0.037516434 0.517916024
644.000000 -0.649013102 0.069984913 -1.276657939 0.015138614 0.853308618 0.037454467 0.519838929
645.000000 -0.638557017 0.070012212 -1.274695635 0.014859686 0.852176905 0.038149431 0.521649718
646.000000 -0.629705369 0.067204423 -1.270385504 0.014552448 0.851367414 0.038238075 0.522971988
647.000000 -0.623517692 0.072050110 -1.268475890 0.015129268 0.850184262 0.037008673 0.524964988
648.000000 -0.613044679 0.076678522 -1.267801762 0.015092670 0.849098384 0.036410436 0.526762247
649.000000 -0.606069446 0.074943937 -1.268315673 0.014521891 0.847951293 0.037074793 0.528576553
650.000000 -0.596773326 0.072503060 -1.262981653 0.013349253 0.847651482 0.036854886 0.529103458
651.000000 -0.590225458 0.067661807 -1.263530493 0.012316344 0.846669376 0.037569571 0.530648470
652.000000 -0.584268928 0.071054257 -1.263794184 0.011695942 0.845887482 0.036694434 0.531969070
653.000000 -0.564219415 0.071398996 -1.256007791 0.011327341 0.846376240 0.036676139 0.531200290
654.000000 -0.559222639 0.074372135 -1.261821628 0.012222910 0.845437527 0.036830619 0.532662570
655.000000 -0.547868907 0.074153952 -1.254998088 0.011348389 0.845933557 0.036653612 0.531906128
656.000000 -0.541758060 0.067535728 -1.251707673 0.011571629 0.845964849 0.038224086 0.531741083
657.000000 -0.533917129 0.071107991 -1.251203537 0.011727646 0.845377982 0.037897162 0.532693446
658.000000 -0.524787664 0.069818236 -1.247014046 0.010991490 0.845162332 0.038093124 0.533037245
659.000000 -0.517414153 0.070983291 -1.245074034 0.011950953 0.844720602 0.038553447 0.533683360
660.000000 -0.506861687 0.074618913 -1.238781571 0.012159416 0.845118880 0.038264107 0.533068538
661.000000 -0.501625776 0.069686972 -1.241478086 0.011730568 0.844255030 0.040183026 0.534304440
662.000000 -0.492044389 0.082029074 -1.240098357 0.011302138 0.844487846 0.037889577 0.534113169
663.000000 -0.483498454 0.082638554 -1.235853553 0.011107568 0.845217586 0.039270490 0.532861829
664.000000 -0.476994395 0.082572415 -1.233337402 0.009403296 0.845670402 0.041043080 0.532041907
665.000000 -0.469923854 0.082094170 -1.230449557 0.007591549 0.845927596 0.043105349 0.531498551
666.000000 -0.462103158 0.086959213 -1.231458306 0.006768025 0.845549643 0.044276673 0.532014668
667.000000 -0.454917431 0.092874631 -1.232472181 0.005241205 0.845140815 0.044781514 0.532638848
668.000000 -0.451659799 0.088448711 -1.233269095 0.003038889 0.844637275 0.047209173 0.533244729
669.000000 -0.441668630 0.095575094 -1.231786370 -0.000001601 0.844860613 0.047486048 0.532874882
670.000000 -0.432421863 0.091380119 -1.229124427 -0.002800877 0.845265210 0.049174920 0.532072246
671.000000 -0.425812602 0.096603222 -1.233518720 -0.004368790 0.844877541 0.049482130 0.532648265
672.000000 -0.419434786 0.091512367 -1.231918812 -0.006740728 0.844751596 0.052912276 0.532493711
673.000000 -0.412130713 0.090609297 -1.231818557 -0.008157685 0.844530344 0.055026751 0.532610595
674.000000 -0.401138663 0.093692914 -1.232547522 -0.008274589 0.844390810 0.055294223 0.532802224
675.000000 -0.390801251 0.104602009 -1.233509302 -0.007830466 0.844141245 0.054687556 0.533266842
676.000000 -0.385275424 0.102742791 -1.243925929 -0.008582221 0.842757165 0.056784887 0.535221696
677.000000 -0.374290317 0.098721199 -1.240294456 -0.009626863 0.842785478 0.058388676 0.534986734
678.000000 -0.365431786 0.099568889 -1.237446189 -0.010311062 0.842283368 0.059468746 0.535645366
679.000000 -0.362199128 0.106490657 -1.256487608 -0.008327343 0.839132011 0.060260169 0.540515304
680.000000 -0.348483682 0.124464512 -1.264448047 -0.004670544 0.837460876 0.057786420 0.543413460
681.000000 -0.344730765 0.114806786 -1.267390013 -0.004068766 0.835312843 0.060329184 0.546439648
682.000000 -0.332148671 0.124952830 -1.271463037 -0.002313129 0.833901286 0.059248429 0.548719347
683.000000 -0.324269742 0.119825542 -1.275880218 -0.001252534 0.832647681 0.060667891 0.550468683
684.000000 -0.312669098 0.120501190 -1.272134304 -0.000631435 0.833008170 0.061534997 0.549827576
685.000000 -0.309668779 0.118702948 -1.281992793 -0.001579819 0.832051277 0.064281918 0.550959110
686.000000 -0.300193846 0.118457943 -1.284088016 -0.003184815 0.832520902 0.065963857 0.550043285
687.000000 -0.288984597 0.122719720 -1.291024685 -0.004171307 0.832839429 0.067030735 0.549425185
688.000000 -0.278363436 0.128350109 -1.303346276 -0.004870994 0.832682967 0.068414561 0.549485922
689.000000 -0.268858433 0.123785116 -1.307697773 -0.005895845 0.833186269 0.071247384 0.548351765
690.000000 -0.259308100 0.126250595 -1.319558024 -0.006352828 0.832842827 0.070511147 0.548963308
691.000000 -0.248669446 0.119526342 -1.322299123 -0.007532560 0.833653986 0.070635468 0.547699809
692.000000 -0.238300145 0.132279664 -1.328936934 -0.007573732 0.834390402 0.067390785 0.546986043
693.000000 -0.233202994 0.133427709 -1.339710355 -0.008221811 0.834384143 0.067642868 0.546955168
694.000000 -0.221124709 0.125343546 -1.341502428 -0.010066670 0.835043550 0.070009187 0.545618594
695.000000 -0.210955054 0.138108388 -1.349683166 -0.010571320 0.834996462 0.068599865 0.545860112
696.000000 -0.193370730 0.132515624 -1.367224455 -0.011948584 0.834704399 0.071011752 0.545969963
697.000000 -0.184865505 0.137220323 -1.367154121 -0.011428605 0.835989535 0.070425019 0.544087529
698.000000 -0.174831331 0.145193413 -1.385363340 -0.012185082 0.836078703 0.072758771 0.543626904
699.000000 -0.165786624 0.148346484 -1.393634677 -0.012227514 0.836313486 0.073861383 0.543115795
700.000000 -0.160704136 0.154220760 -1.399433017 -0.012247683 0.836408198 0.074790485 0.542842150
701.000000 -0.154229879 0.153707296 -1.400676847 -0.013826602 0.836731315 0.077516526 0.541923106
702.000000 -0.146091670 0.160523966 -1.409993410 -0.013608363 0.836430490 0.079496771 0.542106152
703.000000 -0.134077549 0.149834067 -1.402576447 -0.014865143 0.838185847 0.083469309 0.538754582
704.000000 -0.132889032 0.154947549 -1.414541245 -0.014530270 0.837689459 0.085215934 0.539261997
705.000000 -0.124365002 0.140657365 -1.402080178 -0.017831901 0.840034306 0.090131745 0.534696817
706.000000 -0.117839813 0.154474139 -1.418450236 -0.018136708 0.839234710 0.088893071 0.536147475
707.000000 -0.109871775 0.153500617 -1.424025774 -0.017616739 0.839272559 0.089975417 0.535925090
708.000000 -0.100819975 0.158716559 -1.424925804 -0.017284410 0.840108037 0.089288794 0.534740448
709.000000 -0.097450763 0.159838349 -1.435065508 -0.017823244 0.839708924 0.091131210 0.535038710
710.000000 -0.088998914 0.156543791 -1.436768651 -0.018055603 0.840530813 0.093236171 0.533375084
711.000000 -0.081311792 0.161478907 -1.436916709 -0.017681124 0.841950774 0.092785798 0.531222343
712.000000 -0.075514615 0.157155186 -1.438939095 -0.019676598 0.842920244 0.094925605 0.529232979
713.000000 -0.065248072 0.155823171 -1.437032223 -0.022001592 0.844604552 0.095891990 0.526273489
714.000000 -0.056310952 0.152024448 -1.433030725 -0.023945194 0.846647143 0.096460618 0.522791266
715.000000 -0.048831522 0.163473129 -1.445377946 -0.022063192 0.847187221 0.094120942 0.522425413
716.000000 -0.042462409 0.169898659 -1.449742794 -0.021174291 0.848839223 0.092122003 0.520132005
717.000000 -0.028996885 0.164840728 -1.445321918 -0.021664511 0.851396739 0.092911407 0.515772879
718.000000 -0.023622274 0.160388947 -1.431294203 -0.023463942 0.854727030 0.093041241 0.510131836
719.000000 -0.014847457 0.170552880 -1.441825628 -0.022397470 0.855271935 0.093323305 0.509214222
720.000000 -0.006021440 0.169369325 -1.448882103 -0.021905484 0.856129527 0.095381476 0.507409871
721.000000 0.002388418 0.173003510 -1.445664048 -0.021470681 0.858494282 0.094235808 0.503633022
722.000000 0.011534154 0.173147440 -1.439979076 -0.021033701 0.860833645 0.094230786 0.499643475
723.000000 0.024746656 0.169770718 -1.433293343 -0.021164462 0.863216758 0.095105320 0.495342165
724.000000 0.030670464 0.171690792 -1.432511687 -0.021223046 0.864597201 0.094887242 0.492968172
725.000000 0.030465961 0.178224087 -1.448467016 -0.019887254 0.863830805 0.095773950 0.494194508
726.000000 0.052334130 0.165932342 -1.427059650 -0.022394916 0.867885113 0.098545015 0.486377150
727.000000 0.059257150 0.162295476 -1.427144051 -0.021533730 0.869182229 0.099604338 0.483877629
728.000000 0.075696766 0.158451915 -1.412991762 -0.021270253 0.872537315 0.100230068 0.477682114
729.000000 0.067456961 0.179621279 -1.434543014 -0.017807718 0.871394575 0.099045664 0.480150312
730.000000 0.073845327 0.188289791 -1.436229944 -0.015859082 0.872680902 0.099901691 0.477698863
731.000000 0.098065138 0.167608336 -1.411947370 -0.017929811 0.877397001 0.104015529 0.468010426
732.000000 0.108594835 0.161786973 -1.399979353 -0.017448306 0.880498409 0.106150977 0.461681783
733.000000 0.117500305 0.164496467 -1.406080246 -0.016859809 0.881784320 0.106741928 0.459105968
734.000000 0.116981387 0.182186216 -1.406368017 -0.014726657 0.883580923 0.103655897 0.456424505
735.000000 0.138034403 0.171548128 -1.390333533 -0.015858902 0.887221634 0.105963677 0.448729336
736.000000 0.138248026 0.174561694 -1.398121834 -0.015335546 0.887827635 0.106825732 0.447342306
737.000000 0.146632135 0.169249058 -1.392373323 -0.016642774 0.890120327 0.108481489 0.442312747
738.000000 0.161635518 0.165601045 -1.377703905 -0.017624354 0.893628657 0.109044775 0.435001671
739.000000 0.158758819 0.183606029 -1.385175943 -0.015661933 0.894172728 0.107678190 0.434298515
740.000000 0.160641313 0.189729780 -1.387805700 -0.016759165 0.895094573 0.109480128 0.431901485
741.000000 0.187673211 0.171793193 -1.365788460 -0.020235023 0.899022520 0.113986142 0.422322422
742.000000 0.206578612 0.160980642 -1.357659817 -0.022464847 0.901126564 0.117857486 0.416624367
743.000000 0.196737647 0.186554313 -1.368997335 -0.021322362 0.901131749 0.113473684 0.417888284
744.000000 0.215386987 0.159277454 -1.344159365 -0.026585586 0.904306471 0.118842915 0.409144670
745.000000 0.218126655 0.164262369 -1.350430846 -0.026064953 0.904465318 0.116238214 0.409575135
746.000000 0.213822722 0.172341317 -1.351861477 -0.025315976 0.904488146 0.113648966 0.410297692
747.000000 0.229053140 0.178789303 -1.346825361 -0.027729234 0.905917645 0.114468910 0.406744629
748.000000 0.235837877 0.172776535 -1.341587543 -0.028804224 0.906933606 0.115610816 0.404074192
749.000000 0.235943615 0.179269999 -1.347470760 -0.028092204 0.906793475 0.114311837 0.404807627
750.000000 0.251093924 0.169557035 -1.330783606 -0.030029658 0.909182310 0.115191564 0.399019510
751.000000 0.229802668 0.179590344 -1.352164030 -0.027629610 0.907055438 0.112884410 0.404653102
752.000000 0.232746780 0.186473101 -1.347619176 -0.025946476 0.908715129 0.110239267 0.401759803
753.000000 0.249568224 0.179259345 -1.339458823 -0.026307104 0.911112249 0.111134410 0.396019548
754.000000 0.253914952 0.176498353 -1.337321520 -0.025315508 0.912556589 0.111462951 0.392651975
755.000000 0.257183492 0.178174838 -1.334711313 -0.024314051 0.914159298 0.111844011 0.388860583
756.000000 0.269205928 0.169205114 -1.323621631 -0.024900258 0.916408181 0.116550595 0.382088959
757.000000 0.262746811 0.183979332 -1.344022870 -0.023979086 0.916057289 0.117136255 0.382809460
758.000000 0.272669792 0.167671204 -1.322410822 -0.027969079 0.919654906 0.121895052 0.372282356
759.000000 0.267481804 0.180955619 -1.337183356 -0.026084390 0.919748068 0.122258835 0.372069627
760.000000 0.262866616 0.171203345 -1.321287870 -0.027708370 0.921869159 0.126500770 0.365221918
761.000000 0.266414881 0.183226913 -1.311625600 -0.026526155 0.924424112 0.126386866 0.358835250
762.000000 0.264222771 0.192642629 -1.324422002 -0.022970827 0.924881101 0.127687365 0.357439876
763.000000 0.266456038 0.197527468 -1.332963705 -0.020593261 0.925777853 0.130080178 0.354387403
764.000000 0.275363415 0.193166733 -1.329188585 -0.020156471 0.927514851 0.134703979 0.348087192
765.000000 0.289141059 0.181580052 -1.318181515 -0.021482904 0.930161357 0.138931796 0.339169979
766.000000 0.288410962 0.193775013 -1.332406044 -0.018651381 0.930783153 0.138363957 0.337861300
767.000000 0.364944845 0.172142982 -1.284429669 -0.019200688 0.938144147 0.142655119 0.314906925
768.000000 0.372410297 0.173549816 -1.283739567 -0.018253893 0.939560175 0.143607348 0.310274661
769.000000 0.379474789 0.170672864 -1.283300281 -0.016471276 0.940557837 0.144850567 0.306753933
770.000000 0.384485364 0.172835946 -1.283879280 -0.013484108 0.941132963 0.145306364 0.304914713
771.000000 0.390106261 0.171139061 -1.283280969 -0.011082536 0.941379488 0.147940338 0.302977771
772.000000 0.395609736 0.174319550 -1.285396099 -0.008782134 0.941320956 0.148491144 0.302965641
773.000000 0.403447658 0.170976654 -1.283354282 -0.007850517 0.941430926 0.149724901 0.302040815
774.000000 0.406576395 0.169917777 -1.285906315 -0.007598521 0.941040218 0.150169417 0.303042471
775.000000 0.413966954 0.170581132 -1.284472704 -0.008417884 0.941230059 0.148465976 0.303270459
776.000000 0.416203052 0.173026502 -1.287012815 -0.009630508 0.940769553 0.147229984 0.305259317
777.000000 0.420350850 0.171485484 -1.290803432 -0.012045810 0.940399826 0.146290123 0.306760937
778.000000 0.425426960 0.166889459 -1.291755557 -0.013754684 0.940252542 0.143960267 0.308239192
779.000000 0.427748919 0.168352500 -1.293330669 -0.014460197 0.939992666 0.138976887 0.311271816
780.000000 0.431196690 0.166119501 -1.294768214 -0.016361829 0.939481854 0.135153383 0.314387828
781.000000 0.433633000 0.166931495 -1.296998620 -0.018495461 0.938924491 0.130411983 0.317917407
782.000000 0.436308682 0.163921461 -1.298416734 -0.020040555 0.938627005 0.127177477 0.320005655
783.000000 0.438496441 0.167773381 -1.298415184 -0.020154905 0.938669443 0.123075977 0.321474254
784.000000 0.440309763 0.167072088 -1.300723076 -0.020112965 0.938063443 0.122432321 0.323485315
785.000000 0.442438960 0.166018844 -1.301450729 -0.020430425 0.937724710 0.121586986 0.324763834
786.000000 0.447063893 0.163281932 -1.300694704 -0.019811487 0.937600732 0.120037854 0.325734973
787.000000 0.448273838 0.164447650 -1.302606821 -0.018712077 0.937391579 0.117479213 0.327330917
788.000000 0.450230658 0.160174429 -1.304864645 -0.018413432 0.937138021 0.115767844 0.328680784
789.000000 0.456118822 0.154463351 -1.302074194 -0.017981501 0.937771738 0.112300299 0.328099728
790.000000 0.458016455 0.154212072 -1.303834677 -0.016022855 0.938009262 0.107987851 0.328968853
791.000000 0.460958749 0.152782291 -1.302932262 -0.014634798 0.938170195 0.105228059 0.329468578
792.000000 0.466245294 0.144469500 -1.300585270 -0.014162479 0.938127220 0.103907466 0.330030352
793.000000 0.465404391 0.148276627 -1.304864287 -0.012367176 0.937513530 0.098761469 0.333408982
794.000000 0.468550980 0.146875903 -1.302425385 -0.010980476 0.937548876 0.094361246 0.334630430
795.000000 0.477252930 0.136393234 -1.295906901 -0.011957356 0.937963545 0.091480844 0.334234387
796.000000 0.474115133 0.134606123 -1.301329494 -0.010337219 0.936842024 0.085462220 0.338993162
797.000000 0.473855138 0.135366440 -1.301022887 -0.009775851 0.936378181 0.077673830 0.342150688
798.000000 0.472662359 0.136652216 -1.305037022 -0.009746428 0.935455739 0.071979448 0.345899671
799.000000 0.477577060 0.132477984 -1.302151918 -0.009900590 0.935071945 0.069031827 0.347529858
800.000000 0.485452652 0.119186461 -1.295048475 -0.011594503 0.934651852 0.069526173 0.348507643
801.000000 0.480759114 0.133782819 -1.300265551 -0.008873805 0.932885528 0.064181298 0.354297370
802.000000 0.488489568 0.130475461 -1.296019793 -0.008441455 0.932070315 0.062859260 0.356682450
803.000000 0.488834620 0.126182899 -1.298055649 -0.008432313 0.930196762 0.062185585 0.361657083
804.000000 0.498737782 0.123928860 -1.287368059 -0.008342287 0.930088520 0.060021371 0.362302542
805.000000 0.496000260 0.123707846 -1.292772055 -0.007442602 0.927815318 0.058662724 0.368323296
806.000000 0.494785279 0.125813693 -1.292670250 -0.007341873 0.926145554 0.057395350 0.372701377
807.000000 0.503096104 0.122996099 -1.290369511 -0.008508860 0.925139546 0.057040833 0.375220895
808.000000 0.505296469 0.125281245 -1.287002563 -0.007965970 0.923975348 0.055684306 0.378292650
809.000000 0.506773591 0.125945583 -1.283945203 -0.009198574 0.922586620 0.053869102 0.381899834
810.000000 0.512653410 0.112742543 -1.284118056 -0.011345026 0.920712233 0.056710914 0.385932773
811.000000 0.520874619 0.123205431 -1.273656130 -0.010523491 0.919919968 0.054668911 0.388133764
812.000000 0.515533805 0.124359697 -1.278691769 -0.011695060 0.916984320 0.054612912 0.394994199
813.000000 0.525148630 0.127866954 -1.269573212 -0.012033748 0.916138351 0.054848339 0.396909773
814.000000 0.526099801 0.123618297 -1.268484831 -0.012938036 0.913818061 0.058166038 0.401728570
815.000000 0.524106026 0.127354920 -1.269391775 -0.013291759 0.911307573 0.059232071 0.407226413
816.000000 0.531014919 0.127963260 -1.261080503 -0.014032554 0.910089493 0.060739089 0.409696102
817.000000 0.528536677 0.120031074 -1.265261650 -0.016127627 0.907098114 0.064855605 0.415579945
818.000000 0.516929626 0.123856932 -1.269154906 -0.016069273 0.903622866 0.066187099 0.422879100
819.000000 0.520694017 0.130587623 -1.261889696 -0.016636055 0.902258694 0.066486180 0.425713599
820.000000 0.533698440 0.122041568 -1.247691631 -0.018788584 0.902073741 0.070280693 0.425406307
821.000000 0.532404900 0.120632835 -1.252703786 -0.018658930 0.899133265 0.073710516 0.431019664
822.000000 0.535354555 0.121886536 -1.243517399 -0.019719588 0.897919178 0.076264679 0.433054298
823.000000 0.524753332 0.127105370 -1.252188921 -0.020150699 0.894202888 0.078406982 0.440281183
824.000000 0.530763268 0.129446805 -1.239151955 -0.021733675 0.893874943 0.080562085 0.440482616
825.000000 0.527677536 0.134069890 -1.241828918 -0.023018759 0.891452670 0.082407989 0.444961995
826.000000 0.524788022 0.132663444 -1.241786122 -0.025126822 0.889282584 0.085064530 0.448674947
827.000000 0.530788481 0.130801380 -1.231070995 -0.026655350 0.889000118 0.088331640 0.448515058
828.000000 0.529458523 0.132140279 -1.230235338 -0.028852183 0.887375474 0.090364613 0.451183468
829.000000 0.519349873 0.134975612 -1.238335967 -0.029106030 0.884301841 0.092126966 0.456810415
830.000000 0.516272128 0.141501829 -1.232708693 -0.031670846 0.881883681 0.092096180 0.461298615
831.000000 0.522650659 0.131717294 -1.224062920 -0.033283520 0.881508470 0.095005073 0.461312324
832.000000 0.517402053 0.137969226 -1.222316623 -0.034653936 0.879756451 0.093607754 0.464828223
833.000000 0.516766071 0.136830449 -1.217007875 -0.035403360 0.878166199 0.094679438 0.467553765
834.000000 0.504665136 0.134960204 -1.225559473 -0.035555068 0.874125421 0.095636278 0.474862337
835.000000 0.517070770 0.131333277 -1.211077213 -0.037015770 0.874066412 0.096609838 0.474662274
836.000000 0.511307836 0.142682672 -1.210906744 -0.036726952 0.871618867 0.094903968 0.479504883
837.000000 0.505742311 0.134373426 -1.211296797 -0.039813533 0.869052291 0.097217478 0.483437449
838.000000 0.507328212 0.137088239 -1.204777002 -0.041783404 0.868244052 0.096901834 0.484784871
839.000000 0.498512566 0.136940211 -1.207374811 -0.043285541 0.865748584 0.097841293 0.488909870
840.000000 0.496077716 0.140697330 -1.202975988 -0.045917049 0.864416838 0.098651588 0.490859479
841.000000 0.489327371 0.144731447 -1.203525305 -0.049241144 0.861934066 0.099950157 0.494626045
842.000000 0.484638989 0.144057393 -1.199724674 -0.052007828 0.859836340 0.101789050 0.497609943
843.000000 0.478186071 0.144241184 -1.202290058 -0.052966926 0.856592238 0.103598617 0.502704263
844.000000 0.476247996 0.149550050 -1.202872157 -0.054742388 0.854106367 0.103971533 0.506651342
845.000000 0.475592792 0.140108764 -1.193848491 -0.057246573 0.852108121 0.107530639 0.508991063
846.000000 0.473739862 0.139500663 -1.189318419 -0.058446117 0.849767268 0.108243234 0.512604296
847.000000 0.466797799 0.147283062 -1.197175860 -0.057413209 0.845655501 0.106367290 0.519861996
848.000000 0.466777802 0.144964740 -1.191695929 -0.056762762 0.842984438 0.106882080 0.524148345
849.000000 0.457676023 0.144105047 -1.192059278 -0.056862958 0.838668168 0.105980061 0.531197309
850.000000 0.462533087 0.153580308 -1.185488939 -0.055081647 0.836024940 0.102960527 0.536122501
851.000000 0.456887186 0.145466119 -1.187078834 -0.057386704 0.831398249 0.103134811 0.542998075
852.000000 0.459590763 0.145267844 -1.178794861 -0.058438022 0.828795910 0.102406576 0.546987355
853.000000 0.455394745 0.157710865 -1.179716468 -0.058239061 0.824889004 0.099037312 0.553496063
854.000000 0.442448735 0.147489399 -1.186891079 -0.060710352 0.818895936 0.101581015 0.561609328
855.000000 0.441155404 0.136156753 -1.170275092 -0.064724505 0.816792071 0.105870090 0.563429534
856.000000 0.435848922 0.160492420 -1.168642759 -0.064932205 0.813857555 0.101644762 0.568408370
857.000000 0.436482996 0.151356220 -1.165315866 -0.067885332 0.810989201 0.104095876 0.571709991
858.000000 0.427951872 0.153938666 -1.169647217 -0.067477360 0.806407034 0.105125047 0.578016698
859.000000 0.425744444 0.141532004 -1.160953522 -0.070488818 0.803788066 0.108223855 0.580726802
860.000000 0.421510339 0.173300877 -1.152558088 -0.065092720 0.802371860 0.101675175 0.584486544
861.000000 0.419075459 0.144992083 -1.150435567 -0.069210030 0.799337089 0.107197635 0.587178707
862.000000 0.420480132 0.147614270 -1.136641383 -0.068972766 0.798987567 0.106500849 0.587808728
863.000000 0.411561042 0.151374131 -1.132450581 -0.067604087 0.796697795 0.104951873 0.591343701
864.000000 0.405423731 0.162981659 -1.127411127 -0.064703777 0.794977725 0.101391651 0.594595313
865.000000 0.398877650 0.172763407 -1.121814013 -0.061936714 0.792644501 0.099538378 0.598306417
866.000000 0.378463447 0.180766687 -1.127119541 -0.063302934 0.788270593 0.097165629 0.604302168
867.000000 0.391572118 0.173272058 -1.105255365 -0.061586350 0.789744556 0.097823717 0.602445841
868.000000 0.378817290 0.172474846 -1.100425959 -0.061032716 0.787626982 0.095908292 0.605574429
869.000000 0.379482567 0.137085333 -1.085449696 -0.064138308 0.787173331 0.100665763 0.605070949
870.000000 0.372607946 0.154284850 -1.071489334 -0.059416443 0.787009835 0.095566742 0.606590688
871.000000 0.351275802 0.156408027 -1.075480700 -0.061060555 0.783113599 0.094612420 0.611598909
872.000000 0.338759303 0.160176784 -1.068092585 -0.058570486 0.781354606 0.095019147 0.614024282
873.000000 0.335391492 0.159961730 -1.066513538 -0.059266254 0.780523479 0.092561625 0.615388513
874.000000 0.323376566 0.155728430 -1.052628279 -0.054104146 0.780367076 0.091898009 0.616161287
875.000000 0.316701025 0.169044644 -1.048554778 -0.052205913 0.780088305 0.086098284 0.617514253
876.000000 0.316462696 0.120501965 -1.033359766 -0.055877954 0.780557036 0.093806155 0.615474403
877.000000 0.290473878 0.150410801 -1.042278528 -0.052823145 0.777217507 0.084751233 0.621256709
878.000000 0.289612770 0.121285692 -1.027152300 -0.055512950 0.777185500 0.089033745 0.620462716
879.000000 0.278933644 0.153045565 -1.020006657 -0.052726496 0.776518166 0.078515470 0.622956455
880.000000 0.283256501 0.125921384 -0.999293923 -0.053350378 0.777470589 0.080808535 0.621420205
881.000000 0.236443922 0.109670877 -1.026331067 -0.057954874 0.769020140 0.080947228 0.631424367
882.000000 0.233463466 0.118723117 -1.016998053 -0.055533148 0.768021941 0.078404516 0.633175373
883.000000 0.238509431 0.142422363 -0.999511182 -0.052699178 0.768830240 0.072443925 0.633146703
884.000000 0.234413505 0.146620512 -0.986187935 -0.051854979 0.768120527 0.069940701 0.634358108
885.000000 0.201642022 0.118417472 -1.002475858 -0.055912666 0.761189044 0.074178025 0.641843140
886.000000 0.204993099 0.123415038 -0.988341689 -0.054981627 0.760928154 0.072712153 0.642400444
887.000000 0.262977749 0.117627881 -0.903650641 -0.053899724 0.772160351 0.074987039 0.628681362
888.000000 0.254565477 0.116291478 -0.899395883 -0.053850546 0.768616140 0.075624391 0.632937849
889.000000 0.246537551 0.112773255 -0.894509315 -0.053824399 0.764627755 0.076047055 0.637702227
890.000000 0.238789067 0.112689897 -0.888983130 -0.052353133 0.760291874 0.075755097 0.643021405
891.000000 0.231139183 0.113392189 -0.886963129 -0.050399195 0.755286217 0.075140625 0.649119735
892.000000 0.223692060 0.114988372 -0.880401134 -0.047764171 0.750660717 0.074359246 0.654750109
893.000000 0.215693504 0.105599992 -0.875774920 -0.047487196 0.745777965 0.075049870 0.660248160
894.000000 0.209104538 0.101355895 -0.870121837 -0.046586629 0.741470635 0.074797235 0.665173829
895.000000 0.202390343 0.103749767 -0.866150141 -0.044685088 0.737156093 0.073832721 0.670188665
896.000000 0.197002828 0.105838150 -0.853134573 -0.043535449 0.734377027 0.072696447 0.673431695
897.000000 0.186415136 0.101190820 -0.861936867 -0.043541741 0.727927864 0.072214328 0.680448532
898.000000 0.180173904 0.105474472 -0.860935807 -0.040817074 0.722701192 0.070582613 0.686334431
899.000000 0.171663985 0.095959604 -0.854084849 -0.041262742 0.718430698 0.071945727 0.690636277
900.000000 0.163988262 0.104809970 -0.857841194 -0.039173033 0.713044763 0.071182571 0.696394742
901.000000 0.158184528 0.097659372 -0.850708485 -0.040050510 0.709639251 0.072330482 0.699697316
902.000000 0.150879398 0.102780849 -0.853187084 -0.039055254 0.704818368 0.071041808 0.704740167
903.000000 0.144376561 0.102534793 -0.858273566 -0.039444733 0.699886799 0.070834257 0.709637284
904.000000 0.135591581 0.114209950 -0.842567682 -0.036948971 0.698568165 0.067937523 0.711352050
905.000000 0.126859814 0.120507084 -0.841431439 -0.036054842 0.694719017 0.065146796 0.715416968
906.000000 0.119050741 0.125530764 -0.842801630 -0.035156611 0.690590799 0.063248485 0.719616532
907.000000 0.110848486 0.118156329 -0.859847307 -0.036992580 0.683620811 0.063985042 0.726085424
908.000000 0.103083849 0.110977583 -0.859734714 -0.038802333 0.679806411 0.065034226 0.729471087
909.000000 0.095871806 0.116284736 -0.873109460 -0.038304769 0.674319565 0.063011579 0.734748542
910.000000 0.088168234 0.115250364 -0.853925049 -0.037554327 0.674660265 0.063049704 0.734471202
911.000000 0.075848199 0.123551667 -0.849270403 -0.035752039 0.672512650 0.061821479 0.736631930
912.000000 0.076810360 0.097938173 -0.874589801 -0.040536471 0.664742887 0.065064885 0.743128657
913.000000 0.065688342 0.104401574 -0.869140029 -0.039086379 0.662838280 0.062902920 0.745091140
914.000000 0.057910223 0.104412332 -0.856877387 -0.038273036 0.662290812 0.062118985 0.745685756
915.000000 0.050881442 0.129696950 -0.846333325 -0.034433592 0.661636353 0.056431439 0.746905029
916.000000 0.045396335 0.112708330 -0.863294542 -0.037067607 0.655553043 0.059920449 0.751854837
917.000000 0.034148123 0.141750246 -0.844623625 -0.033051874 0.656730771 0.054533549 0.751424134
918.000000 0.030003674 0.109232411 -0.859863222 -0.037258077 0.651204050 0.060817644 0.755543709
919.000000 0.028027326 0.107221805 -0.890868664 -0.037625611 0.643305004 0.060154483 0.762315154
920.000000 0.018673286 0.120119639 -0.854724109 -0.033662278 0.647708535 0.058233231 0.758913219
921.000000 0.016671002 0.095832728 -0.888253450 -0.036555283 0.639611900 0.061078522 0.765395105
922.000000 0.008024797 0.115793511 -0.861075461 -0.030576766 0.642921984 0.056595895 0.763225555
923.000000 0.003487259 0.130721971 -0.858043075 -0.026241910 0.642187238 0.052616842 0.764289439
924.000000 -0.000828385 0.131847262 -0.854326844 -0.024041899 0.641633868 0.052324153 0.764846504
925.000000 -0.005553216 0.132205307 -0.846174657 -0.023689792 0.641593754 0.051619027 0.764939010
926.000000 -0.011185616 0.133052692 -0.835978389 -0.022647902 0.641687512 0.050698567 0.764953494
927.000000 -0.010894328 0.115391344 -0.853991568 -0.024334243 0.636711299 0.052000288 0.768961966
928.000000 -0.015382484 0.114516243 -0.847261250 -0.022376299 0.636386514 0.050717518 0.769375861
929.000000 -0.017939344 0.105917454 -0.853238404 -0.022545470 0.633819282 0.050387517 0.771508873
930.000000 -0.019790843 0.112704225 -0.847527981 -0.020788699 0.633962810 0.046939835 0.771657705
931.000000 -0.021666318 0.112812042 -0.829638362 -0.018910157 0.636676252 0.046284426 0.769508600
932.000000 -0.024268836 0.124868155 -0.832062781 -0.016099596 0.636105120 0.042350434 0.770271003
933.000000 -0.021376565 0.104128577 -0.874598622 -0.017735478 0.628068507 0.044206914 0.776698887
934.000000 -0.027024671 0.101943657 -0.844087005 -0.015415933 0.633739471 0.042651128 0.772215962
935.000000 -0.028044164 0.103588834 -0.861091077 -0.014165547 0.630862057 0.040374003 0.774714351
936.000000 -0.022481620 0.089020893 -0.905062258 -0.015342670 0.622940004 0.041958053 0.780992866
937.000000 -0.037774712 0.129616514 -0.789626896 -0.006524467 0.643683672 0.034676943 0.764477730
938.000000 -0.029555991 0.103704967 -0.850971818 -0.010346171 0.632896304 0.038201835 0.773224294
939.000000 -0.022431955 0.083501928 -0.898492515 -0.013113192 0.624789596 0.041055489 0.779602706
940.000000 -0.026626140 0.092611350 -0.860769808 -0.010809720 0.632447660 0.038095590 0.773590207
941.000000 -0.033779666 0.113877058 -0.833096445 -0.005681543 0.638379335 0.033574235 0.768968344
942.000000 -0.033492163 0.107024372 -0.865292430 -0.006460930 0.633439958 0.032281183 0.773091137
943.000000 -0.036424041 0.097627871 -0.819509804 -0.005566076 0.642066479 0.033216789 0.765908837
944.000000 -0.037723899 0.115945034 -0.825303376 -0.001330526 0.641669214 0.028745802 0.766441464
945.000000 -0.034822583 0.120272607 -0.823043048 0.000268714 0.642587662 0.026175553 0.765764832
946.000000 -0.033986524 0.115266621 -0.824400306 0.000831525 0.643105328 0.026119079 0.765331686
947.000000 -0.034687757 0.101362363 -0.834764004 0.000259063 0.642031074 0.027651755 0.766179740
948.000000 -0.032741800 0.123468608 -0.814104855 0.004752012 0.646533251 0.022172924 0.762548685
949.000000 -0.032230139 0.092460893 -0.834141016 0.000840049 0.643539488 0.026409585 0.764956653
950.000000 -0.029532611 0.096998870 -0.816124141 0.002316348 0.646895289 0.024626959 0.762177527
951.000000 -0.028238669 0.099641874 -0.834286571 0.003900482 0.644020200 0.022838194 0.764657557
952.000000 -0.031796873 0.100154437 -0.824793637 0.004930508 0.646127105 0.022074273 0.762894630
953.000000 -0.032088876 0.110240132 -0.815653503 0.007621761 0.648179710 0.020166323 0.761182129
954.000000 -0.028188422 0.092159554 -0.849218905 0.005886278 0.642542124 0.022990011 0.765882790
955.000000 -0.028382361 0.089638032 -0.850313485 0.006987515 0.642854214 0.023641706 0.765591741
956.000000 -0.030095160 0.102714121 -0.824758828 0.010013433 0.647825718 0.020973423 0.761433899
957.000000 -0.028832898 0.109515361 -0.831930935 0.011753822 0.647209406 0.019626148 0.761968911
958.000000 -0.021265730 0.078134522 -0.853275001 0.008206241 0.643707335 0.026035288 0.764784694
959.000000 -0.026404709 0.102458462 -0.831381738 0.012592118 0.648158729 0.021750573 0.761090398
960.000000 -0.027819306 0.109656684 -0.828662455 0.014040517 0.648978889 0.020456258 0.760401726
961.000000 -0.019308701 0.082248986 -0.866381824 0.011093799 0.642835796 0.026260165 0.765473366
962.000000 -0.020152092 0.094910219 -0.854884863 0.013673685 0.645528018 0.023968117 0.763237894
963.000000 -0.027990103 0.108586594 -0.824472487 0.017295292 0.651500344 0.021819716 0.758137167
964.000000 -0.023130380 0.093248188 -0.829699814 0.015869090 0.651339173 0.024298042 0.758231521
965.000000 -0.020842761 0.094530724 -0.828628063 0.016773999 0.652359605 0.023975737 0.757344544
