0.000000 0.000000000 0.000000000 0.000000000 0.000000000 0.000000000 0.000000000 1.000000000
1.000000 0.000793066 -0.000671445 0.000238204 0.001663735 -0.000810972 0.000175052 0.999998271
2.000000 -0.004440031 0.005463889 -0.002066001 0.002424204 -0.000271222 0.000132246 0.999997020
3.000000 -0.001235525 0.001451776 0.000005726 0.000069701 -0.000824589 0.000352068 0.999999583
4.000000 -0.000023791 0.000740680 -0.001773826 -0.000283527 -0.000603381 0.000130731 0.999999762
5.000000 -0.000991548 0.001357451 -0.002773847 -0.000587237 0.000258471 -0.000520697 0.999999642
6.000000 0.000178968 0.001996937 -0.002630296 -0.001655412 0.000207078 -0.000693526 0.999998391
7.000000 -0.000491859 0.000368026 -0.001576102 -0.002504451 0.000323865 -0.000559302 0.999996662
8.000000 -0.000000395 0.000182355 -0.001459084 -0.001773382 0.000220591 -0.000125607 0.999998391
9.000000 -0.000630333 0.000843521 -0.001484247 -0.001613692 0.000338915 -0.000271039 0.999998629
10.000000 -0.000470139 0.000146911 -0.000129727 -0.002001237 0.000321611 -0.000485312 0.999997854
11.000000 -0.000275619 0.000077713 -0.000523953 -0.001372419 0.000317872 -0.000366983 0.999998927
12.000000 -0.000564046 0.000021982 0.001805621 -0.000035054 0.000353709 -0.000203454 0.999999940
13.000000 -0.001455333 -0.000463816 0.002562862 0.000884839 0.000485163 0.000083725 0.999999464
14.000000 -0.001655877 0.000963730 0.000465746 0.001831996 0.000162615 0.000897718 0.999997914
15.000000 -0.000135513 0.000116074 -0.000162952 0.002279432 -0.000320906 0.000974051 0.999996901
16.000000 -0.000489568 -0.000080237 0.000777119 0.002510849 -0.000340449 0.001037103 0.999996245
17.000000 -0.003271633 0.002024301 -0.000318619 0.002837214 -0.000198488 0.000877652 0.999995589
18.000000 0.000193120 -0.000071648 0.000437679 0.001971926 -0.000997756 0.000256421 0.999997497
19.000000 -0.002484957 0.003702608 -0.000501639 0.002100090 -0.000433229 -0.000467218 0.999997616
20.000000 -0.000706997 0.002581148 -0.000733093 0.001088392 -0.000503728 -0.001253222 0.999998510
21.000000 -0.000427244 0.000325992 -0.000044292 0.000313247 -0.000267363 -0.001771831 0.999998331
22.000000 -0.004249134 0.002639670 -0.000931787 0.000349901 0.000199163 -0.002109199 0.999997675
23.000000 -0.000964504 0.000401627 -0.001377941 -0.000383704 -0.000459248 -0.002246916 0.999997318
24.000000 -0.000503809 0.000258443 -0.000540444 -0.000513532 -0.000807230 -0.002346233 0.999996781
25.000000 -0.002979943 -0.000027548 -0.002544727 -0.000442409 -0.000765764 -0.002705010 0.999995947
26.000000 -0.003708737 0.001441004 -0.000167317 0.000130252 -0.000716095 -0.002713450 0.999996066
27.000000 -0.000365099 -0.000898259 -0.000052227 -0.000168296 -0.001321438 -0.003200536 0.999993980
28.000000 -0.003358937 -0.000244450 0.000665959 -0.000195060 -0.000709437 -0.003305384 0.999994278
29.000000 -0.002037079 -0.000445829 0.001865666 0.000005327 -0.000927141 -0.003472298 0.999993563
30.000000 -0.002749783 -0.000074651 0.000008538 0.000331248 -0.000736149 -0.003746339 0.999992669
31.000000 -0.003580829 0.000489046 0.000000621 0.000348325 -0.000536910 -0.003829946 0.999992430
32.000000 -0.002059858 0.000407583 0.000571216 -0.000450512 -0.000954289 -0.004362001 0.999989927
33.000000 -0.004760691 0.001779415 0.000580936 -0.000150253 -0.000742295 -0.004871702 0.999987841
34.000000 -0.011438745 0.003142221 -0.001300644 -0.000426382 0.000485234 -0.005179875 0.999986351
35.000000 -0.005700357 0.002881303 0.000172050 -0.001198594 -0.000227253 -0.005216289 0.999985635
36.000000 -0.011811859 0.004259569 0.000683146 -0.001199173 0.001718382 -0.005151123 0.999984562
37.000000 -0.006526570 0.002437916 0.000826452 -0.001541319 0.001703860 -0.005049002 0.999984622
38.000000 -0.001520709 0.002040904 0.003287032 -0.002551760 0.002013486 -0.005138381 0.999981523
39.000000 -0.009722887 0.006098190 0.001381157 -0.003799714 0.003899659 -0.004060120 0.999976933
40.000000 -0.009744843 0.003275545 0.002658379 -0.004760568 0.004003211 -0.003148037 0.999975681
41.000000 -0.012431229 0.005464217 0.003557120 -0.003686041 0.004289616 -0.002116190 0.999981761
42.000000 -0.015404343 0.005908865 0.005107847 -0.003658617 0.004911780 -0.001499952 0.999980092
43.000000 -0.016473111 0.002079321 0.008430311 -0.003840428 0.005300185 -0.001194883 0.999977827
44.000000 -0.017815087 0.004251577 0.010556432 -0.002786136 0.006330334 -0.001761869 0.999974549
45.000000 -0.020588288 0.010747083 0.013667198 -0.001948065 0.007400048 -0.002550072 0.999967456
46.000000 -0.021452291 0.009907231 0.014226794 -0.003174096 0.008613565 -0.004059506 0.999949634
47.000000 -0.020512639 0.006518622 0.017819818 -0.004534665 0.009591715 -0.005247027 0.999929965
48.000000 -0.017307330 0.012610928 0.021252438 -0.004447553 0.009451611 -0.006960208 0.999921203
49.000000 -0.013238745 0.012613705 0.027346551 -0.006411652 0.009224957 -0.008730833 0.999898791
50.000000 -0.015294783 0.015932430 0.031619065 -0.007298734 0.009996142 -0.010855070 0.999864459
51.000000 -0.016207678 0.015909150 0.037580449 -0.007821894 0.010312904 -0.012282981 0.999840796
52.000000 -0.016545400 0.016315566 0.042172976 -0.008608602 0.010241581 -0.013496942 0.999819398
53.000000 -0.013047224 0.014554488 0.048625104 -0.010577526 0.009855157 -0.014732432 0.999786973
54.000000 -0.017589670 0.016988186 0.055326585 -0.011586625 0.010731453 -0.015629707 0.999753118
55.000000 -0.016327266 0.016476190 0.065445513 -0.012007151 0.009567802 -0.016329277 0.999748766
56.000000 -0.016656790 0.014369321 0.070589349 -0.012277404 0.008222195 -0.017222473 0.999742508
57.000000 -0.007034682 0.012184045 0.081643745 -0.011963543 0.005651989 -0.018512633 0.999741077
58.000000 -0.004338960 0.012233831 0.090606384 -0.010120873 0.004327223 -0.020131694 0.999736726
59.000000 0.008350188 0.017854620 0.100751624 -0.008104667 0.001225727 -0.022630986 0.999710262
60.000000 0.009749730 0.017833803 0.108545475 -0.007956940 0.000416209 -0.025083909 0.999653578
61.000000 0.015659487 0.011385347 0.118046798 -0.008465829 -0.001315378 -0.027810218 0.999576509
62.000000 0.016416544 0.011796313 0.125005394 -0.008045531 -0.002813258 -0.030231118 0.999506593
63.000000 0.021495955 0.009244086 0.136147365 -0.008238034 -0.005158072 -0.032202598 0.999434114
64.000000 0.023446988 0.008465980 0.146603614 -0.008216378 -0.007289510 -0.035152011 0.999321640
65.000000 0.033182681 0.010721900 0.155285731 -0.008533575 -0.010429848 -0.038536485 0.999166310
66.000000 0.037193563 0.007562213 0.165283039 -0.009272435 -0.012627076 -0.041887250 0.998999536
67.000000 0.037321620 0.003399605 0.174136147 -0.007983099 -0.014189846 -0.045717254 0.998821735
68.000000 0.040523350 0.008855777 0.181980208 -0.005557586 -0.016655153 -0.048679341 0.998660147
69.000000 0.046781242 0.009341646 0.191901505 -0.005224467 -0.019578364 -0.051096551 0.998488128
70.000000 0.050578807 0.006940334 0.202668056 -0.005638927 -0.022623098 -0.053184945 0.998312473
71.000000 0.056610685 0.005760106 0.210619852 -0.005415047 -0.026136436 -0.054450262 0.998159707
72.000000 0.061914496 0.007010912 0.218795314 -0.005460212 -0.029186057 -0.055889435 0.997995377
73.000000 0.062202182 0.006380539 0.226321280 -0.005842430 -0.031735308 -0.057336267 0.997833312
74.000000 0.070952773 0.001181528 0.236158416 -0.005316990 -0.035980206 -0.059816871 0.997546554
75.000000 0.068935201 0.001268992 0.244383365 -0.004493552 -0.038572744 -0.062823981 0.997268796
76.000000 0.072542280 0.002235721 0.250707716 -0.005127260 -0.042068686 -0.066183306 0.996907055
77.000000 0.080237888 0.006625424 0.259869158 -0.005442562 -0.046026945 -0.069632284 0.996495485
78.000000 0.079696380 0.004477409 0.266912192 -0.005476044 -0.048246924 -0.073060155 0.996144831
79.000000 0.086868979 0.004648504 0.276577383 -0.005104006 -0.052404787 -0.076378100 0.995687723
80.000000 0.091350943 0.006064032 0.285996497 -0.005617447 -0.056768328 -0.079786658 0.995178342
81.000000 0.088996157 0.005637671 0.291436851 -0.006310026 -0.059880957 -0.082926363 0.994735003
82.000000 0.094366416 0.004689026 0.302579045 -0.007303237 -0.064793438 -0.086887591 0.994081974
83.000000 0.097997710 0.008286603 0.310352236 -0.008602250 -0.068973698 -0.090253122 0.993490279
84.000000 0.098969743 0.006534697 0.318075776 -0.010421075 -0.072766513 -0.092902347 0.992958009
85.000000 0.101388067 0.009087081 0.328092515 -0.010509737 -0.077221237 -0.095750019 0.992349923
86.000000 0.105465412 0.008309904 0.338784397 -0.010595853 -0.082165793 -0.098465450 0.991685987
87.000000 0.104551032 0.012905775 0.346629620 -0.009714727 -0.085542731 -0.101376362 0.991115987
88.000000 0.111931339 0.008148301 0.356546909 -0.010301082 -0.090020157 -0.104371108 0.990402400
89.000000 0.112094522 0.002099082 0.366710097 -0.010814525 -0.092999399 -0.107819974 0.989751995
90.000000 0.115011059 -0.000659400 0.376414865 -0.010507292 -0.096585721 -0.111454107 0.989008963
91.000000 0.118297458 -0.002609836 0.388351917 -0.010871736 -0.099986769 -0.114375569 0.988333285
92.000000 0.116793998 0.000273222 0.397268295 -0.010772625 -0.102717787 -0.116437092 0.987813473
93.000000 0.117246017 -0.001479426 0.405493766 -0.011832029 -0.106566399 -0.118143849 0.987190783
94.000000 0.124888793 0.000779761 0.416238099 -0.011844394 -0.111556798 -0.119557068 0.986468911
95.000000 0.119514421 0.000168752 0.425373524 -0.012966650 -0.115190029 -0.122073665 0.985728741
96.000000 0.120738469 -0.004595637 0.435392886 -0.013719052 -0.119786799 -0.125681922 0.984716713
97.000000 0.132971570 -0.004586855 0.449850917 -0.011936044 -0.125908077 -0.128953755 0.983552575
98.000000 0.135178924 -0.003393952 0.461054355 -0.010971515 -0.129870221 -0.132729948 0.982545733
99.000000 0.135289326 -0.010091111 0.470653981 -0.010890927 -0.133909136 -0.136157066 0.981535017
100.000000 0.137756526 -0.014158791 0.482727230 -0.008694920 -0.138253063 -0.139026448 0.980551958
101.000000 0.139179438 -0.013690123 0.494276196 -0.006358469 -0.142492875 -0.141066581 0.979671121
102.000000 0.131176040 -0.016274260 0.502798021 -0.004657185 -0.145322889 -0.143621683 0.978893459
103.000000 0.127310023 -0.017395038 0.506737709 -0.001714395 -0.149227977 -0.145076975 0.978100538
104.000000 0.141044468 -0.021996278 0.521741986 0.000246123 -0.155573577 -0.147552177 0.976742089
105.000000 0.139627993 -0.026810752 0.530959487 0.002129283 -0.159203798 -0.149660751 0.975833595
106.000000 0.146844521 -0.025727486 0.539661765 0.005056413 -0.164046288 -0.151439279 0.974745810
107.000000 0.147331953 -0.026514126 0.547806621 0.006438543 -0.167969406 -0.152913302 0.973838985
108.000000 0.141913056 -0.034251146 0.555995524 0.007289553 -0.171394765 -0.154642582 0.972962677
109.000000 0.144355223 -0.036842600 0.563168347 0.010009604 -0.176750645 -0.155172363 0.971895337
110.000000 0.149585292 -0.036338918 0.573291302 0.012819923 -0.183771446 -0.155089512 0.970572531
111.000000 0.152054682 -0.032387242 0.583394110 0.015990471 -0.190004855 -0.155431524 0.969269574
112.000000 0.151912019 -0.038156979 0.593415856 0.017144268 -0.196243137 -0.155609623 0.967977464
113.000000 0.147885695 -0.039101467 0.597610354 0.019168708 -0.201327577 -0.156152949 0.966807127
114.000000 0.139824972 -0.043909241 0.606617868 0.020086328 -0.206024393 -0.157611847 0.965561509
115.000000 0.144218266 -0.046982713 0.614044189 0.021478660 -0.212265640 -0.158687711 0.964002192
116.000000 0.143704370 -0.048342768 0.624742627 0.022912944 -0.217779681 -0.159567878 0.962592900
117.000000 0.155309260 -0.042648174 0.634249806 0.025704416 -0.226118743 -0.159916475 0.960539579
118.000000 0.152467623 -0.045841612 0.641651154 0.026837217 -0.232642531 -0.160280034 0.958888710
119.000000 0.159079820 -0.043837529 0.655258536 0.029336877 -0.240005374 -0.161368385 0.956816077
120.000000 0.155010819 -0.045413766 0.664032578 0.030218380 -0.245713487 -0.162932888 0.955073059
121.000000 0.146022499 -0.043934744 0.669058800 0.031972412 -0.250586003 -0.164685801 0.953447938
122.000000 0.156524420 -0.045546018 0.683465540 0.033407260 -0.259212464 -0.166118249 0.950840414
123.000000 0.157989979 -0.049300164 0.694138229 0.034452036 -0.265688568 -0.166836008 0.948887944
124.000000 0.155805588 -0.050359923 0.703726649 0.035726767 -0.271833271 -0.167615548 0.946961105
125.000000 0.152751267 -0.052794434 0.710854769 0.037091721 -0.277409583 -0.169462711 0.944960594
126.000000 0.153538406 -0.059704781 0.725599408 0.037088051 -0.283673227 -0.171932906 0.942652166
127.000000 0.161314040 -0.058288477 0.737210870 0.038968511 -0.290825695 -0.173664451 0.940075815
128.000000 0.150332510 -0.061296314 0.738645077 0.039667148 -0.294372410 -0.175036773 0.938687146
129.000000 0.159322232 -0.055935275 0.753975749 0.040980343 -0.301260531 -0.176301003 0.936205447
130.000000 0.154946268 -0.057613231 0.759673178 0.039878864 -0.305745661 -0.178524390 0.934375882
131.000000 0.153596997 -0.060002819 0.769186974 0.038958784 -0.311802804 -0.178821594 0.932354033
132.000000 0.157758802 -0.055976354 0.778204978 0.040025078 -0.318231165 -0.180247217 0.929859042
133.000000 0.162344515 -0.060799077 0.789285898 0.039284524 -0.325019628 -0.182810426 0.927037954
134.000000 0.163701564 -0.061769076 0.797789752 0.040286254 -0.331275493 -0.184955150 0.924351215
135.000000 0.160263658 -0.057502151 0.803488910 0.041132048 -0.337180197 -0.186713710 0.921821952
136.000000 0.172937661 -0.056965813 0.817403078 0.040762831 -0.346112460 -0.188140109 0.918230832
137.000000 0.170419723 -0.058456995 0.822105050 0.039744314 -0.351749301 -0.189041004 0.915945590
138.000000 0.170373321 -0.058169402 0.829485059 0.039554466 -0.358936161 -0.188974276 0.913175225
139.000000 0.173699975 -0.057668816 0.839688182 0.039806381 -0.367612988 -0.188501135 0.909804106
140.000000 0.170736343 -0.056178253 0.852953434 0.037602667 -0.382290214 -0.188917935 0.903742373
141.000000 0.169198543 -0.053770628 0.860439539 0.037217394 -0.390393764 -0.188159034 0.900446415
142.000000 0.169090539 -0.051024552 0.867468596 0.036376309 -0.398315430 -0.187144533 0.897217095
143.000000 0.164754748 -0.052475464 0.870836735 0.034847576 -0.405029595 -0.186781317 0.894342959
144.000000 0.163492173 -0.053509340 0.880492330 0.034277290 -0.412538290 -0.186260059 0.891035557
145.000000 0.160530269 -0.054945096 0.886136293 0.034746747 -0.419702321 -0.185658529 0.887791395
146.000000 0.159730196 -0.052747361 0.890499592 0.036215123 -0.426969171 -0.185199037 0.884356916
147.000000 0.156556875 -0.047100041 0.897851944 0.036670137 -0.433865160 -0.185512841 0.880909383
148.000000 0.149734348 -0.041435830 0.897849202 0.036843568 -0.439317077 -0.185679391 0.878160715
149.000000 0.146256268 -0.045015324 0.906337023 0.035897415 -0.446748704 -0.186593220 0.874248207
150.000000 0.142685473 -0.044786699 0.912527978 0.035552349 -0.452982277 -0.186907127 0.870981514
151.000000 0.139081806 -0.044850640 0.920977950 0.035608318 -0.459821403 -0.186722919 0.867427707
152.000000 0.133688331 -0.047577858 0.925727010 0.035742328 -0.466236740 -0.187535346 0.863814950
153.000000 0.130083948 -0.050558858 0.935205221 0.035965823 -0.473368526 -0.187938794 0.859830022
154.000000 0.125836074 -0.049617831 0.944064140 0.036126185 -0.479592562 -0.187435627 0.856477499
155.000000 0.116520196 -0.043712150 0.954698384 0.036743939 -0.488912374 -0.187109008 0.851237237
156.000000 0.110009283 -0.042744219 0.961974859 0.036191165 -0.494592726 -0.187185675 0.847956240
157.000000 0.105470538 -0.041761670 0.970641196 0.035738431 -0.500773013 -0.186793849 0.844427109
158.000000 0.099403918 -0.041480895 0.974031448 0.035158150 -0.506078362 -0.188120961 0.840986967
159.000000 0.093835950 -0.040872708 0.982641101 0.034782875 -0.512123168 -0.188597962 0.837228119
160.000000 0.088504612 -0.045039687 0.988708377 0.034861356 -0.517835975 -0.190583199 0.833251834
161.000000 0.080419809 -0.039277524 0.992390156 0.035716545 -0.522395134 -0.192324236 0.829963267
162.000000 0.076061368 -0.042662866 1.000519276 0.034202714 -0.527986288 -0.193889454 0.826115906
163.000000 0.070105910 -0.041570604 1.007267237 0.034021169 -0.533918321 -0.194481552 0.822162211
164.000000 0.064232260 -0.040624812 1.010467768 0.033803206 -0.539345205 -0.195876896 0.818288624
165.000000 0.058632076 -0.040223837 1.019959927 0.032464780 -0.545670748 -0.196185559 0.814064264
166.000000 0.054186642 -0.041481096 1.027992010 0.031657327 -0.551775753 -0.195628569 0.810105443
167.000000 0.047977716 -0.039365500 1.031078696 0.032090649 -0.556761622 -0.195934549 0.806595504
168.000000 0.043026656 -0.042188361 1.035275817 0.030767189 -0.561811864 -0.197385699 0.802782476
169.000000 0.039605439 -0.041630205 1.041132569 0.030423664 -0.567159951 -0.197201028 0.799071848
170.000000 0.033289552 -0.036549445 1.043930888 0.031053232 -0.572176993 -0.196978658 0.795517802
171.000000 0.030109465 -0.036745656 1.050592422 0.029190637 -0.578009665 -0.197166547 0.791314125
172.000000 0.025477588 -0.032423198 1.050971985 0.027396526 -0.582375586 -0.196764559 0.788271427
173.000000 0.020441055 -0.029073272 1.055190086 0.025814462 -0.588120222 -0.195300996 0.784414291
174.000000 0.017314613 -0.024814460 1.059069395 0.024587061 -0.594118595 -0.193910211 0.780267537
175.000000 0.016384155 -0.027516425 1.064631462 0.021591464 -0.600419819 -0.192531705 0.775861681
176.000000 0.014582545 -0.024699911 1.066241503 0.020423776 -0.606404066 -0.191226676 0.771549940
177.000000 0.006982729 -0.015830211 1.067690730 0.018973324 -0.612294376 -0.189193711 0.767425120
178.000000 0.009128511 -0.022284716 1.073083282 0.016137611 -0.619306743 -0.188413173 0.762036204
179.000000 0.006457940 -0.020909980 1.072441339 0.015280846 -0.625118852 -0.187658757 0.757480741
180.000000 0.004171073 -0.022132780 1.072501540 0.013561426 -0.631157577 -0.187043071 0.752642691
181.000000 0.000298217 -0.018408485 1.078412175 0.011747616 -0.638079643 -0.184472829 0.747453094
182.000000 0.001116365 -0.020635311 1.075756192 0.010306180 -0.644160748 -0.183358476 0.742516279
183.000000 -0.003472075 -0.016837828 1.081129074 0.008590049 -0.658473253 -0.180408329 0.730610669
184.000000 -0.005713455 -0.014836000 1.078026414 0.009244396 -0.664958775 -0.179250881 0.724992096
185.000000 -0.007625408 -0.015685992 1.081418753 0.008873417 -0.671896338 -0.178747028 0.718697429
186.000000 -0.012256704 -0.011575675 1.084225774 0.009028647 -0.678128302 -0.179404035 0.712653279
187.000000 -0.010763604 -0.017197806 1.091240048 0.007379461 -0.685111642 -0.180231571 0.705750763
188.000000 -0.013693299 -0.014513683 1.095731139 0.005998222 -0.691114664 -0.180987492 0.699691415
189.000000 -0.016239196 -0.012658409 1.099991441 0.005331811 -0.696872830 -0.183186442 0.693384826
190.000000 -0.013987601 -0.014840577 1.102138400 0.006549487 -0.702773869 -0.184769362 0.686968923
191.000000 -0.017056115 -0.011358232 1.108906627 0.007956566 -0.709195912 -0.184414789 0.680418313
192.000000 -0.015182595 -0.018005589 1.112039089 0.007237226 -0.714493334 -0.186531216 0.674279630
193.000000 -0.019522550 -0.011740655 1.116468668 0.007263703 -0.719704807 -0.186560765 0.668705702
194.000000 -0.017351303 -0.014247007 1.119180202 0.007195165 -0.724984705 -0.187458977 0.662725031
195.000000 -0.017724544 -0.012022784 1.122627497 0.007109561 -0.730009019 -0.187405527 0.657202721
196.000000 -0.016727097 -0.013944792 1.129817128 0.005525461 -0.735455513 -0.186801419 0.651290894
197.000000 -0.021375932 -0.001434758 1.129256487 0.006639186 -0.739940286 -0.186301485 0.646325052
198.000000 -0.019587561 -0.005765850 1.128033400 0.005800487 -0.744130254 -0.186913148 0.641326785
199.000000 -0.016404465 -0.014560722 1.131165028 0.003722442 -0.748874784 -0.187231645 0.635701954
200.000000 -0.019882381 -0.004870094 1.137769222 0.003259904 -0.753921688 -0.184674263 0.630465627
201.000000 -0.015476674 -0.012799717 1.140203714 0.001143337 -0.758489490 -0.184840009 0.624921262
202.000000 -0.019800857 -0.005938761 1.138619542 0.001637041 -0.762415230 -0.183717251 0.620458186
203.000000 -0.017055422 -0.011163622 1.143689752 0.000212222 -0.767350316 -0.182536110 0.614698350
204.000000 -0.022450656 -0.002185434 1.144024253 0.001212334 -0.771151304 -0.180584073 0.610502720
205.000000 -0.023847252 0.002746243 1.142631292 0.001927832 -0.774932861 -0.179318085 0.606069565
206.000000 -0.017500207 -0.011626758 1.164131999 -0.001874842 -0.782400906 -0.175083354 0.597654641
207.000000 -0.016775295 -0.013767116 1.163336635 -0.001948824 -0.786331415 -0.173084125 0.593060791
208.000000 -0.018310905 -0.010727756 1.163080812 -0.002307445 -0.790162206 -0.170494199 0.588701963
209.000000 -0.018052012 -0.010416090 1.161464453 -0.003170207 -0.793532610 -0.169519633 0.584430456
210.000000 -0.018269747 -0.011693813 1.162785530 -0.004799985 -0.797152102 -0.168450981 0.579784274
211.000000 -0.020364046 -0.011668377 1.162809968 -0.006121129 -0.800708294 -0.166937917 0.575291693
212.000000 -0.020495325 -0.010950878 1.161382794 -0.006623586 -0.804123878 -0.165345237 0.570965648
213.000000 -0.021997929 -0.009354576 1.158798933 -0.007482277 -0.807117879 -0.164027929 0.567097425
214.000000 -0.022757560 -0.010267325 1.156793714 -0.008137949 -0.809842050 -0.163179070 0.563437879
215.000000 -0.022809327 -0.013366878 1.156416416 -0.008868852 -0.812828124 -0.161605015 0.559567332
216.000000 -0.023559034 -0.011365518 1.156561494 -0.008903076 -0.816157460 -0.159343049 0.555353463
217.000000 -0.025592268 -0.014033742 1.154984713 -0.009757041 -0.819340289 -0.157567263 0.551143229
218.000000 -0.025406063 -0.011349946 1.151801229 -0.009026084 -0.822050035 -0.155319139 0.547748327
219.000000 -0.025368869 -0.017420277 1.151069880 -0.009527274 -0.825211287 -0.154084072 0.543317199
220.000000 -0.027402192 -0.017736994 1.149077535 -0.008909168 -0.828008771 -0.151874587 0.539681494
221.000000 -0.027419895 -0.019255221 1.148076415 -0.007609239 -0.830732286 -0.150371879 0.535923660
222.000000 -0.030524045 -0.019920558 1.145093322 -0.006142832 -0.833088458 -0.148250133 0.532867491
223.000000 -0.029111892 -0.021857537 1.140830994 -0.005798027 -0.835138142 -0.146164417 0.530232608
224.000000 -0.030428439 -0.023398668 1.138223648 -0.005839881 -0.837556958 -0.144038439 0.526988745
225.000000 -0.033408493 -0.021344140 1.136677027 -0.005233868 -0.840506077 -0.141088143 0.523083448
226.000000 -0.034129769 -0.026892349 1.132004380 -0.005672043 -0.842921495 -0.139691159 0.519555151
227.000000 -0.036377877 -0.025116220 1.130991220 -0.004708118 -0.845654547 -0.136731818 0.515897870
228.000000 -0.036329091 -0.024918884 1.127270699 -0.004041147 -0.847651362 -0.134089500 0.513313651
229.000000 -0.037927568 -0.028121114 1.125765085 -0.004877204 -0.849569738 -0.132014692 0.510665834
230.000000 -0.041320294 -0.027286947 1.123002291 -0.005004871 -0.851746738 -0.129585594 0.507651448
231.000000 -0.042749166 -0.030739896 1.118212104 -0.004822512 -0.853488088 -0.127564982 0.505234659
232.000000 -0.044988334 -0.032049164 1.116081238 -0.003836169 -0.855408370 -0.124879487 0.502659917
233.000000 -0.046952367 -0.030867152 1.113085270 -0.002575912 -0.857035279 -0.121546291 0.500709951
234.000000 -0.051504374 -0.033350974 1.110461950 0.001287259 0.858534455 0.119882882 -0.498542905
235.000000 -0.050431669 -0.035100944 1.103596330 -0.000861749 0.859260440 0.118334137 -0.497662336
236.000000 -0.050318718 -0.039722577 1.098363400 -0.001561982 0.860029459 0.116551831 -0.496751964
237.000000 -0.058154285 -0.039181150 1.090937138 -0.004892060 0.862061858 0.112009041 -0.494246364
238.000000 -0.057930827 -0.039371468 1.078310251 -0.007434396 0.862488806 0.109433427 -0.494046688
239.000000 -0.059150428 -0.041176423 1.073543429 -0.009932158 0.863669515 0.106302388 -0.492621720
240.000000 -0.063258946 -0.042842604 1.070670128 -0.012559375 0.865117908 0.102435291 -0.490836263
241.000000 -0.069425762 -0.043132581 1.067477465 -0.014795186 0.866612971 0.098153293 -0.489008129
242.000000 -0.071255982 -0.043164909 1.063347816 -0.017113667 0.867506742 0.094120376 -0.488139838
243.000000 -0.072977602 -0.042695381 1.054456830 -0.019902587 0.868029594 0.090352006 -0.487816542
244.000000 -0.079556108 -0.053944722 1.055124044 -0.019165644 0.869174957 0.088263161 -0.486186355
245.000000 -0.083677948 -0.062122740 1.052802324 -0.019123478 0.870178103 0.086425863 -0.484721452
246.000000 -0.086556554 -0.060738396 1.048484564 -0.019818487 0.871205211 0.082419969 -0.483544946
247.000000 -0.089860260 -0.050263524 1.039039016 -0.021361824 0.872009277 0.076970145 -0.482927561
248.000000 -0.098764509 -0.052179623 1.042879701 -0.021692438 0.873894751 0.072730653 -0.480153799
249.000000 -0.099670172 -0.069823220 1.036707044 -0.022025995 0.874493122 0.071920879 -0.479170114
250.000000 -0.102018625 -0.071778446 1.029178858 -0.023619395 0.875375271 0.068515547 -0.477981091
251.000000 -0.102961063 -0.073866725 1.017440557 -0.025596110 0.876135468 0.064920209 -0.476987213
252.000000 -0.106358945 -0.068561196 1.011176348 -0.028121889 0.877553225 0.060420733 -0.474825084
253.000000 -0.108240724 -0.076895267 1.006689191 -0.029418351 0.878898501 0.057782590 -0.472581416
254.000000 -0.110132784 -0.079052150 0.999221027 -0.032010484 0.880085468 0.054366920 -0.470605135
255.000000 -0.115253240 -0.078578785 0.994928777 -0.034536604 0.881554484 0.050466508 -0.468104690
256.000000 -0.115050137 -0.071767181 0.985870898 -0.037289578 0.882458568 0.045419287 -0.466704875
257.000000 -0.129928499 -0.085287564 0.996929884 -0.036730457 0.885510862 0.043747760 -0.461093843
258.000000 -0.125554264 -0.091381013 0.986516476 -0.039072614 0.886004984 0.042812906 -0.460038632
259.000000 -0.128415048 -0.099418946 0.979029655 -0.039914362 0.887353241 0.041088536 -0.457518071
260.000000 -0.134203136 -0.095296964 0.970375180 -0.042067550 0.888801932 0.037210252 -0.454837143
261.000000 -0.138839811 -0.093314379 0.974844575 -0.043424971 0.890925646 0.033492263 -0.450825900
262.000000 -0.138843179 -0.089174196 0.959595263 -0.044843491 0.891690075 0.030809456 -0.449364662
263.000000 -0.140819609 -0.101259768 0.956761122 -0.045732956 0.893529475 0.030350940 -0.445637137
264.000000 -0.144837767 -0.085092925 0.946056485 -0.047808606 0.895067632 0.024952278 -0.442657530
265.000000 -0.145601988 -0.101382092 0.949199140 -0.048396509 0.896829844 0.024937741 -0.439012676
266.000000 -0.145651281 -0.107738510 0.941538692 -0.049829427 0.898074269 0.025203058 -0.436284781
267.000000 -0.148098797 -0.104037091 0.932104349 -0.051376931 0.899388969 0.023144566 -0.433502316
268.000000 -0.158791035 -0.111918539 0.941213071 -0.051901605 0.902050793 0.021852544 -0.427940518
269.000000 -0.156719536 -0.095283300 0.920521498 -0.055053547 0.901969671 0.017511046 -0.427917242
270.000000 -0.156864822 -0.086732909 0.908481956 -0.056555409 0.902583122 0.014258989 -0.426546514
271.000000 -0.158310592 -0.094914213 0.904465020 -0.056233056 0.904004157 0.014306077 -0.423567772
272.000000 -0.174413562 -0.093729079 0.913290620 -0.055908334 0.906988025 0.011528212 -0.417269796
273.000000 -0.182288945 -0.093657665 0.915063381 -0.055673011 0.909190357 0.008981550 -0.412544191
274.000000 -0.169751316 -0.117346093 0.889122427 -0.056637723 0.908835649 0.012664323 -0.413097531
275.000000 -0.172470629 -0.118135281 0.883358598 -0.056779571 0.910278499 0.011873811 -0.409912348
276.000000 -0.175500184 -0.118574150 0.878543377 -0.057705551 0.911618769 0.010576623 -0.406828463
277.000000 -0.177173734 -0.121275082 0.872422934 -0.058740534 0.912708163 0.009484300 -0.404256552
278.000000 -0.182116479 -0.114705525 0.870288134 -0.060009375 0.914076805 0.007560506 -0.401005328
279.000000 -0.182660043 -0.121414453 0.862095118 -0.059758756 0.914866209 0.008221005 -0.399225622
280.000000 -0.185551167 -0.123057567 0.855207920 -0.059956893 0.916030407 0.007754168 -0.396526664
281.000000 -0.189843953 -0.124645628 0.849850178 -0.060193114 0.917519629 0.007318213 -0.393040568
282.000000 -0.192139834 -0.125837088 0.845171690 -0.060378872 0.919178903 0.007012999 -0.389121294
283.000000 -0.195473939 -0.124632664 0.839690030 -0.060021877 0.920941591 0.006850511 -0.384989619
284.000000 -0.198040187 -0.127188832 0.833373666 -0.059267968 0.922763586 0.007277289 -0.380712092
285.000000 -0.202156603 -0.125638232 0.826821327 -0.059584644 0.924542606 0.007393213 -0.376319081
286.000000 -0.205751091 -0.131266639 0.821662068 -0.058405921 0.926468372 0.008711080 -0.371711254
287.000000 -0.208945632 -0.119628862 0.815702200 -0.057295166 0.928363681 0.006929699 -0.367164910
288.000000 -0.217275321 -0.120061420 0.814487815 -0.055348050 0.930683434 0.007738417 -0.361531556
289.000000 -0.220329970 -0.122373722 0.805638552 -0.053375363 0.932321489 0.008700052 -0.357563972
290.000000 -0.225700259 -0.113418773 0.802903593 -0.051951826 0.934284329 0.006717252 -0.352659464
291.000000 -0.230159014 -0.113249049 0.793097496 -0.050654601 0.935866058 0.007159268 -0.348622411
292.000000 -0.233585089 -0.117582627 0.786870003 -0.048976384 0.937282264 0.009607351 -0.344979674
293.000000 -0.243851632 -0.112226382 0.783247471 -0.047292769 0.939039052 0.009224314 -0.340417355
294.000000 -0.251683950 -0.110867314 0.779365480 -0.046045072 0.940675378 0.008640758 -0.336058021
295.000000 -0.257600188 -0.107626885 0.773813128 -0.044853736 0.942191780 0.008042363 -0.331960917
296.000000 -0.265516222 -0.109601535 0.768471360 -0.044326596 0.943674028 0.008681235 -0.327778965
297.000000 -0.271366268 -0.105377443 0.765195131 -0.044977397 0.944995046 0.009448394 -0.323839724
298.000000 -0.277500778 -0.110921942 0.757548928 -0.042963125 0.946272254 0.011433171 -0.320300341
299.000000 -0.286569387 -0.112413429 0.753661633 -0.041660711 0.947807789 0.012945751 -0.315843612
300.000000 -0.294029266 -0.109276384 0.746706367 -0.040093046 0.949137807 0.013691530 -0.311997652
301.000000 -0.303117752 -0.110944189 0.741395593 -0.037971716 0.950537205 0.014830003 -0.307924092
302.000000 -0.310545743 -0.113188624 0.734585047 -0.037307713 0.951882720 0.016537083 -0.303733408
303.000000 -0.322445989 -0.106054187 0.736053646 -0.036696710 0.953630328 0.016219573 -0.298294276
304.000000 -0.328957319 -0.111041658 0.729324222 -0.036645334 0.954826295 0.018591831 -0.294309795
305.000000 -0.334380627 -0.114395477 0.719691277 -0.036904402 0.955983102 0.020203099 -0.290389746
306.000000 -0.343790412 -0.112172395 0.714658618 -0.037609477 0.957417369 0.019775309 -0.285563380
307.000000 -0.352694362 -0.108965866 0.711631954 -0.038485948 0.958775997 0.019814666 -0.280846477
308.000000 -0.359619439 -0.108153127 0.705998361 -0.039158408 0.959918678 0.021342704 -0.276707828
309.000000 -0.370741069 -0.107899718 0.703429103 -0.039355151 0.961337805 0.022468405 -0.271617264
310.000000 -0.378577292 -0.108110994 0.699104548 -0.039761234 0.962547302 0.023105018 -0.267185032
311.000000 -0.380426913 -0.115307592 0.687891483 -0.038435768 0.963394821 0.024614984 -0.264172524
312.000000 -0.394112051 -0.109602183 0.689273238 -0.038116656 0.965108216 0.024629906 -0.257888824
313.000000 -0.406451404 -0.097310774 0.690929711 -0.037892416 0.966899872 0.022919968 -0.251283586
314.000000 -0.405735493 -0.099026687 0.679133475 -0.036428794 0.967762589 0.024709592 -0.247987852
315.000000 -0.416528732 -0.097650573 0.681035399 -0.036006369 0.969347954 0.025787616 -0.241667241
316.000000 -0.427912951 -0.088390201 0.681372523 -0.036664851 0.970705748 0.025892965 -0.236041352
317.000000 -0.430883646 -0.085177258 0.674679697 -0.036947016 0.971346438 0.028003121 -0.233102515
318.000000 -0.441042304 -0.090363517 0.675522625 -0.035196051 0.972439945 0.030576788 -0.228444308
319.000000 -0.447431743 -0.087786160 0.670626879 -0.034569953 0.973217309 0.031075373 -0.225138396
320.000000 -0.456066668 -0.082577631 0.666530967 -0.033360086 0.974034190 0.030994745 -0.221774265
321.000000 -0.455966443 -0.082631946 0.659055352 -0.031695370 0.974379718 0.032619230 -0.220262542
322.000000 -0.461231768 -0.079252295 0.656384468 -0.030571330 0.974998534 0.033650994 -0.217510521
323.000000 -0.471463859 -0.070386440 0.652073026 -0.030402670 0.975870788 0.033655856 -0.213586509
324.000000 -0.472273767 -0.078273907 0.647103071 -0.029200232 0.976373315 0.036445919 -0.210983887
325.000000 -0.481074691 -0.075790904 0.644330382 -0.029106684 0.977128208 0.037799586 -0.207230493
326.000000 -0.486593425 -0.068827875 0.634099007 -0.028286338 0.977605700 0.038135368 -0.205018476
327.000000 -0.487586826 -0.069386415 0.631070971 -0.027829245 0.977943063 0.039600555 -0.203186199
328.000000 -0.493079454 -0.064504825 0.627666831 -0.027193254 0.978320420 0.040084548 -0.201352462
329.000000 -0.499911040 -0.068913206 0.621003926 -0.026573274 0.978522360 0.042713627 -0.199908540
330.000000 -0.500619471 -0.067216367 0.613901496 -0.025025256 0.978582680 0.043633856 -0.199614048
331.000000 -0.504937053 -0.068181247 0.607490420 -0.024690984 0.978733301 0.045724001 -0.198445961
332.000000 -0.505776763 -0.063393138 0.601208448 -0.025071999 0.978824914 0.046650570 -0.197729304
333.000000 -0.510720551 -0.069879048 0.592624187 -0.024651574 0.978857636 0.049298167 -0.196976274
334.000000 -0.519256234 -0.050409988 0.588642478 -0.026312549 0.979238570 0.047731835 -0.195246145
335.000000 -0.533073127 -0.058418117 0.586555898 -0.025583103 0.979443789 0.051858567 -0.193251207
336.000000 -0.538969755 -0.061280712 0.576785922 -0.025236677 0.979473054 0.054489482 -0.192422837
337.000000 -0.541609347 -0.058677159 0.567049265 -0.025552154 0.979459107 0.056082372 -0.191993862
338.000000 -0.543612361 -0.064648636 0.558439493 -0.025072027 0.979516268 0.058886852 -0.190922916
339.000000 -0.550892174 -0.066803604 0.550135136 -0.024277709 0.979844868 0.059828062 -0.189037785
340.000000 -0.550602376 -0.062675565 0.540274024 -0.023971079 0.979981303 0.059141751 -0.188585058
341.000000 -0.555538118 -0.060888026 0.530622303 -0.024364214 0.980205953 0.059109975 -0.187372983
342.000000 -0.561507344 -0.059787676 0.523407698 -0.024606377 0.980395377 0.059626918 -0.186182693
343.000000 -0.563239455 -0.063600078 0.513428569 -0.024498546 0.980276883 0.061822310 -0.186104879
344.000000 -0.567115247 -0.057016861 0.503728628 -0.024475990 0.980472088 0.061874751 -0.185059369
345.000000 -0.572346032 -0.058736965 0.495643020 -0.024372060 0.980726242 0.062489592 -0.183513150
346.000000 -0.573450208 -0.058012765 0.485080153 -0.024020467 0.980746984 0.062464461 -0.183457360
347.000000 -0.577260435 -0.053162880 0.478395134 -0.024312839 0.980906725 0.062142525 -0.182672277
348.000000 -0.580245078 -0.050389878 0.468836814 -0.023527613 0.980862796 0.062719151 -0.182813987
349.000000 -0.582504511 -0.046716303 0.458050132 -0.022759162 0.980794072 0.063457027 -0.183025047
350.000000 -0.583780408 -0.047744267 0.450768113 -0.021931462 0.980702639 0.065120317 -0.183032081
351.000000 -0.587982416 -0.044099580 0.439644337 -0.020508831 0.980730772 0.066032514 -0.182719097
352.000000 -0.592438221 -0.044033922 0.431621552 -0.019422349 0.980797350 0.067352600 -0.181997046
353.000000 -0.593754411 -0.043932386 0.421638727 -0.018796211 0.980849743 0.068277918 -0.181434810
354.000000 -0.594173908 -0.043647483 0.413121819 -0.017748630 0.980951369 0.068219543 -0.181012362
355.000000 -0.600806057 -0.041875891 0.406825066 -0.017139269 0.981344819 0.067925274 -0.179038435
356.000000 -0.599027693 -0.046715856 0.397187591 -0.015421684 0.981453598 0.068696722 -0.178302497
357.000000 -0.603274226 -0.044697143 0.389158934 -0.014449230 0.981985211 0.067543268 -0.175881088
358.000000 -0.604780793 -0.043667600 0.382010996 -0.013976144 0.982404709 0.066659324 -0.173902825
359.000000 -0.605492830 -0.035361826 0.375766397 -0.013853410 0.982795537 0.066284925 -0.171835035
360.000000 -0.605483711 -0.034515776 0.367970943 -0.012595965 0.983114719 0.068025075 -0.169408947
361.000000 -0.611001253 -0.031151215 0.356517136 -0.011521283 0.983787894 0.068375155 -0.165388778
362.000000 -0.613107443 -0.028067514 0.350821316 -0.011605603 0.984472156 0.068838112 -0.161062494
363.000000 -0.613318801 -0.030760763 0.346298814 -0.011245576 0.985028327 0.070478685 -0.156924993
364.000000 -0.613350570 -0.032730386 0.338027120 -0.010936396 0.985472798 0.071452640 -0.153682336
365.000000 -0.615712047 -0.027877558 0.329022646 -0.011883303 0.986121416 0.069857098 -0.150144458
366.000000 -0.614288092 -0.027837329 0.320189774 -0.012382735 0.986594319 0.069717273 -0.147029907
367.000000 -0.616406024 -0.019924922 0.313866436 -0.012347535 0.987263978 0.069330506 -0.142655745
368.000000 -0.621455848 -0.021271374 0.305161059 -0.012419634 0.987959981 0.070865624 -0.136963278
369.000000 -0.618966937 -0.025264537 0.296532154 -0.012850029 0.988361180 0.072271600 -0.133243605
370.000000 -0.624749482 -0.019631635 0.286673456 -0.012796532 0.989238203 0.070594348 -0.127516463
371.000000 -0.622161150 -0.024157841 0.276333302 -0.012109137 0.989749372 0.070677400 -0.123508073
372.000000 -0.621931255 -0.023787433 0.271482468 -0.012122003 0.990492702 0.069028117 -0.118373960
373.000000 -0.628948271 -0.026946876 0.259901881 -0.010909768 0.991270959 0.067531355 -0.112704895
374.000000 -0.632668436 -0.019311834 0.254615635 -0.011180901 0.992085636 0.064484484 -0.107157826
375.000000 -0.637001395 -0.017990153 0.246647686 -0.008867090 0.992633820 0.063385680 -0.102867879
376.000000 -0.633633673 -0.022258293 0.242210537 -0.008525074 0.992904127 0.063519061 -0.100170210
377.000000 -0.633211672 -0.023775887 0.230787069 -0.006924571 0.993318915 0.061725970 -0.097260155
378.000000 -0.639990151 -0.015981231 0.226524100 -0.006510240 0.993954837 0.059407271 -0.092098989
379.000000 -0.635820806 -0.009818653 0.213992879 -0.005904582 0.994281113 0.058619920 -0.089072533
380.000000 -0.639197588 -0.010907338 0.206933469 -0.005756617 0.994682789 0.058299426 -0.084700346
381.000000 -0.638925850 -0.008410490 0.197139055 -0.004989851 0.994959414 0.057750862 -0.081827164
382.000000 -0.637491643 -0.008460461 0.188514262 -0.003826033 0.995190680 0.057700485 -0.079066768
383.000000 -0.648608983 -0.009990870 0.179212302 -0.002134254 0.995608151 0.057562321 -0.073799819
384.000000 -0.650841892 -0.013297426 0.172505558 -0.001069384 0.995857775 0.057368513 -0.070533469
385.000000 -0.653493643 -0.010448234 0.162569150 -0.000445990 0.996141315 0.056281548 -0.067340203
386.000000 -0.657214999 -0.011115925 0.152922571 0.000200013 0.996415436 0.055827267 -0.063558087
387.000000 -0.661616266 -0.013149723 0.147298068 0.000723549 0.996688545 0.054906264 -0.059973009
388.000000 -0.666643560 -0.015496771 0.137436345 0.000681429 0.996951520 0.053741615 -0.056559548
389.000000 -0.666761756 -0.011528879 0.130744964 0.000397586 0.997170031 0.051624734 -0.054650296
390.000000 -0.674485147 -0.013617206 0.123423964 0.000813721 0.997393608 0.050531827 -0.051496096
391.000000 -0.680913091 -0.018956531 0.113538057 0.000515271 0.997569501 0.049578961 -0.048956078
392.000000 -0.681363046 -0.015760373 0.107125640 0.001019215 0.997730136 0.047177583 -0.048040047
393.000000 -0.686375022 -0.019285725 0.097939417 0.001456379 0.997860253 0.046287701 -0.046154030
394.000000 -0.694407165 -0.019643225 0.091118336 0.002301355 0.998020530 0.044793092 -0.044082344
395.000000 -0.692516327 -0.021240365 0.080614060 0.002851065 0.998062611 0.043319035 -0.044567667
396.000000 -0.701947033 -0.026379459 0.073488027 0.003476918 0.998223007 0.041851893 -0.042274717
397.000000 -0.699850917 -0.021931812 0.065493651 0.003129196 0.998352408 0.039123386 -0.041857038
398.000000 -0.705519199 -0.022477971 0.058313668 0.002396345 0.998479366 0.038266923 -0.039609585
399.000000 -0.713122666 -0.028413100 0.048774876 0.002407330 0.998588741 0.038203921 -0.036812332
400.000000 -0.710667551 -0.022038897 0.043867785 0.001941894 0.998772502 0.034710560 -0.035283424
401.000000 -0.716926515 -0.027230425 0.033820037 0.001739289 0.998898029 0.034189653 -0.032105234
402.000000 -0.721933544 -0.028712025 0.026736297 0.001657583 0.999051809 0.032115486 -0.029348003
403.000000 -0.719827354 -0.029117929 0.018539518 0.002518222 0.999176979 0.029254178 -0.027985208
404.000000 -0.729642391 -0.030438036 0.010081241 0.001820359 0.999352157 0.026821241 -0.023927193
405.000000 -0.724660039 -0.026951170 0.006636830 0.000007436 0.999457300 0.023737988 -0.022838462
406.000000 -0.726617277 -0.032984272 -0.000790590 -0.000087749 0.999520242 0.022122052 -0.021677265
407.000000 -0.722643733 -0.025146415 -0.004313204 -0.000599145 0.999612689 0.018303484 -0.020955198
408.000000 -0.730581880 -0.030080110 -0.013135664 -0.000624337 0.999673843 0.018293679 -0.017808381
409.000000 -0.734762847 -0.032037165 -0.020433607 -0.000188962 0.999733627 0.017242966 -0.015340891
410.000000 -0.731386781 -0.033220582 -0.026381562 0.000023807 0.999784112 0.015082859 -0.014292077
411.000000 -0.736139119 -0.038986914 -0.035730876 0.000309933 0.999829888 0.013638775 -0.012411091
412.000000 -0.741227150 -0.034330722 -0.039405823 0.000066613 0.999888599 0.010984156 -0.010105704
413.000000 -0.733934939 -0.028666893 -0.044838920 0.000495372 0.999907315 0.008747461 -0.010423971
414.000000 -0.737035215 -0.038021393 -0.055699181 0.002005879 0.999909878 0.010046609 -0.008674136
415.000000 -0.735996902 -0.031295799 -0.060479887 0.003167429 0.999941587 0.007511425 -0.007098699
416.000000 -0.741556942 -0.036967583 -0.070161670 0.005089307 0.999953866 0.007144760 -0.003907462
417.000000 -0.740988731 -0.033861071 -0.077878132 0.006141400 0.999970615 0.004154508 -0.001958141
418.000000 -0.749031961 -0.047909819 -0.092998147 0.006533723 0.999970138 0.003933769 0.001218039
419.000000 -0.750349820 -0.045515481 -0.098779991 0.005921683 0.999977589 0.000358305 0.003094836
420.000000 -0.750245869 -0.047849778 -0.107907578 0.005635574 0.999976277 -0.001015201 0.003828229
421.000000 -0.752720237 -0.051542737 -0.115788564 0.005529201 0.999972343 -0.002054847 0.004522325
422.000000 -0.748798192 -0.044869605 -0.120841585 0.004526653 0.999969780 -0.004882033 0.004011972
423.000000 -0.749156892 -0.047983237 -0.127927706 0.004035208 0.999965787 -0.006364621 0.003406052
424.000000 -0.753596067 -0.051458761 -0.143048763 0.003808206 0.999952853 -0.008309267 0.003281692
425.000000 -0.740337491 -0.045728277 -0.148108125 0.001916416 0.999934435 -0.011259215 -0.000854130
426.000000 -0.739734292 -0.044586115 -0.157543257 0.000195733 0.999926746 -0.011817355 -0.002611052
427.000000 -0.735881984 -0.044557419 -0.167840526 -0.001525840 0.999913216 -0.012211718 -0.004695069
428.000000 -0.736048341 -0.047203496 -0.178238407 -0.002788173 0.999904990 -0.012215219 -0.005751647
429.000000 -0.735507905 -0.046981744 -0.187418938 -0.003516290 0.999890387 -0.012626308 -0.006886628
430.000000 -0.737106502 -0.050829183 -0.199494362 -0.003432275 0.999889731 -0.012383502 -0.007438294
431.000000 -0.731623054 -0.047384821 -0.206488416 -0.003501363 0.999852896 -0.014405040 -0.008627629
432.000000 -0.733050227 -0.050884392 -0.216571271 -0.003066404 0.999836862 -0.015385887 -0.008952142
433.000000 -0.734572887 -0.053995714 -0.228802204 -0.002465484 0.999817729 -0.016109973 -0.009945235
434.000000 -0.736107230 -0.057115182 -0.240060046 -0.001321178 0.999805033 -0.016766563 -0.010345928
435.000000 -0.732599080 -0.056410044 -0.250813931 -0.001160371 0.999752402 -0.019242592 -0.011111361
436.000000 -0.731443465 -0.055404875 -0.257874906 -0.002558191 0.999679387 -0.022442117 -0.011443777
437.000000 -0.727057338 -0.057275258 -0.269468725 -0.003581717 0.999620795 -0.023836760 -0.013314107
438.000000 -0.720975876 -0.061041560 -0.279978275 -0.005040069 0.999565303 -0.025019776 -0.014759518
439.000000 -0.714870572 -0.058368903 -0.286256015 -0.006612621 0.999460816 -0.027653769 -0.016420752
440.000000 -0.712370157 -0.057572339 -0.293623328 -0.007936563 0.999348998 -0.030354407 -0.017808629
441.000000 -0.713132679 -0.059853397 -0.304172248 -0.008269666 0.999266922 -0.032238342 -0.018918997
442.000000 -0.720323265 -0.060991477 -0.314126670 -0.008685562 0.999222517 -0.033801068 -0.018341728
443.000000 -0.710938096 -0.058618270 -0.322096467 -0.007946630 0.999118567 -0.034980483 -0.021800909
444.000000 -0.710868776 -0.060190707 -0.331281871 -0.007653076 0.999093294 -0.035091933 -0.022860704
445.000000 -0.712095141 -0.062196925 -0.342074454 -0.007348544 0.999119580 -0.034364238 -0.022915546
446.000000 -0.709244788 -0.061174560 -0.347506464 -0.007505258 0.999137044 -0.033497278 -0.023382593
447.000000 -0.710781336 -0.063675225 -0.356131643 -0.007617778 0.999133945 -0.033521004 -0.023444664
448.000000 -0.710222483 -0.057151262 -0.361873209 -0.008704276 0.999071836 -0.035023138 -0.023518162
449.000000 -0.706993222 -0.056904435 -0.375966400 -0.006737067 0.999053180 -0.035190765 -0.024677778
450.000000 -0.705467999 -0.054930061 -0.385177195 -0.005530777 0.998948097 -0.037646666 -0.025589915
451.000000 -0.707586765 -0.051383980 -0.393431425 -0.004913827 0.998856127 -0.039876197 -0.025926324
452.000000 -0.706867874 -0.048493385 -0.398005247 -0.004483116 0.998736203 -0.041862138 -0.027450016
453.000000 -0.711877346 -0.051492695 -0.411126852 -0.004136836 0.998685479 -0.042959347 -0.027653700
454.000000 -0.710237622 -0.051797405 -0.417995572 -0.003328849 0.998643339 -0.043194283 -0.028890241
455.000000 -0.709163845 -0.054152131 -0.424120605 -0.002903352 0.998611808 -0.043415036 -0.029685164
456.000000 -0.716722250 -0.056289539 -0.436136901 -0.003333448 0.998558402 -0.045027725 -0.029026223
457.000000 -0.717908919 -0.056684244 -0.444549203 -0.002605593 0.998461485 -0.046794411 -0.029633973
458.000000 -0.723061919 -0.057204001 -0.454119027 -0.002622655 0.998357534 -0.049428202 -0.028847236
459.000000 -0.722671270 -0.057603020 -0.460916489 -0.003634589 0.998262763 -0.051369481 -0.028625576
460.000000 -0.723826230 -0.058276754 -0.468636304 -0.004502769 0.998183250 -0.052729901 -0.028800011
461.000000 -0.726627707 -0.056729011 -0.478584439 -0.004321445 0.998013437 -0.055787537 -0.028952796
462.000000 -0.724030375 -0.052171730 -0.486461580 -0.005004922 0.997805357 -0.058827609 -0.029979253
463.000000 -0.736678720 -0.057881616 -0.500261128 -0.005173430 0.997800767 -0.059801478 -0.028118771
464.000000 -0.733556032 -0.054765046 -0.506871283 -0.007127897 0.997596323 -0.061653115 -0.030816190
465.000000 -0.735990882 -0.057869799 -0.514009237 -0.007058568 0.997548461 -0.062205330 -0.031268694
466.000000 -0.740149617 -0.056749098 -0.528452635 -0.008904723 0.997421145 -0.063221775 -0.032783467
467.000000 -0.745146990 -0.062727422 -0.537714124 -0.008358665 0.997426510 -0.062832646 -0.033504378
468.000000 -0.749817669 -0.066908784 -0.547078907 -0.007932493 0.997331858 -0.064132780 -0.033958692
469.000000 -0.750672340 -0.073520564 -0.558632076 -0.007817212 0.997249424 -0.064638130 -0.035417207
470.000000 -0.758165777 -0.073142074 -0.568659008 -0.009261779 0.996997952 -0.068264820 -0.035343878
471.000000 -0.754092276 -0.072076842 -0.573767900 -0.010108599 0.996447921 -0.074534357 -0.037867904
472.000000 -0.757479787 -0.072490215 -0.582781613 -0.011304528 0.996009767 -0.079088159 -0.039772108
473.000000 -0.766250253 -0.072857708 -0.595483184 -0.013332830 0.995742679 -0.081410572 -0.041122418
474.000000 -0.770654857 -0.077801704 -0.603086174 -0.013595203 0.995600879 -0.082465716 -0.042350072
475.000000 -0.772521079 -0.082083508 -0.611069024 -0.014198112 0.995302737 -0.085325211 -0.043479588
476.000000 -0.778148949 -0.089044556 -0.624313474 -0.015431141 0.995086133 -0.087298580 -0.044095285
477.000000 -0.779760540 -0.092974395 -0.632924676 -0.016618896 0.994882405 -0.088510767 -0.045811836
478.000000 -0.788690090 -0.099670358 -0.644368708 -0.015926123 0.994876444 -0.089386642 -0.044467159
479.000000 -0.788731515 -0.100024082 -0.650503337 -0.015845569 0.994695246 -0.091609642 -0.044023063
480.000000 -0.790883958 -0.103289954 -0.657416761 -0.015339533 0.994653642 -0.092647418 -0.042957086
481.000000 -0.794943154 -0.103845291 -0.666970253 -0.016060891 0.994503319 -0.094827875 -0.041386921
482.000000 -0.796028137 -0.104619369 -0.671079218 -0.014868351 0.994372249 -0.096959546 -0.040019967
483.000000 -0.800211132 -0.105357960 -0.679772437 -0.015774053 0.994234204 -0.098845989 -0.038458236
484.000000 -0.799953461 -0.104905903 -0.685916007 -0.016128801 0.994176030 -0.099677660 -0.037660748
485.000000 -0.802833140 -0.106756285 -0.695228517 -0.016488358 0.994124293 -0.100669071 -0.036205217
486.000000 -0.801112413 -0.110019282 -0.697632670 -0.015124965 0.994163930 -0.100925185 -0.034977686
487.000000 -0.804459631 -0.112035751 -0.705171049 -0.014303272 0.994114816 -0.102394611 -0.032348782
488.000000 -0.803902090 -0.109309405 -0.711637795 -0.014299287 0.993934453 -0.104745291 -0.030302694
489.000000 -0.805173039 -0.109165058 -0.718691766 -0.015732262 0.993810534 -0.106374249 -0.027887231
490.000000 -0.811554670 -0.112366125 -0.729888916 -0.013839260 0.993895173 -0.106843643 -0.023775324
491.000000 -0.809057832 -0.115559757 -0.735818148 -0.013996903 0.993982434 -0.106694289 -0.020478494
492.000000 -0.806798100 -0.115518332 -0.736164927 -0.012727754 0.994042635 -0.107035965 -0.016140897
493.000000 -0.806903481 -0.118341893 -0.746381342 -0.013197050 0.994009733 -0.107766375 -0.012524574
494.000000 -0.808133245 -0.119728662 -0.749664307 -0.010852322 0.994007587 -0.108525768 -0.007300132
495.000000 -0.810315847 -0.114464581 -0.757773280 -0.011020168 0.993761301 -0.110922299 -0.003642036
496.000000 -0.810188890 -0.111883789 -0.764321506 -0.010328254 0.993618667 -0.112317979 -0.000062523
497.000000 -0.807795048 -0.106245071 -0.768874705 -0.010759057 0.993471146 -0.113544464 0.002642003
498.000000 -0.810284555 -0.109963171 -0.778997540 -0.010394773 0.993521631 -0.112990342 0.006312062
499.000000 -0.806852341 -0.108561032 -0.788453400 -0.011226346 0.993414938 -0.113763645 0.007652826
500.000000 -0.806502342 -0.101420522 -0.791205525 -0.009986577 0.993174195 -0.115764558 0.010193087
501.000000 -0.811655343 -0.099246562 -0.802440464 -0.008773820 0.992768586 -0.118887894 0.014115779
502.000000 -0.810079455 -0.100642540 -0.816007912 -0.010472625 0.992561460 -0.120204225 0.016219258
503.000000 -0.807381153 -0.103649035 -0.820412874 -0.009688986 0.992615402 -0.119446360 0.018797988
504.000000 -0.803155482 -0.106546991 -0.827306211 -0.007955545 0.992647409 -0.118841015 0.021556048
505.000000 -0.805412412 -0.106872194 -0.837132215 -0.007724985 0.992504299 -0.119417787 0.024799364
506.000000 -0.805002451 -0.101675913 -0.842808247 -0.005764219 0.992334008 -0.120128922 0.028444629
507.000000 -0.814834058 -0.109890394 -0.862550735 -0.005442467 0.992107034 -0.120411448 0.034571283
508.000000 -0.803321421 -0.103361137 -0.860692620 -0.002936400 0.991959393 -0.121176764 0.036389615
509.000000 -0.802141786 -0.106370747 -0.869763911 -0.001750531 0.991578221 -0.123088986 0.040233646
510.000000 -0.805335045 -0.105399266 -0.881117225 -0.001389462 0.991265953 -0.124256149 0.044162709
511.000000 -0.805321932 -0.109130770 -0.890908480 -0.000224720 0.991147876 -0.123969860 0.047512099
512.000000 -0.792635202 -0.110909842 -0.897168636 0.001605885 0.991041839 -0.124803029 0.047515523
513.000000 -0.791525781 -0.109801441 -0.906615615 0.002744963 0.990808904 -0.125791371 0.049666468
514.000000 -0.786884665 -0.107942097 -0.915675581 0.004269558 0.990637243 -0.126505494 0.051147468
515.000000 -0.776751041 -0.105574861 -0.924137235 0.006632107 0.990435660 -0.127800301 0.051578481
516.000000 -0.772404313 -0.106857926 -0.934857368 0.007666127 0.990247369 -0.128570959 0.053111888
517.000000 -0.767740011 -0.107954532 -0.940862775 0.009024951 0.990073562 -0.129337564 0.054264482
518.000000 -0.759359539 -0.108942263 -0.947361410 0.011501434 0.989911675 -0.130175829 0.054743912
519.000000 -0.759587765 -0.106369399 -0.958906233 0.010558367 0.989574194 -0.132172942 0.056229364
520.000000 -0.753587604 -0.108900838 -0.963556767 0.012496676 0.989499927 -0.132089660 0.057324138
521.000000 -0.751233518 -0.114505887 -0.970772386 0.014004566 0.989324033 -0.132406384 0.059248269
522.000000 -0.752674878 -0.118715838 -0.982279599 0.013923034 0.989144683 -0.132291019 0.062434707
523.000000 -0.750903547 -0.118024528 -0.990991533 0.013963359 0.989001513 -0.132234752 0.064768404
524.000000 -0.746782243 -0.117086299 -0.994446993 0.015698699 0.988988340 -0.130847096 0.067340463
525.000000 -0.739871085 -0.118942410 -1.000316143 0.016713431 0.988993824 -0.129548237 0.069491878
526.000000 -0.744453013 -0.118640274 -1.008363008 0.018339410 0.988784254 -0.128336042 0.074156344
527.000000 -0.748504043 -0.132601500 -1.008107901 0.018726299 0.989090025 -0.123365968 0.078301713
528.000000 -0.739526570 -0.115026534 -1.020035863 0.022297721 0.988664508 -0.124547347 0.080828726
529.000000 -0.740147591 -0.114671037 -1.027760744 0.024065582 0.988520980 -0.122660555 0.084862038
530.000000 -0.745096922 -0.117406256 -1.037349582 0.024566995 0.988386273 -0.120206118 0.089663759
531.000000 -0.747056782 -0.112035923 -1.044293165 0.024688203 0.988386691 -0.117786855 0.092782035
532.000000 -0.740786374 -0.110895410 -1.048638463 0.026080731 0.988414526 -0.115264364 0.095239706
533.000000 -0.741500735 -0.111029349 -1.048709750 0.028095992 0.988272250 -0.112997964 0.098792665
534.000000 -0.742964089 -0.108024850 -1.059280038 0.028713249 0.988010168 -0.112003781 0.102306716
535.000000 -0.736710191 -0.130447119 -1.044028401 0.030935327 0.988567531 -0.104565918 0.104130946
536.000000 -0.725731611 -0.116888478 -1.051437497 0.032110982 0.988308728 -0.105120085 0.105662502
537.000000 -0.729345918 -0.117880434 -1.053011179 0.031862233 0.988261163 -0.102059461 0.109126195
538.000000 -0.739287376 -0.135806143 -1.048214436 0.031118108 0.988461137 -0.094676845 0.114072300
539.000000 -0.743960738 -0.139643282 -1.053803205 0.030444160 0.988347411 -0.091403060 0.117847465
540.000000 -0.732157230 -0.115859821 -1.067190409 0.032580778 0.987723112 -0.093694702 0.120676741
541.000000 -0.736331344 -0.136563003 -1.053007603 0.032259431 0.987975895 -0.086279422 0.124172531
542.000000 -0.750747383 -0.091495901 -1.095669508 0.030609867 0.986224353 -0.094825223 0.132033259
543.000000 -0.746477544 -0.097518116 -1.094141960 0.031356473 0.985945344 -0.091497414 0.136223271
544.000000 -0.745255113 -0.083809353 -1.097953916 0.032569360 0.985171974 -0.092122681 0.141027451
545.000000 -0.755044401 -0.091369078 -1.099531651 0.031893350 0.984501064 -0.087736204 0.148468286
546.000000 -0.763661444 -0.097575024 -1.107880592 0.030383289 0.983799338 -0.083332576 0.155792743
547.000000 -0.747362137 -0.085603148 -1.103394985 0.032022588 0.983401537 -0.081366964 0.158982232
548.000000 -0.755099654 -0.079019248 -1.110458970 0.033481944 0.982576072 -0.078289472 0.165208980
549.000000 -0.769634247 -0.076696321 -1.120340347 0.032300666 0.981486797 -0.076120168 0.172760218
550.000000 -0.769242227 -0.072806269 -1.130976796 0.033027008 0.980503798 -0.076168500 0.178100809
551.000000 -0.771668553 -0.088337623 -1.117267132 0.034155030 0.980077624 -0.070023514 0.182696417
552.000000 -0.773945510 -0.069258712 -1.138792515 0.035109378 0.978861809 -0.072153822 0.188124239
553.000000 -0.772739708 -0.073266156 -1.137945652 0.034896899 0.978317261 -0.068754524 0.192224696
554.000000 -0.776077926 -0.081716806 -1.128314853 0.034468342 0.977796078 -0.064719237 0.196311429
555.000000 -0.794117093 -0.081899583 -1.165780067 0.033163689 0.975846887 -0.066496335 0.205429569
556.000000 -0.790677309 -0.071924657 -1.178877950 0.033319004 0.974813402 -0.068057112 0.209754527
557.000000 -0.794779718 -0.074744508 -1.162099242 0.033102881 0.974499166 -0.063966446 0.212517887
558.000000 -0.790211916 -0.062511727 -1.175640225 0.032257874 0.973800838 -0.065187387 0.215457439
559.000000 -0.774007380 -0.052716423 -1.174389005 0.034242988 0.973488390 -0.064247735 0.216841027
560.000000 -0.769519210 -0.072008997 -1.137056351 0.034915492 0.973941445 -0.056111168 0.216957241
561.000000 -0.774979830 -0.091157392 -1.124800205 0.032837454 0.973768890 -0.051276296 0.219240978
562.000000 -0.784747243 -0.081745178 -1.140740514 0.031782240 0.972663641 -0.052014451 0.224075615
563.000000 -0.787946284 -0.070234708 -1.155528665 0.030515159 0.971644282 -0.052690689 0.228473067
564.000000 -0.784044266 -0.084480949 -1.126827955 0.032999728 0.971685529 -0.044712421 0.229650006
565.000000 -0.801983356 -0.060101151 -1.219552755 0.025575208 0.968744457 -0.055425327 0.240433112
566.000000 -0.795448840 -0.060649414 -1.208012462 0.026298679 0.968611777 -0.052506417 0.241542295
567.000000 -0.794440269 -0.032569308 -1.197432160 0.027462211 0.968187869 -0.053936783 0.242793933
568.000000 -0.803577781 -0.052120790 -1.217330694 0.025839174 0.966927052 -0.049829692 0.248799935
569.000000 -0.808398485 -0.047527064 -1.215561867 0.026716871 0.966101408 -0.047306988 0.252381355
570.000000 -0.803722799 -0.044495843 -1.215871572 0.028627273 0.965441942 -0.045326635 0.255044729
571.000000 -0.807474852 -0.046633337 -1.220669150 0.028248740 0.964349687 -0.042198006 0.259713441
572.000000 -0.808192372 -0.043038040 -1.221326351 0.030240802 0.963232636 -0.040273089 0.263906211
573.000000 -0.832667232 -0.050305605 -1.259780526 0.029686686 0.960386574 -0.037746444 0.274502426
574.000000 -0.830304146 -0.048405137 -1.258823991 0.030057671 0.959476590 -0.035668373 0.277901053
575.000000 -0.830914497 -0.038291808 -1.262113571 0.030836361 0.958215952 -0.034396015 0.282291025
576.000000 -0.835125089 -0.051247939 -1.269306660 0.031268366 0.956625700 -0.029081265 0.288173318
577.000000 -0.814689517 -0.023876000 -1.256633401 0.033721693 0.956517696 -0.029731777 0.288188666
578.000000 -0.819762647 -0.029650893 -1.259699821 0.032610085 0.955290675 -0.026296351 0.292685568
579.000000 -0.823558748 -0.025825325 -1.266745090 0.032203242 0.953733623 -0.024062542 0.297953218
580.000000 -0.819518805 -0.024480794 -1.265457749 0.030382697 0.952949166 -0.022207135 0.300785035
581.000000 -0.815092981 -0.012788024 -1.265943408 0.029986767 0.951785386 -0.021575246 0.304532319
582.000000 -0.812603831 -0.013686515 -1.266956091 0.029182065 0.950545847 -0.018960444 0.308628410
583.000000 -0.815064490 -0.010724297 -1.268358707 0.029013230 0.949275196 -0.017031599 0.312641531
584.000000 -0.813894868 -0.010398805 -1.271972299 0.027354401 0.948162735 -0.014439885 0.316276371
585.000000 -0.808120966 -0.011678966 -1.270126104 0.026214851 0.947133124 -0.011459161 0.319562733
586.000000 -0.817759752 -0.005151082 -1.286343694 0.027024485 0.944833636 -0.009129508 0.326306224
587.000000 -0.815712154 -0.004502852 -1.284136891 0.026412209 0.943683445 -0.006739078 0.329724938
588.000000 -0.817553222 -0.005012933 -1.286500216 0.025696833 0.942294359 -0.004174760 0.333771884
589.000000 -0.813449860 -0.007489171 -1.285623789 0.025253152 0.941216588 -0.001360761 0.336855739
590.000000 -0.813827157 -0.005151215 -1.283453107 0.024957646 0.940060973 0.000443542 0.340091616
591.000000 -0.814352155 0.011065343 -1.285023928 0.025459504 0.938691914 0.000802163 0.343814790
592.000000 -0.814967275 -0.001234772 -1.288505077 0.024476087 0.937376499 0.005399168 0.347414881
593.000000 -0.816341043 0.005110735 -1.286938190 0.024360472 0.936326504 0.006062329 0.350232005
594.000000 -0.814960837 0.008051789 -1.289174557 0.024330292 0.935123265 0.008001621 0.353395551
595.000000 -0.807515383 0.009600710 -1.274572134 0.023465389 0.934979618 0.009529660 0.353796124
596.000000 -0.815311074 0.012789672 -1.287920475 0.024254438 0.933071077 0.011324933 0.358694643
597.000000 -0.815260530 0.023095690 -1.293460608 0.026126340 0.931597292 0.012090500 0.362350315
598.000000 -0.813213944 0.011986321 -1.285698414 0.024259010 0.930872619 0.014813346 0.364236474
599.000000 -0.816098273 0.018087445 -1.282870054 0.024305318 0.929592907 0.015098834 0.367475718
600.000000 -0.820724964 0.025334252 -1.292452335 0.024883037 0.927726388 0.015659489 0.372101247
601.000000 -0.816020012 0.036420446 -1.290980935 0.025325093 0.926657140 0.016259195 0.374700874
602.000000 -0.821913481 0.045121610 -1.299523711 0.026928715 0.924581349 0.018390892 0.379586518
603.000000 -0.815637410 0.041369993 -1.302402258 0.027254691 0.923133194 0.022034971 0.382879555
604.000000 -0.816184342 0.041281637 -1.304820299 0.026839703 0.921399057 0.023462931 0.386979192
605.000000 -0.815794945 0.041488871 -1.301782370 0.026805680 0.920094728 0.024486067 0.390009731
606.000000 -0.814850450 0.045725092 -1.302281022 0.026539082 0.918747902 0.024297306 0.393201709
607.000000 -0.814808726 0.040766645 -1.299450159 0.025687026 0.917595744 0.025916632 0.395836473
608.000000 -0.814339340 0.044871856 -1.301675439 0.025421040 0.916236281 0.026821433 0.398930341
609.000000 -0.817375600 0.045848794 -1.303104043 0.025176773 0.914674580 0.028144037 0.402423263
610.000000 -0.813822627 0.047845587 -1.300760984 0.024949709 0.913486779 0.029246842 0.405048192
611.000000 -0.813357949 0.044505611 -1.302135229 0.024837555 0.911787331 0.031427588 0.408704340
612.000000 -0.810393453 0.050830483 -1.304508686 0.025452163 0.910154700 0.030714311 0.412343591
613.000000 -0.812139273 0.042974249 -1.300204873 0.026426192 0.908677042 0.031730872 0.415452570
614.000000 -0.811589122 0.057241321 -1.304693460 0.029251164 0.906172812 0.030594677 0.420783997
615.000000 -0.810889840 0.058714893 -1.306745172 0.030028971 0.903699219 0.033081006 0.425830483
616.000000 -0.810817242 0.062834553 -1.309854984 0.030237779 0.901534677 0.034655813 0.430255711
617.000000 -0.807977319 0.062768705 -1.305172563 0.029507553 0.900164723 0.036299426 0.433030158
618.000000 -0.806738138 0.062948279 -1.302689075 0.028435996 0.898367465 0.038851961 0.436597943
619.000000 -0.802771926 0.061919753 -1.300720930 0.027228223 0.896560013 0.040472087 0.440228194
620.000000 -0.802356184 0.057075582 -1.306929350 0.026490916 0.894005001 0.042330101 0.445265532
621.000000 -0.798095703 0.059724301 -1.309702158 0.026562545 0.891953290 0.042414289 0.449349374
622.000000 -0.795270562 0.060083292 -1.310094833 0.025844948 0.890358210 0.042813737 0.452505618
623.000000 -0.793840706 0.064915389 -1.307037950 0.024808872 0.888982773 0.042209569 0.455315828
624.000000 -0.789362192 0.066146486 -1.312788129 0.024259839 0.887056530 0.043117400 0.459002197
625.000000 -0.785067201 0.064556397 -1.313356757 0.023751928 0.885273576 0.043478705 0.462424189
626.000000 -0.780645967 0.067967542 -1.312992454 0.024422307 0.883300781 0.043262601 0.466166943
627.000000 -0.776170671 0.071462512 -1.320164919 0.025130754 0.881009281 0.043991763 0.470378339
628.000000 -0.771086931 0.062050674 -1.315931439 0.024017937 0.879608393 0.044995360 0.472956270
629.000000 -0.765671551 0.063574657 -1.311004996 0.024169991 0.878475189 0.043152653 0.475220978
630.000000 -0.759815335 0.063846089 -1.311582208 0.023930062 0.876944780 0.042861946 0.478077501
631.000000 -0.754688501 0.063386038 -1.314037561 0.023385020 0.875025451 0.043106779 0.481586337
632.000000 -0.748826385 0.058765277 -1.308143258 0.022093028 0.873689711 0.042624936 0.484108686
633.000000 -0.742793322 0.056878179 -1.304006815 0.022353290 0.872058630 0.041899215 0.487091929
634.000000 -0.736988485 0.069130361 -1.312784076 0.024303934 0.869151533 0.039439969 0.492371202
635.000000 -0.730432868 0.063826926 -1.312039614 0.024121847 0.867247462 0.039716918 0.495704055
636.000000 -0.724520087 0.058216110 -1.310460210 0.024173038 0.865438402 0.039665852 0.498857349
637.000000 -0.716875315 0.067294009 -1.309820056 0.024547908 0.863660216 0.037160002 0.502103269
638.000000 -0.711025357 0.066457048 -1.305740118 0.023626881 0.862099171 0.036588430 0.504864514
639.000000 -0.701582432 0.061361346 -1.310621977 0.023435418 0.859997332 0.037481047 0.508380413
640.000000 -0.698966682 0.050965156 -1.304636240 0.023581645 0.858606994 0.038288660 0.510658324
641.000000 -0.689658165 0.059174489 -1.303077459 0.023779260 0.857152581 0.036099020 0.513245344
642.000000 -0.677508831 0.057085022 -1.291224718 0.022242976 0.856972754 0.034971993 0.513692498
643.000000 -0.672980368 0.065657832 -1.310884356 0.025201019 0.853731871 0.034638502 0.518947899
644.000000 -0.662394285 0.068171084 -1.299428701 0.024689438 0.853498757 0.033471983 0.519432247
645.000000 -0.653024793 0.070813537 -1.291189909 0.023429323 0.852904916 0.032734856 0.520511925
646.000000 -0.649142146 0.058539830 -1.295086741 0.024065657 0.851117730 0.035390262 0.523227572
647.000000 -0.639997602 0.059775166 -1.288171172 0.023783609 0.850542843 0.034552746 0.524230301
648.000000 -0.628274679 0.068133414 -1.283370614 0.023463454 0.849993050 0.032892257 0.525242150
649.000000 -0.621336520 0.064165302 -1.282729387 0.022684524 0.848934352 0.033781499 0.526929557
650.000000 -0.615673244 0.057566285 -1.278791785 0.021734588 0.848242939 0.034588754 0.528029621
651.000000 -0.604494393 0.058892407 -1.275027156 0.019760229 0.848013759 0.033323914 0.528556287
652.000000 -0.599635541 0.061063256 -1.279600859 0.020166162 0.846696138 0.033243615 0.530654132
653.000000 -0.583880007 0.058491867 -1.282681346 0.020033661 0.846027493 0.034343049 0.531654656
654.000000 -0.577407002 0.056089126 -1.275992036 0.020017629 0.846306384 0.034739424 0.531185448
655.000000 -0.563537240 0.057451699 -1.266519427 0.018904114 0.847144604 0.034027293 0.529934704
656.000000 -0.558692098 0.061720163 -1.268105388 0.019333642 0.846728981 0.033389244 0.530623555
657.000000 -0.547647059 0.059689488 -1.260394692 0.019479472 0.846933305 0.034142155 0.530244172
658.000000 -0.540932834 0.056443594 -1.266721845 0.020038521 0.845651090 0.035592273 0.532171011
659.000000 -0.535403252 0.057573628 -1.264840484 0.020588176 0.845141828 0.035598081 0.532957971
660.000000 -0.523472130 0.065735132 -1.259018183 0.020384049 0.845603883 0.034375679 0.532312751
661.000000 -0.519391596 0.061662626 -1.260436058 0.020241721 0.844795585 0.035990238 0.533493519
662.000000 -0.509429932 0.060049187 -1.255101681 0.019573944 0.845333219 0.036449235 0.532635212
663.000000 -0.500103593 0.070396125 -1.249636889 0.018524563 0.846376956 0.035156406 0.531099677
664.000000 -0.491635621 0.070908606 -1.248025298 0.017809449 0.846810758 0.037374720 0.530280590
665.000000 -0.483788013 0.083832800 -1.253404021 0.017062301 0.846374989 0.037240997 0.531009734
666.000000 -0.478118181 0.077153295 -1.252710819 0.015970206 0.846068680 0.040819775 0.531268775
667.000000 -0.472913861 0.075406671 -1.254381657 0.013673095 0.845407546 0.042656194 0.532240212
668.000000 -0.463193029 0.082167409 -1.247419477 0.011289033 0.845967114 0.042257383 0.531438231
669.000000 -0.457512110 0.083391272 -1.255284429 0.009074830 0.845012784 0.044342041 0.532827318
670.000000 -0.448568493 0.091740899 -1.263865232 0.007398495 0.844513237 0.044259485 0.533651412
671.000000 -0.442070901 0.083891124 -1.251484990 0.004344966 0.845613539 0.046033744 0.531789124
672.000000 -0.434903979 0.089021653 -1.258514881 0.002559946 0.844887853 0.047846690 0.532793224
673.000000 -0.424161226 0.086420961 -1.252002716 0.000663113 0.845409513 0.049802728 0.531791329
674.000000 -0.416376531 0.086188592 -1.258193016 0.000923499 0.844494343 0.051352363 0.533096075
675.000000 -0.408520401 0.092945464 -1.262598753 0.001334057 0.843662620 0.051578231 0.534388661
676.000000 -0.397963375 0.089903735 -1.252712965 -0.000731927 0.844644189 0.052607454 0.532736421
677.000000 -0.394642055 0.106714800 -1.289089322 0.002084512 0.840493739 0.052526101 0.539265156
678.000000 -0.381371975 0.098467648 -1.264931917 -0.000392291 0.842261016 0.054099191 0.536348283
679.000000 -0.373452216 0.106698893 -1.277292252 0.000720849 0.840054095 0.054027755 0.539805114
680.000000 -0.364948183 0.098139703 -1.275103927 0.002154015 0.838822782 0.056275584 0.541483879
681.000000 -0.357149303 0.101309292 -1.285166740 0.004128390 0.836249471 0.056433301 0.545422018
682.000000 -0.345305681 0.114090517 -1.292996168 0.006029462 0.834536850 0.054949094 0.548171997
683.000000 -0.336303830 0.097555473 -1.285257101 0.005631766 0.834491789 0.058097005 0.547920227
684.000000 -0.330634743 0.104729310 -1.290880442 0.007385872 0.833617926 0.057933435 0.549245238
685.000000 -0.319777191 0.113056585 -1.291319013 0.006110328 0.834171772 0.058045339 0.548407674
686.000000 -0.307788610 0.106018789 -1.289891124 0.003410889 0.835071146 0.060716767 0.546770573
687.000000 -0.297213644 0.110315248 -1.305745244 0.004161999 0.834330857 0.062687069 0.547672391
688.000000 -0.290666282 0.105657451 -1.307204008 0.002149508 0.835153580 0.065473147 0.546101749
689.000000 -0.280538946 0.095901065 -1.303615093 -0.000078900 0.836524963 0.068604246 0.543617010
690.000000 -0.273901820 0.122361906 -1.336286545 0.002514215 0.834100783 0.064231493 0.547853887
691.000000 -0.264129281 0.113447838 -1.345598936 0.001768123 0.833991408 0.065153405 0.547914565
692.000000 -0.258273393 0.116921686 -1.358215809 0.001603533 0.833728075 0.064362019 0.548409045
693.000000 -0.245511711 0.113489479 -1.356403947 -0.000315291 0.835429907 0.064838767 0.545758843
694.000000 -0.236881971 0.115617730 -1.361475110 -0.001340100 0.835743427 0.065077648 0.545248687
695.000000 -0.229583979 0.103492707 -1.357586503 -0.004214753 0.836645126 0.068380713 0.543443859
696.000000 -0.204862922 0.106029898 -1.365613699 -0.005819106 0.837880015 0.068148509 0.541552484
697.000000 -0.197237641 0.103242800 -1.365568876 -0.006163768 0.839078844 0.069189705 0.539556801
698.000000 -0.186797738 0.107981071 -1.386626482 -0.006757951 0.838831902 0.072281197 0.539528191
699.000000 -0.180905342 0.112595767 -1.388791561 -0.007082133 0.839637637 0.072494484 0.538240731
700.000000 -0.175025672 0.122441486 -1.401367784 -0.006152889 0.838923216 0.072887696 0.539311945
701.000000 -0.166468799 0.119392365 -1.402487397 -0.007586661 0.839389861 0.076415375 0.538077831
702.000000 -0.159546643 0.130713448 -1.416724682 -0.007200340 0.838589430 0.077769458 0.539136350
703.000000 -0.150047511 0.130993277 -1.416910410 -0.007187860 0.839547276 0.079857349 0.537337482
704.000000 -0.147053689 0.130365908 -1.419481039 -0.007601080 0.840097964 0.082453556 0.536077380
705.000000 -0.139026910 0.129548758 -1.422870159 -0.009118989 0.840772748 0.085114636 0.534577966
706.000000 -0.130440742 0.127574816 -1.427798867 -0.010330915 0.840922534 0.087397434 0.533951581
707.000000 -0.122120023 0.124915175 -1.430139899 -0.011005643 0.841602325 0.088080771 0.532753468
708.000000 -0.117336184 0.133171871 -1.439910769 -0.009566776 0.841158569 0.087464191 0.533582926
709.000000 -0.111045629 0.137706667 -1.436487436 -0.011079628 0.842769623 0.087243676 0.531041503
710.000000 -0.102660894 0.142325878 -1.445565939 -0.010299719 0.842835426 0.087939888 0.530837953
711.000000 -0.097153187 0.137449235 -1.448152542 -0.010395033 0.843556464 0.089878283 0.529364049
712.000000 -0.093104392 0.144324422 -1.450878859 -0.011425829 0.844599366 0.089620717 0.527721107
713.000000 -0.079088211 0.142738789 -1.446063399 -0.014050055 0.846833766 0.090683505 0.523881376
714.000000 -0.074672103 0.151209831 -1.462731123 -0.013584303 0.846431375 0.089751408 0.524703860
715.000000 -0.064965010 0.135813445 -1.455610037 -0.014536064 0.848889291 0.092108838 0.520280540
716.000000 -0.053565919 0.138547108 -1.448427916 -0.015390592 0.852097750 0.089865014 0.515380263
717.000000 -0.044580817 0.134499356 -1.447257638 -0.015370596 0.854111552 0.090704568 0.511888564
718.000000 -0.036979735 0.140978783 -1.446100473 -0.015363192 0.856119573 0.089525498 0.508732319
719.000000 -0.025541067 0.144341052 -1.447946548 -0.015186734 0.857630253 0.090700999 0.505977452
720.000000 -0.019806981 0.141846687 -1.448950291 -0.015566810 0.859138489 0.092387959 0.503093600
721.000000 -0.007344961 0.128538638 -1.437832355 -0.016122228 0.862169683 0.094876356 0.497395158
722.000000 0.000767648 0.139217407 -1.444816589 -0.014240256 0.863157809 0.093380049 0.496020108
723.000000 0.007970691 0.134743467 -1.440090060 -0.013711115 0.864989698 0.094783723 0.492565572
724.000000 0.024685085 0.128448486 -1.428550482 -0.015270897 0.868039727 0.095470972 0.486989915
725.000000 0.030896246 0.137101263 -1.436136127 -0.014564813 0.868471444 0.095356032 0.486263752
726.000000 0.041301489 0.131645903 -1.431596756 -0.015034308 0.870199382 0.097931385 0.482634872
727.000000 0.053445935 0.120461419 -1.422611833 -0.016016632 0.872551203 0.099901237 0.477930516
728.000000 0.062732995 0.125159606 -1.417569995 -0.013216342 0.874704301 0.099644110 0.474118918
729.000000 0.070938289 0.138497606 -1.418076158 -0.011572910 0.876389146 0.098991551 0.471178114
730.000000 0.079645276 0.144875079 -1.421166897 -0.009527814 0.877658308 0.100190587 0.468601048
731.000000 0.088584840 0.132805645 -1.417089105 -0.009347108 0.879455507 0.104363166 0.464304924
732.000000 0.104251146 0.130841315 -1.401557207 -0.009825766 0.883418143 0.104573295 0.456662059
733.000000 0.117267728 0.122903034 -1.392468452 -0.010243824 0.886272490 0.106966965 0.450526625
734.000000 0.125255764 0.120430805 -1.388719559 -0.010208584 0.888358474 0.107662119 0.446233004
735.000000 0.131948233 0.119217142 -1.383635044 -0.009963338 0.890324295 0.109014690 0.441971987
736.000000 0.141534150 0.123702943 -1.385308743 -0.009795882 0.891936958 0.109427206 0.438609362
737.000000 0.151000977 0.127980426 -1.374338627 -0.011162925 0.895278156 0.107780613 0.432129413
738.000000 0.159938931 0.130299449 -1.368655205 -0.010368831 0.897657573 0.107971147 0.427136451
739.000000 0.168204486 0.127115190 -1.364652872 -0.011187289 0.899286389 0.110498592 0.423023582
740.000000 0.162226498 0.143447042 -1.375790358 -0.010214007 0.899096966 0.110599220 0.423424333
741.000000 0.184413731 0.129731119 -1.356263399 -0.014312162 0.902724802 0.114121884 0.414559186
742.000000 0.187214315 0.133800060 -1.361211181 -0.015109897 0.903302073 0.115113057 0.412996441
743.000000 0.192947030 0.131544188 -1.349520922 -0.017846897 0.905694962 0.115308493 0.407556117
744.000000 0.207973599 0.111291587 -1.333365202 -0.021089813 0.907929361 0.119819947 0.401076883
745.000000 0.207773089 0.120886259 -1.341276050 -0.020238811 0.907796085 0.116889507 0.402285308
746.000000 0.212436676 0.123222016 -1.340921640 -0.019657267 0.908176661 0.115748018 0.401784956
747.000000 0.226751506 0.125272721 -1.334499478 -0.022396483 0.909713149 0.117408119 0.397662789
748.000000 0.229583383 0.127377853 -1.332816839 -0.023430139 0.910395563 0.116534330 0.396296263
749.000000 0.222160518 0.137380555 -1.343178511 -0.022056101 0.909634113 0.114284575 0.398771077
750.000000 0.235140741 0.127212301 -1.335261822 -0.023754060 0.910900235 0.116038881 0.395261288
751.000000 0.233492494 0.135700196 -1.348709822 -0.021668781 0.910380781 0.113329321 0.397358477
752.000000 0.240648627 0.143722847 -1.347703934 -0.018482070 0.911775708 0.111441575 0.394847095
753.000000 0.246765673 0.130937904 -1.337083220 -0.018875176 0.913672626 0.113849938 0.389723271
754.000000 0.259090364 0.133080557 -1.321112752 -0.019488838 0.917198002 0.111152299 0.382116735
755.000000 0.272914797 0.110397011 -1.308688521 -0.020203080 0.919332087 0.117240556 0.375066638
756.000000 0.266029418 0.129679471 -1.317799926 -0.018120395 0.919763267 0.116011776 0.374497563
757.000000 0.276057571 0.130387753 -1.317688465 -0.019345835 0.921568513 0.118964158 0.369032174
758.000000 0.272620112 0.135450304 -1.323313951 -0.019529859 0.922486186 0.120665595 0.366166174
759.000000 0.320246577 0.116144434 -1.285074472 -0.021203531 0.928623974 0.126052722 0.348308146
760.000000 0.326144844 0.118493393 -1.283657789 -0.020589333 0.930139005 0.128319159 0.343440920
761.000000 0.334142715 0.118541852 -1.280954838 -0.019472236 0.931775987 0.131555960 0.337797791
762.000000 0.339058310 0.120253712 -1.281109452 -0.017629681 0.933310986 0.133731246 0.332769841
763.000000 0.348583281 0.121735409 -1.276725531 -0.016170623 0.935353935 0.135964021 0.326137006
764.000000 0.353282332 0.119949251 -1.276467323 -0.015192037 0.936577141 0.139976382 0.320934683
765.000000 0.360273868 0.120805308 -1.277380466 -0.014822405 0.938130617 0.142504305 0.315251827
766.000000 0.370129496 0.114582047 -1.274496436 -0.014157481 0.939851701 0.145417854 0.308758855
767.000000 0.376976430 0.111156315 -1.273589849 -0.013053098 0.941103339 0.148011923 0.303721130
768.000000 0.382243484 0.117032781 -1.275186658 -0.011748642 0.942377687 0.147897780 0.299854100
769.000000 0.390814036 0.114492267 -1.272777438 -0.010098197 0.943581223 0.148832157 0.295637399
770.000000 0.393752545 0.117868662 -1.275604010 -0.007030058 0.943911910 0.149075970 0.294545799
771.000000 0.397006363 0.117947459 -1.278529167 -0.004224902 0.943795860 0.151656806 0.293652356
772.000000 0.404971242 0.113666505 -1.277583003 -0.002417187 0.943755627 0.153919771 0.292622834
773.000000 0.410504431 0.115891248 -1.277584791 -0.000969392 0.943833411 0.153732598 0.292478770
774.000000 0.414851516 0.112693936 -1.280192375 -0.000899616 0.943426371 0.154869363 0.293191642
775.000000 0.421599150 0.116242439 -1.279674530 -0.001921703 0.943634629 0.152401373 0.293809175
776.000000 0.425153315 0.113351941 -1.278671265 -0.003232767 0.943385780 0.152172744 0.294713944
777.000000 0.430313021 0.113749146 -1.282383204 -0.005810067 0.943211436 0.150718972 0.295976698
778.000000 0.435293913 0.109662116 -1.283418059 -0.007372552 0.943148494 0.148211032 0.297405511
779.000000 0.437238425 0.109906837 -1.286248207 -0.008072984 0.942758858 0.143854976 0.300742865
780.000000 0.438310742 0.105570152 -1.288807273 -0.009800740 0.942043066 0.140618607 0.304442346
781.000000 0.442173302 0.107472360 -1.289974213 -0.012224618 0.941733837 0.135602176 0.307571024
782.000000 0.444571465 0.109949410 -1.290320158 -0.013659551 0.941812873 0.130431190 0.309498996
783.000000 0.443592519 0.108205229 -1.295550346 -0.013711655 0.941070914 0.128656626 0.312481999
784.000000 0.446884841 0.108183756 -1.294520020 -0.013956338 0.940894067 0.127270877 0.313569248
785.000000 0.449465096 0.110519320 -1.296765804 -0.014062027 0.940592885 0.125806853 0.315055311
786.000000 0.453009605 0.105600312 -1.296819568 -0.013430990 0.940246105 0.124888703 0.316480160
787.000000 0.454034626 0.110365927 -1.298855186 -0.012377016 0.940219641 0.121172257 0.318042457
788.000000 0.457996547 0.099369913 -1.298396111 -0.012634282 0.940120637 0.121075481 0.318361938
789.000000 0.463431329 0.101566061 -1.297387362 -0.011560690 0.940851331 0.115598261 0.318280071
790.000000 0.463173479 0.100407600 -1.300007105 -0.009412589 0.940887153 0.111659758 0.319647938
791.000000 0.470254332 0.099445149 -1.295451403 -0.008495112 0.941613674 0.108281992 0.318694919
792.000000 0.473206431 0.090034992 -1.294909000 -0.007897778 0.941300154 0.107426129 0.319923759
793.000000 0.469760835 0.099047691 -1.302166700 -0.005645168 0.940488875 0.101161286 0.324368834
794.000000 0.472062141 0.094437525 -1.300881624 -0.004780163 0.940277636 0.097882673 0.325997084
795.000000 0.481964260 0.088443995 -1.292894125 -0.005353915 0.941093087 0.093471050 0.324928075
796.000000 0.486245632 0.079942554 -1.290935278 -0.005110299 0.940853179 0.088484749 0.327016115
797.000000 0.479001820 0.085558057 -1.298205614 -0.003952774 0.939566195 0.080156609 0.332828283
798.000000 0.480146110 0.081690036 -1.296796560 -0.004275193 0.939203560 0.075246304 0.334987015
799.000000 0.488290220 0.082200974 -1.293731213 -0.004673658 0.939084649 0.071086153 0.336221516
800.000000 0.496484816 0.075978428 -1.284157276 -0.005472794 0.939104855 0.069674410 0.336448401
801.000000 0.493295252 0.078398988 -1.289391398 -0.004221666 0.937209368 0.067084886 0.342228502
802.000000 0.504113257 0.074121207 -1.284861326 -0.003632599 0.936608434 0.066158615 0.344055861
803.000000 0.511504650 0.063566327 -1.278132677 -0.004706836 0.935806036 0.066507138 0.346152604
804.000000 0.517726362 0.075928226 -1.278292179 -0.002287566 0.934857070 0.061410282 0.349665195
805.000000 0.507870674 0.075720564 -1.282202363 -0.002016223 0.932429194 0.059749700 0.356372982
806.000000 0.524953008 0.079679832 -1.272471666 -0.000907276 0.932548225 0.058288854 0.356307924
807.000000 0.520255268 0.070543252 -1.275644779 -0.003431089 0.930446982 0.059282288 0.361583024
808.000000 0.518593788 0.064927235 -1.277087927 -0.004342928 0.928655267 0.059507895 0.366113812
809.000000 0.533931792 0.070759557 -1.267828584 -0.004254665 0.928570569 0.056544136 0.366798759
810.000000 0.536182523 0.068742529 -1.264691353 -0.004849018 0.927078187 0.056733143 0.370518267
811.000000 0.532932281 0.064127877 -1.267099619 -0.006338604 0.924426019 0.058274545 0.376829505
812.000000 0.544578314 0.061859861 -1.260115266 -0.006896566 0.923463881 0.059444454 0.378989846
813.000000 0.555845737 0.062929936 -1.244724274 -0.008715476 0.923383713 0.059208330 0.379184484
814.000000 0.548099518 0.069705583 -1.255110145 -0.007757370 0.919663131 0.060822167 0.387891948
815.000000 0.539389729 0.065397635 -1.257061481 -0.009359559 0.916685760 0.063381903 0.394439191
816.000000 0.557038665 0.065894388 -1.242035031 -0.009989670 0.916831255 0.064622030 0.393884093
817.000000 0.547043324 0.064103343 -1.249391079 -0.010761584 0.913181424 0.067545868 0.401772797
818.000000 0.545105457 0.067059509 -1.249434114 -0.011713070 0.910826385 0.068676196 0.406868100
819.000000 0.564673126 0.067398034 -1.234054804 -0.012275562 0.911098003 0.070427902 0.405942947
820.000000 0.557832837 0.062521845 -1.234107494 -0.014117904 0.908352137 0.074042618 0.411357284
821.000000 0.552412391 0.068884507 -1.236787558 -0.013884804 0.905658782 0.075026266 0.417085648
822.000000 0.555005550 0.073239312 -1.232136011 -0.013387367 0.903972268 0.077428110 0.420309126
823.000000 0.551309824 0.066292137 -1.229113579 -0.016000178 0.901816845 0.081698596 0.424023271
824.000000 0.550667286 0.069568843 -1.229962707 -0.016614081 0.899630964 0.084386297 0.428096920
825.000000 0.556673765 0.069416896 -1.220763683 -0.018570030 0.898931146 0.086862810 0.428990483
826.000000 0.552518725 0.081100449 -1.221794963 -0.018500494 0.896867692 0.086839169 0.433295608
827.000000 0.543612182 0.073486388 -1.227024555 -0.021599554 0.893938363 0.091376647 0.438244194
828.000000 0.548545539 0.079194158 -1.221054316 -0.021872064 0.893247664 0.093104087 0.439274222
829.000000 0.529670358 0.073825508 -1.229359865 -0.023939747 0.889566958 0.096191950 0.445919961
830.000000 0.539754272 0.073924512 -1.217254162 -0.027002014 0.888518870 0.097574122 0.447531343
831.000000 0.519719660 0.084720522 -1.223161221 -0.027158365 0.885503829 0.095558174 0.453887641
832.000000 0.527899027 0.072921976 -1.221958876 -0.029429641 0.884100556 0.098936044 0.455754012
833.000000 0.532583952 0.080874085 -1.209515452 -0.029868260 0.883850753 0.097539499 0.456510365
834.000000 0.536349833 0.067992240 -1.200966239 -0.031749003 0.882573009 0.100418277 0.458228111
835.000000 0.520299077 0.073020771 -1.208840847 -0.031107821 0.878432810 0.099964626 0.466256529
836.000000 0.524189532 0.078775808 -1.201862335 -0.031834241 0.877240002 0.099357776 0.468577176
837.000000 0.520698667 0.070915818 -1.205479145 -0.034445100 0.874565959 0.101812586 0.472844660
838.000000 0.525906205 0.080851078 -1.195537448 -0.036222905 0.874550939 0.099352591 0.473262697
839.000000 0.519455552 0.079669356 -1.194155335 -0.037951626 0.872702420 0.100684397 0.476248652
840.000000 0.513433695 0.086331978 -1.190675259 -0.040447433 0.871100664 0.100584030 0.478988975
841.000000 0.508237302 0.088281676 -1.195268393 -0.042726025 0.868183851 0.103241339 0.483500272
842.000000 0.504197121 0.081617147 -1.189930320 -0.045735672 0.866095781 0.106564015 0.486241192
843.000000 0.486267567 0.083584055 -1.191646576 -0.047956634 0.862360835 0.107147731 0.492496997
844.000000 0.486048847 0.100907579 -1.190997005 -0.047608025 0.860418916 0.105091661 0.496355206
845.000000 0.490590811 0.079207093 -1.186847091 -0.050807633 0.857908070 0.111815773 0.498908311
846.000000 0.482406050 0.089495242 -1.190081239 -0.050841071 0.854599059 0.109810174 0.504992425
847.000000 0.481645495 0.084610626 -1.187381744 -0.051302981 0.851772368 0.110908292 0.509461522
848.000000 0.482395947 0.086825296 -1.180432200 -0.051033285 0.849647641 0.109749176 0.513273418
849.000000 0.474702477 0.092003956 -1.179345131 -0.050464094 0.845903933 0.107440509 0.519958019
850.000000 0.478266776 0.083564088 -1.170429707 -0.049981494 0.842997968 0.108824603 0.524417281
851.000000 0.450304508 0.101724125 -1.192963839 -0.049607839 0.834905565 0.103262074 0.538338959
852.000000 0.458091497 0.090840362 -1.185555458 -0.052044246 0.832358718 0.104589932 0.541785300
853.000000 0.460989714 0.082875863 -1.179643750 -0.053528484 0.829328716 0.106101193 0.545977175
854.000000 0.465383440 0.092964150 -1.162485361 -0.052950419 0.828127742 0.104412861 0.548177540
855.000000 0.457932055 0.099480860 -1.162997723 -0.055965133 0.823970139 0.104046173 0.554179907
856.000000 0.448875666 0.100379460 -1.160778999 -0.057862695 0.820147276 0.105513781 0.559354246
857.000000 0.454874098 0.101821817 -1.154014945 -0.059511863 0.818505168 0.105739154 0.561539710
858.000000 0.451533258 0.097790770 -1.146409750 -0.060219388 0.815688670 0.108104974 0.565100789
859.000000 0.450238049 0.091927208 -1.132374763 -0.061827712 0.814070106 0.109852314 0.566921175
860.000000 0.452824444 0.096366823 -1.119177103 -0.059536729 0.812928200 0.109515823 0.568866789
861.000000 0.438271284 0.095983416 -1.128338099 -0.059802923 0.808260322 0.109009728 0.575548232
862.000000 0.423506856 0.077253409 -1.135349154 -0.062689722 0.803573847 0.112580173 0.581089139
863.000000 0.427469641 0.094765835 -1.122796535 -0.059546206 0.803730845 0.107692502 0.582128227
864.000000 0.416773528 0.100602284 -1.118365288 -0.057935830 0.801541328 0.105625771 0.585677445
865.000000 0.400122344 0.113811173 -1.119734168 -0.058643486 0.797853887 0.101694398 0.591310680
866.000000 0.406367689 0.086313650 -1.099994302 -0.060044464 0.797660589 0.108017847 0.590308666
867.000000 0.383647561 0.094993934 -1.114970446 -0.057096645 0.792106211 0.104958519 0.598574519
868.000000 0.364629030 0.102735147 -1.111561298 -0.057108227 0.789603651 0.100676030 0.602601826
869.000000 0.366375357 0.087311447 -1.097314715 -0.057012215 0.789528549 0.101652794 0.602545440
870.000000 0.374796033 0.097046562 -1.079474688 -0.055029679 0.790992439 0.097283393 0.601530194
871.000000 0.353737652 0.105072439 -1.075460434 -0.052833389 0.788019180 0.096196041 0.605789363
872.000000 0.346655071 0.068913311 -1.078480959 -0.056708388 0.784657955 0.104197033 0.608472645
873.000000 0.333684266 0.064364016 -1.063662767 -0.056486588 0.784561574 0.103145115 0.608796775
874.000000 0.334696889 0.086657867 -1.053191900 -0.049580235 0.785501003 0.096475281 0.609280229
875.000000 0.317783117 0.070996605 -1.057222962 -0.049737774 0.782938421 0.097124711 0.612454295
876.000000 0.318166375 0.070984125 -1.039146423 -0.048289843 0.784688413 0.094417632 0.610751450
877.000000 0.314041674 0.066157743 -1.025949478 -0.048381064 0.785063028 0.093227297 0.610445678
878.000000 0.320055187 0.094317429 -0.997369647 -0.042485960 0.788017094 0.086334556 0.608087480
879.000000 0.310295582 0.093784459 -0.991136789 -0.041701827 0.786676586 0.083035737 0.610332668
880.000000 0.298815817 0.101262942 -0.990826130 -0.038887549 0.784520447 0.077800691 0.613972723
881.000000 0.291426063 0.092833191 -0.975933909 -0.040465321 0.784203887 0.077186778 0.614352524
882.000000 0.280325174 0.090628743 -0.972316384 -0.041141182 0.781810760 0.076313436 0.617458880
883.000000 0.271250010 0.091559462 -0.967250109 -0.041097593 0.779660463 0.074673109 0.620374441
884.000000 0.262341976 0.083660334 -0.960027277 -0.042537630 0.777827442 0.074411854 0.622605681
885.000000 0.255589783 0.083798371 -0.948792577 -0.042482276 0.776478708 0.073513322 0.624397218
886.000000 0.244836852 0.086831808 -0.946075082 -0.041723691 0.773648024 0.072733097 0.628042758
887.000000 0.233368516 0.087788537 -0.946514010 -0.041624684 0.769872069 0.072081901 0.632746875
888.000000 0.226036549 0.080818012 -0.939109921 -0.043044463 0.766696155 0.073671207 0.636314929
889.000000 0.220781058 0.066533148 -0.927442193 -0.044580150 0.763706028 0.076339237 0.639482677
890.000000 0.214432478 0.077314235 -0.922864079 -0.041185666 0.759350181 0.073775962 0.645172954
891.000000 0.198744982 0.056489430 -0.929170787 -0.043842983 0.752706289 0.076696083 0.652402282
892.000000 0.194370389 0.065563731 -0.922041953 -0.039787967 0.748289168 0.074446298 0.657980263
893.000000 0.189134121 0.069488294 -0.911525130 -0.036640592 0.744394660 0.072935969 0.662732542
894.000000 0.183235914 0.072030373 -0.905987501 -0.034383040 0.740105689 0.071713269 0.667771399
895.000000 0.173094988 0.060184278 -0.905775428 -0.035479113 0.735125363 0.072745897 0.673082471
896.000000 0.167338610 0.061687626 -0.900237322 -0.034489658 0.731206238 0.071628310 0.677508116
897.000000 0.168503493 0.075916409 -0.880708992 -0.030438241 0.729334056 0.068176351 0.680071592
898.000000 0.156430721 0.055953704 -0.886794925 -0.032614090 0.722879887 0.070368513 0.686607122
899.000000 0.143514961 0.057620935 -0.896603405 -0.031219805 0.715903163 0.069944575 0.693985403
900.000000 0.133950025 0.069083095 -0.903177321 -0.028464764 0.710004866 0.068877414 0.700241983
901.000000 0.135300055 0.060965776 -0.882864416 -0.029362760 0.708896816 0.069961928 0.701219261
902.000000 0.125289395 0.063347645 -0.893332720 -0.029029269 0.702628970 0.069328681 0.707575679
903.000000 0.119110428 0.074736692 -0.868643463 -0.026413385 0.703073025 0.067563176 0.707407832
904.000000 0.110055968 0.062365856 -0.851108372 -0.030458046 0.702210367 0.066159695 0.708234251
905.000000 0.104399435 0.063942045 -0.853417873 -0.030491978 0.697587788 0.064213090 0.712964416
906.000000 0.096688434 0.063204356 -0.857988179 -0.030479291 0.692828953 0.063334920 0.717668295
907.000000 0.086590193 0.065660492 -0.852556765 -0.030238159 0.689862072 0.062828854 0.720575154
908.000000 0.078294903 0.063433871 -0.852541983 -0.031297468 0.686175048 0.062684983 0.724054456
909.000000 0.067485541 0.069066800 -0.845455289 -0.030267911 0.684400678 0.061046321 0.725915194
910.000000 0.062055521 0.063090257 -0.854116321 -0.030840397 0.679826438 0.061768513 0.730116129
911.000000 0.054158788 0.069527470 -0.851126134 -0.029994287 0.677326858 0.059980277 0.732619286
912.000000 0.049614761 0.067864373 -0.853843331 -0.029988009 0.673792243 0.059600834 0.735902488
913.000000 0.040754791 0.062494658 -0.855963051 -0.031013355 0.670583487 0.059076045 0.738827467
914.000000 0.033595592 0.067596011 -0.855291009 -0.029458990 0.667827725 0.057463799 0.741509378
915.000000 0.030394636 0.066327177 -0.865983784 -0.029959574 0.663114965 0.056525495 0.745778680
916.000000 0.020281650 0.063846655 -0.861372054 -0.030052850 0.661057651 0.057841673 0.747498453
917.000000 0.010401107 0.066302381 -0.850913644 -0.029469576 0.660321057 0.058166645 0.748147249
918.000000 0.005183741 0.065950364 -0.853623986 -0.029438246 0.657463551 0.057863619 0.750684261
919.000000 0.001573384 0.065333501 -0.858908057 -0.028846838 0.654194593 0.057145316 0.753612459
920.000000 -0.007130817 0.060987018 -0.852142394 -0.028223110 0.653296590 0.057999123 0.754349470
921.000000 -0.014845654 0.070280120 -0.841303408 -0.025256863 0.653458118 0.054990925 0.754539967
922.000000 -0.017266005 0.065965779 -0.849796474 -0.023619935 0.650115490 0.054624412 0.757501245
923.000000 -0.022745833 0.068859361 -0.846244693 -0.020890875 0.649311781 0.053040158 0.758382797
924.000000 -0.026661843 0.067902885 -0.846742928 -0.019128701 0.647951841 0.053075664 0.759589016
925.000000 -0.028523803 0.065774649 -0.847517431 -0.019659845 0.646316588 0.052459493 0.761010051
926.000000 -0.030210808 0.063773021 -0.855563700 -0.019382652 0.643196702 0.051679365 0.763709128
927.000000 -0.034822226 0.063170552 -0.850253940 -0.018402401 0.642611623 0.049835972 0.764348090
928.000000 -0.043849155 0.069027089 -0.839147449 -0.015667688 0.643096924 0.047139343 0.764171958
929.000000 -0.046417102 0.065105297 -0.839193523 -0.014419793 0.641487658 0.046703346 0.765574634
930.000000 -0.047737524 0.063512340 -0.834822237 -0.013407726 0.641314805 0.045363326 0.765818298
931.000000 -0.042558417 0.051176924 -0.852622449 -0.015121557 0.637655556 0.045481969 0.768829048
932.000000 -0.050069258 0.063174501 -0.841897666 -0.011548067 0.639433086 0.042182881 0.767601848
933.000000 -0.047847375 0.056286976 -0.848074079 -0.011191828 0.637925625 0.041257042 0.768910587
934.000000 -0.053162724 0.058707085 -0.836570919 -0.008154528 0.640116632 0.039323565 0.767227411
935.000000 -0.054258138 0.050646231 -0.842008829 -0.007317279 0.639281988 0.039473861 0.767923713
936.000000 -0.055970207 0.050956089 -0.841166377 -0.006273642 0.639494300 0.038315415 0.767814815
937.000000 -0.055505320 0.053826049 -0.843412757 -0.004598335 0.638998508 0.036926240 0.768307388
938.000000 -0.056118786 0.058155667 -0.837191641 -0.003287472 0.640489042 0.035057399 0.767159641
939.000000 -0.053366035 0.054061461 -0.845558345 -0.003292858 0.639344633 0.035112083 0.768111169
940.000000 -0.057468742 0.055537425 -0.833753288 -0.002060397 0.642381549 0.033748269 0.765638769
941.000000 -0.046472222 0.044717170 -0.856682062 -0.003068373 0.638965905 0.033933122 0.768480122
942.000000 -0.058650419 0.051724717 -0.837710738 -0.000195225 0.643362463 0.031520963 0.764912546
943.000000 -0.058518842 0.053625572 -0.838385046 0.000988369 0.643822670 0.029494844 0.764605403
944.000000 -0.051648587 0.048824128 -0.847258866 0.001688993 0.642646730 0.028729336 0.765621960
945.000000 -0.056279957 0.052723911 -0.840374529 0.003603969 0.644404471 0.026836054 0.764205337
946.000000 -0.051190704 0.041554026 -0.845636249 0.003463917 0.644079685 0.028201500 0.764430583
947.000000 -0.052921697 0.045701571 -0.844621658 0.005063861 0.645140052 0.025836613 0.763610601
948.000000 -0.060920104 0.054283053 -0.829073787 0.008118609 0.648930848 0.023303004 0.760447085
949.000000 -0.057432428 0.047289930 -0.841090739 0.008241908 0.647328675 0.023642378 0.761799693
950.000000 -0.047934279 0.034873188 -0.851450980 0.006718370 0.645529807 0.024869479 0.763300478
951.000000 -0.049169913 0.040175483 -0.846555352 0.008617969 0.646808267 0.022222459 0.762280107
952.000000 -0.051233739 0.043742314 -0.843950748 0.010006447 0.647771418 0.020706372 0.761487544
953.000000 -0.048395216 0.033361536 -0.850533843 0.009573692 0.646902621 0.022690332 0.762174845
954.000000 -0.049885869 0.041903794 -0.844612896 0.011814883 0.648286343 0.020357892 0.761032701
955.000000 -0.053375304 0.041383829 -0.842826843 0.013067364 0.649302423 0.020317269 0.760146558
956.000000 -0.050003543 0.039318666 -0.844373941 0.013521166 0.649380744 0.020505521 0.760066688
957.000000 -0.046531260 0.040003337 -0.853900254 0.014318696 0.648183525 0.020156883 0.761082649
958.000000 -0.048590451 0.040137533 -0.850996077 0.015674369 0.649094462 0.020779487 0.760262430
959.000000 -0.045479521 0.037216969 -0.853859007 0.016322413 0.648972213 0.022071950 0.760316730
960.000000 -0.045701697 0.041655596 -0.856576622 0.017414825 0.648952484 0.021132510 0.760335982
961.000000 -0.043966144 0.033662423 -0.854029715 0.017515659 0.649936676 0.023344250 0.759427786
962.000000 -0.044522345 0.040665593 -0.849301636 0.019818423 0.651381731 0.022751285 0.758150041
963.000000 -0.042412259 0.039947677 -0.850486636 0.020168046 0.651747525 0.022570638 0.757831752
964.000000 -0.041554794 0.036311049 -0.849989235 0.020803019 0.652671218 0.023229048 0.756999314
965.000000 -0.036995620 0.032890525 -0.861757994 0.020894445 0.651369870 0.023580132 0.758105993
