0.000000 0.000000000 0.000000000 0.000000000 0.000000000 0.000000000 0.000000000 1.000000000
1.000000 -0.001132834 0.000347408 0.000212727 0.001798266 -0.000382618 0.000474105 0.999998212
2.000000 -0.000962038 0.000124824 -0.000014267 0.002330993 -0.000553427 0.000453787 0.999997020
3.000000 -0.002551367 0.001299080 -0.001018016 0.000557862 -0.000465458 0.000354421 0.999999642
4.000000 -0.001903118 0.003876930 -0.000742023 0.000928464 -0.000026031 -0.000025668 0.999999583
5.000000 0.000655430 0.001770759 -0.000475853 0.000314402 -0.000126579 -0.000415648 0.999999881
6.000000 -0.000266851 0.000679058 -0.001282749 -0.001188944 0.000237004 -0.000713219 0.999998987
7.000000 -0.002473977 0.002100079 -0.000093215 -0.001708720 0.000915589 -0.000256814 0.999998093
8.000000 -0.003449043 0.001743187 -0.000813872 -0.000999563 0.000971841 -0.000379920 0.999998927
9.000000 -0.003658118 0.003078633 -0.001081064 -0.000390233 0.001053821 -0.000438723 0.999999285
10.000000 -0.002661293 0.000873076 -0.000785820 -0.001526948 0.000844913 -0.000299885 0.999998450
11.000000 0.001629439 0.000095537 0.000277998 -0.001249127 -0.000110732 -0.000239022 0.999999166
12.000000 -0.000570916 -0.000371853 0.000606373 -0.000155138 0.000387500 -0.000042732 0.999999881
13.000000 -0.001164342 -0.000484270 0.000166907 0.000862977 0.000447483 0.000548952 0.999999344
14.000000 -0.004880468 0.000454531 0.000501779 0.001751082 0.001078142 0.001053261 0.999997318
15.000000 0.000896846 -0.000104182 0.000873282 0.002352182 -0.000618735 0.001051092 0.999996483
16.000000 0.000959384 0.001426540 0.000473091 0.002943719 -0.000737098 0.001224986 0.999994636
17.000000 0.000770930 0.001963308 -0.000085224 0.003192371 -0.001009720 0.001109740 0.999993801
18.000000 -0.000504508 0.001195792 0.000402704 0.002544181 -0.000848942 0.000491375 0.999996305
19.000000 -0.002369094 0.002520990 0.000539832 0.002499343 -0.000308378 -0.000504990 0.999996722
20.000000 -0.000656370 0.000159170 -0.000122043 0.001075075 -0.000516877 -0.001193124 0.999998569
21.000000 -0.000417311 0.001470274 0.000093491 0.000888997 -0.000491088 -0.001579206 0.999998212
22.000000 -0.002150038 0.000641761 -0.000487249 0.000445249 -0.000109941 -0.001862757 0.999998152
23.000000 -0.003545450 -0.000305086 -0.000435588 -0.000295994 0.000102149 -0.002178694 0.999997556
24.000000 -0.003063961 -0.002113913 -0.000180422 -0.000865992 -0.000113850 -0.002343556 0.999996841
25.000000 -0.004696710 0.000115423 -0.000405282 -0.000233167 -0.000263532 -0.002417187 0.999997020
26.000000 -0.003397619 0.002225007 -0.000488727 0.000607261 -0.000626929 -0.002440000 0.999996662
27.000000 -0.002767497 0.002174302 -0.000551023 0.000671079 -0.000729227 -0.002957507 0.999995112
28.000000 -0.001701249 0.001007397 0.000700052 0.000197915 -0.000905843 -0.003147742 0.999994636
29.000000 -0.003859363 -0.000110746 0.000458425 -0.000016797 -0.000474197 -0.003372731 0.999994218
30.000000 -0.002213559 -0.001496728 0.000301142 0.000083275 -0.000713691 -0.003924522 0.999992013
31.000000 -0.004308332 0.001726348 -0.000013282 0.000827617 -0.000089413 -0.003742028 0.999992669
32.000000 -0.005367136 0.001182732 0.000692378 -0.000107278 0.000065653 -0.004182043 0.999991238
33.000000 -0.003229046 0.004108715 -0.000029371 0.000738717 -0.000551146 -0.004427674 0.999989748
34.000000 -0.001669823 0.007616234 -0.001059716 0.001393255 -0.000716208 -0.004669476 0.999987841
35.000000 -0.007729653 0.000124548 0.000524732 -0.001142969 0.001218568 -0.005063714 0.999985754
36.000000 -0.004768318 0.004818473 0.000585709 -0.000346606 0.001407633 -0.005309103 0.999984860
37.000000 -0.004810551 0.002542736 0.000251840 -0.000875250 0.002321412 -0.005191001 0.999983430
38.000000 -0.005529394 0.003091253 -0.000532223 -0.001262108 0.003720553 -0.004906817 0.999980271
39.000000 -0.006277598 0.004323710 0.000360252 -0.002884337 0.004627579 -0.004027065 0.999976993
40.000000 -0.008123807 0.003569894 0.000578909 -0.003907024 0.005327960 -0.002972492 0.999973774
41.000000 -0.003077366 0.001470731 0.002307576 -0.003756794 0.004339215 -0.002316714 0.999980867
42.000000 -0.003621954 0.002756488 0.001809752 -0.003330607 0.004709753 -0.001479150 0.999982238
43.000000 -0.006430194 0.002260743 0.003247413 -0.003287243 0.005773825 -0.001178412 0.999977231
44.000000 -0.008386909 0.001600582 0.002806704 -0.002569756 0.006933301 -0.002031479 0.999970615
45.000000 -0.005795079 0.002051303 0.004534540 -0.002252616 0.007059175 -0.002927146 0.999968231
46.000000 -0.008914310 0.000995443 0.005049581 -0.003644524 0.008768688 -0.004155428 0.999946296
47.000000 -0.008785756 0.004858869 0.006218943 -0.003572631 0.009699151 -0.005682518 0.999930441
48.000000 -0.007693836 0.006881220 0.006260811 -0.003618165 0.009810818 -0.007462307 0.999917507
49.000000 -0.009096131 0.005591665 0.007884285 -0.005920961 0.010414969 -0.009434851 0.999883711
50.000000 -0.005950664 0.008147876 0.009696160 -0.006772543 0.010096405 -0.011492765 0.999860048
51.000000 -0.004934337 0.005227500 0.011323306 -0.008118099 0.009739138 -0.012830261 0.999837279
52.000000 -0.006440609 0.006820374 0.012856629 -0.008406636 0.009754706 -0.013782742 0.999822080
53.000000 -0.007344766 0.006650578 0.015042465 -0.009980616 0.009836608 -0.014996150 0.999789357
54.000000 -0.006510857 0.005520292 0.017751167 -0.011766687 0.009413158 -0.015860654 0.999760687
55.000000 -0.003039779 0.009298564 0.019856276 -0.011422246 0.007510063 -0.016599499 0.999768734
56.000000 -0.003236374 0.008048236 0.022209100 -0.011686747 0.005781179 -0.017286271 0.999765575
57.000000 -0.002987822 0.003888336 0.024571814 -0.012512739 0.004456592 -0.018630447 0.999738216
58.000000 -0.001186287 0.006268777 0.027270449 -0.010079817 0.002512873 -0.020160535 0.999742806
59.000000 -0.003086091 0.009821882 0.028736655 -0.007931004 0.001732529 -0.022661760 0.999710262
60.000000 0.000710544 0.006333573 0.033864364 -0.008920053 -0.000364211 -0.024915440 0.999649704
61.000000 0.000869457 0.007578913 0.036070790 -0.008171698 -0.001811811 -0.027391672 0.999589741
62.000000 -0.000336820 0.010557452 0.037597809 -0.006981676 -0.003373278 -0.029445238 0.999536276
63.000000 0.003853039 0.007408408 0.041610137 -0.007726505 -0.006579658 -0.031635478 0.999447942
64.000000 0.007696525 0.011203696 0.044523790 -0.006560690 -0.009837437 -0.034229949 0.999344051
65.000000 0.009299235 0.011637199 0.047378875 -0.006966339 -0.012580120 -0.037691791 0.999185920
66.000000 0.012922019 0.005850455 0.050779086 -0.009455757 -0.015693966 -0.040481634 0.999012291
67.000000 0.009238198 0.008073126 0.052616797 -0.007064521 -0.016953053 -0.044113129 0.998857737
68.000000 0.011164106 0.007400844 0.055672407 -0.005583686 -0.019958161 -0.047402006 0.998660862
69.000000 0.013457334 0.009032132 0.058200981 -0.004861570 -0.023108002 -0.049568158 0.998491585
70.000000 0.012670984 0.006598966 0.061308883 -0.005930311 -0.025727088 -0.051285051 0.998335004
71.000000 0.015743013 0.009546485 0.064479962 -0.004651593 -0.029480208 -0.052375752 0.998181403
72.000000 0.015731405 0.010205637 0.066763468 -0.004949684 -0.032012455 -0.053363226 0.998049617
73.000000 0.017484337 0.008228088 0.069044881 -0.005987703 -0.035666559 -0.055025760 0.997829735
74.000000 0.018188648 0.009450114 0.072227418 -0.004672342 -0.039057758 -0.057113018 0.997592509
75.000000 0.018432621 0.009587812 0.074522048 -0.003506725 -0.042777613 -0.060040142 0.997272730
76.000000 0.022941841 0.010604590 0.076276518 -0.003840038 -0.047224831 -0.062817536 0.996899724
77.000000 0.028391089 0.008153242 0.080782250 -0.005718085 -0.052036200 -0.066321850 0.996424079
78.000000 0.029582549 0.010450374 0.082731076 -0.004936717 -0.055007711 -0.069395483 0.996059239
79.000000 0.027862169 0.012869979 0.084108129 -0.004022552 -0.057933193 -0.072368287 0.995685875
80.000000 0.027403891 0.010630541 0.086458698 -0.005361333 -0.062160149 -0.075381339 0.995200992
81.000000 0.031957865 0.009030602 0.090031974 -0.006347456 -0.067462243 -0.078989133 0.994569898
82.000000 0.029391937 0.009535192 0.092371702 -0.007171379 -0.071218200 -0.082157314 0.994045615
83.000000 0.029841302 0.012731353 0.094703026 -0.008259669 -0.075232081 -0.084804446 0.993519068
84.000000 0.033361904 0.008866400 0.098234914 -0.010935951 -0.080425180 -0.087233260 0.992875874
85.000000 0.030846436 0.009504441 0.100472584 -0.011443779 -0.084103234 -0.089623079 0.992352486
86.000000 0.033130113 0.010433028 0.103466004 -0.011387333 -0.089257739 -0.092498146 0.991638780
87.000000 0.033218332 0.012341228 0.105498850 -0.010802984 -0.093339287 -0.094793946 0.991052568
88.000000 0.033641838 0.007676482 0.108988747 -0.012184020 -0.097107686 -0.097748622 0.990387201
89.000000 0.034691896 0.010466147 0.112115182 -0.011001611 -0.100634828 -0.100438058 0.989779651
90.000000 0.037072659 0.008580784 0.115906015 -0.010632796 -0.104937993 -0.104013547 0.988967240
91.000000 0.040194698 0.008654607 0.118909001 -0.010636408 -0.108935520 -0.107084282 0.988206923
92.000000 0.039753065 0.012390453 0.121129997 -0.010058776 -0.112072691 -0.108821772 0.987672210
93.000000 0.040489510 0.011227394 0.124370165 -0.011345767 -0.116108492 -0.109865904 0.987076283
94.000000 0.046241000 0.011465829 0.129185900 -0.011669593 -0.121850565 -0.111658417 0.986178815
95.000000 0.044953652 0.008756984 0.131648406 -0.013541808 -0.126385584 -0.113417469 0.985383093
96.000000 0.045494135 0.010845283 0.134614006 -0.013496861 -0.131300613 -0.116548501 0.984375179
97.000000 0.044433344 0.012737161 0.137278378 -0.011575208 -0.135256991 -0.119869083 0.983464777
98.000000 0.045992702 0.010680983 0.141819552 -0.011568584 -0.139967144 -0.123046733 0.982412755
99.000000 0.044602256 0.009310736 0.143404663 -0.011516989 -0.143858001 -0.126434565 0.981420636
100.000000 0.045272946 0.006558359 0.147272632 -0.009608296 -0.148369536 -0.128689781 0.980475962
101.000000 0.047327742 0.005445022 0.151350170 -0.007485054 -0.153187171 -0.130959213 0.979452550
102.000000 0.047608230 0.008971917 0.153911203 -0.004775321 -0.157720923 -0.132839292 0.978496313
103.000000 0.048443321 0.005756915 0.157301232 -0.002487603 -0.162792861 -0.134498432 0.977446914
104.000000 0.049634509 0.010277426 0.159013093 0.001015935 -0.167121664 -0.136717007 0.976410627
105.000000 0.046946913 0.004625909 0.163903236 0.001852048 -0.170525759 -0.138106957 0.975624919
106.000000 0.047479101 0.006938212 0.164509475 0.004877723 -0.174504623 -0.139160976 0.974760771
107.000000 0.047926240 0.002209079 0.168730587 0.004898464 -0.178954691 -0.140355289 0.973782122
108.000000 0.049331546 0.003866794 0.169803172 0.007315513 -0.183505461 -0.141762912 0.972715557
109.000000 0.050873861 0.005716083 0.173209161 0.010613184 -0.189000741 -0.141807944 0.971625745
110.000000 0.050597511 0.001140450 0.176582545 0.011903369 -0.195145100 -0.141537845 0.970434844
111.000000 0.056255307 -0.000752836 0.181719095 0.013771821 -0.202927709 -0.141342551 0.968841016
112.000000 0.054618742 -0.000029909 0.181777745 0.015878389 -0.208326921 -0.141513586 0.967637181
113.000000 0.055365898 -0.000592079 0.185055107 0.018260267 -0.214752451 -0.141634673 0.966171622
114.000000 0.056803059 -0.001915947 0.186480030 0.019494744 -0.220924243 -0.142190143 0.964673221
115.000000 0.055554986 -0.001479737 0.190032557 0.021190107 -0.226268485 -0.143264025 0.963238776
116.000000 0.055608056 0.000544871 0.192962497 0.023358427 -0.231646091 -0.143399730 0.961889267
117.000000 0.056203589 -0.001936993 0.196614236 0.023788724 -0.238637343 -0.143539354 0.960147262
118.000000 0.056676909 0.000854689 0.198011428 0.026209513 -0.245583609 -0.143508211 0.958335638
119.000000 0.056792729 -0.000622300 0.201498300 0.027690396 -0.251996845 -0.144129127 0.956534147
120.000000 0.054408036 -0.004085480 0.201099157 0.027968017 -0.257771254 -0.144786999 0.954886675
121.000000 0.055288620 -0.000778913 0.206105411 0.030314811 -0.264727205 -0.146401092 0.952663243
122.000000 0.057543397 0.001611487 0.212696239 0.032196902 -0.272128612 -0.147434101 0.950353861
123.000000 0.057107061 -0.002286949 0.214611441 0.032470528 -0.278362155 -0.147998720 0.948449552
124.000000 0.059374206 -0.003870808 0.220619082 0.033582699 -0.285970062 -0.148499653 0.946066141
125.000000 0.059865415 -0.002631993 0.224450856 0.035635009 -0.292575538 -0.149362907 0.943832815
126.000000 0.061068863 -0.005384613 0.229311407 0.035897337 -0.299117744 -0.150907174 0.941523731
127.000000 0.061660394 -0.004136529 0.231497452 0.037311964 -0.305192113 -0.152646571 0.939236164
128.000000 0.059247032 -0.005230140 0.231575072 0.038550634 -0.310275853 -0.153682813 0.937349617
129.000000 0.060809523 -0.003938419 0.236724421 0.039222993 -0.316246897 -0.154771805 0.935144484
130.000000 0.060855649 -0.004528715 0.238056242 0.038066059 -0.321814597 -0.155605152 0.933152378
131.000000 0.061137013 -0.005972956 0.242184609 0.037272301 -0.328352869 -0.156587169 0.930739284
132.000000 0.061840676 -0.006743594 0.243803307 0.037236352 -0.334486812 -0.157297999 0.928433836
133.000000 0.061383888 -0.004634915 0.246244699 0.037361186 -0.340512544 -0.159262389 0.925899982
134.000000 0.061170220 -0.006159792 0.247637838 0.038055297 -0.346685916 -0.161075532 0.923263431
135.000000 0.063359179 -0.002050302 0.249775141 0.039627511 -0.353595078 -0.162226766 0.920370936
136.000000 0.063954048 0.000303200 0.252502829 0.039273601 -0.360634327 -0.163410604 0.917440712
137.000000 0.065194562 -0.003465392 0.254461616 0.037406906 -0.367390364 -0.163402200 0.914835930
138.000000 0.064394489 -0.001027485 0.256177485 0.038004808 -0.374248534 -0.163127005 0.912076354
139.000000 0.068265490 -0.002148516 0.264224410 0.038081340 -0.383788049 -0.161664501 0.908361793
140.000000 0.065822691 -0.004765877 0.266939223 0.034901220 -0.398433685 -0.160996288 0.902281940
141.000000 0.067957520 -0.002237734 0.269584239 0.035154145 -0.406761765 -0.159764588 0.898768187
142.000000 0.068404667 -0.000177309 0.272626698 0.034339719 -0.414755672 -0.158579826 0.895349622
143.000000 0.067513943 -0.002032465 0.275095135 0.032485876 -0.422104597 -0.157186896 0.892224550
144.000000 0.066517130 -0.003439867 0.276240766 0.031760976 -0.428839624 -0.156272992 0.889194310
145.000000 0.063967094 -0.002601497 0.274222851 0.032439161 -0.435273290 -0.155026406 0.886257112
146.000000 0.065665416 -0.003032871 0.277544111 0.033634651 -0.443139285 -0.154140726 0.882460713
147.000000 0.063120544 -0.001371529 0.278123289 0.033776764 -0.449287057 -0.154359490 0.879302800
148.000000 0.062308274 -0.000666226 0.278039575 0.033144645 -0.455959648 -0.154167235 0.875919342
149.000000 0.062344767 0.001838185 0.282406926 0.033270612 -0.463210166 -0.154317558 0.872075379
150.000000 0.060944825 -0.001560500 0.285549074 0.032389242 -0.469819665 -0.154657081 0.868505359
151.000000 0.061704963 0.001642651 0.287786335 0.033066913 -0.476302117 -0.153908417 0.865075171
152.000000 0.058571026 -0.000854172 0.289158970 0.032846346 -0.483047098 -0.153357521 0.861433685
153.000000 0.058151640 -0.000700538 0.293052912 0.033788063 -0.489854544 -0.153224736 0.857568145
154.000000 0.054420210 -0.000928931 0.291653842 0.033827920 -0.494962245 -0.152866572 0.854692876
155.000000 0.052862592 0.001791513 0.299179941 0.034186956 -0.505529165 -0.151883140 0.848647773
156.000000 0.051137209 -0.001121407 0.301944137 0.032616317 -0.511441112 -0.151548564 0.845220208
157.000000 0.048915669 0.000683056 0.301925778 0.032609418 -0.516907573 -0.151092932 0.841970384
158.000000 0.046913192 -0.001030122 0.307875186 0.031577628 -0.523500383 -0.151842013 0.837791264
159.000000 0.046459965 -0.000293812 0.309047967 0.031267021 -0.529198468 -0.152262345 0.834138811
160.000000 0.045235641 0.003510324 0.310779691 0.032800935 -0.534846723 -0.152691245 0.830390573
161.000000 0.042389423 0.000954932 0.312732935 0.032172404 -0.539932013 -0.154670253 0.826749980
162.000000 0.041046835 0.001888607 0.311475039 0.031164918 -0.544784427 -0.155697405 0.823405743
163.000000 0.037831053 -0.000633252 0.316144854 0.030291546 -0.551063836 -0.156180248 0.819157362
164.000000 0.039540410 0.001873369 0.319082469 0.030465448 -0.557479262 -0.157043934 0.814632356
165.000000 0.036842428 0.005101891 0.316406995 0.029578771 -0.562445581 -0.156579033 0.811334133
166.000000 0.036669724 0.002024373 0.320753366 0.028718924 -0.568748832 -0.156666681 0.806942105
167.000000 0.033816583 0.002604774 0.316786885 0.028786361 -0.573283494 -0.155962408 0.803861380
168.000000 0.032368131 0.003489114 0.322724849 0.027960295 -0.578945339 -0.156571671 0.799703598
169.000000 0.029050767 0.000775014 0.327781469 0.027223799 -0.584631503 -0.156525686 0.795590699
170.000000 0.029270463 0.001770246 0.328432411 0.027322400 -0.590033650 -0.155889019 0.791714847
171.000000 0.027053408 0.002258033 0.328106612 0.025908971 -0.595044971 -0.155969411 0.787987113
172.000000 0.025493883 -0.000238895 0.332672507 0.023235336 -0.600712121 -0.155676827 0.783817470
173.000000 0.025529705 0.000433977 0.332192481 0.021408401 -0.605860174 -0.153847799 0.780260205
174.000000 0.023630492 0.000511305 0.332023025 0.019594595 -0.611623466 -0.152170345 0.776129484
175.000000 0.024096619 -0.000512637 0.332568318 0.017602004 -0.617092371 -0.151096702 0.772047281
176.000000 0.022169996 0.003840442 0.330587327 0.015977450 -0.622785151 -0.147992179 0.768102646
177.000000 0.021883063 0.000997331 0.332459450 0.013576641 -0.629219770 -0.146952495 0.763087869
178.000000 0.020834226 0.002489559 0.335560560 0.012090153 -0.635661840 -0.145205125 0.758091927
179.000000 0.020816412 0.001199045 0.336470455 0.010669296 -0.641895890 -0.143399209 0.753188252
180.000000 0.019338202 0.004486507 0.334006697 0.009032578 -0.647572875 -0.140820175 0.748824060
181.000000 0.020346366 0.004488483 0.336593181 0.007204998 -0.653962672 -0.138782352 0.743653417
182.000000 0.018578375 0.004261003 0.336205304 0.006376964 -0.660206020 -0.136872515 0.738480389
183.000000 0.017774250 0.007285842 0.335082203 0.004360610 -0.673477650 -0.132667154 0.727192044
184.000000 0.017821398 0.006474293 0.336711079 0.004907203 -0.680796802 -0.131080747 0.720631301
185.000000 0.017935952 0.005834227 0.333541811 0.004702833 -0.686906934 -0.130141258 0.714982569
186.000000 0.015593767 0.002928896 0.339573264 0.003223078 -0.694224238 -0.130389646 0.707842410
187.000000 0.016475014 0.008528833 0.331270963 0.003429942 -0.699079454 -0.129595160 0.703193605
188.000000 0.017914120 0.007424287 0.336112112 0.001928011 -0.705667734 -0.130860686 0.696351051
189.000000 0.014903125 0.006907769 0.337426275 0.000271208 -0.711808205 -0.132431969 0.689775944
190.000000 0.018497784 0.010007252 0.335156143 0.001806136 -0.717426419 -0.132513285 0.683912516
191.000000 0.017248802 0.008425540 0.339837968 0.003488987 -0.724082530 -0.132885754 0.676781833
192.000000 0.017976156 0.013542075 0.335398793 0.004377110 -0.728773832 -0.132906094 0.671718419
193.000000 0.017619699 0.011090595 0.337190151 0.003130795 -0.734322131 -0.133535534 0.665529490
194.000000 0.017633259 0.007496340 0.337748230 0.002420760 -0.739520073 -0.133896321 0.659678638
195.000000 0.020282432 0.008063403 0.336948335 0.002062846 -0.744159102 -0.133441910 0.654535174
196.000000 0.019200597 0.007242061 0.339255065 0.001088963 -0.749184430 -0.132955328 0.648879409
197.000000 0.017661437 0.004718288 0.343247592 -0.000409155 -0.754590452 -0.133053511 0.642565072
198.000000 0.017363884 0.010492738 0.343824714 0.000175977 -0.759272158 -0.131547645 0.637338996
199.000000 0.021167018 0.012911800 0.339093566 0.000406258 -0.762889206 -0.130426228 0.633236825
200.000000 0.019501563 0.008682929 0.350447685 -0.001888272 -0.768690288 -0.129849344 0.626299322
201.000000 0.020112135 0.011744119 0.355590880 -0.002196307 -0.773623586 -0.128504172 0.620474398
202.000000 0.019278370 0.012872977 0.365600377 -0.002524406 -0.779009581 -0.127057239 0.613998532
203.000000 0.016239360 0.008786436 0.368195146 -0.003247396 -0.783534050 -0.126375496 0.608352780
204.000000 0.018782735 0.006853804 0.352195501 -0.004330187 -0.785528123 -0.124827817 0.606089830
205.000000 0.016601875 -0.002430765 0.353607714 -0.005449713 -0.789504826 -0.125211328 0.600811660
206.000000 0.018847875 0.006574301 0.358415395 -0.004637307 -0.794193447 -0.121168576 0.595443964
207.000000 0.019077361 0.002173204 0.335853428 -0.005495986 -0.795424402 -0.119281739 0.594173133
208.000000 0.017711423 0.005955564 0.351892263 -0.005563569 -0.801041842 -0.115879759 0.587258816
209.000000 0.017911851 0.010832950 0.364923000 -0.005963635 -0.806133091 -0.113559626 0.580704808
210.000000 0.021069467 0.016925350 0.350032717 -0.006544526 -0.807680488 -0.111604810 0.578924656
211.000000 0.007706270 -0.012260655 0.366056204 -0.011166464 -0.812912285 -0.114542715 0.570901871
212.000000 0.005768068 -0.012297152 0.367391557 -0.012014995 -0.816518366 -0.112635680 0.566097736
213.000000 0.015352160 0.002952851 0.375377327 -0.011001798 -0.820160985 -0.108735397 0.561597288
214.000000 0.009979770 -0.012967916 0.369289577 -0.013584161 -0.822235584 -0.110108025 0.558229625
215.000000 0.012202896 -0.009375799 0.363408804 -0.013970404 -0.824448168 -0.107264906 0.555503666
216.000000 0.011575945 -0.012907267 0.365377128 -0.014194714 -0.827555120 -0.106204070 0.551064312
217.000000 0.019208699 0.003404764 0.336098015 -0.012969514 -0.827225268 -0.101449534 0.552483559
218.000000 0.012864336 0.002976799 0.370236665 -0.012846648 -0.834014297 -0.098998554 0.542636633
219.000000 -0.035349041 -0.047613125 0.503541946 -0.017879857 -0.851977527 -0.103903420 0.512853444
220.000000 -0.033223853 -0.048806861 0.502960980 -0.017272295 -0.854414999 -0.101754203 0.509237289
221.000000 -0.034410611 -0.048338138 0.502696037 -0.016025212 -0.856917083 -0.099743612 0.505457699
222.000000 -0.037206382 -0.046184320 0.503308594 -0.014815397 -0.859266162 -0.096828781 0.502062142
223.000000 -0.034774140 -0.044447895 0.499884427 0.014286382 0.861039221 0.094114907 -0.499549478
224.000000 -0.036493018 -0.048881784 0.500635087 0.014987317 0.863356709 0.092211835 -0.495870441
225.000000 -0.038411066 -0.046076395 0.500524223 0.014388110 0.865886927 0.088913992 -0.492064178
226.000000 -0.037437141 -0.045416906 0.500889957 0.014080175 0.868333578 0.086368635 -0.488199800
227.000000 -0.038837656 -0.047047824 0.500018239 0.013318582 0.870568931 0.084128752 -0.484618068
228.000000 -0.038535923 -0.046135843 0.497612238 0.013218911 0.872246385 0.080941409 -0.482141048
229.000000 -0.035092473 -0.048271742 0.494022191 0.013773636 0.873444259 0.079077967 -0.480262518
230.000000 -0.039464310 -0.044797640 0.494411647 0.013894514 0.875459194 0.075982854 -0.477079362
231.000000 -0.040463597 -0.047122292 0.494028926 0.013703380 0.877143145 0.073858738 -0.474317402
232.000000 -0.038796842 -0.048331860 0.490695298 0.012857472 0.878539979 0.071191691 -0.472158819
233.000000 -0.043042555 -0.052810512 0.494977295 0.012330769 0.880383313 0.068812340 -0.469082087
234.000000 -0.046549484 -0.047646761 0.492454350 0.010186925 0.881562173 0.065844767 -0.467342317
235.000000 -0.045054629 -0.052101228 0.490366280 0.008845935 0.882270694 0.064555414 -0.466211081
236.000000 -0.044143647 -0.050401922 0.490263730 0.007442460 0.883124471 0.062051762 -0.464957356
237.000000 -0.046892196 -0.050106551 0.487511933 0.004482000 0.884813726 0.057633784 -0.462345034
238.000000 -0.050053209 -0.045192037 0.485534847 0.001927714 0.885776222 0.053939246 -0.460963458
239.000000 -0.053025320 -0.055140585 0.485578805 0.001226187 0.887081027 0.052034292 -0.458670050
240.000000 -0.049772337 -0.051897310 0.484266579 -0.001456348 0.887971640 0.047539175 -0.457432210
241.000000 -0.052396268 -0.055733908 0.483281136 -0.003001112 0.889045715 0.043763600 -0.455712050
242.000000 -0.047085956 -0.054455884 0.480101347 -0.005815933 0.889294922 0.039907116 -0.455552578
243.000000 -0.050795585 -0.057593420 0.477405995 -0.007312481 0.889934480 0.036628012 -0.454556376
244.000000 -0.051975340 -0.058302630 0.477787197 -0.007908972 0.890524864 0.033015396 -0.453666061
245.000000 -0.057564929 -0.054702625 0.479302466 -0.008687070 0.891525447 0.029717192 -0.451911241
246.000000 -0.051090881 -0.059781283 0.472844362 -0.007895891 0.891619265 0.026784748 -0.451924056
247.000000 -0.053307593 -0.063368782 0.472297370 -0.008339749 0.892459512 0.023600221 -0.450432569
248.000000 -0.052891284 -0.059351940 0.466938853 -0.010294823 0.892768443 0.019321267 -0.449983567
249.000000 -0.051423147 -0.062005423 0.466402113 -0.010505049 0.893322468 0.015922282 -0.449011296
250.000000 -0.055161953 -0.062398508 0.467426747 -0.011343284 0.894471228 0.012177012 -0.446815670
251.000000 -0.058080062 -0.070056766 0.463194638 -0.011567581 0.895440698 0.009078161 -0.444937944
252.000000 -0.059145674 -0.063732505 0.466263950 -0.014648508 0.896767437 0.004731473 -0.442234278
253.000000 -0.059176698 -0.065151326 0.462835848 -0.016348056 0.897776306 0.001314160 -0.440146297
254.000000 -0.066023439 -0.061844800 0.461719573 -0.019979909 0.899170339 -0.002604949 -0.437134624
255.000000 -0.064295948 -0.069602750 0.459057510 -0.020869190 0.900011539 -0.005481814 -0.435331583
256.000000 -0.070568308 -0.065251477 0.461798370 -0.023213284 0.901518345 -0.009972548 -0.432002783
257.000000 -0.061787710 -0.066541135 0.453639269 -0.025046280 0.901715755 -0.012534262 -0.431421191
258.000000 -0.061624095 -0.073136084 0.455142736 -0.025226718 0.902986050 -0.013949675 -0.428701818
259.000000 -0.067778066 -0.073788270 0.454855680 -0.026051173 0.904525518 -0.017078346 -0.425280213
260.000000 -0.068437234 -0.067805104 0.454126179 -0.028873028 0.905861616 -0.021232577 -0.422054797
261.000000 -0.072160900 -0.083868437 0.453947008 -0.027609838 0.907286406 -0.022132270 -0.419021666
262.000000 -0.062086925 -0.065996885 0.445372760 -0.032028113 0.907509744 -0.026272314 -0.417983294
263.000000 -0.071588561 -0.056121625 0.451561570 -0.034131382 0.909799755 -0.030106898 -0.412544608
264.000000 -0.072162092 -0.069288924 0.448318660 -0.033607740 0.911255240 -0.031581979 -0.409251690
265.000000 -0.073397368 -0.075903088 0.448282003 -0.034573626 0.912685573 -0.032864779 -0.405869067
266.000000 -0.082691699 -0.056145202 0.448270649 -0.038321387 0.914204538 -0.036539581 -0.401779115
267.000000 -0.071893856 -0.074618161 0.438559234 -0.036446761 0.914746046 -0.035953984 -0.400772482
268.000000 -0.081720889 -0.056765676 0.440679759 -0.040835772 0.916453719 -0.040283471 -0.396007955
269.000000 -0.078990191 -0.058174789 0.437124193 -0.042385146 0.917072475 -0.042518556 -0.394174784
270.000000 -0.074865282 -0.085821077 0.432047367 -0.038680047 0.917725384 -0.041138016 -0.393181473
271.000000 -0.078023851 -0.087722145 0.434140146 -0.038799450 0.919314861 -0.041619085 -0.389387488
272.000000 -0.080373496 -0.077724367 0.433450282 -0.040452808 0.920621514 -0.045215119 -0.385713816
273.000000 -0.078809381 -0.080509841 0.430708110 -0.040359270 0.921871364 -0.047216665 -0.382485211
274.000000 -0.083383098 -0.083408505 0.431135356 -0.040294603 0.923335671 -0.048039488 -0.378840089
275.000000 -0.083701566 -0.081518136 0.427985549 -0.041519642 0.924456716 -0.048895095 -0.375852585
276.000000 -0.082688838 -0.072960481 0.425983220 -0.043521672 0.925433815 -0.051547900 -0.372855157
277.000000 -0.081551939 -0.068854280 0.424628079 -0.045286346 0.926289380 -0.053862493 -0.370183647
278.000000 -0.084970802 -0.061655220 0.423958242 -0.047555573 0.927263319 -0.055454120 -0.367213935
279.000000 -0.087506011 -0.080485970 0.421594411 -0.043983277 0.928409219 -0.054232299 -0.364939243
280.000000 -0.083240867 -0.080601126 0.418858886 -0.045084838 0.929284155 -0.054099292 -0.362590104
281.000000 -0.084145620 -0.090784237 0.419324577 -0.043588735 0.930753708 -0.053910587 -0.359014243
282.000000 -0.089397177 -0.070434541 0.415192008 -0.046756651 0.931897640 -0.057404734 -0.355084896
283.000000 -0.090465114 -0.088145286 0.416564316 -0.043626115 0.933927417 -0.055184327 -0.350472510
284.000000 -0.092706680 -0.087238833 0.415793240 -0.043590240 0.935743451 -0.055336986 -0.345574796
285.000000 -0.088866577 -0.079712681 0.412151128 -0.045110360 0.937074780 -0.055932388 -0.341653943
286.000000 -0.086526498 -0.088684484 0.409669101 -0.041993666 0.938658595 -0.055195577 -0.337801814
287.000000 -0.077378541 -0.069809809 0.406083167 -0.043657620 0.939686954 -0.057642169 -0.334304929
288.000000 -0.104824767 -0.060045350 0.415155768 -0.043210927 0.942950666 -0.058065858 -0.324969679
289.000000 -0.096210957 -0.088478029 0.407519698 -0.036001984 0.944251895 -0.054846175 -0.322620660
290.000000 -0.088305831 -0.078974485 0.404182673 -0.035735700 0.945321560 -0.056949873 -0.319134384
291.000000 -0.088438869 -0.081518114 0.401656836 -0.034588099 0.946927428 -0.056152172 -0.314609289
292.000000 -0.094490185 -0.072282001 0.400539279 -0.034832396 0.948510885 -0.056061767 -0.309791774
293.000000 -0.067632481 -0.100659862 0.392158985 -0.028385032 0.948906779 -0.052276380 -0.309899002
294.000000 -0.067149311 -0.102110893 0.390684307 -0.026782503 0.950190783 -0.052705280 -0.306010365
295.000000 -0.071972802 -0.101148218 0.390363038 -0.026018240 0.951695502 -0.052985918 -0.301315844
296.000000 -0.068716973 -0.101399742 0.386045218 -0.025454631 0.952705801 -0.053052191 -0.298142970
297.000000 -0.070872337 -0.100706182 0.383915126 -0.025126236 0.954006076 -0.052121740 -0.294150263
298.000000 -0.069379032 -0.101566747 0.380443901 -0.024067856 0.955157340 -0.050761223 -0.290720642
299.000000 -0.072151303 -0.101301640 0.379503548 -0.022624176 0.956552982 -0.050052010 -0.286337942
300.000000 -0.079295933 -0.098313779 0.380328774 -0.021611035 0.958089709 -0.049337056 -0.281359166
301.000000 -0.084626943 -0.097943142 0.379052818 -0.019800972 0.959491670 -0.048313241 -0.276856512
302.000000 -0.085632205 -0.098901428 0.377218425 -0.018767491 0.960789561 -0.047357589 -0.272559196
303.000000 -0.092136428 -0.098310165 0.376429141 -0.018626388 0.962231636 -0.046365302 -0.267607242
304.000000 -0.089948460 -0.098082006 0.372735858 -0.018275330 0.963269830 -0.045238201 -0.264065802
305.000000 -0.096837923 -0.095765285 0.372294933 -0.019250741 0.964823723 -0.044740684 -0.258346438
306.000000 -0.095144764 -0.096643955 0.369876623 -0.019891579 0.965904891 -0.044644374 -0.254242033
307.000000 -0.097656086 -0.098665148 0.369891942 -0.020529561 0.967139542 -0.044098955 -0.249549523
308.000000 -0.091581747 -0.093959905 0.365428030 -0.021420900 0.967956185 -0.043549966 -0.246384680
309.000000 -0.102733187 -0.096892320 0.366312087 -0.021421976 0.969468951 -0.041916586 -0.240653306
310.000000 -0.107077286 -0.100804374 0.366209388 -0.021166520 0.970822215 -0.041158188 -0.235291809
311.000000 -0.107026458 -0.100589544 0.362592548 -0.020907810 0.971787989 -0.041181441 -0.231290117
312.000000 -0.105353832 -0.092639536 0.359504431 -0.020863099 0.972748637 -0.041794401 -0.227108106
313.000000 -0.103157155 -0.097312458 0.358253717 -0.018700754 0.974005997 -0.040976059 -0.221999168
314.000000 -0.109878473 -0.090035833 0.358166158 -0.018875334 0.975394607 -0.041386239 -0.215722740
315.000000 -0.108767934 -0.093184240 0.355613768 -0.017997166 0.976557553 -0.040089965 -0.210723251
316.000000 -0.115542650 -0.093810722 0.355242133 -0.018754555 0.977697790 -0.038485691 -0.205606803
317.000000 -0.119644247 -0.095895849 0.357576728 -0.017983990 0.978794694 -0.036170218 -0.200821415
318.000000 -0.117195949 -0.094573990 0.353379667 -0.017783958 0.979397535 -0.034623284 -0.198155016
319.000000 -0.130251467 -0.091137946 0.356437862 -0.016935069 0.980444491 -0.034418117 -0.193021119
320.000000 -0.122148991 -0.078934848 0.351625264 -0.016293818 0.980699480 -0.036060143 -0.191475108
321.000000 -0.120327964 -0.090609349 0.353697777 -0.014419764 0.981344283 -0.032922652 -0.188869163
322.000000 -0.135922581 -0.087556630 0.352019548 -0.014304290 0.982220113 -0.031920638 -0.184445322
323.000000 -0.133030504 -0.085896671 0.347670138 -0.012835288 0.982750833 -0.031332206 -0.181808501
324.000000 -0.129205018 -0.085520312 0.347378552 -0.012738762 0.983246744 -0.030346828 -0.179283783
325.000000 -0.134125620 -0.080989011 0.347650677 -0.011920988 0.983994961 -0.029812740 -0.175279781
326.000000 -0.142236724 -0.086106226 0.347067118 -0.011857332 0.984694421 -0.027603187 -0.171680853
327.000000 -0.142665848 -0.086164385 0.344844967 -0.011065465 0.985073388 -0.026617311 -0.169704035
328.000000 -0.142787099 -0.086468466 0.345127404 -0.010691979 0.985339403 -0.025403054 -0.168364406
329.000000 -0.142848790 -0.086443447 0.340955168 -0.009474222 0.985539377 -0.024262376 -0.167432651
330.000000 -0.142930180 -0.086547300 0.339287639 -0.008754247 0.985744178 -0.023040267 -0.166436091
331.000000 -0.142997652 -0.086509168 0.337631643 -0.008322921 0.985956371 -0.021649446 -0.165384561
332.000000 -0.142963454 -0.087014921 0.333214998 -0.008045708 0.986108780 -0.020084294 -0.164685622
333.000000 -0.143040299 -0.087120242 0.332562447 -0.008177679 0.986291766 -0.018830150 -0.163728818
334.000000 -0.143278599 -0.087087169 0.330474049 -0.008783818 0.986370265 -0.017462971 -0.163375407
335.000000 -0.143457741 -0.087396137 0.326862872 -0.008833842 0.986399770 -0.014431484 -0.163490623
336.000000 -0.143738508 -0.087636910 0.322404087 -0.008558795 0.986459255 -0.011944057 -0.163346931
337.000000 -0.143812254 -0.087796651 0.322109580 -0.008767679 0.986615896 -0.010127455 -0.162510484
338.000000 -0.144035965 -0.088014387 0.316918224 -0.008772818 0.986819565 -0.008413992 -0.161366954
339.000000 -0.144305333 -0.088242769 0.314885974 -0.007937580 0.987048030 -0.007635588 -0.160046458
340.000000 -0.144431263 -0.088476576 0.309902281 -0.007345287 0.987243593 -0.007839766 -0.158854231
341.000000 -0.144570038 -0.088571198 0.308510065 -0.007520325 0.987445593 -0.007765655 -0.157589048
342.000000 -0.144780070 -0.088784449 0.305328757 -0.008527607 0.987508595 -0.007333386 -0.157163054
343.000000 -0.144927531 -0.088872783 0.303068429 -0.007768211 0.987596750 -0.005869499 -0.156709477
344.000000 -0.145206526 -0.089252144 0.297478974 -0.007635749 0.987667739 -0.004643565 -0.156309173
345.000000 -0.145305574 -0.089335009 0.296196401 -0.007493319 0.987855673 -0.004405350 -0.155130997
346.000000 -0.145606115 -0.089631774 0.291313648 -0.007340961 0.987942815 -0.004565623 -0.154577598
347.000000 -0.143660605 -0.089719422 0.289617002 -0.007156281 0.987929463 -0.003988315 -0.154687479
348.000000 -0.149023503 -0.088909790 0.286247045 -0.006672035 0.988034308 -0.003309239 -0.154054359
349.000000 -0.147497594 -0.088571794 0.284020633 -0.005677689 0.987992406 -0.002328851 -0.154380634
350.000000 -0.148173049 -0.089233756 0.280550033 -0.004845521 0.988010526 -0.001175996 -0.154305756
351.000000 -0.148671865 -0.088507794 0.277314544 -0.003634227 0.988032699 0.000184732 -0.154201508
352.000000 -0.149322331 -0.089640945 0.274071664 -0.002934394 0.988083184 0.001481524 -0.153885469
353.000000 -0.148217708 -0.089028299 0.271843672 -0.002111983 0.988186717 0.002266844 -0.153223410
354.000000 -0.148702025 -0.090009458 0.268541485 -0.001443327 0.988305688 0.002283308 -0.152461693
355.000000 -0.148649305 -0.091645621 0.267121732 -0.000297687 0.988453567 0.002448522 -0.151504129
356.000000 -0.148922324 -0.089634672 0.264653683 0.001600219 0.988723040 0.001777174 -0.149736658
357.000000 -0.149627835 -0.090515658 0.260498285 0.002820832 0.989045203 0.000712227 -0.147584245
358.000000 -0.149708316 -0.090965062 0.259518683 0.002480752 0.989305973 -0.000034150 -0.145834014
359.000000 -0.149226621 -0.091825590 0.258040696 0.003518396 0.989589572 0.000629232 -0.143873975
360.000000 -0.149664149 -0.091956735 0.254387319 0.004726744 0.989988089 0.002501724 -0.141049474
361.000000 -0.150192663 -0.092768162 0.252810836 0.005434040 0.990495801 0.003370978 -0.137394235
362.000000 -0.153092265 -0.090190180 0.250751853 0.005813971 0.991111696 0.003251242 -0.132865384
363.000000 -0.178171486 -0.074149579 0.250713706 0.004672267 0.992129743 0.001716199 -0.125115141
364.000000 -0.170211285 -0.075826570 0.248529762 0.004834862 0.992458761 0.002643820 -0.122455053
365.000000 -0.165486351 -0.081931323 0.245695665 0.004544034 0.992791653 0.002635401 -0.119737871
366.000000 -0.176347256 -0.079684786 0.246439025 0.003788999 0.993416250 0.001201412 -0.114491515
367.000000 -0.171962425 -0.068434186 0.240416929 0.003284050 0.993806720 0.000474484 -0.111072719
368.000000 -0.155536130 -0.089051396 0.237521499 0.004176580 0.994025052 0.004638919 -0.108973622
369.000000 -0.170945436 -0.075242750 0.237662226 0.003346005 0.994804382 0.002830764 -0.101710603
370.000000 -0.168096483 -0.065612830 0.233833000 0.003372076 0.995259166 0.000983336 -0.097194828
371.000000 -0.164534837 -0.071290053 0.230205610 0.003877909 0.995665848 0.000493721 -0.092920668
372.000000 -0.172983408 -0.081222624 0.233117998 0.004700967 0.996271968 0.000762861 -0.086136296
373.000000 -0.175644159 -0.070160322 0.225624010 0.005077340 0.996696174 -0.003489880 -0.080986433
374.000000 -0.190892547 -0.073034883 0.228486300 0.004913492 0.997251213 -0.005242177 -0.073745079
375.000000 -0.176122993 -0.073707834 0.221299499 0.006186381 0.997354567 -0.006142848 -0.072165281
376.000000 -0.187319174 -0.075153708 0.223128021 0.007871068 0.997716427 -0.006306091 -0.066784695
377.000000 -0.182878926 -0.078381240 0.219541341 0.009278557 0.997871697 -0.008296941 -0.064008549
378.000000 -0.179408431 -0.070833392 0.217611000 0.009676514 0.998062372 -0.010857405 -0.060497753
379.000000 -0.178803071 -0.083896659 0.214017421 0.009901483 0.998327553 -0.008646325 -0.056297235
380.000000 -0.179561868 -0.069618411 0.209181681 0.009894021 0.998535872 -0.011688427 -0.051880937
381.000000 -0.180438221 -0.070936680 0.208970696 0.010607723 0.998688579 -0.011798337 -0.048676178
382.000000 -0.171686336 -0.068202242 0.205840781 0.012196549 0.998753428 -0.012502552 -0.046760209
383.000000 -0.178966820 -0.068081066 0.204846919 0.012856985 0.998955250 -0.013022039 -0.041875169
384.000000 -0.185259372 -0.069214292 0.200420350 0.014383494 0.999107182 -0.013566465 -0.037335388
385.000000 -0.185304061 -0.069273435 0.200192794 0.015477592 0.999196351 -0.014206854 -0.034135506
386.000000 -0.185288906 -0.069244906 0.200119615 0.015954906 0.999294639 -0.014513197 -0.030741325
387.000000 -0.185776919 -0.069643803 0.194324821 0.016355162 0.999375761 -0.015585206 -0.027160207
388.000000 -0.185537025 -0.070125706 0.189572006 0.016213479 0.999421716 -0.017225858 -0.024425043
389.000000 -0.185944080 -0.070330694 0.187136933 0.016373822 0.999459028 -0.018572152 -0.021648891
390.000000 -0.185147658 -0.072903268 0.184168473 0.016733119 0.999484479 -0.019280801 -0.019469401
391.000000 -0.185335934 -0.074340440 0.182697058 0.016584978 0.999494135 -0.020832811 -0.017387979
392.000000 -0.186436146 -0.071034856 0.178435892 0.016700294 0.999460936 -0.023240669 -0.016089190
393.000000 -0.186647132 -0.071204633 0.176521316 0.017527871 0.999434173 -0.024678679 -0.014665929
394.000000 -0.186977684 -0.071181253 0.172495931 0.018577700 0.999402463 -0.025995156 -0.013183407
395.000000 -0.186834276 -0.071459755 0.171171993 0.019006258 0.999364436 -0.027308544 -0.012793990
396.000000 -0.186953157 -0.071480170 0.168343544 0.019302746 0.999301374 -0.029779145 -0.011719978
397.000000 -0.187046185 -0.071517304 0.167971507 0.019324183 0.999250174 -0.031974200 -0.010164388
398.000000 -0.187095746 -0.071731620 0.165567875 0.019374343 0.999228358 -0.033087574 -0.008515093
399.000000 -0.187401816 -0.071972594 0.160184801 0.019015228 0.999225140 -0.033847503 -0.006468698
400.000000 -0.187867627 -0.072426617 0.158336759 0.018874738 0.999166191 -0.035955414 -0.004232001
401.000000 -0.188136026 -0.073134601 0.155285776 0.018573647 0.999121130 -0.037549067 -0.001463796
402.000000 -0.187815830 -0.072767138 0.152126104 0.018683083 0.999042451 -0.039557654 0.000569457
403.000000 -0.188227355 -0.073097132 0.147564128 0.019181689 0.998904884 -0.042592157 0.002644302
404.000000 -0.188212439 -0.073158979 0.146721974 0.018298987 0.998788416 -0.045358863 0.005420015
405.000000 -0.188584074 -0.073522784 0.140382871 0.017563060 0.998695314 -0.047379725 0.007377598
406.000000 -0.188567027 -0.073289849 0.142528653 0.016418109 0.998571277 -0.050068457 0.008888952
407.000000 -0.188943222 -0.073429964 0.140116036 0.016756872 0.998443723 -0.052139647 0.010527129
408.000000 -0.188733473 -0.073545426 0.140407324 0.016670488 0.998354256 -0.053479303 0.012283547
409.000000 -0.189026326 -0.074028417 0.137734115 0.017148983 0.998285651 -0.054157231 0.014097324
410.000000 -0.188845217 -0.074298956 0.134650111 0.018117003 0.998098671 -0.056734581 0.015874270
411.000000 -0.189420775 -0.074615136 0.132728100 0.017897779 0.997956872 -0.058809567 0.017411353
412.000000 -0.189687341 -0.073946327 0.131453082 0.017912986 0.997818708 -0.060691930 0.018800618
413.000000 -0.190074995 -0.074417226 0.125793040 0.018339437 0.997720540 -0.061734658 0.020154526
414.000000 -0.189635590 -0.074250363 0.124237008 0.019389944 0.997650862 -0.062100366 0.021455610
415.000000 -0.189609975 -0.074359708 0.122950830 0.021140696 0.997503459 -0.063236691 0.023259269
416.000000 -0.190065578 -0.074211031 0.121508174 0.023196371 0.997302175 -0.064699948 0.025772022
417.000000 -0.190414935 -0.074760117 0.118719257 0.023916867 0.997098923 -0.066414781 0.028475761
418.000000 -0.190085769 -0.074653208 0.118226655 0.024366915 0.996852219 -0.069051199 0.030395901
419.000000 -0.190525815 -0.075370781 0.109172836 0.024046477 0.996573925 -0.072432593 0.031870980
420.000000 -0.190470368 -0.075547695 0.108728766 0.023520855 0.996427178 -0.074115507 0.032963727
421.000000 -0.190569699 -0.075681262 0.106631577 0.023278378 0.996331275 -0.075439200 0.033031698
422.000000 -0.190584749 -0.075576320 0.103682257 0.023210557 0.996210873 -0.076932043 0.033265725
423.000000 -0.190803468 -0.076072082 0.101117030 0.023095997 0.996119797 -0.078426123 0.032576907
424.000000 -0.191073507 -0.076014102 0.096987702 0.022139603 0.995938718 -0.081386149 0.031498581
425.000000 -0.191145286 -0.076154135 0.096290901 0.020445179 0.995891154 -0.082921676 0.030113550
426.000000 -0.191224605 -0.076241404 0.093692742 0.018792912 0.995902538 -0.083641239 0.028795095
427.000000 -0.191378534 -0.076509908 0.089650050 0.017264191 0.995979309 -0.083765626 0.026654014
428.000000 -0.191471070 -0.076753385 0.086723186 0.015897369 0.995980024 -0.084489815 0.025150035
429.000000 -0.191796094 -0.077069238 0.083659090 0.015205896 0.995967150 -0.084905826 0.024682058
430.000000 -0.191702127 -0.077189416 0.081060767 0.014634463 0.996007204 -0.084853142 0.023568245
431.000000 -0.191909060 -0.077364139 0.076878436 0.015715444 0.995873690 -0.086281665 0.023325097
432.000000 -0.192074031 -0.077667110 0.073397405 0.015566898 0.995743454 -0.087913327 0.022890108
433.000000 -0.192273006 -0.077797294 0.070699148 0.016111091 0.995667100 -0.089035600 0.021451885
434.000000 -0.192335233 -0.077902608 0.068746559 0.017027399 0.995602071 -0.089710779 0.020941949
435.000000 -0.192554817 -0.078222610 0.064327165 0.017497459 0.995374978 -0.092183314 0.020609364
436.000000 -0.192704946 -0.078313887 0.062835246 0.016646247 0.995146275 -0.094960965 0.019728517
437.000000 -0.192992672 -0.078807734 0.056311298 0.015510807 0.995024085 -0.096682198 0.018412154
438.000000 -0.193061516 -0.078866221 0.055785246 0.013770845 0.994904757 -0.098365553 0.017296961
439.000000 -0.193262473 -0.079168461 0.051449634 0.012786750 0.994673908 -0.100934558 0.016507378
440.000000 -0.193390384 -0.079369955 0.048679262 0.011381020 0.994503736 -0.102914810 0.015532589
441.000000 -0.193465531 -0.079446301 0.047563434 0.011068546 0.994265914 -0.105390348 0.014342326
442.000000 -0.193581834 -0.079605527 0.045082096 0.010661502 0.994075656 -0.107385896 0.012968761
443.000000 -0.193634763 -0.079678319 0.044187050 0.010821528 0.993975937 -0.108453639 0.011515539
444.000000 -0.193860859 -0.079988040 0.039804220 0.011226921 0.993984997 -0.108404137 0.010786954
445.000000 -0.199334577 -0.101884104 0.043174181 0.010948158 0.994470239 -0.103806272 0.011548866
446.000000 -0.199227840 -0.101314589 0.038848206 0.010378976 0.994564176 -0.102982223 0.011362004
447.000000 -0.198410571 -0.099319190 0.035845876 0.010683020 0.994447529 -0.104120277 0.010907298
448.000000 -0.199879423 -0.095479958 0.034638599 0.010145692 0.994293213 -0.105644591 0.010830170
449.000000 -0.203872696 -0.090807155 0.027642438 0.011442010 0.994233906 -0.106068574 0.010838071
450.000000 -0.203979507 -0.091442056 0.026035083 0.012748107 0.993998587 -0.108144283 0.010444129
451.000000 -0.204207331 -0.090974882 0.025035117 0.013046437 0.993787587 -0.110086672 0.009844328
452.000000 -0.204135969 -0.091147758 0.022791721 0.014005537 0.993563414 -0.112074994 0.008647591
453.000000 -0.204389423 -0.091339484 0.019014148 0.014098664 0.993429840 -0.113317221 0.007589211
454.000000 -0.204514474 -0.091514103 0.016821068 0.015157258 0.993422866 -0.113287188 0.006876648
455.000000 -0.204836383 -0.091840804 0.011634235 0.015824834 0.993330359 -0.114015967 0.006689498
456.000000 -0.204805881 -0.091831103 0.011715572 0.015789276 0.993120193 -0.115868971 0.006115838
457.000000 -0.205025285 -0.092178553 0.006984137 0.015840130 0.992934883 -0.117466100 0.005578430
458.000000 -0.205087557 -0.092299238 0.005457055 0.016417447 0.992599428 -0.120171957 0.005959495
459.000000 -0.205266669 -0.092474215 0.002522429 0.015070430 0.992348135 -0.122388914 0.006241561
460.000000 -0.205511600 -0.092846066 -0.002706222 0.015004429 0.992123127 -0.124202564 0.006349811
461.000000 -0.203320950 -0.092089191 -0.005649328 0.015104832 0.991731524 -0.127313167 0.005636667
462.000000 -0.204457343 -0.093319453 -0.007588483 0.014496266 0.991478205 -0.129350498 0.005407219
463.000000 -0.207416952 -0.092758566 -0.007821118 0.013203761 0.991271555 -0.131063566 0.005358077
464.000000 -0.206070065 -0.091955930 -0.012586746 0.012355349 0.991020381 -0.133084014 0.003820622
465.000000 -0.204717398 -0.094014317 -0.015539395 0.011757605 0.990968108 -0.133549809 0.002902227
466.000000 -0.205904663 -0.094151013 -0.018378429 0.011082364 0.990967751 -0.133626625 0.002014263
467.000000 -0.207615972 -0.093015917 -0.024654940 0.010991191 0.990848482 -0.134527013 0.000969272
468.000000 -0.208963245 -0.094572067 -0.024838185 0.011323058 0.990671158 -0.135802954 -0.000140505
469.000000 -0.212625042 -0.094932675 -0.028830886 0.011563122 0.990569890 -0.136519283 0.000153689
470.000000 -0.216539726 -0.098939054 -0.031089304 0.010191586 0.990182102 -0.139410138 -0.000531995
471.000000 -0.208914578 -0.096566617 -0.035659604 0.010049107 0.989218235 -0.146061197 -0.003522585
472.000000 -0.212940916 -0.098501757 -0.036999866 0.007774676 0.988529563 -0.150734365 -0.005290051
473.000000 -0.212409213 -0.098993994 -0.039882962 0.007198466 0.988255501 -0.152481645 -0.006968106
474.000000 -0.216371134 -0.101216741 -0.044017039 0.006026817 0.988071442 -0.153664172 -0.008109445
475.000000 -0.216991648 -0.105531596 -0.044082664 0.005530560 0.987669528 -0.156178042 -0.009313224
476.000000 -0.217178181 -0.109534644 -0.047436066 0.004453746 0.987460017 -0.157450706 -0.010588001
477.000000 -0.220064953 -0.107626364 -0.051710859 0.004431205 0.987225592 -0.158889532 -0.010961626
478.000000 -0.221888915 -0.109679841 -0.052304104 0.004496202 0.987019658 -0.160193503 -0.010486572
479.000000 -0.221240938 -0.110021718 -0.055132464 0.004958506 0.986704051 -0.162154526 -0.009817938
480.000000 -0.224663734 -0.106317244 -0.059016041 0.004906007 0.986291528 -0.164735153 -0.008199724
481.000000 -0.224153847 -0.110881470 -0.058792550 0.004935886 0.986207485 -0.165294588 -0.006938817
482.000000 -0.227833107 -0.111332163 -0.063209563 0.004395239 0.985688210 -0.168435007 -0.005395425
483.000000 -0.224405482 -0.110174939 -0.066616505 0.004275388 0.985347986 -0.170434982 -0.004793499
484.000000 -0.224538833 -0.110323772 -0.066724718 0.003864913 0.985243618 -0.171074659 -0.003677697
485.000000 -0.224812835 -0.112450495 -0.068345025 0.003972385 0.985197067 -0.171361133 -0.002504090
486.000000 -0.227765948 -0.117671691 -0.069111571 0.004661783 0.985166073 -0.171540186 -0.000310787
487.000000 -0.228679702 -0.113499857 -0.072076574 0.005069076 0.984787464 -0.173681185 0.001680462
488.000000 -0.222920194 -0.111447021 -0.076902710 0.005896888 0.984320402 -0.176264361 0.003070414
489.000000 -0.224712610 -0.114304781 -0.077281147 0.005848785 0.984184086 -0.176955476 0.005850458
490.000000 -0.224330783 -0.112654530 -0.079383522 0.006819324 0.984012663 -0.177733168 0.009136735
491.000000 -0.224221289 -0.113188192 -0.082038477 0.007212154 0.983887732 -0.178188339 0.012720605
492.000000 -0.226735517 -0.118016109 -0.084468722 0.007160801 0.983767867 -0.178432196 0.017647238
493.000000 -0.223347485 -0.119224027 -0.086222440 0.007756479 0.983604550 -0.178947181 0.020971173
494.000000 -0.229968533 -0.116296470 -0.086812802 0.008029107 0.983071327 -0.181080922 0.026757011
495.000000 -0.231826231 -0.119044416 -0.089017078 0.008740311 0.982745945 -0.182041511 0.031542383
496.000000 -0.231837317 -0.120449148 -0.092081636 0.008973253 0.982396305 -0.183206677 0.035388120
497.000000 -0.226629779 -0.114753187 -0.094048359 0.009945274 0.981985390 -0.185020521 0.037055697
498.000000 -0.226141781 -0.113186225 -0.095863722 0.010240000 0.981846571 -0.185194597 0.039690863
499.000000 -0.224884838 -0.114654966 -0.099258527 0.009847965 0.981794477 -0.185089141 0.041528653
500.000000 -0.225676134 -0.107257374 -0.102014095 0.010938780 0.980943799 -0.188796788 0.044557221
501.000000 -0.228629872 -0.114668302 -0.102704622 0.011346065 0.980518639 -0.190078631 0.048213314
502.000000 -0.223558813 -0.112703368 -0.105254292 0.011757735 0.980187654 -0.191287190 0.050031774
503.000000 -0.222667187 -0.109788254 -0.108007029 0.011628735 0.979915738 -0.192025542 0.052498970
504.000000 -0.224013761 -0.110718682 -0.114357688 0.012319217 0.979726195 -0.191954181 0.056021381
505.000000 -0.224589869 -0.115174569 -0.113751873 0.013632406 0.979742169 -0.190759286 0.059416048
506.000000 -0.221291006 -0.117917441 -0.116135478 0.014460538 0.979430318 -0.191233307 0.062745132
507.000000 -0.222671837 -0.116017371 -0.119844168 0.015485456 0.978963554 -0.192228451 0.066623814
508.000000 -0.221615911 -0.116953507 -0.120856434 0.016480574 0.978549182 -0.193154588 0.069722302
509.000000 -0.221978158 -0.121763334 -0.121103287 0.018280933 0.978045762 -0.194023967 0.073803745
510.000000 -0.216588914 -0.121660560 -0.125407636 0.019703906 0.977670670 -0.194684982 0.076613098
511.000000 -0.215850502 -0.120459631 -0.126961172 0.020781385 0.977348566 -0.195106104 0.079319432
512.000000 -0.211442977 -0.119024947 -0.129924789 0.022843866 0.977004826 -0.196248725 0.080163069
513.000000 -0.218927354 -0.117514759 -0.132336035 0.023793358 0.976451814 -0.197431952 0.083644308
514.000000 -0.217604771 -0.120746851 -0.135314316 0.024957260 0.976264894 -0.197530165 0.085239656
515.000000 -0.212100953 -0.124033213 -0.136883795 0.027299473 0.976072013 -0.198109373 0.085386597
516.000000 -0.210768938 -0.126458734 -0.138804168 0.028461073 0.975885510 -0.198326468 0.086625710
517.000000 -0.204047829 -0.121332467 -0.144229546 0.030667692 0.975342453 -0.200535804 0.086902380
518.000000 -0.203670070 -0.120091744 -0.146998823 0.032302730 0.974859834 -0.202069521 0.088162623
519.000000 -0.201958373 -0.120597236 -0.149027050 0.032369457 0.974572957 -0.202955991 0.089266926
520.000000 -0.203128412 -0.125404507 -0.148941174 0.033449836 0.974466085 -0.202442005 0.091182210
521.000000 -0.201992795 -0.122254819 -0.153868422 0.035013296 0.973936737 -0.203789309 0.093226925
522.000000 -0.203530192 -0.125914380 -0.154780179 0.035651129 0.973711312 -0.203419626 0.096102618
523.000000 -0.202206105 -0.126541749 -0.157028094 0.035683341 0.973629057 -0.202645138 0.098529696
524.000000 -0.198607698 -0.124742270 -0.158826143 0.036343969 0.973562837 -0.201893464 0.100466430
525.000000 -0.203156874 -0.127884448 -0.158927232 0.037050653 0.973506391 -0.200034395 0.104397230
526.000000 -0.196816489 -0.128188521 -0.163669094 0.038609225 0.973354042 -0.199114904 0.106978938
527.000000 -0.200375184 -0.121754512 -0.164778411 0.041201495 0.972893357 -0.198314130 0.111590505
528.000000 -0.199516386 -0.120113254 -0.166769654 0.043972421 0.972662628 -0.196815297 0.115141660
529.000000 -0.198092267 -0.120444857 -0.169670328 0.045644812 0.972556174 -0.194745392 0.118849955
530.000000 -0.199268207 -0.123542488 -0.169882566 0.046263304 0.972700238 -0.191641405 0.122423738
531.000000 -0.194239795 -0.119779199 -0.173161507 0.047712617 0.972758949 -0.189640149 0.124499418
532.000000 -0.196232781 -0.122570291 -0.173151165 0.048158187 0.972920597 -0.186324626 0.128021598
533.000000 -0.195761770 -0.120711021 -0.175126687 0.049736977 0.972551227 -0.185592800 0.131246328
534.000000 -0.196979225 -0.122060284 -0.175212204 0.050546777 0.972485185 -0.183471203 0.134372145
535.000000 -0.195956156 -0.119174838 -0.177425101 0.052394744 0.972118974 -0.182397604 0.137733608
536.000000 -0.193758368 -0.119920939 -0.179728448 0.052931093 0.971955776 -0.180762380 0.140801951
537.000000 -0.195405811 -0.121549025 -0.178454459 0.053198934 0.972028077 -0.177579686 0.144210711
538.000000 -0.196426928 -0.120009899 -0.181819558 0.052720614 0.972000480 -0.174956992 0.147735193
539.000000 -0.194835141 -0.117855377 -0.183611304 0.052688885 0.971959531 -0.172833890 0.150488988
540.000000 -0.193375617 -0.116894916 -0.183715969 0.052849591 0.971769392 -0.170658693 0.154099867
541.000000 -0.194340497 -0.116160616 -0.185612977 0.053347014 0.971284151 -0.169092745 0.158646896
542.000000 -0.193478018 -0.111182779 -0.187858641 0.053527195 0.970719993 -0.168074518 0.163059652
543.000000 -0.191311121 -0.116856784 -0.187012181 0.053428374 0.970388532 -0.165553197 0.167581677
544.000000 -0.193521068 -0.114754692 -0.189188153 0.054253332 0.969449997 -0.164901733 0.173293591
545.000000 -0.194239527 -0.109943263 -0.190013766 0.054434855 0.968586683 -0.163439125 0.179344162
546.000000 -0.189369202 -0.107579984 -0.188602805 0.054671079 0.968144357 -0.160277188 0.184441894
547.000000 -0.190252781 -0.099858917 -0.193171591 0.054036997 0.967151940 -0.159153566 0.190702274
548.000000 -0.194559768 -0.100930743 -0.190785468 0.055531893 0.966559291 -0.155236095 0.196420878
549.000000 -0.192711055 -0.099898562 -0.195124224 0.056277953 0.965721607 -0.153140262 0.201897576
550.000000 -0.195806712 -0.110308081 -0.191202015 0.056513451 0.965105176 -0.149609149 0.207353279
551.000000 -0.195228681 -0.104116388 -0.194470614 0.056649610 0.964018166 -0.149607748 0.212314025
552.000000 -0.199030772 -0.097368538 -0.196590513 0.057950854 0.963015199 -0.148377180 0.217319146
553.000000 -0.197360769 -0.094309241 -0.197991073 0.058002405 0.962275326 -0.146691471 0.221683294
554.000000 -0.197790965 -0.097914428 -0.198084593 0.057032235 0.961559832 -0.144351721 0.226522699
555.000000 -0.199111238 -0.100194484 -0.198039711 0.058043897 0.960643709 -0.142889231 0.231035247
556.000000 -0.197328746 -0.095739514 -0.199824005 0.059286252 0.959618628 -0.142989621 0.234885484
557.000000 -0.194955796 -0.097280234 -0.201030105 0.058161430 0.959093034 -0.141508892 0.238186851
558.000000 -0.197950125 -0.094917864 -0.201884568 0.057351328 0.958436549 -0.139773965 0.242019594
559.000000 -0.201123416 -0.097303510 -0.202853337 0.055847615 0.957880437 -0.137948662 0.245593801
560.000000 -0.197599992 -0.096613631 -0.204187706 0.055761561 0.957332373 -0.136795938 0.248379186
561.000000 -0.199976534 -0.098281622 -0.203420356 0.054758806 0.956830800 -0.134799644 0.251605570
562.000000 -0.197956085 -0.092632204 -0.203547537 0.055110119 0.956141829 -0.134452194 0.254319400
563.000000 -0.196058169 -0.096184380 -0.201422781 0.053553741 0.955869794 -0.132131085 0.256877989
564.000000 -0.197477520 -0.094871730 -0.204125598 0.053371582 0.955188632 -0.130319402 0.260351568
565.000000 -0.200226232 -0.095339164 -0.204665378 0.051558126 0.954613507 -0.128451288 0.263732970
566.000000 -0.198109046 -0.097334683 -0.205326408 0.051679719 0.953977525 -0.126572073 0.266900122
567.000000 -0.200112954 -0.095583141 -0.204975516 0.051112302 0.953279316 -0.125265494 0.270101041
568.000000 -0.199849740 -0.090571485 -0.206235960 0.051831808 0.952515244 -0.123662286 0.273378402
569.000000 -0.198638529 -0.096741006 -0.206108302 0.051693283 0.952067256 -0.120612621 0.276311994
570.000000 -0.197866514 -0.094253533 -0.206618786 0.053612169 0.951281667 -0.118281364 0.279639870
571.000000 -0.195953012 -0.099398501 -0.204048187 0.053632483 0.950736582 -0.114707217 0.282958895
572.000000 -0.199042946 -0.092748187 -0.208853811 0.054812092 0.949158370 -0.114283144 0.288155079
573.000000 -0.194266856 -0.097381100 -0.205269516 0.056138758 0.948468328 -0.111037076 0.291422427
574.000000 -0.200644955 -0.094096065 -0.211299360 0.055509202 0.946925640 -0.109530799 0.297075033
575.000000 -0.201377302 -0.097947404 -0.211794898 0.056737699 0.945827007 -0.106059261 0.301568329
576.000000 -0.201545522 -0.090866491 -0.213904068 0.057491854 0.944396853 -0.104857229 0.306291193
577.000000 -0.194797754 -0.097129017 -0.207929373 0.058019280 0.944023609 -0.100743301 0.308713496
578.000000 -0.194846347 -0.099276677 -0.208011493 0.057786413 0.942942917 -0.097837880 0.312965035
579.000000 -0.197125524 -0.094343051 -0.211571932 0.057063621 0.941540897 -0.096428707 0.317720026
580.000000 -0.202080011 -0.082580224 -0.217774197 0.055775207 0.939821243 -0.096583478 0.322950155
581.000000 -0.201543242 -0.082545519 -0.219101131 0.053965420 0.938617289 -0.094870351 0.327238351
582.000000 -0.200625286 -0.082890332 -0.218351364 0.053105846 0.937460423 -0.092510954 0.331344903
583.000000 -0.194384694 -0.082665384 -0.213656202 0.053169243 0.936712265 -0.090497792 0.333995938
584.000000 -0.194353998 -0.081924237 -0.216322914 0.052033514 0.935654879 -0.087911174 0.337807715
585.000000 -0.195559829 -0.080845065 -0.215917364 0.051315166 0.934427261 -0.085087180 0.342012554
586.000000 -0.195849970 -0.082138538 -0.214600176 0.050712515 0.933282673 -0.082271762 0.345894575
587.000000 -0.197673246 -0.081893243 -0.216600195 0.049734283 0.931950927 -0.080259234 0.350074977
588.000000 -0.196821183 -0.082367629 -0.217404306 0.049136765 0.930741072 -0.077586725 0.353958994
589.000000 -0.195042908 -0.084351055 -0.217098251 0.048660610 0.929626942 -0.075326391 0.357423872
590.000000 -0.193429545 -0.080225416 -0.215513408 0.048821017 0.928574026 -0.074055746 0.360392272
591.000000 -0.191347182 -0.078495674 -0.215331882 0.048324995 0.927480459 -0.071748763 0.363726288
592.000000 -0.201001003 -0.080151424 -0.221303388 0.047338556 0.925737917 -0.069140181 0.368765503
593.000000 -0.197303638 -0.082195684 -0.219439656 0.047264662 0.924813628 -0.067016669 0.371476144
594.000000 -0.192311645 -0.083926328 -0.216297716 0.047334388 0.924229503 -0.064573646 0.373348981
595.000000 -0.199343562 -0.079210229 -0.219322532 0.047146820 0.922550559 -0.062951095 0.377776206
596.000000 -0.196765587 -0.077270880 -0.219735727 0.047612943 0.921647370 -0.061696250 0.380121887
597.000000 -0.193055525 -0.081681997 -0.214814305 0.047515832 0.921039760 -0.059418876 0.381965131
598.000000 -0.190741226 -0.084934570 -0.212851718 0.047232501 0.920083106 -0.057540607 0.384584367
599.000000 -0.191399291 -0.079591967 -0.212751240 0.047661804 0.918686867 -0.057363320 0.387881786
600.000000 -0.194828123 -0.080384746 -0.217755616 0.047331877 0.917134166 -0.055874359 0.391794205
601.000000 -0.194199279 -0.075685620 -0.216736093 0.047987685 0.915847480 -0.054575413 0.394894987
602.000000 -0.200985983 -0.080777630 -0.219220147 0.047080763 0.914213896 -0.051175587 0.399221063
603.000000 -0.194556281 -0.074361570 -0.218507975 0.047714733 0.913204432 -0.050146796 0.401579678
604.000000 -0.197844356 -0.079235293 -0.221351817 0.047071315 0.911327660 -0.048091173 0.406144589
605.000000 -0.192126542 -0.077711970 -0.212171897 0.047379751 0.910627723 -0.047019627 0.407800764
606.000000 -0.193923235 -0.078434922 -0.213736489 0.046713587 0.909143806 -0.046225075 0.411264658
607.000000 -0.196390510 -0.077280514 -0.215397254 0.046449047 0.907526314 -0.045698401 0.414909750
608.000000 -0.198138341 -0.068179764 -0.218763903 0.046295263 0.905983388 -0.046613347 0.418184280
609.000000 -0.198018074 -0.069998443 -0.220309645 0.045781761 0.904543698 -0.044679873 0.421554863
610.000000 -0.198671147 -0.068474293 -0.222160503 0.045674693 0.902939379 -0.043993067 0.425063491
611.000000 -0.195179164 -0.067641556 -0.218264177 0.046141077 0.901640773 -0.042379756 0.427923918
612.000000 -0.192984208 -0.070533060 -0.215931818 0.045743838 0.900537491 -0.041076791 0.430409580
613.000000 -0.196249872 -0.069231443 -0.219693512 0.047131322 0.898236573 -0.041545201 0.434998482
614.000000 -0.193963408 -0.069644272 -0.216091558 0.049483448 0.896152020 -0.040590476 0.439107448
615.000000 -0.194807306 -0.065144621 -0.219322979 0.050552547 0.893450499 -0.039679550 0.444540381
616.000000 -0.195364758 -0.067776382 -0.218707100 0.050157432 0.891653240 -0.036957677 0.448411465
617.000000 -0.194997162 -0.060750000 -0.219836980 0.050442070 0.889811516 -0.036359780 0.452072024
618.000000 -0.195223972 -0.067644052 -0.218533456 0.048374087 0.888065755 -0.032562695 0.456003070
619.000000 -0.194057211 -0.066182002 -0.219138697 0.047731999 0.885864854 -0.030645009 0.460462809
620.000000 -0.193618327 -0.067862779 -0.221026376 0.046575129 0.883618176 -0.030109454 0.464911938
621.000000 -0.192797288 -0.063970715 -0.216649383 0.046669457 0.881997943 -0.030539371 0.467941135
622.000000 -0.193815753 -0.065396875 -0.223722681 0.045729056 0.879918396 -0.030164601 0.471956074
623.000000 -0.192577183 -0.068372115 -0.224361345 0.044503830 0.878140032 -0.029317403 0.475426108
624.000000 -0.189913347 -0.063413084 -0.218835726 0.044097599 0.877055287 -0.029121095 0.477473944
625.000000 -0.187441707 -0.065986529 -0.220929012 0.043439467 0.875195980 -0.028691983 0.480959237
626.000000 -0.186362907 -0.062524505 -0.218726099 0.044620611 0.873141527 -0.028743027 0.484568655
627.000000 -0.186978310 -0.061465230 -0.222811207 0.043949921 0.871093214 -0.028344888 0.488325328
628.000000 -0.185115427 -0.069775753 -0.222615436 0.043020520 0.869346023 -0.026562624 0.491610736
629.000000 -0.183847606 -0.060931142 -0.221565589 0.044328850 0.867634714 -0.029189287 0.494361162
630.000000 -0.182001054 -0.062069632 -0.221421659 0.043781202 0.866114736 -0.029728124 0.497035921
631.000000 -0.184804887 -0.062793918 -0.223547637 0.042589568 0.863970757 -0.029769454 0.500853777
632.000000 -0.182498917 -0.065109849 -0.223752260 0.041687831 0.862071514 -0.029752037 0.504192114
633.000000 -0.175905973 -0.060207300 -0.218709752 0.043015826 0.860599875 -0.031308148 0.506495118
634.000000 -0.176714331 -0.063153014 -0.222268462 0.043209232 0.858229756 -0.031861570 0.510450304
635.000000 -0.177050948 -0.061818350 -0.218422219 0.043021124 0.856146157 -0.032777347 0.513895631
636.000000 -0.170603856 -0.063752905 -0.214703053 0.043628152 0.854549885 -0.033059794 0.516476691
637.000000 -0.170769334 -0.062768281 -0.216098353 0.043545250 0.852480710 -0.034605663 0.519791245
638.000000 -0.166847333 -0.067237757 -0.217378289 0.042777643 0.850726783 -0.034261495 0.522742987
639.000000 -0.162337393 -0.063891076 -0.209941417 0.043271743 0.849596560 -0.034918692 0.524494052
640.000000 -0.161491171 -0.062125891 -0.211927682 0.043767083 0.847673416 -0.035637431 0.527507544
641.000000 -0.162045270 -0.066833809 -0.222739816 0.042363770 0.845007300 -0.036515005 0.531821966
642.000000 -0.158987343 -0.064637154 -0.218635023 0.042199243 0.843922913 -0.036902718 0.533527374
643.000000 -0.156994075 -0.062646970 -0.215232506 0.043206606 0.842737913 -0.037679609 0.535262823
644.000000 -0.155167580 -0.064433418 -0.219445333 0.043142933 0.841227293 -0.037530608 0.537649393
645.000000 -0.151384667 -0.063095242 -0.213826090 0.043170042 0.840384662 -0.036888737 0.539007604
646.000000 -0.148811415 -0.063104682 -0.212033868 0.043196637 0.839422584 -0.036764935 0.540511012
647.000000 -0.148889139 -0.060414463 -0.215495646 0.043060053 0.837967038 -0.038279988 0.542671025
648.000000 -0.142853037 -0.065563343 -0.208978996 0.042954717 0.837458551 -0.036924519 0.543557405
649.000000 -0.142527968 -0.065491833 -0.214254856 0.041527070 0.835999787 -0.037044056 0.545900822
650.000000 -0.141278848 -0.061692603 -0.215384871 0.040778257 0.834955096 -0.038010482 0.547487259
651.000000 -0.141094208 -0.060840607 -0.215093389 0.040025074 0.833977520 -0.038352266 0.549006879
652.000000 -0.137446001 -0.062528841 -0.214725837 0.039755065 0.833457470 -0.038240544 0.549823403
653.000000 -0.128822133 -0.066968895 -0.206371114 0.039128985 0.834531963 -0.037017431 0.548320234
654.000000 -0.127691448 -0.067617275 -0.209366366 0.039281052 0.833993316 -0.037008468 0.549128830
655.000000 -0.122967206 -0.065304719 -0.204090953 0.039151441 0.834656417 -0.037277386 0.548111498
656.000000 -0.123037450 -0.064037748 -0.204848453 0.039041132 0.834517777 -0.037351560 0.548325300
657.000000 -0.117834404 -0.063693263 -0.203194216 0.040186677 0.834151149 -0.036688924 0.548844993
658.000000 -0.115060732 -0.066207230 -0.203253090 0.040058479 0.833546102 -0.035944019 0.549822092
659.000000 -0.113747247 -0.066341713 -0.203545347 0.040298220 0.833100140 -0.035709828 0.550495267
660.000000 -0.111490741 -0.064517058 -0.203268766 0.040481087 0.833092988 -0.035821691 0.550485432
661.000000 -0.108459063 -0.065694496 -0.202307627 0.039917409 0.833086669 -0.034773018 0.550603449
662.000000 -0.106721051 -0.064461671 -0.202961802 0.039358143 0.833043039 -0.035050172 0.550692022
663.000000 -0.104470298 -0.062259849 -0.202147007 0.038534191 0.833736598 -0.035119168 0.549695373
664.000000 -0.100856312 -0.062871218 -0.199802592 0.037393186 0.834433496 -0.033764575 0.548800945
665.000000 -0.096587464 -0.062088709 -0.198685095 0.035999887 0.834863126 -0.032211471 0.548333883
666.000000 -0.096103445 -0.066556104 -0.199828386 0.033983890 0.834753215 -0.029809441 0.548765481
667.000000 -0.091767073 -0.065464139 -0.196443230 0.032213677 0.835014641 -0.029057691 0.548514903
668.000000 -0.089028038 -0.065015294 -0.196152702 0.030282279 0.834923148 -0.027856095 0.548826396
669.000000 -0.088092104 -0.062655233 -0.196893558 0.027414529 0.834897637 -0.026654875 0.549075544
670.000000 -0.084457129 -0.063416861 -0.198387980 0.024389246 0.835069180 -0.025813503 0.548997521
671.000000 -0.082375161 -0.063063480 -0.196015090 0.022917779 0.835430086 -0.025267929 0.548537016
672.000000 -0.079100922 -0.062523149 -0.196538925 0.020871816 0.835459590 -0.023313362 0.548660278
673.000000 -0.077161163 -0.066910617 -0.198187128 0.019019114 0.835180342 -0.020459084 0.549266458
674.000000 -0.076167017 -0.059805088 -0.198053747 0.019776493 0.834717214 -0.020509647 0.549941301
675.000000 -0.073022187 -0.060375374 -0.194216967 0.019777955 0.834911466 -0.019583594 0.549680114
676.000000 -0.069795653 -0.063049853 -0.197468132 0.018515199 0.834195435 -0.017897010 0.550867438
677.000000 -0.068718314 -0.058935281 -0.194931939 0.018624285 0.833904862 -0.017527029 0.551315367
678.000000 -0.063887887 -0.058806330 -0.197023481 0.018377155 0.832736373 -0.016429238 0.553120852
679.000000 -0.063409999 -0.057957638 -0.201132923 0.019028090 0.831103861 -0.015164792 0.555584788
680.000000 -0.060442656 -0.065175772 -0.202213600 0.019606313 0.829380274 -0.013754433 0.558170915
681.000000 -0.058757856 -0.056465492 -0.202896982 0.022297563 0.827365458 -0.014496861 0.561033964
682.000000 -0.057227045 -0.060424566 -0.210597575 0.023058623 0.825066864 -0.012884993 0.564417362
683.000000 -0.055122398 -0.060291976 -0.209769323 0.024552837 0.823965549 -0.012602027 0.565967441
684.000000 -0.049933482 -0.056669898 -0.207630515 0.026068263 0.823873639 -0.013045141 0.566023409
685.000000 -0.047351323 -0.053173546 -0.209431291 0.025523422 0.823811889 -0.011871072 0.566163957
686.000000 -0.044158883 -0.058780856 -0.208340451 0.023738235 0.824317217 -0.008960106 0.565559268
687.000000 -0.040414713 -0.057071652 -0.210245922 0.022724729 0.824820936 -0.007710196 0.564884663
688.000000 -0.041274592 -0.051740576 -0.215896726 0.022351509 0.824822903 -0.006573597 0.564910889
689.000000 -0.036409117 -0.061082050 -0.214096069 0.020137278 0.825792730 -0.003229553 0.563604832
690.000000 -0.033205569 -0.056980800 -0.216775537 0.019635495 0.825878024 -0.004090766 0.563492000
691.000000 -0.030588146 -0.061335549 -0.220721424 0.019064358 0.825963259 -0.004545919 0.563383162
692.000000 -0.026597701 -0.054933406 -0.224709690 0.018967848 0.826336384 -0.006716367 0.562817276
693.000000 -0.021223623 -0.057048455 -0.225019112 0.017465606 0.827290952 -0.006384980 0.561465919
694.000000 -0.021392144 -0.059007838 -0.227165416 0.016046261 0.827526748 -0.005780819 0.561167181
695.000000 -0.017559648 -0.062606342 -0.227516219 0.014727926 0.827958226 -0.003970156 0.560582340
696.000000 -0.011594594 -0.059765931 -0.230614349 0.013729516 0.828261375 -0.003700304 0.560161471
697.000000 -0.007108040 -0.052100495 -0.228851497 0.015528066 0.829270542 -0.004368934 0.558614492
698.000000 -0.003589153 -0.059115887 -0.235668644 0.013136178 0.830248475 -0.000354820 0.557238519
699.000000 -0.001706958 -0.056987017 -0.236888379 0.013179089 0.830645263 0.000353529 0.556645930
700.000000 0.002208836 -0.060990889 -0.236357391 0.012087118 0.831337094 0.002039965 0.555633307
701.000000 0.004662931 -0.055210412 -0.243082866 0.012008793 0.830980003 0.003646437 0.556160748
702.000000 0.008690313 -0.057256248 -0.235902175 0.011120664 0.832178116 0.007412956 0.554347396
703.000000 0.012038022 -0.048992194 -0.232998401 0.011509323 0.833116114 0.007958361 0.552921176
704.000000 0.011081271 -0.061041329 -0.248733625 0.009812540 0.832498133 0.011475683 0.553822041
705.000000 0.012414232 -0.058714423 -0.244779035 0.009411707 0.833711624 0.013766747 0.551948190
706.000000 0.013071768 -0.060471289 -0.253745317 0.007640531 0.833279669 0.015818859 0.552572429
707.000000 0.017784953 -0.058978558 -0.251660198 0.007501303 0.834053576 0.016122814 0.551396787
708.000000 0.018259816 -0.053776447 -0.251124263 0.008003317 0.834665298 0.014779144 0.550500989
709.000000 0.019602776 -0.060430992 -0.260287821 0.007182903 0.834727347 0.017578663 0.550335944
710.000000 0.025651969 -0.058816437 -0.247715577 0.007358569 0.836965084 0.018802041 0.546883821
711.000000 0.028163150 -0.058823731 -0.242762789 0.007513496 0.838862479 0.018977422 0.543960631
712.000000 0.025227942 -0.052804694 -0.253048182 0.006712118 0.839007199 0.018742820 0.543756008
713.000000 0.032462940 -0.053349704 -0.250203460 0.004818179 0.840919852 0.020266363 0.540758669
714.000000 0.032519706 -0.058241118 -0.256361634 0.002697535 0.841663837 0.021312824 0.539574206
715.000000 0.035973139 -0.053760290 -0.256565988 0.003039050 0.843558371 0.019289020 0.536682427
716.000000 0.035672180 -0.054751806 -0.260385931 0.002919557 0.845167220 0.018572811 0.534171224
717.000000 0.041154571 -0.055110130 -0.254632115 0.003331826 0.847913444 0.018413451 0.529804349
718.000000 0.045302548 -0.053920601 -0.249545664 0.003672423 0.850525796 0.018499732 0.525595009
719.000000 0.047054112 -0.056113001 -0.254178941 0.002485764 0.852031231 0.019837173 0.523109078
720.000000 0.049655423 -0.052072916 -0.257383287 0.002349259 0.853739202 0.020772170 0.520281076
721.000000 0.056055285 -0.052880399 -0.251720876 0.003549118 0.856570542 0.021261990 0.515579760
722.000000 0.059311487 -0.056653962 -0.244071335 0.003740027 0.859252870 0.022025323 0.511063099
723.000000 0.060647815 -0.057843011 -0.250060886 0.003758584 0.860569835 0.022376798 0.508826792
724.000000 0.062414877 -0.060349323 -0.249062419 0.003814799 0.862604797 0.023294823 0.505327344
725.000000 0.068577051 -0.064932488 -0.241255403 0.002589021 0.865134597 0.024679046 0.500925481
726.000000 0.068592720 -0.060638480 -0.250280201 0.002101876 0.866264343 0.025376277 0.498936594
727.000000 0.074531972 -0.059623670 -0.248110279 0.003063281 0.868385971 0.025483549 0.495224208
728.000000 0.080787361 -0.056207824 -0.241198361 0.005662561 0.871186852 0.025487050 0.490256846
729.000000 0.082066767 -0.053707730 -0.240442604 0.007149269 0.873231828 0.027217083 0.486491799
730.000000 0.090856828 -0.061401583 -0.235025138 0.007048180 0.876039922 0.031032935 0.481187433
731.000000 0.096168257 -0.053581174 -0.226908430 0.008766635 0.879207313 0.030964486 0.475351274
732.000000 0.094073981 -0.059187286 -0.236324877 0.008305339 0.880592465 0.032525998 0.472683787
733.000000 0.109338321 -0.057026617 -0.217048526 0.010117653 0.884931743 0.033764228 0.464384884
734.000000 0.108730979 -0.053347994 -0.221699327 0.010727576 0.886735439 0.033265840 0.460953921
735.000000 0.111033544 -0.060292847 -0.217910364 0.009662393 0.889220357 0.034464844 0.456076711
736.000000 0.111239858 -0.051300034 -0.222121790 0.010087858 0.890980899 0.033884771 0.452662200
737.000000 0.109032191 -0.054870620 -0.226024687 0.009089797 0.892855942 0.035099518 0.448880315
738.000000 0.116527595 -0.053998344 -0.219206750 0.009920276 0.895612359 0.035567421 0.443300098
739.000000 0.121488556 -0.046878830 -0.216921821 0.010282956 0.897752464 0.035665687 0.438933671
740.000000 0.112736404 -0.050786190 -0.231153533 0.007490362 0.898205101 0.038096145 0.437858611
741.000000 0.125361711 -0.056889147 -0.215613514 0.005917662 0.901534498 0.041739658 0.430648774
742.000000 0.123841122 -0.053993043 -0.215370774 0.004269816 0.903098285 0.042359218 0.427318305
743.000000 0.130228728 -0.056516446 -0.211745337 0.002590102 0.905014932 0.043555677 0.423136145
744.000000 0.127390251 -0.056106079 -0.218295157 0.000959438 0.905543029 0.044169359 0.421947807
745.000000 0.129372448 -0.052598525 -0.217735246 0.000831851 0.906362474 0.042423412 0.420364797
746.000000 0.129482955 -0.051371779 -0.215159103 0.001209378 0.907096863 0.040380150 0.418978781
747.000000 0.133221984 -0.053134110 -0.210430920 -0.001953584 0.908839405 0.043448798 0.414872706
748.000000 0.138775706 -0.053550079 -0.209960431 -0.002829711 0.909783006 0.043379519 0.412801415
749.000000 0.140575945 -0.051659696 -0.211982787 -0.002681306 0.910393953 0.042830721 0.411510825
750.000000 0.143601015 -0.056865782 -0.208797395 -0.003284119 0.911331117 0.043798845 0.409324318
751.000000 0.139330775 -0.051124681 -0.215172470 -0.002045466 0.911555469 0.041702062 0.409051776
752.000000 0.144815892 -0.055519916 -0.210293397 -0.001129526 0.913242400 0.040977851 0.405349076
753.000000 0.146386802 -0.060980361 -0.209244370 -0.000601227 0.914693296 0.042120684 0.401947409
754.000000 0.148955852 -0.059208479 -0.208629757 0.000695724 0.916368723 0.041300572 0.398198575
755.000000 0.148828954 -0.056456562 -0.208004251 0.002034663 0.918095648 0.040992770 0.394228071
756.000000 0.153931201 -0.053386010 -0.204110771 0.002278526 0.920176744 0.042485531 0.389184445
757.000000 0.152215093 -0.054861486 -0.207320094 0.000834528 0.921864271 0.045681477 0.384809941
758.000000 0.154447794 -0.057260580 -0.206954926 -0.000552560 0.924044847 0.049146228 0.379111439
759.000000 0.157828167 -0.055333186 -0.205288917 0.000023131 0.926160634 0.050942644 0.373672813
760.000000 0.158977479 -0.055122130 -0.203637511 0.000825093 0.927912116 0.053802770 0.368895203
761.000000 0.160518840 -0.057329804 -0.203615502 0.001202313 0.929824233 0.056978546 0.363564223
762.000000 0.170179009 -0.055876680 -0.198983923 0.003343750 0.932396054 0.059910014 0.356422782
763.000000 0.171978861 -0.057340778 -0.194795325 0.004417460 0.934484601 0.062636465 0.350422233
764.000000 0.177367419 -0.058725446 -0.193645045 0.005885730 0.936539769 0.066316836 0.344181120
765.000000 0.178439915 -0.061411794 -0.195019871 0.005653258 0.938349605 0.069718413 0.338537097
766.000000 0.183046639 -0.056581177 -0.193419829 0.007042346 0.940450191 0.070455343 0.332475394
767.000000 0.187279031 -0.057592060 -0.192432910 0.008467718 0.942199647 0.071989045 0.327117175
768.000000 0.181606367 -0.061126813 -0.199187741 0.008766827 0.942928076 0.074497029 0.324437886
769.000000 0.183057725 -0.056369774 -0.197716027 0.010771612 0.943997562 0.074355341 0.321284741
770.000000 0.186383039 -0.055885307 -0.197391391 0.014022140 0.944738567 0.074597888 0.318916202
771.000000 0.193986610 -0.055080052 -0.192486629 0.016175956 0.945532382 0.076494716 0.315998942
772.000000 0.192844927 -0.058152668 -0.194413230 0.018385379 0.945275247 0.078842320 0.316070527
773.000000 0.196556121 -0.054046720 -0.193042621 0.020020673 0.945459306 0.078559406 0.315490544
774.000000 0.192524165 -0.054050226 -0.196005866 0.019633435 0.944969296 0.078778073 0.316925228
775.000000 0.196267784 -0.056851115 -0.195969641 0.019137340 0.944815218 0.077839062 0.317646205
776.000000 0.200312912 -0.055940978 -0.193732411 0.017213292 0.944863200 0.076551057 0.317926437
777.000000 0.200061232 -0.055097438 -0.194452599 0.015231843 0.944448769 0.075749919 0.319447100
778.000000 0.201340050 -0.055239711 -0.194645926 0.013903182 0.944076180 0.072843179 0.321279824
779.000000 0.202978522 -0.053832736 -0.194434538 0.013130074 0.943630636 0.068317771 0.323606998
780.000000 0.202969611 -0.057317518 -0.198238716 0.010956390 0.942702711 0.064493649 0.327157676
781.000000 0.204587311 -0.061590198 -0.196268246 0.009112221 0.942002714 0.061001848 0.329888850
782.000000 0.202050596 -0.055922993 -0.200503394 0.007637477 0.941357732 0.056015264 0.332640350
783.000000 0.199199110 -0.059076868 -0.205964923 0.006611782 0.940668881 0.052930593 0.335107058
784.000000 0.199952781 -0.062013038 -0.204424948 0.006842584 0.940260351 0.052173715 0.336365223
785.000000 0.207946971 -0.059112173 -0.199823037 0.006671715 0.940313339 0.051317111 0.336352259
786.000000 0.203708038 -0.063050576 -0.205035448 0.006944768 0.939419925 0.050230954 0.338996828
787.000000 0.206271961 -0.066748738 -0.201139554 0.007773358 0.939379990 0.048698463 0.339312941
788.000000 0.209786713 -0.060093746 -0.200277627 0.008638374 0.939348340 0.045314457 0.339848071
789.000000 0.207660645 -0.063231133 -0.202778965 0.009458565 0.939169466 0.041542016 0.340801388
790.000000 0.211314604 -0.061681077 -0.199553996 0.011337797 0.939502478 0.036861639 0.340364128
791.000000 0.211036384 -0.063279442 -0.203373134 0.012871287 0.939165354 0.034395348 0.341496348
792.000000 0.208957806 -0.064360157 -0.203249738 0.013746165 0.938606024 0.031689662 0.343257278
793.000000 0.207795456 -0.063968197 -0.203379005 0.015072545 0.937951386 0.027824761 0.345319837
794.000000 0.207929760 -0.064615160 -0.203771681 0.016522670 0.937465191 0.023755273 0.346874088
795.000000 0.205380231 -0.067951903 -0.205345511 0.016744578 0.936716020 0.019859511 0.349125057
796.000000 0.207931742 -0.069623411 -0.203516081 0.017574560 0.936029255 0.013614648 0.351219267
797.000000 0.207577050 -0.067693919 -0.203637496 0.018423589 0.935022414 0.005869108 0.354061007
798.000000 0.217232853 -0.067471810 -0.198644757 0.018740388 0.934835732 0.000512995 0.354585201
799.000000 0.217132077 -0.068678088 -0.197053969 0.018949477 0.933927655 -0.002950331 0.356947154
800.000000 0.214716628 -0.066368036 -0.200139627 0.019089483 0.932489634 -0.005657572 0.360647589
801.000000 0.216164649 -0.065400675 -0.197626531 0.019587807 0.931278229 -0.007806554 0.363698065
802.000000 0.213503808 -0.066588841 -0.200471476 0.020141216 0.929539740 -0.009301681 0.368053913
803.000000 0.213589102 -0.066051349 -0.200666949 0.020803396 0.927878439 -0.011110207 0.372136295
804.000000 0.214958221 -0.069047794 -0.202345416 0.021435637 0.926313102 -0.012416657 0.375939220
805.000000 0.217074499 -0.070972264 -0.198286444 0.022028377 0.924986303 -0.013759086 0.379111975
806.000000 0.221785396 -0.069853753 -0.194474205 0.022077098 0.923920751 -0.014547653 0.381669164
807.000000 0.217397645 -0.068964660 -0.197008431 0.020893581 0.922034383 -0.015868563 0.386217833
808.000000 0.220863938 -0.068778925 -0.193993151 0.020640511 0.920965075 -0.016918410 0.388729990
809.000000 0.223702863 -0.070503347 -0.191352770 0.020255243 0.919623971 -0.017648287 0.391880065
810.000000 0.220524266 -0.071477085 -0.194259241 0.019558951 0.917477906 -0.017994259 0.396897882
811.000000 0.218799651 -0.072597176 -0.195867240 0.018022310 0.915360689 -0.017642831 0.401844203
812.000000 0.218764186 -0.072814539 -0.195688695 0.017134810 0.913453877 -0.017173575 0.406218529
813.000000 0.220387101 -0.068428747 -0.193403274 0.017334647 0.911717415 -0.016526733 0.410119146
814.000000 0.222022966 -0.068191007 -0.192002162 0.016385749 0.909930229 -0.014712768 0.414176375
815.000000 0.224399507 -0.069512010 -0.187986881 0.015205529 0.908265471 -0.012359535 0.417935193
816.000000 0.220159888 -0.072461352 -0.196185127 0.014095441 0.905619442 -0.010324757 0.423731208
817.000000 0.228789791 -0.072503701 -0.184264973 0.013938306 0.904817104 -0.007863175 0.425499558
818.000000 0.225091785 -0.074638963 -0.186299235 0.012708090 0.902571440 -0.005748812 0.430314034
819.000000 0.227963939 -0.071717188 -0.184565037 0.012175287 0.900709510 -0.004281746 0.434230179
820.000000 0.227046877 -0.072182290 -0.185239077 0.010546057 0.898667455 -0.002081086 0.438498855
821.000000 0.224519581 -0.066953555 -0.185831189 0.010933338 0.896614790 -0.000718407 0.442675769
822.000000 0.226683021 -0.073722295 -0.183482051 0.009533613 0.895098865 0.003473459 0.445752203
823.000000 0.227544814 -0.068760462 -0.181237087 0.008675900 0.893404186 0.005245847 0.449139357
824.000000 0.225602776 -0.071266748 -0.182663545 0.006642236 0.891593695 0.008492226 0.452707916
825.000000 0.226635903 -0.069351956 -0.178647429 0.005400110 0.890177608 0.011158526 0.455445081
826.000000 0.227124467 -0.070776232 -0.178939879 0.003591234 0.888604105 0.013770955 0.458454162
827.000000 0.225671858 -0.068718977 -0.176283017 0.002126609 0.887379706 0.016156936 0.460751235
828.000000 0.221698374 -0.070288114 -0.184612587 -0.000532935 0.885031641 0.018940631 0.465145111
829.000000 0.227688178 -0.066987649 -0.175263867 -0.001305813 0.884878695 0.020162582 0.465383053
830.000000 0.225787699 -0.065085135 -0.172614500 -0.003725784 0.882218480 0.021931639 0.470314413
831.000000 0.226413995 -0.066389501 -0.171090275 -0.004428479 0.881204426 0.022541225 0.472177029
832.000000 0.226440057 -0.063797385 -0.168297246 -0.005495872 0.879660130 0.022643380 0.475031704
833.000000 0.222826868 -0.065278545 -0.171082258 -0.006961166 0.877347231 0.023817616 0.479214013
834.000000 0.222439528 -0.063605793 -0.170936763 -0.007326378 0.875268877 0.023470407 0.483011246
835.000000 0.220019832 -0.066530578 -0.170392334 -0.008200740 0.872967660 0.024351696 0.487100750
836.000000 0.219795808 -0.063504651 -0.167534128 -0.009305130 0.870962977 0.024667677 0.490640819
837.000000 0.218589678 -0.063544929 -0.169733390 -0.011559751 0.868836939 0.025184698 0.494322270
838.000000 0.220478714 -0.065172970 -0.165243879 -0.013872530 0.867462337 0.025757341 0.496641964
839.000000 0.217798591 -0.063769072 -0.166269675 -0.015756305 0.865890980 0.025857352 0.499315530
840.000000 0.215592459 -0.061065897 -0.165382192 -0.018076077 0.864389777 0.026626935 0.501791477
841.000000 0.216777667 -0.065011859 -0.163674548 -0.021930905 0.862618744 0.029614972 0.504510522
842.000000 0.213132575 -0.061722856 -0.160590336 -0.024107972 0.860730290 0.030852657 0.507553160
843.000000 0.210794345 -0.068591297 -0.163573861 -0.027081141 0.858087838 0.032788243 0.511739016
844.000000 0.211296439 -0.063924730 -0.164654016 -0.028294066 0.855407417 0.034096267 0.516057312
845.000000 0.209317580 -0.065105945 -0.162265912 -0.030104153 0.852845371 0.036077049 0.520045102
846.000000 0.212373495 -0.070793934 -0.160990566 -0.031744890 0.850337327 0.037447106 0.523943126
847.000000 0.209797874 -0.066966735 -0.161635458 -0.031445749 0.847103834 0.037121981 0.529195905
848.000000 0.206166640 -0.059111118 -0.157573238 -0.030572439 0.844060421 0.035629820 0.534188926
849.000000 0.206569582 -0.069584630 -0.159571335 -0.030978762 0.840255916 0.036593601 0.540066004
850.000000 0.198232934 -0.061868455 -0.165335804 -0.030399416 0.835119784 0.034157660 0.548164248
851.000000 0.205079034 -0.055505976 -0.153857991 -0.029451009 0.831996143 0.032602951 0.553038895
852.000000 0.202176809 -0.052581422 -0.153795689 -0.030315649 0.827926278 0.031194838 0.559147418
853.000000 0.201643407 -0.057386786 -0.154070273 -0.032169107 0.824056327 0.031226471 0.564731121
854.000000 0.199618295 -0.052245673 -0.152633578 -0.032680999 0.820481718 0.030020289 0.569947720
855.000000 0.198849499 -0.051442247 -0.155620217 -0.035461884 0.816698849 0.030868463 0.575145602
856.000000 0.199995503 -0.055460662 -0.150774479 -0.038653038 0.813977242 0.033210084 0.578657150
857.000000 0.196643576 -0.056047119 -0.152639866 -0.039756559 0.810650408 0.033644632 0.583209574
858.000000 0.196241260 -0.051471196 -0.147953987 -0.039501846 0.808101833 0.034527235 0.586701751
859.000000 0.198160976 -0.054541569 -0.145187661 -0.040447429 0.805231392 0.035893269 0.590489745
860.000000 0.194582626 -0.053856950 -0.149495691 -0.040519048 0.801872432 0.035614070 0.595054924
861.000000 0.192407846 -0.052885659 -0.145205110 -0.040413152 0.799947023 0.035232279 0.597670615
862.000000 0.192580342 -0.049021780 -0.141476512 -0.039824191 0.798267245 0.034806315 0.599976718
863.000000 0.190879017 -0.054498769 -0.137951881 -0.039867394 0.796417832 0.034972131 0.602416933
864.000000 0.187276214 -0.051955506 -0.140005231 -0.038438369 0.793941498 0.033602495 0.605846763
865.000000 0.185998827 -0.051760495 -0.136330292 -0.038064718 0.791787446 0.033590682 0.608683288
866.000000 0.183702797 -0.051348358 -0.133258760 -0.038322341 0.789686799 0.033782996 0.611379445
867.000000 0.178748801 -0.047898069 -0.133109093 -0.037155315 0.787525833 0.032218054 0.614316285
868.000000 0.176260024 -0.047271591 -0.127485782 -0.036154643 0.786214173 0.030852379 0.616123497
869.000000 0.173307613 -0.057196733 -0.129585043 -0.036271647 0.784081459 0.029782515 0.618880928
870.000000 0.169750720 -0.050920937 -0.129849881 -0.034521978 0.782174170 0.026516072 0.621537328
871.000000 0.168055475 -0.054848939 -0.124996349 -0.034790467 0.780785263 0.027283050 0.623233140
872.000000 0.163050339 -0.045687549 -0.121164002 -0.034027364 0.779587746 0.027519515 0.624762058
873.000000 0.159678489 -0.054606274 -0.121505268 -0.033627793 0.778109908 0.027924031 0.626605451
874.000000 0.157580584 -0.054263998 -0.119311050 -0.031027051 0.777364135 0.025490250 0.627767861
875.000000 0.152953565 -0.051910158 -0.117178567 -0.028489510 0.776742816 0.023133734 0.628747702
876.000000 0.150773913 -0.059491195 -0.116124056 -0.027951885 0.775955021 0.022263076 0.629775167
877.000000 0.147109583 -0.047776528 -0.114973553 -0.025941724 0.774794400 0.018066015 0.631422460
878.000000 0.147921860 -0.053253289 -0.110153452 -0.026896726 0.773868620 0.017700400 0.632527173
879.000000 0.144199714 -0.052889254 -0.107197635 -0.026597910 0.772490382 0.014738145 0.634297967
880.000000 0.139553323 -0.050562792 -0.099746719 -0.024943676 0.771483362 0.010809612 0.635668457
881.000000 0.135490790 -0.048678514 -0.101009905 -0.024481598 0.769496262 0.008783112 0.638121426
882.000000 0.133645818 -0.054889403 -0.099075451 -0.025867533 0.767586291 0.008397919 0.640368342
883.000000 0.129305556 -0.055751201 -0.100017421 -0.026733221 0.764953375 0.007484846 0.643487096
884.000000 0.126676872 -0.048379205 -0.096096650 -0.026008075 0.763087928 0.005378473 0.645748794
885.000000 0.123872235 -0.064042322 -0.094450943 -0.027991969 0.760848999 0.006906101 0.648288190
886.000000 0.121013835 -0.055990145 -0.096877716 -0.027260229 0.757896543 0.005357897 0.651782930
887.000000 0.115858503 -0.048718799 -0.095112868 -0.026411800 0.755012333 0.004351106 0.655164063
888.000000 0.121327832 -0.049987271 -0.063429967 -0.025786560 0.755571544 0.006138685 0.654529631
889.000000 0.120974317 -0.051817197 -0.060258709 -0.025767691 0.751731157 0.006592313 0.658933103
890.000000 0.115882501 -0.053296492 -0.064595707 -0.025384083 0.746428370 0.006709880 0.664947629
891.000000 0.114665307 -0.054497216 -0.063014790 -0.023940006 0.741692305 0.007052832 0.670275867
892.000000 0.111625671 -0.053130299 -0.062646605 -0.021768445 0.736368179 0.006823722 0.676196337
893.000000 0.105979137 -0.047531266 -0.068337701 -0.019885022 0.730216265 0.005141089 0.682907283
894.000000 0.105793655 -0.053634163 -0.059970323 -0.018844122 0.726581216 0.005696088 0.686798513
895.000000 0.102182649 -0.050077792 -0.059193984 -0.017328268 0.721998811 0.004868998 0.691660166
896.000000 0.098152742 -0.047737688 -0.059778646 -0.016895918 0.717320502 0.004034851 0.696526766
897.000000 0.095592454 -0.043058835 -0.058782011 -0.015614057 0.712655604 0.002743440 0.701334953
898.000000 0.094117947 -0.047498170 -0.063457832 -0.014185971 0.706603885 0.002852374 0.707461417
899.000000 0.089307033 -0.043341033 -0.056708898 -0.012078195 0.702151239 0.002474286 0.711921036
900.000000 0.090894215 -0.055202976 -0.054090295 -0.013480248 0.697766483 0.005194100 0.716179609
901.000000 0.086589277 -0.051487483 -0.060058564 -0.013275482 0.692322969 0.004334258 0.721452653
902.000000 0.080422349 -0.044203483 -0.069306076 -0.012704290 0.686645389 0.002762593 0.726876259
903.000000 0.080396771 -0.051413521 -0.064133346 -0.014271588 0.683329463 0.003548229 0.729962051
904.000000 0.080534518 -0.053958487 -0.055385340 -0.014859012 0.680458486 0.003371608 0.732628286
905.000000 0.077391423 -0.055057656 -0.055786248 -0.014761047 0.676024556 0.002583401 0.736726701
906.000000 0.072502054 -0.048990998 -0.055988304 -0.013823417 0.671841443 0.000727188 0.740565598
907.000000 0.071480401 -0.050703775 -0.056818470 -0.014382237 0.667471290 0.000663084 0.744496286
908.000000 0.068931036 -0.046874147 -0.060248740 -0.014954537 0.663179874 -0.000100356 0.748310626
909.000000 0.067816421 -0.050038572 -0.054128911 -0.015064407 0.660879016 0.000206659 0.750341237
910.000000 0.062754452 -0.046907481 -0.051902283 -0.014017326 0.657919049 -0.000437260 0.752958059
911.000000 0.063323349 -0.048435837 -0.057065442 -0.014403936 0.654111922 -0.000302058 0.756260514
912.000000 0.057733990 -0.044910058 -0.064073935 -0.013996689 0.650108039 -0.001348534 0.759711683
913.000000 0.054338973 -0.043161474 -0.062069349 -0.013185313 0.647507727 -0.002532442 0.761940598
914.000000 0.051134903 -0.049674112 -0.057511356 -0.013489397 0.644928932 -0.002428442 0.764119625
915.000000 0.050955646 -0.040822454 -0.059268612 -0.011941175 0.641734958 -0.003981964 0.766823232
916.000000 0.051551986 -0.048284911 -0.054293606 -0.013011437 0.639538407 -0.003187354 0.768642426
917.000000 0.046223056 -0.036274254 -0.060101669 -0.011515100 0.636276186 -0.004028857 0.771364927
918.000000 0.044342928 -0.049048092 -0.059864867 -0.013567742 0.633886456 -0.002740475 0.773302257
919.000000 0.043003388 -0.047060832 -0.055184174 -0.012267824 0.632321239 -0.003232972 0.774602413
920.000000 0.042893033 -0.048319284 -0.050062981 -0.011340731 0.630884588 -0.003141992 0.775787413
921.000000 0.035618581 -0.042091668 -0.057143316 -0.009228133 0.627963662 -0.004658092 0.778174043
922.000000 0.034700036 -0.040157478 -0.067113668 -0.006576869 0.624668896 -0.006006445 0.780838907
923.000000 0.035827592 -0.047780436 -0.056990039 -0.005639657 0.624546707 -0.006159322 0.780942798
924.000000 0.032746069 -0.049083646 -0.064481065 -0.004873937 0.622116029 -0.006799477 0.782880366
925.000000 0.034266364 -0.043847241 -0.057709962 -0.003095267 0.621818423 -0.007314029 0.783121169
926.000000 0.030543998 -0.048336808 -0.069943160 -0.002759694 0.618128300 -0.007333518 0.786038160
927.000000 0.030151434 -0.052481424 -0.053891446 -0.003020290 0.618990302 -0.008219685 0.785349786
928.000000 0.026906993 -0.039743360 -0.069360882 0.000334069 0.614853799 -0.011790032 0.788552940
929.000000 0.036063042 -0.051811479 -0.028883034 0.001374855 0.619753838 -0.010554287 0.784724057
930.000000 0.036577493 -0.054938108 -0.027726378 0.001834766 0.619016588 -0.011653308 0.785289288
931.000000 0.034076266 -0.051850207 -0.027289435 0.003736673 0.618516743 -0.012998783 0.785655200
932.000000 0.034464329 -0.055966597 -0.028653793 0.004069224 0.618265867 -0.013681921 0.785839379
933.000000 0.034683201 -0.054657642 -0.028717229 0.005628573 0.617936492 -0.015311582 0.786058784
934.000000 0.032304518 -0.054183941 -0.027750716 0.008028591 0.618102193 -0.017191302 0.785868704
935.000000 0.032387577 -0.058914460 -0.025078842 0.009201328 0.618553400 -0.017837200 0.785486341
936.000000 0.032864302 -0.053529102 -0.026863132 0.011288357 0.618225336 -0.019663375 0.785673797
937.000000 0.032047391 -0.057422850 -0.026001645 0.011913576 0.618338227 -0.019979710 0.785567760
938.000000 0.032377288 -0.055547036 -0.028639987 0.012344308 0.617966056 -0.021215001 0.785821557
939.000000 0.032266796 -0.057830706 -0.030774061 0.012601375 0.618049443 -0.021469690 0.785744965
940.000000 0.032772630 -0.052386370 -0.028086243 0.014086350 0.619250298 -0.023159839 0.784725606
941.000000 0.032904889 -0.055359922 -0.030291826 0.014786079 0.619626403 -0.023920400 0.784392893
942.000000 0.031493627 -0.053087220 -0.028105147 0.016486468 0.620434523 -0.025545543 0.783668697
943.000000 0.033866242 -0.057622962 -0.030849073 0.016907260 0.620384991 -0.026201187 0.783677340
944.000000 0.032818429 -0.058024015 -0.028714668 0.018360799 0.621224880 -0.027448732 0.782936215
945.000000 0.032159749 -0.056714568 -0.028824508 0.019896675 0.621537328 -0.028893013 0.782598674
946.000000 0.032136116 -0.059172593 -0.028299965 0.020526633 0.622146904 -0.029570604 0.782072544
947.000000 0.034281552 -0.056678802 -0.028928224 0.022000289 0.622825682 -0.031259932 0.781426191
948.000000 0.032708481 -0.056784194 -0.027465813 0.023603274 0.623662889 -0.032057367 0.780679107
949.000000 0.032246783 -0.056538463 -0.032952197 0.024620999 0.623227239 -0.032722306 0.780967891
950.000000 0.032463912 -0.060482550 -0.032293800 0.024378786 0.623536944 -0.033315241 0.780703187
951.000000 0.032940447 -0.056668594 -0.029198047 0.026374482 0.624282539 -0.034935016 0.779971302
952.000000 0.032762073 -0.055852950 -0.033731546 0.027202632 0.623781979 -0.035908829 0.780299008
953.000000 0.035580184 -0.059752982 -0.030435251 0.027477708 0.624582946 -0.035486016 0.779667795
954.000000 0.032682233 -0.061084971 -0.029761771 0.028306521 0.625029027 -0.035765741 0.779267728
955.000000 0.035597898 -0.060291015 -0.031542987 0.029556504 0.625098884 -0.036026809 0.779153228
956.000000 0.035714284 -0.055311263 -0.028989224 0.031499695 0.625821769 -0.036758665 0.778462350
957.000000 0.033876203 -0.057992753 -0.034086771 0.031917639 0.625546157 -0.036144912 0.778695643
958.000000 0.033202551 -0.055402465 -0.031856269 0.033617161 0.626140714 -0.036057323 0.778150082
959.000000 0.033649001 -0.055752888 -0.031827301 0.034273781 0.626705647 -0.035622675 0.777686536
960.000000 0.035293728 -0.057568207 -0.029752702 0.034442935 0.627316296 -0.035059527 0.777212203
961.000000 0.033886231 -0.061933383 -0.034193382 0.034639314 0.627124608 -0.034118310 0.777400017
962.000000 0.035298880 -0.059706155 -0.037270088 0.036112133 0.627243578 -0.033986621 0.777242780
963.000000 0.036025744 -0.057820577 -0.031862672 0.037639275 0.628529608 -0.033823218 0.776137710
964.000000 0.036807489 -0.060613431 -0.031607438 0.037984129 0.629458904 -0.033684168 0.775373518
965.000000 0.037348188 -0.060159050 -0.031565454 0.038955394 0.630149424 -0.034115389 0.774745345
