0.000000 0.000000000 0.000000000 0.000000000 0.000000000 0.000000000 0.000000000 1.000000000
1.000000 -0.000242137 -0.000113163 -0.000077619 -0.000029927 -0.000672368 0.000093517 0.999999762
2.000000 -0.003498741 -0.002642266 -0.000266248 0.000146269 -0.001006927 0.000289133 0.999999404
3.000000 -0.000399784 -0.003603570 -0.000527576 0.000557852 -0.002483886 -0.000008701 0.999996781
4.000000 -0.003812219 -0.001427493 0.001190828 0.000876478 -0.002111766 -0.000266416 0.999997377
5.000000 -0.003468971 -0.003040385 -0.000375203 0.000858649 -0.002431994 -0.000376223 0.999996603
6.000000 -0.005400794 -0.002774379 0.000015660 0.000703536 -0.002213647 -0.000240698 0.999997258
7.000000 -0.007321175 -0.002879064 -0.000067267 0.000713826 -0.002071930 -0.000098054 0.999997616
8.000000 -0.007683241 -0.001071966 -0.000135167 0.000854327 -0.002183852 -0.000354853 0.999997199
9.000000 -0.006092404 -0.000659531 -0.000473397 0.000809845 -0.002528227 -0.000753780 0.999996185
10.000000 -0.010128305 -0.000302594 0.000636533 0.000888846 -0.002223290 -0.001078161 0.999996543
11.000000 -0.009654993 0.003076751 0.000129533 0.000996629 -0.002248015 -0.001912645 0.999995172
12.000000 -0.012610905 -0.001144038 0.001243892 0.000019549 -0.001332756 -0.002518960 0.999995947
13.000000 -0.010212837 -0.003541931 -0.000387637 -0.000833022 -0.001683105 -0.002736205 0.999994516
14.000000 -0.017014625 -0.001446360 0.000937965 -0.000111138 -0.000472266 -0.002832371 0.999995887
15.000000 -0.014141923 -0.001713019 0.000186043 0.000190181 -0.000896260 -0.002990659 0.999995112
16.000000 -0.016396038 0.002011120 -0.002075303 -0.000019025 0.000039818 -0.003126322 0.999995112
17.000000 -0.018331826 -0.000635426 -0.001180027 -0.001416384 0.000568250 -0.003391483 0.999993086
18.000000 -0.019442987 0.003694581 -0.000217678 -0.001332959 0.001012107 -0.003866509 0.999991119
19.000000 -0.021510391 0.001290969 -0.001859254 -0.002211689 0.001872253 -0.004553216 0.999985456
20.000000 -0.023437491 0.002629193 -0.001800093 -0.002805684 0.002851032 -0.004621073 0.999981344
21.000000 -0.030716598 0.003244105 -0.002385177 -0.002914140 0.004646184 -0.004418357 0.999975204
22.000000 -0.026282392 0.004103322 -0.004842513 -0.003556688 0.004595587 -0.004427237 0.999973297
23.000000 -0.036735017 0.003310420 -0.004785131 -0.004490093 0.007176870 -0.004610043 0.999953508
24.000000 -0.038005926 -0.000235295 -0.004942136 -0.004694575 0.008283390 -0.004700356 0.999943614
25.000000 -0.043056998 0.003226439 -0.004563729 -0.003507756 0.010472845 -0.004620691 0.999928355
26.000000 -0.050692845 0.000978386 -0.005647723 -0.004578360 0.012985497 -0.004094772 0.999896824
27.000000 -0.056062873 0.002813501 -0.006596791 -0.004670079 0.014760215 -0.003365879 0.999874473
28.000000 -0.063371286 0.000232626 -0.010209560 -0.004606615 0.017128170 -0.002746622 0.999838948
29.000000 -0.069812499 0.001434860 -0.006719475 -0.004268818 0.019409020 -0.002323213 0.999799788
30.000000 -0.074850820 0.001936190 -0.009683473 -0.004746432 0.021020006 -0.002128147 0.999765515
31.000000 -0.084707707 0.000074601 -0.011010604 -0.004883857 0.023802932 -0.001448349 0.999703705
32.000000 -0.086046182 0.001334787 -0.011794744 -0.004375848 0.024830934 -0.000907813 0.999681711
33.000000 -0.116323479 0.000240611 -0.012193714 -0.004649077 0.029582847 -0.001187745 0.999550819
34.000000 -0.122211643 0.001152453 -0.014338301 -0.004807332 0.030798610 0.000096603 0.999514043
35.000000 -0.126763716 -0.001020614 -0.017531835 -0.004564266 0.031483065 0.001698681 0.999492407
36.000000 -0.137398392 -0.000543891 -0.014004733 -0.004168025 0.033398420 0.002776205 0.999429584
37.000000 -0.149617761 0.000750909 -0.013343296 -0.004751772 0.036131334 0.002919700 0.999331474
38.000000 -0.154604495 0.001978970 -0.016098492 -0.005219844 0.037622437 0.002978182 0.999273956
39.000000 -0.163382605 0.003419022 -0.017408721 -0.005953093 0.040298499 0.002353658 0.999167204
40.000000 -0.174257115 0.005285641 -0.013861120 -0.007147526 0.043332946 0.001819434 0.999033451
41.000000 -0.186151072 0.005972250 -0.012269182 -0.008746502 0.046040528 0.001513354 0.998900115
42.000000 -0.191852421 0.002219940 -0.009135276 -0.009755310 0.046643313 0.001023880 0.998863459
43.000000 -0.197134435 0.005448320 -0.010611260 -0.009619901 0.047731429 0.000321394 0.998813808
44.000000 -0.212382928 0.002659984 -0.007062437 -0.010476153 0.049632203 -0.000303052 0.998712540
45.000000 -0.215137020 -0.001355151 -0.006980775 -0.010505024 0.049901884 -0.001036269 0.998698354
46.000000 -0.217673063 0.000768462 -0.007408340 -0.009497643 0.049976259 -0.001988843 0.998703241
47.000000 -0.222740725 0.001843788 -0.005382966 -0.009776332 0.050778717 -0.002662747 0.998658538
48.000000 -0.230223343 0.003535304 -0.004926212 -0.009427559 0.052158445 -0.002786046 0.998590410
49.000000 -0.242940947 0.001330536 -0.000343451 -0.009034812 0.054333486 -0.002385866 0.998479128
50.000000 -0.240097910 0.002927610 -0.003918709 -0.008364654 0.053514380 -0.002163643 0.998529673
51.000000 -0.248525172 0.001584830 -0.003560055 -0.007514150 0.054769088 -0.002001873 0.998468757
52.000000 -0.251837701 0.003310211 -0.006266233 -0.006155590 0.055374235 -0.002819637 0.998442709
53.000000 -0.260834306 0.006168051 -0.001101838 -0.005905118 0.056528840 -0.003685163 0.998376727
54.000000 -0.265971273 0.008494686 -0.001483856 -0.006192128 0.056785535 -0.004765313 0.998355806
55.000000 -0.289021730 0.002021607 0.008151256 -0.006855095 0.061015993 -0.005595614 0.998097599
56.000000 -0.291255534 0.004599573 0.008802302 -0.005979016 0.061260775 -0.005611420 0.998088121
57.000000 -0.300241470 0.008056599 0.009924620 -0.006598758 0.062882774 -0.005103842 0.997986078
58.000000 -0.311985970 0.004497476 0.017562879 -0.007519184 0.065391183 -0.003838976 0.997824013
59.000000 -0.314306051 0.004287644 0.014128486 -0.006963095 0.065659694 -0.002625145 0.997814298
60.000000 -0.325616926 0.006206892 0.014563322 -0.007512315 0.067453787 -0.001204531 0.997693360
61.000000 -0.344801396 0.003504862 0.025011132 -0.008926390 0.072730660 0.000220532 0.997311652
62.000000 -0.354930431 0.006396146 0.026410256 -0.009376024 0.076266266 0.001820030 0.997041762
63.000000 -0.365868837 0.005395869 0.030578382 -0.010719450 0.079748206 0.003704548 0.996750534
64.000000 -0.379187077 0.005556614 0.033752561 -0.011532269 0.083684266 0.005833651 0.996408522
65.000000 -0.389684945 0.006571147 0.034391176 -0.012620063 0.087083578 0.007496376 0.996092856
66.000000 -0.403741688 0.006902927 0.038130675 -0.012928989 0.091223679 0.008222888 0.995712519
67.000000 -0.411011904 0.005016229 0.036881376 -0.013102951 0.093793362 0.009145510 0.995463431
68.000000 -0.419999033 -0.001703248 0.041516609 -0.014803530 0.096470557 0.009163595 0.995183527
69.000000 -0.427236199 -0.003765484 0.040862709 -0.016146546 0.098786540 0.008526875 0.994941115
70.000000 -0.435547262 -0.001064793 0.037172586 -0.016269550 0.100325100 0.007185577 0.994795740
71.000000 -0.449353367 -0.006586980 0.040655453 -0.017854648 0.104904167 0.003541399 0.994315743
72.000000 -0.461429209 -0.006241663 0.041919108 -0.017167887 0.108150013 0.002249646 0.993983805
73.000000 -0.466154218 -0.008259305 0.039459005 -0.016993217 0.109722659 0.000658437 0.993816733
74.000000 -0.464895904 -0.012164029 0.036314093 -0.017059103 0.110143177 -0.000827115 0.993768990
75.000000 -0.464454681 -0.013243412 0.027450778 -0.015192959 0.111152120 -0.001991466 0.993685246
76.000000 -0.459619641 -0.015048883 0.018275112 -0.013173914 0.112092093 -0.003129091 0.993605554
77.000000 -0.461586714 -0.016273055 0.015501633 -0.011767237 0.114492036 -0.003200718 0.993349314
78.000000 -0.466969281 -0.017808471 0.010205984 -0.010869716 0.117579974 -0.003244733 0.992998660
79.000000 -0.470169365 -0.021946812 0.007495716 -0.009359754 0.120366640 -0.002680761 0.992681742
80.000000 -0.480878204 -0.019436106 0.009696804 -0.006948574 0.124512836 -0.002249269 0.992191136
81.000000 -0.491696030 -0.021976851 0.010167457 -0.007263588 0.129344076 -0.001134535 0.991572499
82.000000 -0.505576730 -0.025653606 0.008875705 -0.007867637 0.134322196 0.000473050 0.990906358
83.000000 -0.516497493 -0.024477109 0.008350447 -0.007768530 0.138809532 0.000784164 0.990288317
84.000000 -0.527906716 -0.023629306 0.008477673 -0.008533145 0.144269705 0.001528383 0.989500403
85.000000 -0.545257032 -0.026849933 0.013240218 -0.009049844 0.151137412 0.003110485 0.988466442
86.000000 -0.553314388 -0.023123536 0.009438798 -0.009094216 0.154455543 0.004855108 0.987945974
87.000000 -0.568829596 -0.025044531 0.011851668 -0.010052452 0.158659816 0.007169062 0.987256110
88.000000 -0.580594599 -0.024181698 0.012625292 -0.010206086 0.162245512 0.009328785 0.986653507
89.000000 -0.587012589 -0.020719985 0.009680092 -0.009770178 0.164633021 0.010963720 0.986245573
90.000000 -0.603938401 -0.022249710 0.014646441 -0.011227793 0.168989822 0.012637192 0.985472798
91.000000 -0.610935569 -0.022048237 0.017006621 -0.012507566 0.172344193 0.013290565 0.984867692
92.000000 -0.619602859 -0.022535399 0.013883933 -0.012404982 0.174604580 0.014191945 0.984458208
93.000000 -0.629043281 -0.020588147 0.016300634 -0.012678538 0.177479118 0.014757825 0.983932257
94.000000 -0.644445419 -0.025371064 0.025553331 -0.014283895 0.181322902 0.015687894 0.983194709
95.000000 -0.649712920 -0.017040767 0.020556435 -0.013009444 0.183529198 0.015966855 0.982798457
96.000000 -0.657354116 -0.016155545 0.024063006 -0.013172415 0.185594857 0.016267283 0.982403398
97.000000 -0.667945325 -0.017718237 0.024750069 -0.014981526 0.188885376 0.016454339 0.981746972
98.000000 -0.676331818 -0.016618859 0.030539155 -0.015854603 0.191225946 0.016912816 0.981272221
99.000000 -0.686022222 -0.012609315 0.033966348 -0.015144465 0.193906948 0.017010117 0.980755508
100.000000 -0.697006166 -0.015341715 0.041299582 -0.015541773 0.197108760 0.016841481 0.980113745
101.000000 -0.696211338 -0.013911294 0.041358665 -0.016126201 0.197664008 0.016088869 0.980005145
102.000000 -0.711247087 -0.011820913 0.048358783 -0.016293226 0.201670408 0.015742220 0.979191363
103.000000 -0.723392665 -0.009163224 0.060872599 -0.016243264 0.206028745 0.016163541 0.978277564
104.000000 -0.722951591 -0.009353505 0.061565489 -0.017165640 0.207673758 0.016878815 0.977901876
105.000000 -0.732690215 -0.018078282 0.071726903 -0.018283654 0.211082757 0.018080298 0.977129936
106.000000 -0.730419397 -0.012286754 0.065645263 -0.017068096 0.211436003 0.018446464 0.977068663
107.000000 -0.742888868 -0.012802296 0.076963946 -0.018195931 0.215184554 0.018210161 0.976234019
108.000000 -0.746502042 -0.016636413 0.078531414 -0.019866515 0.217545465 0.019051328 0.975661993
109.000000 -0.750371337 -0.014826374 0.083427981 -0.020378627 0.221121863 0.019856185 0.974831045
110.000000 -0.756495535 -0.009601765 0.089416459 -0.020755259 0.224744529 0.020294089 0.973985255
111.000000 -0.764523029 -0.009069609 0.096181870 -0.022158971 0.229085311 0.021352040 0.972919822
112.000000 -0.771218777 -0.008693560 0.102714211 -0.023103332 0.233003035 0.022553628 0.971939862
113.000000 -0.779086471 -0.010502626 0.113343358 -0.024448462 0.237776726 0.023692958 0.970722973
114.000000 -0.781464636 -0.009596851 0.117567971 -0.025832668 0.240562826 0.024872134 0.969970942
115.000000 -0.796996951 -0.010280522 0.130219460 -0.027010156 0.246467650 0.026777007 0.968404412
116.000000 -0.805544794 -0.015037896 0.141843140 -0.027267084 0.250269443 0.027582133 0.967399061
117.000000 -0.812994719 -0.015321622 0.148068354 -0.026384089 0.254041106 0.027578391 0.966440082
118.000000 -0.817323923 -0.013372680 0.153730378 -0.026620621 0.257579178 0.027188949 0.965507686
119.000000 -0.818152010 -0.014654802 0.157631293 -0.027402380 0.260534465 0.026721828 0.964705586
120.000000 -0.830788553 -0.010114297 0.177198797 -0.027104253 0.265361995 0.025945492 0.963418484
121.000000 -0.832489192 -0.015051795 0.179171830 -0.029143991 0.267618418 0.025788534 0.962738812
122.000000 -0.839348614 -0.016579784 0.184966356 -0.029092548 0.270661741 0.026176015 0.961878717
123.000000 -0.848009944 -0.019192809 0.200766593 -0.027762163 0.275335848 0.026406083 0.960584283
124.000000 -0.851177692 -0.020372424 0.207115635 -0.026818624 0.278739363 0.027038213 0.959611416
125.000000 -0.855728984 -0.023313943 0.213158682 -0.026825095 0.282005101 0.027292186 0.958649397
126.000000 -0.866104484 -0.021798525 0.229415312 -0.025898546 0.287240952 0.027273431 0.957119703
127.000000 -0.872842252 -0.023196662 0.238692075 -0.026427541 0.291391313 0.026855322 0.955861628
128.000000 -0.876735270 -0.026153004 0.247241154 -0.027223811 0.294833988 0.027098916 0.954776108
129.000000 -0.884043515 -0.022755940 0.261317730 -0.027013984 0.299458593 0.027555283 0.953328669
130.000000 -0.889726579 -0.023719810 0.266892046 -0.027518759 0.303314507 0.028963240 0.952052593
131.000000 -0.889478922 -0.023956250 0.264806628 -0.027709689 0.306399792 0.029876402 0.951030374
132.000000 -0.896473885 -0.021639587 0.280352652 -0.027839907 0.312016636 0.030462557 0.949179947
133.000000 -0.904012203 -0.022346258 0.296905816 -0.028047565 0.318876445 0.031780366 0.946848035
134.000000 -0.909126997 -0.022701213 0.302646637 -0.027403565 0.324104965 0.032670118 0.945059597
135.000000 -0.916954517 -0.026206641 0.316401780 -0.027158108 0.329570651 0.033997361 0.943127692
136.000000 -0.921000183 -0.025631743 0.323269993 -0.026471002 0.333027601 0.035526291 0.941875637
137.000000 -0.925668359 -0.024333511 0.326249331 -0.025706075 0.337229520 0.036902726 0.940347612
138.000000 -0.933721125 -0.022032242 0.333686382 -0.025670754 0.342714518 0.038388152 0.938303828
139.000000 -0.944816232 -0.026004307 0.349751502 -0.027665898 0.349458784 0.040288080 0.935676217
140.000000 -0.950977504 -0.027864156 0.356786281 -0.029185604 0.354692161 0.041573968 0.933602333
141.000000 -0.962325275 -0.027676545 0.372886479 -0.029796366 0.361262828 0.042967416 0.930996835
142.000000 -0.967626810 -0.032118347 0.383759707 -0.031319614 0.366115630 0.044700023 0.928967357
143.000000 -0.972904086 -0.026532259 0.390059859 -0.029746035 0.370320976 0.046000317 0.927287221
144.000000 -0.973780096 -0.032202046 0.393572539 -0.029688556 0.373687595 0.046817452 0.925896466
145.000000 -0.978995144 -0.028470147 0.403294683 -0.028463854 0.378210485 0.047160003 0.924079299
146.000000 -0.990671039 -0.028180752 0.424307644 -0.028163079 0.385595530 0.047348320 0.921021760
147.000000 -0.993641853 -0.028173964 0.427485108 -0.028921770 0.389547080 0.047489479 0.919326544
148.000000 -0.995912671 -0.029793225 0.437370121 -0.029591171 0.394036382 0.047667395 0.917380810
149.000000 -1.000380993 -0.032146741 0.446186185 -0.030175885 0.398112535 0.048150621 0.915574908
150.000000 -1.004614353 -0.030870218 0.457118601 -0.030739557 0.401951402 0.048157945 0.913876891
151.000000 -1.005400658 -0.035418149 0.467359215 -0.031972408 0.405795157 0.048483089 0.912117064
152.000000 -1.008213997 -0.034986239 0.474131942 -0.032008078 0.409619689 0.048940104 0.910380185
153.000000 -1.017898440 -0.030887704 0.490435123 -0.031796038 0.414412051 0.050212327 0.908146679
154.000000 -1.020028830 -0.028726891 0.498781174 -0.032329358 0.417972922 0.051934280 0.906397402
155.000000 -1.023824215 -0.029060822 0.514901280 -0.033063062 0.422554106 0.054178286 0.904112577
156.000000 -1.027072668 -0.031840701 0.525791407 -0.033682566 0.427241564 0.056090824 0.901767135
157.000000 -1.030557513 -0.033081558 0.545178831 -0.033549864 0.432388365 0.058111437 0.899187267
158.000000 -1.030722618 -0.034343962 0.549148083 -0.033552557 0.436156213 0.059143879 0.897298157
159.000000 -1.028900862 -0.036203980 0.561822057 -0.033851050 0.440738320 0.060705077 0.894940615
160.000000 -1.030166507 -0.036008269 0.572318971 -0.033143818 0.445569277 0.060901318 0.892558396
161.000000 -1.031615138 -0.031148024 0.583745837 -0.031982847 0.450743377 0.060900278 0.889999270
162.000000 -1.033427238 -0.033282898 0.599295616 -0.032776065 0.456417710 0.060895856 0.887073994
163.000000 -1.032436132 -0.032553032 0.610625744 -0.032371100 0.460852563 0.060266796 0.884836137
164.000000 -1.031957984 -0.034339890 0.626241803 -0.032207292 0.465428859 0.059415549 0.882501245
165.000000 -1.031643152 -0.035670999 0.638149321 -0.032066185 0.469487906 0.057997935 0.880448222
166.000000 -1.032574296 -0.038823329 0.651301920 -0.031973269 0.472915888 0.056913584 0.878686011
167.000000 -1.030977011 -0.038456969 0.660451055 -0.030515539 0.475499421 0.055755690 0.877416909
168.000000 -1.030984402 -0.037047632 0.676414192 -0.030318283 0.478732854 0.055006657 0.875711083
169.000000 -1.034133434 -0.039190020 0.697269678 -0.031677846 0.483309686 0.055740878 0.873098612
170.000000 -1.032779455 -0.042378761 0.704240203 -0.032316249 0.485995054 0.056441031 0.871538222
171.000000 -1.031534553 -0.044308875 0.718398690 -0.031878512 0.488857508 0.056410730 0.869953990
172.000000 -1.030930638 -0.046223912 0.729614019 -0.031492535 0.491212636 0.056496475 0.868634880
173.000000 -1.033825636 -0.047567166 0.744121134 -0.030686319 0.493739039 0.056606553 0.867223024
174.000000 -1.032717347 -0.049822774 0.756266475 -0.030035909 0.495112777 0.056505442 0.866468906
175.000000 -1.033329010 -0.047489628 0.767201304 -0.029101096 0.495487809 0.055979434 0.866320491
176.000000 -1.032401681 -0.048497256 0.775130391 -0.029984411 0.495545357 0.054730646 0.866337299
177.000000 -1.030694008 -0.047905821 0.782729089 -0.032090757 0.496263146 0.054513909 0.865864515
178.000000 -1.030828953 -0.050263878 0.797225475 -0.034575280 0.498400360 0.054819189 0.864520967
179.000000 -1.030262232 -0.050596736 0.807735920 -0.035229549 0.500342727 0.054734163 0.863377213
180.000000 -1.030565023 -0.055122126 0.824384987 -0.035989966 0.503335655 0.054404266 0.861625254
181.000000 -1.029601812 -0.054444440 0.837119699 -0.036063198 0.506302118 0.054150712 0.859898448
182.000000 -1.032085299 -0.055886853 0.853146672 -0.036854673 0.509250820 0.053578649 0.858157754
183.000000 -1.028103590 -0.053680904 0.859462500 -0.037381131 0.510838151 0.053286228 0.857209206
184.000000 -1.028216839 -0.047049381 0.879933596 -0.037238590 0.514627039 0.053439613 0.854936540
185.000000 -1.027312279 -0.050328359 0.898417354 -0.038728423 0.518780291 0.053904958 0.852327049
186.000000 -1.025145888 -0.052705683 0.906597912 -0.040444344 0.522742510 0.054725114 0.849770367
187.000000 -1.021217227 -0.056888044 0.922068119 -0.041676067 0.527435482 0.055617746 0.846747637
188.000000 -1.020375013 -0.056190349 0.943055809 -0.040583100 0.532863855 0.055291776 0.843416810
189.000000 -1.016974092 -0.057978772 0.952067614 -0.039832950 0.536558867 0.054732919 0.841143429
190.000000 -1.016218662 -0.057197072 0.969785094 -0.039666269 0.541515291 0.054631036 0.837975681
191.000000 -1.014147639 -0.064304456 0.983782172 -0.039044034 0.545999587 0.055403836 0.835039198
192.000000 -1.011778831 -0.061992079 1.002693057 -0.035288457 0.551051438 0.054166179 0.831963360
193.000000 -1.015103340 -0.059896655 1.024055243 -0.033883162 0.556605279 0.053099658 0.828385770
194.000000 -1.015501022 -0.056593284 1.036115646 -0.035206314 0.561198413 0.053770456 0.825182140
195.000000 -1.012677670 -0.061072595 1.048538804 -0.037893601 0.565451682 0.055291615 0.822053134
196.000000 -1.012662768 -0.062493190 1.064377785 -0.038269933 0.570248365 0.056583382 0.818627238
197.000000 -1.008776426 -0.067502841 1.074675798 -0.038177971 0.574716568 0.057759184 0.815418422
198.000000 -1.006500006 -0.070221812 1.089897394 -0.036482472 0.579221964 0.058330763 0.812261283
199.000000 -1.004854321 -0.072666362 1.099020481 -0.035470702 0.583087265 0.058923185 0.809493124
200.000000 -1.003548861 -0.072996050 1.116607666 -0.035451945 0.587895572 0.060035985 0.805926561
201.000000 -1.002214789 -0.074916489 1.129162192 -0.035804700 0.591979861 0.061134506 0.802832782
202.000000 -0.999199033 -0.076378308 1.146277428 -0.035591397 0.596339047 0.062125903 0.799533248
203.000000 -0.997811139 -0.074887991 1.159529924 -0.034374814 0.599968255 0.062766813 0.796816647
204.000000 -0.994383216 -0.072563194 1.169888973 -0.034045383 0.602551699 0.063116245 0.794851363
205.000000 -0.992974043 -0.071719907 1.192482710 -0.034606941 0.606054962 0.063900642 0.792096257
206.000000 -0.984971821 -0.075812966 1.201104403 -0.036245726 0.607913554 0.064418308 0.790555239
207.000000 -0.983799160 -0.078171633 1.218667626 -0.036077816 0.610386729 0.064109847 0.788680136
208.000000 -0.980801225 -0.078703023 1.233340383 -0.035511851 0.613266706 0.063011691 0.786557317
209.000000 -0.975060821 -0.076594792 1.239640832 -0.034153402 0.615760803 0.061035924 0.784822822
210.000000 -0.968052626 -0.077434093 1.255370259 -0.033490308 0.619606137 0.059674807 0.781924307
211.000000 -0.961348832 -0.082129829 1.269584656 -0.034140222 0.622674465 0.059589490 0.779461384
212.000000 -0.955330133 -0.082842886 1.277115107 -0.032827441 0.625583708 0.058040399 0.777302206
213.000000 -0.947318077 -0.081582397 1.289385676 -0.030463152 0.628181279 0.055392258 0.775494635
214.000000 -0.940658569 -0.082894668 1.303320646 -0.028166115 0.630738497 0.054464392 0.773569167
215.000000 -0.931473613 -0.086216852 1.316090345 -0.026881168 0.632914364 0.053998590 0.771868527
216.000000 -0.923110843 -0.089977108 1.332552433 -0.023778714 0.635493040 0.052502796 0.769952357
217.000000 -0.913550854 -0.090715140 1.344673872 -0.021333691 0.637492418 0.050204396 0.768523157
218.000000 -0.904118896 -0.092697501 1.354218364 -0.019681640 0.639751792 0.049289647 0.766746879
219.000000 -0.895229995 -0.096777357 1.364932895 -0.017730042 0.642634332 0.048007112 0.764461935
220.000000 -0.882959425 -0.100254148 1.380417347 -0.015048050 0.646296680 0.046214934 0.761536837
221.000000 -0.873957813 -0.104666770 1.388669729 -0.014192728 0.648853004 0.044507269 0.759478450
222.000000 -0.866143465 -0.098801285 1.399134636 -0.011077769 0.651522577 0.043174595 0.757318676
223.000000 -0.852501273 -0.104227886 1.411718726 -0.009587059 0.654634058 0.042210322 0.754705667
224.000000 -0.842751980 -0.102523014 1.419458151 -0.006857876 0.657431066 0.040760241 0.752380192
225.000000 -0.833154261 -0.111880466 1.433106065 -0.005334538 0.660584509 0.040696733 0.749628901
226.000000 -0.821108043 -0.114060596 1.444113612 -0.001760431 0.662464559 0.040186100 0.748012483
227.000000 -0.810720503 -0.114036292 1.453815579 0.002664417 0.663591385 0.038273152 0.747110784
228.000000 -0.800276995 -0.120889500 1.464860082 0.006446510 0.664682329 0.036062080 0.746227443
229.000000 -0.788140118 -0.127927735 1.466474652 0.009268537 0.664858878 0.033094395 0.746177971
230.000000 -0.776663601 -0.128898889 1.472253799 0.012400055 0.665689826 0.028887946 0.745566070
231.000000 -0.768344045 -0.131612986 1.480394006 0.013904805 0.666816056 0.025171107 0.744667292
232.000000 -0.760582924 -0.130728602 1.488066435 0.015573817 0.667776048 0.021225143 0.743896544
233.000000 -0.749687135 -0.140550822 1.492778301 0.015747437 0.668860316 0.018292185 0.742996156
234.000000 -0.740118861 -0.139821783 1.506054521 0.018001040 0.670908928 0.015325731 0.741162777
235.000000 -0.730878472 -0.143626273 1.512510419 0.019125715 0.671932638 0.012738756 0.740255594
236.000000 -0.721111119 -0.146463826 1.520672560 0.020428795 0.672932982 0.010637520 0.739344716
237.000000 -0.708850026 -0.153488830 1.529752016 0.021786435 0.674055457 0.008973649 0.738304794
238.000000 -0.697172344 -0.160149455 1.538975954 0.023632182 0.675214350 0.006630198 0.737213075
239.000000 -0.688004613 -0.164408013 1.546972036 0.025942972 0.676234603 0.003893191 0.736219108
240.000000 -0.676820815 -0.166859925 1.555593491 0.029242853 0.677358449 0.001522182 0.735070050
241.000000 -0.667459369 -0.170835495 1.562386036 0.030677782 0.678521633 -0.000432691 0.733939409
242.000000 -0.656124651 -0.176655173 1.572266340 0.031488888 0.680378914 -0.002272672 0.732180119
243.000000 -0.643894851 -0.183514997 1.582350492 0.033515520 0.683252156 -0.004391438 0.729399681
244.000000 -0.636084616 -0.184246719 1.590461254 0.036951751 0.686391473 -0.007370040 0.726255476
245.000000 -0.626530528 -0.187516332 1.597101808 0.039441723 0.689207494 -0.009579341 0.723426282
246.000000 -0.616150022 -0.185910046 1.608834386 0.043203570 0.692374527 -0.010987230 0.720159888
247.000000 -0.607326508 -0.190134019 1.618133783 0.044859737 0.695626438 -0.011280358 0.716912985
248.000000 -0.598534882 -0.192499205 1.625775814 0.047088537 0.699131191 -0.010841958 0.713358760
249.000000 -0.586639941 -0.194344610 1.635971189 0.049120646 0.703197598 -0.010574319 0.709216774
250.000000 -0.577998698 -0.196899742 1.640281558 0.050296120 0.706786394 -0.010634567 0.705556691
251.000000 -0.565964699 -0.199122414 1.653590322 0.052074764 0.711006045 -0.010683228 0.701173544
252.000000 -0.559109390 -0.195000231 1.664665937 0.052812528 0.714507043 -0.010515875 0.697552800
253.000000 -0.547592282 -0.199871570 1.674482226 0.051841170 0.717798471 -0.008385707 0.694267631
254.000000 -0.540188193 -0.205185488 1.681088209 0.051576328 0.720319211 -0.006709963 0.691690028
255.000000 -0.526847005 -0.210882202 1.692607522 0.053099282 0.722772360 -0.005943546 0.689017594
256.000000 -0.518514156 -0.209472299 1.702075720 0.055059601 0.724977911 -0.006534710 0.686536789
257.000000 -0.507190585 -0.216439918 1.710313201 0.054834761 0.727654159 -0.006300949 0.683719873
258.000000 -0.496818304 -0.220785066 1.717639208 0.055594984 0.730701864 -0.007387534 0.680389166
259.000000 -0.486606836 -0.223729983 1.724493265 0.056226309 0.734142840 -0.009004810 0.676603138
260.000000 -0.476482123 -0.222650275 1.731968284 0.057163641 0.736907899 -0.010353616 0.673492253
261.000000 -0.468203902 -0.222346306 1.737630606 0.056812204 0.739528716 -0.011079654 0.670631707
262.000000 -0.456367373 -0.222317874 1.743422389 0.056657445 0.741625309 -0.011635119 0.668316126
263.000000 -0.445180476 -0.222767740 1.752169728 0.056367565 0.744062304 -0.012330530 0.665614009
264.000000 -0.433114529 -0.226063237 1.760607362 0.055869907 0.745747209 -0.012286881 0.663768470
265.000000 -0.422547251 -0.225906760 1.761171937 0.055549782 0.746204257 -0.013474723 0.663258493
266.000000 -0.411463082 -0.226493508 1.764226913 0.055572182 0.747019708 -0.014642329 0.662313223
267.000000 -0.401439726 -0.225612387 1.769670367 0.055133749 0.748302698 -0.015666002 0.660876572
268.000000 -0.385589302 -0.226633906 1.774303794 0.054646254 0.749801040 -0.016280398 0.659201860
269.000000 -0.358846486 -0.230383933 1.788596630 0.054368515 0.752984345 -0.017293146 0.655560493
270.000000 -0.344674230 -0.235329270 1.789835691 0.055757094 0.753119051 -0.019122891 0.655238211
271.000000 -0.331856430 -0.234942079 1.794076920 0.058129936 0.753773630 -0.022223553 0.654180586
272.000000 -0.320997655 -0.234498620 1.797092080 0.059264481 0.754740059 -0.024143502 0.652895272
273.000000 -0.306254178 -0.234289765 1.802969337 0.060432531 0.756118298 -0.026065189 0.651117206
274.000000 -0.294086933 -0.235740632 1.803080440 0.060256120 0.756796420 -0.027595920 0.650282204
275.000000 -0.281528473 -0.240279198 1.809189677 0.058932759 0.758097112 -0.028775822 0.648835599
276.000000 -0.266746968 -0.242878065 1.813498020 0.058584455 0.759188354 -0.030205591 0.647524953
277.000000 -0.256075174 -0.242808893 1.812004566 0.058536101 0.759436548 -0.032399226 0.647132039
278.000000 -0.239715964 -0.246527046 1.820096374 0.059145302 0.760569215 -0.033994537 0.645662963
279.000000 -0.224507213 -0.246391341 1.824590087 0.060461443 0.761223733 -0.035975453 0.644661605
280.000000 -0.212911576 -0.247505754 1.826158881 0.060836043 0.761632919 -0.037796196 0.644038618
281.000000 -0.201593578 -0.246187091 1.827478528 0.061121769 0.762393594 -0.039303780 0.643020451
282.000000 -0.184353113 -0.247833699 1.836997271 0.061791636 0.764226913 -0.038911518 0.640800238
283.000000 -0.172648847 -0.251809061 1.840712905 0.061498206 0.765248239 -0.039561331 0.639568627
284.000000 -0.159787208 -0.254106820 1.846292615 0.062713936 0.765830934 -0.040720336 0.638679743
285.000000 -0.149380356 -0.253393739 1.848707914 0.063812196 0.765292108 -0.042030290 0.639131844
286.000000 -0.140309721 -0.253209502 1.853132129 0.063599706 0.764715970 -0.042017519 0.639843047
287.000000 -0.132568061 -0.253062099 1.854600668 0.062317748 0.763512731 -0.041719649 0.641423762
288.000000 -0.124433726 -0.253172427 1.861814141 0.060763679 0.763033211 -0.041568547 0.642152786
289.000000 -0.115083873 -0.250144720 1.868836164 0.060621101 0.762287021 -0.040686678 0.643108189
290.000000 -0.107352644 -0.247716784 1.877525806 0.060081374 0.761988521 -0.039983783 0.643556595
291.000000 -0.101398170 -0.251844466 1.879770517 0.058902465 0.760774553 -0.039528728 0.645127952
292.000000 -0.093303800 -0.250131994 1.888055921 0.059880558 0.760417104 -0.039453335 0.645463824
293.000000 -0.086380392 -0.249396548 1.895395756 0.060240388 0.760475218 -0.038984492 0.645390391
294.000000 -0.079354793 -0.249516204 1.904487729 0.060037550 0.761318266 -0.037848365 0.644482374
295.000000 -0.076842904 -0.250467956 1.907972932 0.058330443 0.761973917 -0.036992546 0.643913746
296.000000 -0.071635723 -0.252083510 1.915634274 0.056810666 0.763328254 -0.035968136 0.642502010
297.000000 -0.068032265 -0.249576896 1.921142459 0.055941325 0.764601231 -0.035085529 0.641112030
298.000000 -0.062776446 -0.250545323 1.930175304 0.055276379 0.766441643 -0.034095835 0.639022052
299.000000 -0.057016015 -0.252208978 1.940034986 0.054782014 0.768060505 -0.033633459 0.637142658
300.000000 -0.053314596 -0.251379281 1.948963404 0.054833256 0.769278288 -0.033278622 0.635686100
301.000000 -0.048166811 -0.252904385 1.957085848 0.053784166 0.770172656 -0.032600615 0.634727120
302.000000 -0.044431657 -0.251895845 1.967259288 0.053009935 0.771496713 -0.031877425 0.633219182
303.000000 -0.040600985 -0.251975238 1.976111293 0.052604981 0.772448480 -0.030499371 0.632159710
304.000000 -0.036152393 -0.251122206 1.989151359 0.052979715 0.773717940 -0.029231599 0.630633950
305.000000 -0.032623976 -0.253031164 2.001752853 0.053380195 0.774612427 -0.027953485 0.629559100
306.000000 -0.030839473 -0.251571357 2.011821270 0.053094935 0.775129735 -0.026655063 0.629002631
307.000000 -0.028618991 -0.251979053 2.022861242 0.052152548 0.776114047 -0.025056427 0.627932608
308.000000 -0.023164034 -0.253817230 2.036747456 0.051412888 0.777719259 -0.022549465 0.626099885
309.000000 -0.022212237 -0.253864110 2.048536777 0.050386146 0.779391587 -0.020295346 0.624177992
310.000000 -0.019653171 -0.253551453 2.059142828 0.050368797 0.780458987 -0.018332496 0.622905016
311.000000 -0.017282188 -0.254156858 2.082809448 0.051418211 0.781992972 -0.015389349 0.620972097
312.000000 -0.018090993 -0.254040420 2.093357801 0.051901173 0.781727493 -0.014253145 0.621293187
313.000000 -0.017091900 -0.251511246 2.105882406 0.052149322 0.781390965 -0.013569839 0.621710956
314.000000 -0.015209764 -0.251952678 2.119579077 0.051689491 0.780811906 -0.012186674 0.622504950
315.000000 -0.017742723 -0.252323896 2.127499819 0.050817326 0.778954148 -0.011697486 0.624908924
316.000000 -0.018817931 -0.251431584 2.138782501 0.050842509 0.776922584 -0.011720127 0.627430439
317.000000 -0.017892450 -0.249648288 2.154902697 0.051737987 0.775045931 -0.011603563 0.629676402
318.000000 -0.018406242 -0.250269204 2.164879084 0.051382314 0.772217333 -0.011621905 0.633170664
319.000000 -0.019060194 -0.249562889 2.175563574 0.051134549 0.769232810 -0.011597171 0.636813641
320.000000 -0.022313535 -0.249079391 2.185230494 0.050512735 0.765458524 -0.012357424 0.641380608
321.000000 -0.022211343 -0.250062555 2.195759535 0.050322626 0.761347175 -0.012855361 0.646260679
322.000000 -0.026858926 -0.247780964 2.202608109 0.050240148 0.756124377 -0.013755165 0.652351618
323.000000 -0.027935922 -0.246869773 2.211907864 0.049976613 0.750768781 -0.014216584 0.658518434
324.000000 -0.030714124 -0.248637795 2.218597651 0.048799928 0.744635046 -0.014348862 0.665530860
325.000000 -0.032772586 -0.247535780 2.225765228 0.049261391 0.738198280 -0.014511706 0.672626138
326.000000 -0.032520950 -0.247919887 2.239252090 0.049124893 0.731712520 -0.014970499 0.679675996
327.000000 -0.033025384 -0.250120550 2.246023655 0.048898291 0.724624455 -0.014700794 0.687249839
328.000000 -0.035100471 -0.251469016 2.253865004 0.048070561 0.717712224 -0.015097134 0.694514573
329.000000 -0.036704604 -0.251371324 2.262733936 0.048398033 0.711252511 -0.015523667 0.701096654
330.000000 -0.037475035 -0.253388673 2.272521019 0.047819782 0.704897046 -0.015422009 0.707527816
331.000000 -0.040200956 -0.252797008 2.280372143 0.046909019 0.698637664 -0.015297282 0.713772357
332.000000 -0.040711634 -0.254626036 2.290196657 0.046169262 0.692381382 -0.014691920 0.719903171
333.000000 -0.043850265 -0.253260165 2.298260212 0.046758574 0.685872197 -0.015165232 0.726059914
334.000000 -0.044413790 -0.256413966 2.306765795 0.046897326 0.679748058 -0.014778064 0.731795609
335.000000 -0.046555072 -0.256699681 2.316534042 0.048229162 0.673210680 -0.014654878 0.737730682
336.000000 -0.048874795 -0.258977234 2.323700666 0.048805185 0.665768385 -0.015945012 0.744389832
337.000000 -0.049777180 -0.261279762 2.330055237 0.050602529 0.658447266 -0.017387275 0.750722468
338.000000 -0.052732229 -0.260301650 2.336470604 0.052606802 0.651410401 -0.019305089 0.756653368
339.000000 -0.054878354 -0.260773957 2.341249466 0.053335384 0.644656599 -0.020469937 0.762334704
340.000000 -0.056922466 -0.260569185 2.345771074 0.053859569 0.637597680 -0.021264233 0.768190145
341.000000 -0.059752494 -0.262589216 2.350907087 0.053266458 0.630894363 -0.021989794 0.773725688
342.000000 -0.060790479 -0.262462288 2.356626987 0.054221451 0.624688089 -0.021817446 0.778684020
343.000000 -0.062948853 -0.263353109 2.361404896 0.054568056 0.617737174 -0.021774895 0.784186840
344.000000 -0.064308524 -0.262832999 2.367514610 0.057298191 0.610639513 -0.022231240 0.789520204
345.000000 -0.065831959 -0.262871325 2.372830391 0.058859546 0.603567183 -0.023146152 0.794799626
346.000000 -0.067911863 -0.260550171 2.377678156 0.059894096 0.597612202 -0.023585683 0.799197197
347.000000 -0.068111241 -0.264412433 2.382033825 0.059099812 0.591998875 -0.024185983 0.803405046
348.000000 -0.069885433 -0.262807608 2.388273716 0.061582748 0.587055326 -0.025125414 0.806809962
349.000000 -0.071253836 -0.262417138 2.396609068 0.061438095 0.579002678 -0.024544127 0.812636971
350.000000 -0.071092904 -0.263416350 2.400890350 0.061515875 0.575574160 -0.024785845 0.815055728
351.000000 -0.072109282 -0.264321208 2.406680822 0.061752576 0.573703706 -0.024603961 0.816361070
352.000000 -0.073478103 -0.261329472 2.409569263 0.061948735 0.571828485 -0.025025321 0.817647994
353.000000 -0.072822213 -0.260934204 2.414932489 0.061744604 0.569745123 -0.025037954 0.819116116
354.000000 -0.072325408 -0.261285186 2.420310974 0.061249662 0.567617953 -0.024610804 0.820641577
355.000000 -0.072467864 -0.261176288 2.424951315 0.060202703 0.565197587 -0.024097418 0.822402954
356.000000 -0.071967542 -0.260825753 2.430261135 0.059693992 0.562715948 -0.024508031 0.824127913
357.000000 -0.071055114 -0.260959476 2.435862780 0.059472222 0.560812593 -0.024328729 0.825445592
358.000000 -0.072003067 -0.258801579 2.440727711 0.058823466 0.559585392 -0.024445103 0.826321006
359.000000 -0.071677685 -0.258214176 2.447411299 0.057734277 0.558765709 -0.023856869 0.826969445
360.000000 -0.071672916 -0.257789224 2.453568459 0.056879889 0.557933331 -0.023398986 0.827603459
361.000000 -0.071737766 -0.258434445 2.459841013 0.056118686 0.557017386 -0.022517895 0.828296602
362.000000 -0.071863592 -0.259049714 2.467032909 0.056096476 0.556441844 -0.022765733 0.828678071
363.000000 -0.072169006 -0.258302510 2.474446774 0.056916129 0.556265712 -0.023109565 0.828730941
364.000000 -0.072535157 -0.257179826 2.480528831 0.056904271 0.555516362 -0.023016952 0.829236805
365.000000 -0.072703362 -0.258381188 2.488447905 0.055879269 0.555368185 -0.022818146 0.829411268
366.000000 -0.072498977 -0.258902758 2.495663166 0.056317065 0.555705011 -0.022816226 0.829156041
367.000000 -0.071902752 -0.259798050 2.504988194 0.056976140 0.557439864 -0.021758173 0.827974081
368.000000 -0.072927117 -0.259510815 2.512029886 0.056803495 0.559022427 -0.020837948 0.826941967
369.000000 -0.073218465 -0.260225087 2.519846916 0.056196749 0.560908079 -0.019632649 0.825735152
370.000000 -0.073149800 -0.259516627 2.527409554 0.056285042 0.563073337 -0.018950701 0.824270129
371.000000 -0.073518813 -0.258607745 2.533909321 0.054950342 0.565970600 -0.018076094 0.822393477
372.000000 -0.073147118 -0.259031177 2.542010784 0.053017057 0.570168078 -0.017158076 0.819636047
373.000000 -0.073762715 -0.257708579 2.548680782 0.051527705 0.574669242 -0.016337564 0.816598535
374.000000 -0.073316395 -0.258164555 2.555693865 0.048927885 0.580054164 -0.014809163 0.812972248
375.000000 -0.072184145 -0.259142876 2.563857555 0.046444207 0.586030602 -0.013778744 0.808839381
376.000000 -0.069060326 -0.261305004 2.577404261 0.041753918 0.598280907 -0.012745490 0.800096333
377.000000 -0.067412972 -0.262199193 2.583686113 0.039430644 0.604848862 -0.012989942 0.795257390
378.000000 -0.065168321 -0.262746602 2.589540482 0.037721846 0.610934913 -0.013262557 0.790670455
379.000000 -0.062212467 -0.263947666 2.594853640 0.036551904 0.616913438 -0.012685055 0.786079407
380.000000 -0.059850156 -0.264613509 2.599988937 0.036088575 0.622832477 -0.012335168 0.781425118
381.000000 -0.057825625 -0.265020162 2.605076551 0.035475776 0.629396379 -0.011885328 0.776183188
382.000000 -0.055041641 -0.266102165 2.609631777 0.034967843 0.635986030 -0.011660944 0.770819724
383.000000 -0.052057236 -0.266636848 2.613351583 0.035415962 0.642519474 -0.011740702 0.765360415
384.000000 -0.049900591 -0.266193569 2.615297556 0.036154259 0.649081469 -0.012215744 0.759761035
385.000000 -0.046813309 -0.266946822 2.617124557 0.036880083 0.655960381 -0.013322849 0.753776073
386.000000 -0.043318212 -0.269134879 2.619553804 0.038022339 0.664222240 -0.014274252 0.746431112
387.000000 -0.041260719 -0.268789142 2.621420145 0.039301720 0.673641026 -0.014844154 0.737863660
388.000000 -0.038590103 -0.268993109 2.622550249 0.038343590 0.682519555 -0.015176065 0.729703069
389.000000 -0.034568623 -0.272440970 2.623300076 0.036996834 0.690863371 -0.015325456 0.721875489
390.000000 -0.030786447 -0.273343205 2.624829054 0.037039660 0.698652923 -0.016694855 0.714306295
391.000000 -0.027535945 -0.273790121 2.625357866 0.036114078 0.706409514 -0.016919810 0.706678927
392.000000 -0.025836911 -0.271803200 2.625371456 0.035394937 0.714961708 -0.017025836 0.698059499
393.000000 -0.024304606 -0.270388722 2.625990629 0.034590095 0.724083722 -0.016559627 0.688645065
394.000000 -0.019747078 -0.271454573 2.626994848 0.033924069 0.732611835 -0.015370990 0.679627001
395.000000 -0.016796201 -0.271599531 2.628176689 0.034349993 0.740764558 -0.014333474 0.670732796
396.000000 -0.014001250 -0.270390421 2.627883196 0.035137955 0.748893917 -0.013167967 0.661626637
397.000000 -0.010756791 -0.269018471 2.626672506 0.034570765 0.756670892 -0.012369786 0.652764201
398.000000 -0.006080270 -0.270113677 2.625666618 0.033908114 0.764229596 -0.011963662 0.643941164
399.000000 -0.001956731 -0.271014243 2.626538038 0.033068608 0.772013545 -0.012498484 0.634622216
400.000000 0.002163589 -0.270912081 2.626477957 0.032901552 0.779863536 -0.013375824 0.624941170
401.000000 0.008121967 -0.271277606 2.627595186 0.033247866 0.787955284 -0.013481375 0.614686310
402.000000 0.011052132 -0.270459473 2.626482010 0.032606445 0.794593692 -0.014315605 0.606096208
403.000000 0.018202901 -0.271935195 2.625759840 0.031132234 0.801103532 -0.014619778 0.597536802
404.000000 0.024193227 -0.273021847 2.628944397 0.028760696 0.808171391 -0.014723386 0.588060379
405.000000 0.029679656 -0.274360418 2.631960392 0.026531892 0.815930009 -0.014595943 0.577357054
406.000000 0.036253393 -0.275398761 2.633631468 0.024705250 0.823706508 -0.014193507 0.566300035
407.000000 0.041272402 -0.276159108 2.636491537 0.022765094 0.831848264 -0.013133323 0.554380417
408.000000 0.047771931 -0.279466033 2.639823914 0.021803858 0.839659810 -0.011696938 0.542548776
409.000000 0.054916441 -0.283798009 2.643559694 0.020784557 0.847264528 -0.011593196 0.530637741
410.000000 0.055795431 -0.282154411 2.644856930 0.020359261 0.855109215 -0.011125097 0.517928421
411.000000 0.060176373 -0.280731261 2.651560307 0.020107882 0.863403320 -0.009047934 0.504032254
412.000000 0.068937421 -0.282504827 2.658141136 0.019110916 0.871417344 -0.007476916 0.490112931
413.000000 0.073392391 -0.280711174 2.661339998 0.018922411 0.878623605 -0.006560103 0.477094769
414.000000 0.076307535 -0.275687665 2.666358471 0.018222993 0.885461569 -0.004846801 0.464329809
415.000000 0.081645727 -0.274407595 2.672178984 0.016413240 0.891437650 -0.001327069 0.452844054
416.000000 0.090412855 -0.276893079 2.674454212 0.013568467 0.896873891 0.001201004 0.442076504
417.000000 0.094475031 -0.274186641 2.674922466 0.011536803 0.901901662 0.002674484 0.431779027
418.000000 0.102058291 -0.276200503 2.679247379 0.007938387 0.907240152 0.004706798 0.420511693
419.000000 0.109800220 -0.281149715 2.679472685 0.005445161 0.912051141 0.005696303 0.410000712
420.000000 0.112049937 -0.274250150 2.681005478 0.004351290 0.916239202 0.003474556 0.400592983
421.000000 0.119753122 -0.269129097 2.682384014 0.000851422 0.923598170 0.004807252 0.383330971
422.000000 0.131110907 -0.273203582 2.681406498 -0.001793735 0.927268505 0.005916876 0.374345958
423.000000 0.136075974 -0.268431276 2.680171013 -0.003100364 0.930356622 0.005916927 0.366595089
424.000000 0.144062519 -0.270041108 2.678567886 -0.005185008 0.933535814 0.007197491 0.358374357
425.000000 0.153351426 -0.268779546 2.678180456 -0.006494701 0.936586142 0.006665089 0.350313812
426.000000 0.159556627 -0.265596002 2.675192118 -0.007234262 0.939370215 0.005819670 0.342778921
427.000000 0.167838454 -0.263616174 2.669684649 -0.008699762 0.942073166 0.005279007 0.335252970
428.000000 0.180279970 -0.262576550 2.667377472 -0.009625724 0.944698215 0.004776408 0.327764839
429.000000 0.186353803 -0.257075042 2.660318851 -0.009273924 0.946758330 0.003635543 0.321791053
430.000000 0.198119998 -0.252498716 2.658665657 -0.009391458 0.949289322 0.003466829 0.314244360
431.000000 0.216005683 -0.254966587 2.655320406 -0.009732454 0.951777041 0.005033968 0.306594878
432.000000 0.228529096 -0.252574682 2.651003361 -0.009516931 0.953717887 0.005385268 0.300503880
433.000000 0.239166141 -0.247585967 2.641518116 -0.008215305 0.955626369 0.005411631 0.294417083
434.000000 0.252894163 -0.245651081 2.637523174 -0.006531904 0.957700312 0.007131282 0.287604988
435.000000 0.267903924 -0.252735436 2.629287720 -0.005811081 0.959396958 0.008815407 0.281861663
436.000000 0.285739183 -0.257301092 2.619216681 -0.004305753 0.960811973 0.007768456 0.277058512
437.000000 0.296940923 -0.258027554 2.611495972 -0.001695433 0.961774647 0.003446435 0.273815155
438.000000 0.302475095 -0.254004598 2.599047422 0.001854791 0.962563157 -0.001062527 0.271048993
439.000000 0.306954503 -0.242504701 2.591162920 0.004624221 0.963601828 -0.004127550 0.267269701
440.000000 0.317146659 -0.238682151 2.581828356 0.005471565 0.964867294 -0.002600613 0.262667894
441.000000 0.330683231 -0.239012301 2.574811459 0.004306866 0.966390252 0.000789336 0.257042348
442.000000 0.352874339 -0.242883369 2.553659439 0.003224685 0.968992651 0.003070096 0.247049540
443.000000 0.361909211 -0.242984697 2.543686867 0.003630938 0.970270038 0.002243955 0.241987288
444.000000 0.370226860 -0.241524905 2.535778046 0.004185874 0.971622467 0.001487321 0.236495346
445.000000 0.381412923 -0.240659788 2.528369427 0.003460932 0.972864151 0.001254965 0.231347919
446.000000 0.392719507 -0.238836214 2.519705772 0.003278283 0.974070430 0.000554593 0.226220623
447.000000 0.396035552 -0.229870290 2.512830973 0.003472993 0.975207388 -0.000230412 0.221265510
448.000000 0.406674743 -0.236168444 2.503425121 0.002433845 0.976690233 0.001053264 0.214637339
449.000000 0.412874460 -0.232006505 2.497409344 0.002832688 0.978106201 0.001564722 0.208081365
450.000000 0.424582064 -0.231644675 2.489350557 0.002154088 0.979439974 0.002903892 0.201703385
451.000000 0.433774114 -0.234360322 2.483077049 0.000771131 0.980641961 0.003965307 0.195767805
452.000000 0.442771733 -0.232111141 2.478218079 0.000179917 0.981723905 0.004102524 0.190266296
453.000000 0.448148072 -0.225991562 2.473383427 -0.000153790 0.982631326 0.004585473 0.185511887
454.000000 0.452306211 -0.219527468 2.466497421 -0.000748493 0.983331680 0.004473846 0.181764320
455.000000 0.464096189 -0.223640695 2.460664749 -0.001203455 0.984068215 0.005782750 0.177693233
456.000000 0.476072013 -0.223166659 2.455157995 -0.001581901 0.984826863 0.007393168 0.173375025
457.000000 0.488084674 -0.221515983 2.450579405 -0.001454633 0.985616267 0.009381325 0.168732017
458.000000 0.498105705 -0.218041763 2.446515799 -0.000637169 0.986423850 0.009202742 0.163960159
459.000000 0.513208568 -0.225714535 2.439607382 0.001494286 0.987210751 0.009507747 0.159129634
460.000000 0.519478261 -0.216222450 2.438095093 0.004350132 0.987975240 0.008989993 0.154289290
461.000000 0.532864809 -0.217745274 2.431771040 0.006141546 0.988724232 0.009544903 0.149317086
462.000000 0.538670123 -0.217332810 2.427105665 0.007281910 0.989385545 0.008751713 0.144867659
463.000000 0.545007586 -0.214445725 2.423099995 0.007811492 0.990138888 0.008431766 0.139616862
464.000000 0.548663199 -0.210216656 2.419995546 0.006560807 0.990984142 0.009228368 0.133499771
465.000000 0.566796660 -0.214214012 2.415926218 0.005349147 0.992104948 0.011941428 0.124725856
466.000000 0.575352192 -0.211184308 2.413030148 0.004309129 0.992984891 0.012474271 0.117502667
467.000000 0.585106432 -0.204603598 2.410175800 0.004571810 0.993874788 0.013645311 0.109571032
468.000000 0.577543378 -0.207886338 2.410995960 0.003201965 0.994455636 0.016559862 0.103795692
469.000000 0.591288626 -0.206326991 2.410800695 0.003176381 0.995380819 0.019186920 0.094014563
470.000000 0.608328283 -0.201971501 2.409675121 0.002243318 0.996192634 0.022565067 0.084178418
471.000000 0.618786335 -0.197915584 2.405760527 0.001134398 0.996795416 0.025381377 0.075850867
472.000000 0.625952482 -0.199093431 2.404976606 0.000450013 0.997281671 0.027412837 0.068393424
473.000000 0.633751869 -0.196210206 2.396253347 0.000791961 0.997676134 0.028256899 0.061993189
474.000000 0.643786728 -0.193021327 2.394196510 0.000893852 0.998117030 0.029426595 0.053811461
475.000000 0.652492642 -0.193432182 2.390066385 0.000997889 0.998464465 0.031259142 0.045722079
476.000000 0.663367748 -0.185579926 2.382851601 0.000593050 0.998740911 0.031455137 0.039074447
477.000000 0.674174368 -0.186694816 2.387515068 0.000214019 0.999008179 0.032416042 0.030525159
478.000000 0.683925807 -0.186620414 2.384329796 -0.000934622 0.999163806 0.033247691 0.023777952
479.000000 0.688748598 -0.188528746 2.387006044 -0.002608212 0.999232411 0.035464425 0.016432932
480.000000 0.691604495 -0.189261064 2.381929398 -0.003586893 0.999229133 0.037444163 0.011230023
481.000000 0.710824311 -0.196609810 2.380524397 -0.004460032 0.999236286 0.038667034 0.003442427
482.000000 0.721024871 -0.197144389 2.382941484 -0.004256205 0.999217749 0.039175563 -0.003318669
483.000000 0.729257405 -0.195096552 2.378293037 -0.004029741 0.999157786 0.040012401 -0.008149049
484.000000 0.741171598 -0.204003885 2.374081135 -0.004108074 0.999017775 0.041981868 -0.013571216
485.000000 0.747984231 -0.202831790 2.371423960 -0.003228134 0.999050260 0.039743569 -0.017565861
486.000000 0.752674818 -0.197104841 2.369610310 -0.002092735 0.999115586 0.035925910 -0.021749385
487.000000 0.751134336 -0.196820274 2.361021996 -0.000820065 0.999095857 0.034905378 -0.024256436
488.000000 0.754495203 -0.193527028 2.358241796 -0.000550972 0.998940289 0.034470271 -0.030491183
489.000000 0.757345974 -0.199662045 2.348668337 -0.000560931 0.998688757 0.035114620 -0.037248906
490.000000 0.763019681 -0.200116247 2.346788645 -0.000543756 0.998395801 0.035199568 -0.044344947
491.000000 0.765085876 -0.201887742 2.333545208 -0.001259310 0.998196363 0.035236083 -0.048588362
492.000000 0.770924807 -0.205367759 2.325625658 -0.002695163 0.997935653 0.034627181 -0.054019541
493.000000 0.769271731 -0.201209709 2.317341328 -0.005402158 0.997674942 0.033165280 -0.059292872
494.000000 0.765956521 -0.187816083 2.303843260 -0.008141873 0.997392535 0.032409560 -0.063964367
495.000000 0.768042743 -0.195291013 2.298716784 -0.009855184 0.997096360 0.034276374 -0.067282133
496.000000 0.768186569 -0.182817593 2.291516304 -0.011926218 0.996838927 0.032869317 -0.071340837
497.000000 0.766590238 -0.186137959 2.279373169 -0.012469508 0.996576726 0.033948727 -0.074342690
498.000000 0.769802451 -0.181896597 2.274260521 -0.012412522 0.996188819 0.033476360 -0.079580836
499.000000 0.768493414 -0.179936528 2.262113571 -0.011849992 0.995783269 0.033197075 -0.084694885
500.000000 0.758422136 -0.178216845 2.252667427 -0.011341280 0.995525837 0.032649871 -0.087941132
501.000000 0.768930197 -0.179120138 2.246262550 -0.010950287 0.994970500 0.033015992 -0.093934290
502.000000 0.766700327 -0.184346110 2.234314919 -0.010715556 0.994540036 0.034028545 -0.098067902
503.000000 0.764998198 -0.177736670 2.224157333 -0.011137440 0.994248867 0.033202589 -0.101206578
504.000000 0.760742307 -0.178895578 2.211776972 -0.010861957 0.993896902 0.034462694 -0.104227290
505.000000 0.759439707 -0.185209751 2.200358391 -0.010532606 0.993370175 0.035990663 -0.108671099
506.000000 0.765371442 -0.181658819 2.188127041 -0.009793348 0.992904842 0.034040067 -0.113513336
507.000000 0.755043745 -0.181679070 2.178639650 -0.008819977 0.992681086 0.032587752 -0.115950555
508.000000 0.761739194 -0.181444794 2.168741941 -0.007429297 0.992274463 0.031849805 -0.119673543
509.000000 0.761533558 -0.182014257 2.154676676 -0.006123715 0.991762340 0.032018375 -0.123874195
510.000000 0.767790794 -0.181742251 2.140048265 -0.004605856 0.991204381 0.031136593 -0.128542691
511.000000 0.757268012 -0.182756439 2.131327629 -0.003507537 0.990886748 0.028982421 -0.131495684
512.000000 0.762830675 -0.182200581 2.120651007 -0.002978029 0.990091681 0.027074695 -0.137755468
513.000000 0.769617558 -0.184785396 2.105021477 -0.002759606 0.989302754 0.026294891 -0.143460855
514.000000 0.773433924 -0.187470824 2.093794107 -0.003046031 0.988515198 0.025019895 -0.149004593
515.000000 0.769445360 -0.183932513 2.083890915 -0.003734436 0.987906277 0.022304930 -0.153394118
516.000000 0.769950151 -0.181399271 2.080084801 -0.004061533 0.987239718 0.020358836 -0.157882303
517.000000 0.780671597 -0.184494630 2.061026812 -0.004548161 0.986194968 0.020573471 -0.164242014
518.000000 0.782418668 -0.174461782 2.057848930 -0.004689984 0.985397518 0.018080264 -0.169241965
519.000000 0.768406510 -0.196160361 2.072261333 -0.006626063 0.985071540 0.018741427 -0.170993969
520.000000 0.768136322 -0.195551634 2.064486027 -0.007907223 0.984366298 0.016258011 -0.175203234
521.000000 0.768375456 -0.192645341 2.059344292 -0.009678950 0.983661592 0.015138602 -0.179128483
522.000000 0.763853967 -0.190378398 2.064013720 -0.011732160 0.983143568 0.015500511 -0.181798637
523.000000 0.771829903 -0.185578436 2.044081211 -0.013341164 0.981973767 0.015845058 -0.187878743
524.000000 0.770488918 -0.188080728 2.040715456 -0.014333055 0.981188178 0.016172955 -0.191840380
525.000000 0.780587912 -0.179750517 2.024425268 -0.015230441 0.979998171 0.015984945 -0.197777867
526.000000 0.777670562 -0.175111115 2.008576870 -0.014994474 0.979057193 0.017143289 -0.202307448
527.000000 0.778513491 -0.174816862 2.004456043 -0.015321298 0.978122890 0.017283756 -0.206741765
528.000000 0.794546485 -0.172345623 1.982315183 -0.016038008 0.976415515 0.017731732 -0.214571983
529.000000 0.793639064 -0.176745713 1.979172945 -0.016483473 0.975427926 0.019235393 -0.218857720
530.000000 0.803087354 -0.170968711 1.964262247 -0.017325224 0.973975778 0.019007217 -0.225188285
531.000000 0.800267220 -0.169049740 1.956371069 -0.018153710 0.972942293 0.019737285 -0.229486674
532.000000 0.797326863 -0.168090671 1.951694131 -0.018430805 0.972258747 0.020266494 -0.232298359
533.000000 0.804134786 -0.169831008 1.937575698 -0.017988821 0.970875144 0.021494571 -0.237940982
534.000000 0.810593724 -0.169922709 1.922137499 -0.017935367 0.969579339 0.022345236 -0.243094563
535.000000 0.805755913 -0.168462649 1.920170903 -0.018049536 0.968752205 0.021700487 -0.246419162
536.000000 0.807552814 -0.170086309 1.904799819 -0.017977508 0.967415512 0.022105109 -0.251585871
537.000000 0.811910868 -0.166571736 1.894786119 -0.017681671 0.966190100 0.021925848 -0.256287456
538.000000 0.811177790 -0.166849583 1.886837721 -0.017831737 0.965124190 0.022225281 -0.260237098
539.000000 0.821222126 -0.166955054 1.868739128 -0.018350707 0.963590384 0.022648729 -0.265789092
540.000000 0.817813396 -0.170198739 1.861170292 -0.018562788 0.962655663 0.022514394 -0.269151568
541.000000 0.822495162 -0.168238372 1.848366380 -0.019258549 0.961595893 0.021203458 -0.272970378
542.000000 0.821262479 -0.163478345 1.844432354 -0.020300832 0.960575759 0.021151517 -0.276468396
543.000000 0.823808789 -0.168163300 1.832584620 -0.021256272 0.959556937 0.023008911 -0.279766440
544.000000 0.823297799 -0.166061997 1.823184967 -0.023154769 0.958777964 0.023981806 -0.282194167
545.000000 0.825429320 -0.168735832 1.815025806 -0.024629550 0.957835257 0.026435111 -0.285037309
546.000000 0.831030726 -0.167491317 1.803542256 -0.025648374 0.956848025 0.027283400 -0.288166016
547.000000 0.823960304 -0.168925881 1.800472736 -0.026626647 0.956291378 0.027689936 -0.289881110
548.000000 0.825415969 -0.169085383 1.793216825 -0.026980070 0.955241263 0.028173948 -0.293244600
549.000000 0.819852114 -0.171801895 1.788089991 -0.027216202 0.954513669 0.028816739 -0.295520723
550.000000 0.830385447 -0.170948595 1.777406573 -0.026895411 0.953068614 0.028003579 -0.300254285
551.000000 0.828584313 -0.173560709 1.770660758 -0.026785538 0.951949835 0.027693698 -0.303820759
552.000000 0.824314713 -0.172178894 1.769743443 -0.026650935 0.951018453 0.026378550 -0.306851387
553.000000 0.826583326 -0.170117751 1.763569832 -0.026293704 0.949623644 0.025836729 -0.311217099
554.000000 0.827276945 -0.176305279 1.754277587 -0.024940807 0.948240161 0.026711686 -0.315444201
555.000000 0.827643871 -0.175560653 1.748040676 -0.024461251 0.947209001 0.025099261 -0.318695486
556.000000 0.826240361 -0.174072817 1.744850636 -0.024044296 0.946353257 0.022955008 -0.321419418
557.000000 0.826659560 -0.170533374 1.738180876 -0.023436358 0.945170760 0.022594165 -0.324949950
558.000000 0.826144338 -0.178081423 1.732616901 -0.021513300 0.943820894 0.024044130 -0.328878641
559.000000 0.831130624 -0.172601998 1.724539518 -0.021603310 0.942114651 0.022819670 -0.333815187
560.000000 0.833311617 -0.171294957 1.716948271 -0.020967005 0.940362632 0.022146786 -0.338803709
561.000000 0.831801057 -0.169793978 1.713662982 -0.020689163 0.938924253 0.021485133 -0.342828751
562.000000 0.830234170 -0.169720650 1.705986500 -0.020596569 0.937350094 0.020411368 -0.347180009
563.000000 0.832800806 -0.169559345 1.699853182 -0.020302312 0.935628295 0.019344328 -0.351871133
564.000000 0.835195780 -0.166102886 1.686384797 -0.020728095 0.933264315 0.019308632 -0.358071566
565.000000 0.838755250 -0.166974291 1.678760767 -0.020356676 0.930873215 0.020399636 -0.364203990
566.000000 0.836430609 -0.167526990 1.675093174 -0.020401388 0.928993464 0.021051455 -0.368933260
567.000000 0.839085996 -0.171005890 1.666843653 -0.020048050 0.926882088 0.022026202 -0.374169111
568.000000 0.838618040 -0.164345741 1.657742500 -0.020271322 0.924924254 0.022252925 -0.378957808
569.000000 0.838436842 -0.167822465 1.646489620 -0.019449074 0.922962427 0.023349725 -0.383688569
570.000000 0.840544939 -0.168209195 1.634501338 -0.020382170 0.921009600 0.022501055 -0.388355076
571.000000 0.838609457 -0.161191896 1.627376556 -0.022383576 0.919357896 0.020792743 -0.392234236
572.000000 0.836869538 -0.164736152 1.617943168 -0.023229619 0.917545915 0.022304529 -0.396323651
573.000000 0.831879377 -0.166848972 1.613345504 -0.024294717 0.916384697 0.022727858 -0.398913890
574.000000 0.830448866 -0.158250317 1.604942799 -0.026110178 0.915143788 0.021250347 -0.401719511
575.000000 0.828208804 -0.158019900 1.598725080 -0.026542157 0.913999200 0.022389539 -0.404227346
576.000000 0.832470834 -0.155208826 1.586141706 -0.027377339 0.912049949 0.023609655 -0.408482552
577.000000 0.832293868 -0.157828748 1.576948643 -0.027582157 0.910445571 0.024061887 -0.412006170
578.000000 0.830885410 -0.150774106 1.568385124 -0.028702153 0.908935964 0.023746042 -0.415268272
579.000000 0.829919815 -0.153143734 1.558922052 -0.028286718 0.907692194 0.024967542 -0.417937011
580.000000 0.832121015 -0.150920272 1.548275352 -0.028159689 0.906532705 0.025009349 -0.420452148
581.000000 0.828804135 -0.149682686 1.539109826 -0.027609371 0.905763626 0.024635637 -0.422164708
582.000000 0.827696085 -0.145819455 1.529366255 -0.027156994 0.904524922 0.025076535 -0.424815595
583.000000 0.824250162 -0.148024559 1.517553568 -0.025991056 0.902974844 0.026811700 -0.428067774
584.000000 0.820726216 -0.149177372 1.508568048 -0.025279753 0.901587248 0.027909329 -0.430955201
585.000000 0.820444107 -0.140781790 1.497317076 -0.024993030 0.899727881 0.028045865 -0.434831649
586.000000 0.817708194 -0.139624596 1.489567041 -0.023491900 0.897916138 0.030049490 -0.438510925
587.000000 0.813192725 -0.141537502 1.463297129 -0.019120770 0.893584609 0.032348845 -0.447319239
588.000000 0.815767288 -0.144927680 1.453445673 -0.016711764 0.891656399 0.032107677 -0.451263458
589.000000 0.812152386 -0.145203665 1.441220284 -0.014844310 0.890300870 0.030685566 -0.454095244
590.000000 0.809325159 -0.143091664 1.431552887 -0.013836908 0.888948858 0.028740821 -0.456894308
591.000000 0.808285058 -0.139214605 1.418121099 -0.013321378 0.887147486 0.028344220 -0.460422128
592.000000 0.807203531 -0.136521339 1.404803157 -0.013134919 0.884800971 0.028867694 -0.464888573
593.000000 0.805296719 -0.134995967 1.393580675 -0.013208719 0.882674217 0.029647766 -0.468863308
594.000000 0.805037022 -0.132697970 1.383054972 -0.013964162 0.880657792 0.030474797 -0.472565472
595.000000 0.801272631 -0.135550365 1.372241497 -0.013575302 0.878758252 0.031974468 -0.476001352
596.000000 0.799550653 -0.142567188 1.358582616 -0.012653874 0.876536667 0.032962155 -0.480038404
597.000000 0.797492623 -0.140978426 1.346565604 -0.012908345 0.874571443 0.032434035 -0.483638585
598.000000 0.798971593 -0.140664831 1.333032131 -0.012943267 0.872464061 0.031823650 -0.487469077
599.000000 0.795266032 -0.143897563 1.322513819 -0.013103373 0.870847881 0.031112714 -0.490391910
600.000000 0.792691052 -0.141590387 1.312841654 -0.014805331 0.869392216 0.030336473 -0.492968202
601.000000 0.793351114 -0.140579522 1.298488498 -0.016343860 0.867510498 0.029785279 -0.496257216
602.000000 0.788766563 -0.141297132 1.290632010 -0.017750589 0.866172194 0.029985243 -0.498529345
603.000000 0.784785151 -0.144446850 1.283979058 0.018873176 -0.864958465 -0.030500297 0.500560105
604.000000 0.785547018 -0.138987869 1.272541046 0.020333508 -0.862970054 -0.029450230 0.503985941
605.000000 0.780002952 -0.141136259 1.267456293 0.020347128 -0.861875296 -0.029837044 0.505832672
606.000000 0.779002666 -0.133248314 1.253664970 0.020841993 -0.860141218 -0.029280281 0.508788049
607.000000 0.776994586 -0.139014065 1.243796587 0.019917062 -0.858718157 -0.030075798 0.511176884
608.000000 0.775351048 -0.134286076 1.233819127 0.020733867 -0.857219636 -0.028899767 0.513721049
609.000000 0.769244432 -0.133262262 1.229831934 0.021109274 -0.855846703 -0.029748071 0.515941620
610.000000 0.767242789 -0.130999029 1.216066599 0.020395543 -0.853687048 -0.030991426 0.519463062
611.000000 0.764764905 -0.135713443 1.204227209 0.018134801 -0.851612747 -0.031891577 0.522886038
612.000000 0.763929963 -0.135738403 1.197785616 0.016360268 -0.850242913 -0.031658664 0.525182843
613.000000 0.762255788 -0.129294157 1.185260296 0.015209766 -0.848672688 -0.031065382 0.527786255
614.000000 0.761475921 -0.124416262 1.174896955 0.013874969 -0.846951485 -0.030949263 0.530587137
615.000000 0.760539532 -0.119371593 1.166503429 0.013430959 -0.845371842 -0.031407531 0.533084929
616.000000 0.757170796 -0.125059232 1.156834364 0.011125281 -0.843332589 -0.033536702 0.536229014
617.000000 0.758429408 -0.119677544 1.142155766 0.010462222 -0.840493441 -0.034608994 0.540613890
618.000000 0.755520940 -0.122147299 1.127878904 0.008784587 -0.837625504 -0.036704253 0.544939578
619.000000 0.752354503 -0.126255065 1.119299889 0.006924467 -0.834636688 -0.038181040 0.549432218
620.000000 0.751377940 -0.123084873 1.109894514 0.006304371 -0.831977189 -0.038079843 0.553465545
621.000000 0.749150157 -0.119638309 1.098379374 0.005274218 -0.829388022 -0.038029656 0.557352126
622.000000 0.745582521 -0.120316729 1.088362694 0.003955428 -0.826515555 -0.038851023 0.561557531
623.000000 0.744529247 -0.116687834 1.076656818 0.004631682 -0.823581338 -0.038812358 0.565849662
624.000000 0.743253350 -0.118208408 1.064515114 0.004566215 -0.820479453 -0.039302267 0.570305049
625.000000 0.740311623 -0.114693105 1.057214379 0.005279456 -0.817687571 -0.039682407 0.574268579
626.000000 0.739109874 -0.112482637 1.045224667 0.004365859 -0.813657224 -0.040269956 0.579931974
627.000000 0.736430049 -0.115872979 1.034044743 0.002529899 -0.809586346 -0.040641617 0.585586667
628.000000 0.732274354 -0.114538476 1.029910207 0.002028492 -0.806357920 -0.039823949 0.590082049
629.000000 0.728092432 -0.112558261 1.022173166 0.000894190 -0.802577734 -0.038886461 0.595278025
630.000000 0.723035812 -0.117415756 1.013892651 -0.000878612 -0.798450530 -0.038714670 0.600813746
631.000000 0.719732702 -0.119431317 1.006537557 -0.002220070 -0.794673920 -0.037857845 0.605850697
632.000000 0.713788629 -0.121101618 0.998975158 -0.003638635 -0.790866375 -0.037425499 0.610832512
633.000000 0.709625781 -0.119897321 0.989689648 -0.004084866 -0.787148774 -0.035724282 0.615714133
634.000000 0.707048357 -0.118453115 0.981123805 -0.003798560 -0.783631265 -0.033911381 0.620288372
635.000000 0.702155292 -0.116194889 0.975801110 -0.003322137 -0.780288875 -0.032365888 0.624572337
636.000000 0.699744642 -0.120003283 0.965765655 -0.003612046 -0.776293457 -0.032429308 0.629526615
637.000000 0.694948971 -0.116807356 0.959246755 -0.002155730 -0.772785187 -0.031428941 0.633885384
638.000000 0.689795613 -0.116038263 0.954342484 -0.001733542 -0.769253850 -0.031480316 0.638164937
639.000000 0.686184943 -0.109946445 0.946996093 -0.000310577 -0.765857399 -0.031319674 0.642247200
640.000000 0.679806590 -0.111383446 0.942006826 -0.000294828 -0.763160288 -0.032143101 0.645409286
641.000000 0.676483631 -0.114158869 0.933695078 -0.000743302 -0.760229528 -0.033242788 0.648803115
642.000000 0.671093524 -0.111671291 0.930572569 -0.000820526 -0.757985234 -0.033453561 0.651412725
643.000000 0.664529145 -0.105779290 0.925148904 -0.000462755 -0.755697608 -0.032874897 0.654094934
644.000000 0.658802748 -0.110836580 0.918281615 -0.001865375 -0.753097653 -0.033641662 0.657045424
645.000000 0.653020620 -0.109786138 0.914355159 -0.002314881 -0.751171231 -0.033691652 0.659242928
646.000000 0.645499766 -0.106929131 0.906836689 -0.002946319 -0.748803794 -0.033096842 0.661958277
647.000000 0.638480067 -0.106567010 0.907607734 -0.003421341 -0.747458637 -0.031967856 0.663529932
648.000000 0.631996751 -0.102019832 0.900483966 -0.003334040 -0.745247960 -0.030541319 0.666079223
649.000000 0.617176116 -0.097193740 0.894089878 -0.005799044 -0.741058767 -0.031625740 0.670669854
650.000000 0.600760639 -0.096655190 0.882550299 -0.009609314 -0.735998988 -0.033121839 0.676103592
651.000000 0.593408108 -0.096792847 0.871223867 -0.011894089 -0.732365727 -0.032555778 0.680028737
652.000000 0.582148314 -0.101592429 0.869189680 -0.012805702 -0.730263591 -0.032436661 0.682274818
653.000000 0.570536554 -0.100694120 0.864727497 -0.012934793 -0.727744639 -0.029693693 0.685082972
654.000000 0.562607288 -0.095363185 0.855704069 -0.010900271 -0.724210024 -0.028881559 0.688888192
655.000000 0.551585972 -0.097802840 0.852875888 -0.010096685 -0.721309781 -0.030501572 0.691866994
656.000000 0.541460872 -0.098799169 0.850914240 -0.009122321 -0.718473673 -0.031729773 0.694770157
657.000000 0.529399633 -0.098692000 0.846640229 -0.008216104 -0.715447307 -0.032861382 0.697845101
658.000000 0.516751647 -0.103737026 0.845778048 -0.007475883 -0.712997615 -0.034177262 0.700293124
659.000000 0.506137967 -0.107520729 0.841766834 -0.006066479 -0.709776521 -0.034466468 0.703557074
660.000000 0.495590061 -0.103921972 0.837995052 -0.004288488 -0.707065284 -0.032794386 0.706374466
661.000000 0.482525855 -0.114221528 0.833063483 -0.003691620 -0.704254985 -0.032698035 0.709184110
662.000000 0.472229034 -0.109827846 0.831632257 -0.000485747 -0.702164650 -0.029469701 0.711404324
663.000000 0.461884081 -0.108041696 0.826161087 0.000960684 -0.699018419 -0.027559338 0.714571774
664.000000 0.451744676 -0.107336223 0.822272599 0.001024061 -0.695856035 -0.026730387 0.717682958
665.000000 0.440282524 -0.111873887 0.817122817 0.000524930 -0.693056345 -0.026394034 0.720399857
666.000000 0.429875821 -0.113777630 0.815986574 0.000519370 -0.691312909 -0.024529010 0.722138822
667.000000 0.419880807 -0.115248084 0.813768566 0.000922710 -0.689628720 -0.021041773 0.723856747
668.000000 0.408715248 -0.118268885 0.811135590 0.002108960 -0.687793016 -0.017555758 0.725691438
669.000000 0.397854567 -0.121479072 0.806590557 0.002717309 -0.685515165 -0.014737177 0.727904081
670.000000 0.388925880 -0.120683573 0.808788598 0.003629945 -0.684533775 -0.012562042 0.728863835
671.000000 0.380572081 -0.118964568 0.793937862 0.005082973 -0.680409670 -0.010893454 0.732733369
672.000000 0.369582653 -0.125280216 0.794968367 0.005812288 -0.678652942 -0.011329256 0.734348714
673.000000 0.362147361 -0.124109074 0.794298232 0.007257818 -0.676079571 -0.010846373 0.736712992
674.000000 0.351963580 -0.131579518 0.789562285 0.006616629 -0.672344744 -0.011546612 0.740118504
675.000000 0.342736781 -0.129267305 0.781817555 0.007990317 -0.668160975 -0.009698355 0.743910611
676.000000 0.334724545 -0.137373686 0.783368945 0.008254320 -0.666070104 -0.008558939 0.745794356
677.000000 0.327336490 -0.131653205 0.779095709 0.011061125 -0.663312972 -0.004938881 0.748244107
678.000000 0.317578882 -0.137606055 0.773530245 0.011744754 -0.660369098 -0.003248926 0.750842273
679.000000 0.307833344 -0.143103316 0.771745026 0.012929295 -0.658183873 -0.003259711 0.752739131
680.000000 0.299359351 -0.146767318 0.770099044 0.013337685 -0.655334353 -0.003264362 0.755214095
681.000000 0.293597072 -0.142567188 0.765479624 0.015523893 -0.651849747 -0.001481917 0.758187830
682.000000 0.287044078 -0.143551067 0.759587526 0.016771706 -0.648520410 0.000171853 0.761012375
683.000000 0.277209222 -0.145741314 0.750123143 0.017901367 -0.644659638 0.001864662 0.764257848
684.000000 0.270451486 -0.145432740 0.745722592 0.019374622 -0.641948879 0.003468133 0.766494751
685.000000 0.262718827 -0.148011014 0.740801513 0.019992739 -0.638839900 0.004378753 0.769067407
686.000000 0.254210204 -0.152618244 0.733284891 0.020602308 -0.635011077 0.006417238 0.772201598
687.000000 0.246507585 -0.148199514 0.726412654 0.024149189 -0.631095111 0.009813869 0.775267363
688.000000 0.236960769 -0.154745579 0.725857973 0.025679229 -0.627927423 0.010771280 0.777773619
689.000000 0.227475137 -0.159936994 0.705024660 0.026264714 -0.620432675 0.012048718 0.783727229
690.000000 0.219636455 -0.165965125 0.702376425 0.027889423 -0.616526663 0.012845694 0.786735058
691.000000 0.210672274 -0.174690410 0.694465399 0.029120531 -0.611649275 0.014099211 0.790467203
692.000000 0.203236997 -0.172276914 0.687037826 0.031370249 -0.607004166 0.017976260 0.793875754
693.000000 0.195932776 -0.175219372 0.682083309 0.031754866 -0.602873981 0.019580128 0.796963751
694.000000 0.187994525 -0.171172693 0.677468777 0.032430887 -0.598455489 0.021274799 0.800216615
695.000000 0.181256965 -0.174359858 0.667820394 0.030464953 -0.592340231 0.021900225 0.804813802
696.000000 0.174064010 -0.174509972 0.662974536 0.029428935 -0.586825550 0.023272971 0.808843672
697.000000 0.163922444 -0.178226352 0.652437449 0.027939573 -0.580183685 0.025003076 0.813622236
698.000000 0.155668631 -0.185471863 0.649519026 0.027348481 -0.575989187 0.026215946 0.816578984
699.000000 0.147980690 -0.181838140 0.639649391 0.028770622 -0.570420444 0.030389106 0.820286095
700.000000 0.139443070 -0.182474554 0.633183300 0.029602421 -0.565348089 0.033478953 0.823640943
701.000000 0.131894231 -0.182673052 0.627216935 0.030835718 -0.560124636 0.035960983 0.827052832
702.000000 0.123751402 -0.187693298 0.619889975 0.030058090 -0.554403543 0.036921762 0.830885053
703.000000 0.115633070 -0.191008464 0.616791308 0.029929364 -0.550083578 0.039523419 0.833636761
704.000000 0.108014956 -0.200238854 0.613589406 0.030623473 -0.546265066 0.041283965 0.836033642
705.000000 0.100719348 -0.195437640 0.608928740 0.033388264 -0.541943669 0.045032393 0.838542998
706.000000 0.093893185 -0.200759575 0.607240379 0.033772118 -0.538133144 0.046242755 0.840912461
707.000000 0.084929109 -0.208298787 0.604030132 0.035231259 -0.533420205 0.046018556 0.843862534
708.000000 0.078162104 -0.201380998 0.597778738 0.037921138 -0.527644694 0.047520112 0.847286820
709.000000 0.070120469 -0.201262280 0.590637326 0.037036464 -0.521769762 0.046712618 0.851000905
710.000000 0.062026933 -0.208486140 0.589979351 0.036189321 -0.518672526 0.046545342 0.852937698
711.000000 0.054804370 -0.210786134 0.587776661 0.038383491 -0.515947223 0.047370061 0.854447961
712.000000 0.050071910 -0.208040357 0.587270141 0.039416585 -0.513441920 0.046348527 0.855964720
713.000000 0.041743368 -0.216342911 0.586139560 0.037570462 -0.510295093 0.043604542 0.858071148
714.000000 0.033536166 -0.222523957 0.586799145 0.039371949 -0.507921219 0.043180466 0.859419167
715.000000 0.026280940 -0.224964112 0.588395357 0.042347576 -0.506084681 0.044470258 0.860294938
716.000000 0.020277649 -0.226251364 0.591546535 0.044205572 -0.504824221 0.045577001 0.860883892
717.000000 0.012507200 -0.230248123 0.593719363 0.046190597 -0.502788663 0.045973245 0.861949205
718.000000 0.004363209 -0.233914182 0.595319033 0.048786879 -0.500133753 0.047176600 0.863284707
719.000000 -0.001864225 -0.236250982 0.599501908 0.051686533 -0.498140484 0.048233595 0.864209533
720.000000 -0.010503381 -0.236340940 0.603377044 0.054099243 -0.495696008 0.048822742 0.865433455
721.000000 -0.016788632 -0.237608880 0.608578682 0.056005567 -0.493637234 0.049052667 0.866475344
722.000000 -0.024323851 -0.240086809 0.613960624 0.057499163 -0.491580963 0.048643325 0.867568910
723.000000 -0.032362938 -0.242899477 0.619557321 0.057843376 -0.489366561 0.048805516 0.868787944
724.000000 -0.042051077 -0.246326923 0.623706102 0.058918644 -0.486816794 0.049354967 0.870116115
725.000000 -0.049024194 -0.246771127 0.630732775 0.061796073 -0.485665739 0.051568534 0.870431364
726.000000 -0.057640314 -0.250718862 0.636933267 0.064455435 -0.484439433 0.052659199 0.870856464
727.000000 -0.066697985 -0.252019495 0.643877506 0.067111120 -0.483149379 0.054624680 0.871251345
728.000000 -0.076483130 -0.256137550 0.648601532 0.068460383 -0.480924189 0.055436056 0.872325599
729.000000 -0.085326821 -0.259489357 0.655756414 0.068346895 -0.478210688 0.055782776 0.873802900
730.000000 -0.094661236 -0.262028843 0.662309885 0.068467431 -0.474854290 0.056221489 0.875593901
731.000000 -0.105677933 -0.264533699 0.668031454 0.069503397 -0.470308810 0.057047982 0.877909124
732.000000 -0.115200400 -0.268849730 0.676320434 0.071481049 -0.466154575 0.057207663 0.879953206
733.000000 -0.123590499 -0.274890244 0.686373115 0.073006466 -0.462514848 0.056200683 0.881811559
734.000000 -0.132959008 -0.276598215 0.694372058 0.075988218 -0.458431512 0.055797037 0.883715451
735.000000 -0.140875012 -0.283218145 0.702927828 0.077971227 -0.454146266 0.054670159 0.885823250
736.000000 -0.148612976 -0.285510212 0.711831331 0.080781251 -0.449616104 0.054428324 0.887894869
737.000000 -0.158145458 -0.289165586 0.720343828 0.084727325 -0.445161313 0.055551454 0.889700353
738.000000 -0.165511161 -0.291545331 0.728836536 0.089681238 -0.441634297 0.058051821 0.890812218
739.000000 -0.171051949 -0.295135081 0.737885475 0.093659274 -0.439070940 0.060512330 0.891505957
740.000000 -0.179206908 -0.301132619 0.745527983 0.098767437 -0.436873138 0.063246563 0.891844571
741.000000 -0.185498953 -0.303068638 0.754320621 0.105320543 -0.435102403 0.066319197 0.891737223
742.000000 -0.191937298 -0.303643167 0.762987673 0.109969899 -0.433194578 0.067985967 0.891979277
743.000000 -0.195419073 -0.302948713 0.771465182 0.113667876 -0.431936443 0.067844927 0.892136514
744.000000 -0.200084209 -0.306059331 0.776223361 0.116758302 -0.430121899 0.066444114 0.892719328
745.000000 -0.206614375 -0.310508013 0.782693267 0.119792834 -0.428527862 0.065541334 0.893150508
746.000000 -0.211770117 -0.312914938 0.787957430 0.124473736 -0.427107006 0.066080749 0.893151283
747.000000 -0.215699792 -0.317185462 0.794820189 0.130275413 -0.426196128 0.066421598 0.892733634
748.000000 -0.221208811 -0.319593966 0.800839424 0.135766953 -0.424550503 0.067393757 0.892626643
749.000000 -0.226120681 -0.321834356 0.805219591 0.141414687 -0.422793031 0.068201452 0.892522573
750.000000 -0.229060769 -0.324695289 0.810400844 0.146690652 -0.421593189 0.068583459 0.892209232
751.000000 -0.232939780 -0.324662536 0.815726340 0.151847526 -0.420363188 0.070135571 0.891806126
752.000000 -0.236961156 -0.328410894 0.818352938 0.156086296 -0.419004828 0.071037523 0.891642153
753.000000 -0.240533978 -0.329668820 0.823135972 0.160778672 -0.418126166 0.072967693 0.891064763
754.000000 -0.243553996 -0.330586970 0.826749682 0.165183067 -0.417641878 0.075479440 0.890276730
755.000000 -0.247515023 -0.334159225 0.829951525 0.169062078 -0.417337090 0.077378854 0.889528155
756.000000 -0.253027767 -0.338794589 0.832484543 0.172536507 -0.416849524 0.078535959 0.888988018
757.000000 -0.257491082 -0.338090271 0.836206675 0.176899806 -0.416620523 0.080689922 0.888044477
758.000000 -0.264624506 -0.343279183 0.839021146 0.181338921 -0.416113615 0.082940340 0.887179017
759.000000 -0.269115269 -0.348771393 0.841772139 0.186991587 -0.416255116 0.084923722 0.885750353
760.000000 -0.275364339 -0.352990389 0.844533205 0.192145064 -0.416328460 0.087269001 0.884383976
761.000000 -0.282796830 -0.352886766 0.847285092 0.197968841 -0.416449189 0.089328468 0.882835627
762.000000 -0.289075375 -0.357191652 0.850244403 0.202445582 -0.416734934 0.089939646 0.881622732
763.000000 -0.296032965 -0.364165455 0.851364136 0.205625042 -0.416474223 0.090611853 0.880940974
764.000000 -0.303661644 -0.368191153 0.852264702 0.209403634 -0.415935397 0.091369569 0.880226970
765.000000 -0.307836413 -0.371324509 0.856182337 0.212852895 -0.416250587 0.092315987 0.879151225
766.000000 -0.321924835 -0.377270520 0.857743979 0.216018096 -0.414362401 0.094100311 0.879081964
767.000000 -0.330147415 -0.381940186 0.860493958 0.219092280 -0.413156420 0.095160417 0.878774643
768.000000 -0.338110417 -0.386076182 0.862275243 0.222356200 -0.411926001 0.096441045 0.878392756
769.000000 -0.345518947 -0.390802979 0.864266813 0.225806534 -0.410676569 0.096671492 0.878072202
770.000000 -0.353852898 -0.394271076 0.866271138 0.228957653 -0.409160644 0.097546950 0.877867043
771.000000 -0.361943424 -0.396113455 0.868140280 0.231643438 -0.407462329 0.098706543 0.877822757
772.000000 -0.371309817 -0.400663674 0.869012356 0.233997956 -0.405165344 0.099457473 0.878176630
773.000000 -0.379493296 -0.402503550 0.871298254 0.236453101 -0.403422803 0.101272084 0.878113866
774.000000 -0.387703627 -0.403932124 0.872179329 0.238164023 -0.401992559 0.103218861 0.878080726
775.000000 -0.396042764 -0.405300558 0.874001741 0.240960822 -0.401085913 0.105232581 0.877493083
776.000000 -0.404664874 -0.407779753 0.876173973 0.244746953 -0.400152475 0.107257470 0.876625776
777.000000 -0.412967473 -0.412714005 0.876433492 0.247516915 -0.398800224 0.108318895 0.876333654
778.000000 -0.420019329 -0.414449334 0.878105044 0.250351340 -0.397742122 0.109306365 0.875886738
779.000000 -0.427745700 -0.416438133 0.880221605 0.253102899 -0.396142155 0.110618658 0.875656247
780.000000 -0.435116768 -0.419317812 0.880859315 0.255133241 -0.393876255 0.111112073 0.876026630
781.000000 -0.443654895 -0.420542836 0.880824327 0.256398410 -0.391062826 0.112128191 0.876787901
782.000000 -0.450167328 -0.421947122 0.882058859 0.257636487 -0.388685435 0.112526745 0.877430797
783.000000 -0.456204593 -0.424396873 0.884012699 0.259682924 -0.386141062 0.112327605 0.877976298
784.000000 -0.462001562 -0.424855918 0.884332478 0.261291444 -0.382845879 0.111855872 0.879001737
785.000000 -0.469469249 -0.425474823 0.885175109 0.263064891 -0.379338980 0.111550689 0.880031347
786.000000 -0.475257158 -0.428269923 0.886328757 0.264447480 -0.375788242 0.110601343 0.881259382
787.000000 -0.479735434 -0.429873586 0.888276339 0.265792698 -0.372303993 0.109324947 0.882491946
788.000000 -0.485622287 -0.429346919 0.889008701 0.266572773 -0.368096024 0.108681314 0.884099901
789.000000 -0.491044015 -0.429155171 0.890861750 0.267277330 -0.363700569 0.108290404 0.885752738
790.000000 -0.495995134 -0.429189384 0.892612576 0.268457860 -0.359540910 0.108398609 0.887079716
791.000000 -0.500012100 -0.429656535 0.893094897 0.269279748 -0.355657160 0.108252876 0.888413012
792.000000 -0.504078269 -0.429422438 0.893718243 0.270040452 -0.351559371 0.107426137 0.889912248
793.000000 -0.507132411 -0.427229941 0.895420074 0.270289481 -0.348343194 0.106588796 0.891201079
794.000000 -0.509206474 -0.426535189 0.896127105 0.269378692 -0.345180154 0.103830740 0.893031359
795.000000 -0.513566971 -0.426851690 0.899625540 0.269009262 -0.342383295 0.101712391 0.894462049
796.000000 -0.516027808 -0.426187158 0.900654793 0.267019302 -0.339383066 0.098928496 0.896511555
797.000000 -0.518471003 -0.425044417 0.901902676 0.264373749 -0.336396158 0.096475832 0.898686051
798.000000 -0.520661235 -0.422915131 0.903833568 0.261855096 -0.333495200 0.093959190 0.900768876
799.000000 -0.523205221 -0.420913875 0.904758155 0.258939564 -0.330791861 0.092091821 0.902799070
800.000000 -0.523679197 -0.418493927 0.907526910 0.256678164 -0.329279840 0.089460120 0.904260993
801.000000 -0.526108325 -0.416956007 0.909514308 0.255019337 -0.327513248 0.088006474 0.905513704
802.000000 -0.528557360 -0.416499317 0.911222398 0.254689068 -0.325385809 0.086376004 0.906530082
803.000000 -0.528097034 -0.415837765 0.913672626 0.254496545 -0.323587209 0.083099879 0.907533586
804.000000 -0.529382885 -0.414458990 0.915569067 0.253625035 -0.320777923 0.081025928 0.908961296
805.000000 -0.529907703 -0.413540781 0.917118549 0.251931787 -0.318247795 0.078308828 0.910558283
806.000000 -0.531615078 -0.409869015 0.918679535 0.250372648 -0.315076709 0.076052330 0.912280798
807.000000 -0.532922864 -0.407347918 0.921869397 0.248740971 -0.312541664 0.074222602 0.913748682
808.000000 -0.533276975 -0.404156953 0.922879994 0.246473014 -0.310028166 0.072168358 0.915382624
809.000000 -0.533472061 -0.401201129 0.926305175 0.244180977 -0.308325231 0.070125572 0.916729808
810.000000 -0.534632564 -0.397996664 0.928557396 0.241558120 -0.306618959 0.069287270 0.918059766
811.000000 -0.535783231 -0.395724595 0.930499792 0.239328712 -0.305623770 0.067758314 0.919089019
812.000000 -0.535390377 -0.392596722 0.933190167 0.237486839 -0.305266500 0.066435203 0.919781923
813.000000 -0.537401974 -0.388975680 0.936178803 0.235640436 -0.304206342 0.065606572 0.920667052
814.000000 -0.536451757 -0.387930751 0.938913524 0.232372358 -0.303611606 0.064515226 0.921770513
815.000000 -0.535622001 -0.383552790 0.941785693 0.229486629 -0.302805066 0.062588952 0.922890842
816.000000 -0.538211405 -0.377956629 0.945890307 0.226582691 -0.301848382 0.062963657 0.923895776
817.000000 -0.539960980 -0.373396754 0.950145304 0.224019155 -0.301177025 0.063163690 0.924726009
818.000000 -0.540847898 -0.372117341 0.954087257 0.221382201 -0.300958127 0.062491670 0.925477684
819.000000 -0.541328788 -0.369637668 0.957897007 0.218902275 -0.300813287 0.062041972 0.926144660
820.000000 -0.541679621 -0.368745267 0.962702930 0.216630563 -0.300602496 0.060342193 0.926859260
821.000000 -0.540888429 -0.365849108 0.969040394 0.215211362 -0.300289065 0.057238583 0.927488148
822.000000 -0.541714609 -0.364439249 0.973494232 0.212128162 -0.298316479 0.055117674 0.928962290
823.000000 -0.542703271 -0.362440288 0.979587913 0.209551945 -0.296322048 0.053634759 0.930271208
824.000000 -0.543192983 -0.360492587 0.985144138 0.207888886 -0.294630915 0.051641613 0.931293726
825.000000 -0.543717861 -0.359843642 0.991569996 0.206524506 -0.292565823 0.049394470 0.932369590
826.000000 -0.544644415 -0.356748223 0.996921420 0.205366209 -0.290722370 0.046743941 0.933338225
827.000000 -0.544085801 -0.352558374 1.003267050 0.202728465 -0.289141208 0.043572903 0.934558690
828.000000 -0.544611394 -0.350938916 1.007939458 0.197746009 -0.286581665 0.040555477 0.936548293
829.000000 -0.547238231 -0.344722390 1.015860081 0.194152147 -0.283935368 0.038777232 0.938180149
830.000000 -0.548543811 -0.340791285 1.021155238 0.188913107 -0.281153619 0.036077682 0.940192997
831.000000 -0.547037244 -0.338312000 1.027006030 0.183470383 -0.279696077 0.033432715 0.941801965
832.000000 -0.546884596 -0.332444757 1.035014272 0.180237293 -0.278840721 0.032256350 0.942720473
833.000000 -0.549779117 -0.329113364 1.040151477 0.176472574 -0.277541220 0.030846436 0.943862736
834.000000 -0.549487591 -0.327158391 1.047084093 0.172255233 -0.277080417 0.028779032 0.944841981
835.000000 -0.551778197 -0.321158737 1.054882288 0.169040605 -0.275420576 0.026783692 0.945965886
836.000000 -0.550413251 -0.318772256 1.061686516 0.165008083 -0.274751335 0.023902401 0.946949184
837.000000 -0.552652299 -0.315941393 1.065673232 0.160210490 -0.272170037 0.020943863 0.948587060
838.000000 -0.553247869 -0.312283188 1.073014855 0.156053543 -0.269295812 0.017721085 0.950164735
839.000000 -0.556414843 -0.309324563 1.077928901 0.152490884 -0.265606046 0.015483490 0.951819420
840.000000 -0.558457375 -0.308311790 1.082382679 0.148664907 -0.262339592 0.013873536 0.953354180
841.000000 -0.558664143 -0.307144612 1.088454247 0.146174803 -0.260274619 0.012027415 0.954329789
842.000000 -0.558085740 -0.304665595 1.093745589 0.143306702 -0.259015977 0.010466846 0.955125332
843.000000 -0.561419368 -0.297534257 1.099336863 0.140819430 -0.256817192 0.009380531 0.956099808
844.000000 -0.560509562 -0.296280175 1.103590608 0.136187837 -0.254946321 0.007048442 0.957290769
845.000000 -0.563655257 -0.287346512 1.110985756 0.134208947 -0.251927197 0.005936607 0.958376408
846.000000 -0.564511240 -0.285414994 1.113686442 0.130356550 -0.249240920 0.004885238 0.959615707
847.000000 -0.564790606 -0.281264633 1.118690133 0.127423257 -0.247049674 0.004361975 0.960578322
848.000000 -0.564776957 -0.277796388 1.121376991 0.124215990 -0.245091811 0.003945354 0.961501360
849.000000 -0.566630304 -0.273276806 1.124987245 0.121885911 -0.243121356 0.004097472 0.962298810
850.000000 -0.566778123 -0.269641966 1.129651308 0.119853660 -0.242124662 0.004352618 0.962804139
851.000000 -0.567063689 -0.265109450 1.132627249 0.117504641 -0.241109267 0.004460000 0.963347852
852.000000 -0.568878233 -0.260190487 1.135591507 0.114771001 -0.239144593 0.003856814 0.964169383
853.000000 -0.569585860 -0.257831037 1.138558865 0.111582123 -0.236979261 0.002784875 0.965081573
854.000000 -0.568101108 -0.255304992 1.143102407 0.109648570 -0.234965622 0.000930223 0.965798914
855.000000 -0.569492161 -0.252675444 1.145704269 0.107950941 -0.231809944 0.000013034 0.966752708
856.000000 -0.570213974 -0.252029121 1.148493528 0.106994793 -0.229844466 -0.000590662 0.967327893
857.000000 -0.569462180 -0.249792174 1.151777744 0.107078589 -0.229358733 -0.000928298 0.967433691
858.000000 -0.571005285 -0.243032753 1.152645588 0.106742121 -0.228144571 -0.001076847 0.967757761
859.000000 -0.572092891 -0.238186568 1.154276967 0.104871161 -0.226809576 -0.001120264 0.968275905
860.000000 -0.572901130 -0.235110432 1.156806588 0.102633096 -0.226097271 -0.001600122 0.968681514
861.000000 -0.571998417 -0.231644601 1.159339190 0.100626990 -0.225912407 -0.001950052 0.968934476
862.000000 -0.571208239 -0.225250021 1.160243630 0.098452665 -0.225361139 -0.002084000 0.969285846
863.000000 -0.571485698 -0.222637221 1.162453175 0.095579915 -0.224154323 -0.002692891 0.969851553
864.000000 -0.572431803 -0.221259981 1.163269877 0.093122467 -0.222480044 -0.002669468 0.970476031
865.000000 -0.574275076 -0.220784649 1.164387226 0.091277368 -0.221107960 -0.001989448 0.970966399
866.000000 -0.575787783 -0.217412248 1.165501475 0.090426557 -0.220679656 -0.000923821 0.971145034
867.000000 -0.574461579 -0.213713288 1.166718602 0.088984989 -0.221132815 -0.001624858 0.971174181
868.000000 -0.574732423 -0.211702079 1.167838216 0.086860210 -0.220435619 -0.002071112 0.971524179
869.000000 -0.575359404 -0.206944302 1.167539001 0.085178658 -0.219256327 -0.002066139 0.971939802
870.000000 -0.578786016 -0.205135047 1.168430686 0.083590671 -0.217696354 -0.001895375 0.972428560
871.000000 -0.577745259 -0.201799706 1.169550776 0.081909798 -0.217738003 -0.002750262 0.972560227
872.000000 -0.578507721 -0.200090066 1.170578122 0.079968870 -0.217410743 -0.002907010 0.972794473
873.000000 -0.577844858 -0.200788245 1.172869205 0.077664658 -0.217600986 -0.003804496 0.972935498
874.000000 -0.580299497 -0.199866816 1.173153400 0.076122537 -0.217143193 -0.004138769 0.973158300
875.000000 -0.581711173 -0.199154884 1.175008655 0.075536959 -0.217194617 -0.004566202 0.973190546
876.000000 -0.581856668 -0.198729664 1.176330328 0.074894145 -0.217591897 -0.004772728 0.973150492
877.000000 -0.582543015 -0.198918328 1.177917838 0.074851170 -0.217688546 -0.004494342 0.973133504
878.000000 -0.584330797 -0.198159695 1.178384423 0.074760623 -0.217248842 -0.004402935 0.973239124
879.000000 -0.584493577 -0.199589893 1.180135965 0.074473761 -0.217404813 -0.003819927 0.973228753
880.000000 -0.585886300 -0.198783129 1.180535555 0.075403549 -0.217197746 -0.003211859 0.973205566
