5857.129335 0.000000000 0.000000000 0.000000000 0.000000000 0.000000000 0.000000000 1.000000000
5857.166198 0.000052285 0.002681394 0.010159396 0.008538201 0.001411583 -0.006770873 0.999939620
5857.203062 -0.001456163 0.005680502 0.019749936 0.016487084 0.004030538 -0.012603353 0.999776542
5857.239925 -0.003239647 0.009142704 0.028228750 0.025805227 0.006071106 -0.019229053 0.999463618
5857.276788 -0.005770374 0.013233689 0.036017243 0.037536189 0.006646899 -0.026947096 0.998909771
5857.313652 -0.007333790 0.017248074 0.043833703 0.049646758 0.004208407 -0.032649416 0.998224199
5857.350515 -0.007522294 0.022713261 0.051462159 0.058590934 -0.001418634 -0.035104383 0.997663677
5857.387378 -0.007686766 0.025583619 0.060384981 0.062501170 -0.009922263 -0.035939675 0.997348249
5857.424242 -0.011213912 0.030056151 0.066486426 0.067458287 -0.018518098 -0.033979543 0.996971309
5857.461105 -0.013932693 0.034676038 0.074721880 0.073610961 -0.028607266 -0.029610256 0.996436775
5857.497968 -0.015258627 0.038300470 0.082359798 0.078800105 -0.039357293 -0.024546390 0.995810688
5857.534832 -0.020812472 0.038573429 0.090098977 0.078967921 -0.046628356 -0.018258059 0.995618641
5857.571695 -0.023624253 0.039886348 0.097581245 0.078939982 -0.052336071 -0.013001870 0.995419681
5857.608558 -0.029286329 0.041721061 0.104647465 0.080519341 -0.053018663 -0.010328140 0.995288372
5857.645422 -0.033473462 0.041221909 0.110398978 0.078383490 -0.050782003 -0.007230579 0.995602787
5857.682285 -0.038181670 0.041043095 0.116520479 0.074426450 -0.046237901 -0.004655170 0.996143103
5857.719148 -0.043004051 0.041579798 0.122374460 0.069805846 -0.040494185 -0.001931508 0.996736526
5857.756011 -0.045265939 0.042632841 0.128876686 0.066716962 -0.036844142 0.001453789 0.997090399
5857.792875 -0.051275760 0.041407436 0.134456217 0.062409200 -0.032911934 0.003574738 0.997501433
5857.829738 -0.057651099 0.040799540 0.139370605 0.056654029 -0.030741462 0.005080838 0.997907579
5857.866602 -0.061887324 0.042336147 0.146033317 0.050751194 -0.031624429 0.010051048 0.998159885
5857.903465 -0.067183949 0.042658780 0.151521400 0.046348214 -0.032980271 0.015656412 0.998257995
5857.940328 -0.070933320 0.041445788 0.156113014 0.045558792 -0.035816200 0.022664314 0.998062074
5857.977192 -0.076544181 0.041546725 0.160794660 0.047113284 -0.037125170 0.030400677 0.997736394
5858.014055 -0.083292291 0.040651608 0.164746389 0.047494330 -0.036657654 0.037335560 0.997500122
5858.050918 -0.087865524 0.040153731 0.168192461 0.046588402 -0.036446981 0.043857291 0.997285187
5858.087782 -0.091571070 0.041113164 0.172179297 0.046347599 -0.035976365 0.047704607 0.997136831
5858.124645 -0.095399320 0.040223986 0.175131425 0.045365520 -0.034757070 0.050038274 0.997110844
5858.161508 -0.099559717 0.040342130 0.177792847 0.045437936 -0.033624966 0.051835410 0.997054577
5858.198372 -0.103924461 0.038443454 0.180353746 0.045195561 -0.032835573 0.052859060 0.997038186
5858.235235 -0.107681528 0.037507087 0.183227837 0.046016760 -0.033259172 0.052365705 0.997012615
5858.272098 -0.112531185 0.035696372 0.185217798 0.045408927 -0.033472572 0.052801229 0.997010350
5858.308962 -0.117487229 0.034221724 0.187305436 0.046270665 -0.034286775 0.053279791 0.996917605
5858.345825 -0.121820800 0.032392055 0.190327302 0.047521599 -0.036130499 0.052444566 0.996837914
5858.382688 -0.127515674 0.030090680 0.193251863 0.048018124 -0.037630450 0.051370371 0.996814609
5858.419552 -0.133925036 0.026195595 0.196746424 0.046545912 -0.039296724 0.050524801 0.996863306
5858.456415 -0.140437052 0.024130398 0.200553223 0.043983437 -0.041660987 0.050588023 0.996880472
5858.493278 -0.146862403 0.020732973 0.205072463 0.041821819 -0.044082038 0.049970642 0.996900499
5858.530142 -0.153653085 0.016427381 0.208540112 0.039334554 -0.045490991 0.048549507 0.997008681
5858.567005 -0.161325663 0.012305794 0.212139368 0.038705878 -0.045558345 0.047646787 0.997073770
5858.603868 -0.168038204 0.006239049 0.215313599 0.038675167 -0.046130233 0.047116380 0.997073829
5858.640732 -0.174964249 0.001635989 0.218593672 0.038667087 -0.046434291 0.046614155 0.997083664
5858.677595 -0.182566062 -0.003137456 0.221967503 0.038318932 -0.046617318 0.046288285 0.997103751
5858.714458 -0.190961361 -0.007256512 0.225550845 0.037402008 -0.046673983 0.043784570 0.997249007
5858.751322 -0.198050410 -0.013003181 0.229606882 0.034961689 -0.047729850 0.040433791 0.997429013
5858.788185 -0.202639595 -0.018164851 0.232544273 0.033397216 -0.050279763 0.036715165 0.997501194
5858.825048 -0.209486008 -0.024115879 0.234269068 0.031932265 -0.050398175 0.032072362 0.997703195
5858.861912 -0.217235669 -0.029318336 0.235662296 0.036041036 -0.049733564 0.028717568 0.997698784
5858.898775 -0.223609552 -0.034566689 0.237017483 0.038669106 -0.049863737 0.024809998 0.997698724
5858.935638 -0.230929747 -0.040497243 0.238141790 0.038617622 -0.050050978 0.020985063 0.997779131
5858.972502 -0.234050602 -0.045495771 0.240965515 0.039857563 -0.053650837 0.017322313 0.997613609
5859.009365 -0.241076380 -0.051433519 0.243570492 0.040979955 -0.055913515 0.013853412 0.997498035
5859.046228 -0.247025564 -0.056615278 0.245958805 0.040835664 -0.059453215 0.010630934 0.997338831
5859.083091 -0.252902538 -0.061121743 0.249686226 0.039624795 -0.061909813 0.006399607 0.997274339
5859.119955 -0.258218050 -0.067011312 0.253455490 0.038854972 -0.063586108 0.003703983 0.997212827
5859.156818 -0.263015509 -0.073182486 0.257101804 0.036447294 -0.064478800 0.001426689 0.997252226
5859.193681 -0.268008471 -0.077849999 0.261430383 0.034796864 -0.064621508 -0.000917523 0.997302592
5859.230545 -0.271706015 -0.081485286 0.267110646 0.032190964 -0.065099545 -0.001941127 0.997357547
5859.267408 -0.277167678 -0.086875290 0.270867050 0.024356268 -0.063482493 -0.001592444 0.997684419
5859.304271 -0.281914622 -0.092014909 0.274948597 0.019422213 -0.063265234 -0.001537664 0.997806549
5859.341135 -0.285396039 -0.097085372 0.277961075 0.020345520 -0.063548438 -0.000987345 0.997770846
5859.377998 -0.290992379 -0.104654215 0.279396474 0.022826323 -0.061857808 -0.000540187 0.997823775
5859.414861 -0.297645569 -0.109155506 0.279889703 0.031077359 -0.059298299 -0.001642513 0.997755110
5859.451725 -0.302718371 -0.116456009 0.279607058 0.038446121 -0.057328712 -0.004858935 0.997602999
5859.488588 -0.306878835 -0.122882679 0.279310524 0.043560043 -0.055232901 -0.008441177 0.997487128
5859.525451 -0.311620682 -0.127999827 0.280133456 0.047476884 -0.052618455 -0.013058564 0.997399986
5859.562315 -0.315391272 -0.134154260 0.279514313 0.052275084 -0.050595637 -0.017803155 0.997191250
5859.599178 -0.319029033 -0.140967131 0.279930800 0.057235096 -0.048186835 -0.024368741 0.996899366
5859.636041 -0.322352767 -0.145404488 0.279340714 0.064147428 -0.045785371 -0.031183446 0.996401727
5859.672905 -0.326865107 -0.154308006 0.280271888 0.065112121 -0.042856354 -0.039130088 0.996189058
5859.709768 -0.331305712 -0.161205024 0.281453609 0.065820165 -0.040520441 -0.044640299 0.996008575
5859.746631 -0.334601372 -0.166949362 0.283693850 0.067545258 -0.039235253 -0.049011879 0.995738983
5859.783495 -0.336747110 -0.173971921 0.285487026 0.069036596 -0.038200472 -0.050895140 0.995582402
5859.820358 -0.340646327 -0.181053638 0.287742853 0.071675971 -0.036587439 -0.053127337 0.995339870
5859.857221 -0.342000455 -0.189893261 0.290997744 0.071996152 -0.036792789 -0.055241968 0.995194018
5859.894085 -0.343463004 -0.197188646 0.294342101 0.068312354 -0.036868565 -0.058111746 0.995287478
5859.930948 -0.345931292 -0.204763129 0.297954559 0.061722480 -0.036478076 -0.060894046 0.995565951
5859.967811 -0.348647952 -0.210949540 0.303081095 0.057467062 -0.036955889 -0.060732156 0.995812893
5860.004675 -0.349863023 -0.216043651 0.307800591 0.053742077 -0.039318588 -0.058993638 0.996034920
5860.041538 -0.352640510 -0.223747522 0.311951905 0.048044499 -0.041843522 -0.058535624 0.996250212
5860.078401 -0.353669107 -0.229830474 0.316896170 0.044842143 -0.045477897 -0.055146169 0.996433556
5860.115265 -0.356889278 -0.234932080 0.321412593 0.041173067 -0.046953365 -0.050222650 0.996783793
5860.152128 -0.357692093 -0.241602719 0.325926125 0.032200798 -0.048754156 -0.045824572 0.997239351
5860.188991 -0.361057281 -0.248994663 0.329521298 0.024103442 -0.048652902 -0.040671725 0.997696221
5860.225854 -0.363366574 -0.256838202 0.333182216 0.019253939 -0.048872251 -0.035189729 0.997999251
5860.262718 -0.364414066 -0.264981836 0.337325424 0.016402196 -0.049133386 -0.031229913 0.998169124
5860.299581 -0.364756674 -0.274202049 0.339940637 0.013805147 -0.049181085 -0.028239448 0.998295128
5860.336445 -0.364730507 -0.281574488 0.342741996 0.009179636 -0.048770551 -0.024941720 0.998456359
5860.373308 -0.363513231 -0.288502932 0.345745474 0.002367727 -0.048858460 -0.021810824 0.998564720
5860.410171 -0.363587439 -0.295990288 0.347988248 -0.004393094 -0.047994826 -0.019738717 0.998642862
5860.447034 -0.362605900 -0.302798837 0.351855546 -0.010776629 -0.047875285 -0.017788189 0.998636782
5860.483898 -0.361639857 -0.308869302 0.355942070 -0.017256690 -0.046913680 -0.015708625 0.998626351
5860.520761 -0.359829336 -0.313661247 0.359264344 -0.022824774 -0.045143604 -0.012420577 0.998642504
5860.557625 -0.356649011 -0.318111360 0.362319052 -0.025750818 -0.043901853 -0.008305354 0.998669386
5860.594488 -0.353553057 -0.321086824 0.365121156 -0.026863962 -0.042570911 -0.004489794 0.998722136
5860.631351 -0.348698497 -0.323944300 0.368003309 -0.026383277 -0.043047607 0.000810562 0.998724282
5860.668214 -0.343630254 -0.328112870 0.371489614 -0.025258921 -0.044647109 0.006445013 0.998662651
5860.705078 -0.339293003 -0.332320511 0.375557452 -0.024046352 -0.046198335 0.014863053 0.998532236
5860.741941 -0.334232867 -0.337752014 0.381084561 -0.024035068 -0.048780423 0.023874180 0.998234868
5860.778805 -0.327984035 -0.343449980 0.387105614 -0.025885617 -0.053473879 0.032335311 0.997709870
5860.815668 -0.324433565 -0.349495381 0.393495291 -0.029748149 -0.057221826 0.038986355 0.997156322
5860.852531 -0.319330871 -0.354769468 0.399886221 -0.033697329 -0.060874220 0.045570098 0.996535063
5860.889394 -0.311612159 -0.359743834 0.406931937 -0.037058886 -0.064844929 0.049822748 0.995961607
5860.926258 -0.304724693 -0.365582466 0.413063407 -0.042170111 -0.066291854 0.052690819 0.995515347
5860.963121 -0.297459483 -0.368364215 0.418116540 -0.045172859 -0.065437272 0.054968342 0.995316982
5860.999985 -0.288131475 -0.374136329 0.421842337 -0.050354365 -0.063059539 0.057060856 0.995104015
5861.036848 -0.275174975 -0.377822846 0.426014245 -0.054309651 -0.062026195 0.057730485 0.994922340
5861.073711 -0.266478896 -0.381598979 0.431167752 -0.057913978 -0.057207022 0.057751898 0.995006561
5861.110574 -0.256568015 -0.382492572 0.434843868 -0.059465125 -0.053457450 0.058747463 0.995065272
5861.147438 -0.246529609 -0.384339154 0.438509643 -0.061423980 -0.050561555 0.058985990 0.995083570
5861.184301 -0.236600637 -0.383297265 0.441836059 -0.060346786 -0.048660640 0.061140720 0.995114148
5861.221164 -0.227415204 -0.382924795 0.444436342 -0.060414080 -0.047400918 0.062112801 0.995110691
5861.258028 -0.216574371 -0.383445203 0.446589947 -0.063926779 -0.047972642 0.064635694 0.994703054
5861.294891 -0.207166836 -0.384833097 0.446863651 -0.067114562 -0.048972540 0.066073529 0.994349837
5861.331754 -0.196110561 -0.384805024 0.447655201 -0.067355305 -0.051518347 0.068710893 0.994026124
5861.368618 -0.185060024 -0.384784371 0.447191834 -0.067867756 -0.053694524 0.070581809 0.993744969
5861.405481 -0.177412376 -0.385939658 0.445974171 -0.068288997 -0.053337544 0.071698792 0.993655384
5861.442344 -0.167214900 -0.386053622 0.444406241 -0.067550465 -0.054914739 0.073506095 0.993487895
5861.479208 -0.158209607 -0.385339022 0.441567183 -0.066945814 -0.055150304 0.075961784 0.993331015
5861.516071 -0.151385829 -0.385717571 0.438643605 -0.066859864 -0.053432923 0.077455617 0.993315279
5861.552934 -0.143420786 -0.387609094 0.436457276 -0.067973040 -0.051453717 0.079782642 0.993160069
5861.589798 -0.134597167 -0.388387442 0.434602857 -0.068530492 -0.049388181 0.082139254 0.993034482
5861.626661 -0.126727492 -0.388446033 0.432693869 -0.067776881 -0.045251660 0.085399322 0.993008316
5861.663524 -0.118977480 -0.385396630 0.431512892 -0.066552036 -0.039644733 0.088932090 0.993020713
5861.700387 -0.111065842 -0.384497434 0.429627717 -0.067618333 -0.033799544 0.093254633 0.992768288
5861.737251 -0.103193656 -0.384692669 0.428558350 -0.069851004 -0.028414233 0.097523928 0.992372215
5861.774114 -0.095188975 -0.383662105 0.427958608 -0.071390875 -0.024455424 0.100896217 0.992030859
5861.810978 -0.086594559 -0.382185757 0.427442521 -0.073271595 -0.021743286 0.104962461 0.991534889
5861.847841 -0.074875407 -0.381712705 0.428861380 -0.080454588 -0.022075944 0.109956875 0.990428805
5861.884704 -0.066223025 -0.380747199 0.429782033 -0.088805817 -0.021330331 0.115439616 0.989106774
5861.921567 -0.058581948 -0.378498137 0.430583775 -0.096752413 -0.021581480 0.122069381 0.987558722
5861.958431 -0.051163740 -0.377890468 0.430900276 -0.104720466 -0.023930466 0.127917677 0.985950291
5861.995294 -0.041015182 -0.370371163 0.430613965 -0.105434626 -0.030748188 0.132561967 0.985071301
5862.032158 -0.032066200 -0.368848562 0.430683732 -0.107291609 -0.035994463 0.137701973 0.983987331
5862.069021 -0.023750938 -0.365725100 0.429272473 -0.107565857 -0.039909218 0.142471731 0.983126998
5862.105884 -0.015411574 -0.361805230 0.426654100 -0.107217625 -0.043415174 0.147272989 0.982308567
5862.142747 -0.005284969 -0.360655129 0.424122572 -0.107621416 -0.045889277 0.153638572 0.981176317
5862.179611 0.000155941 -0.358213603 0.419249684 -0.105734564 -0.042862218 0.160299465 0.980452478
5862.216474 0.008066170 -0.355377674 0.414329737 -0.104019552 -0.040437739 0.167212874 0.979583859
5862.253338 0.014378160 -0.356070012 0.408806860 -0.105182193 -0.036787711 0.172187656 0.978741407
5862.290201 0.022917677 -0.355614603 0.404294789 -0.107193530 -0.034608949 0.177787974 0.977600753
5862.327064 0.028382413 -0.354649872 0.398203343 -0.109499432 -0.029708248 0.181913823 0.976746976
5862.363927 0.035212077 -0.353876293 0.392801523 -0.114095896 -0.024844857 0.183825493 0.975998461
5862.400791 0.040097773 -0.350013614 0.387726218 -0.115191221 -0.018233383 0.184819162 0.975828052
5862.437654 0.050215665 -0.349151134 0.384753734 -0.119894631 -0.013812536 0.186098576 0.975090683
5862.474518 0.055646878 -0.347093880 0.381163955 -0.123168655 -0.006778815 0.185172379 0.974933147
5862.511381 0.068804584 -0.346667469 0.380140811 -0.127382636 -0.003918055 0.184426650 0.974548697
5862.548244 0.075754352 -0.340102702 0.376924694 -0.126336798 0.002788158 0.183388859 0.974884510
5862.585107 0.084002458 -0.343005598 0.376748502 -0.133027315 0.009625059 0.182249993 0.974164248
5862.621971 0.090944521 -0.340015173 0.374827683 -0.134145960 0.015040840 0.180066779 0.974348307
5862.658834 0.093224645 -0.343072951 0.374959916 -0.137234792 0.020834947 0.174375251 0.974846542
5862.695698 0.100425497 -0.342849821 0.375977665 -0.138262749 0.021404417 0.170582548 0.975359857
5862.732561 0.106583804 -0.342273921 0.376989841 -0.139942050 0.021211026 0.167175770 0.975714386
5862.769424 0.113031879 -0.343626410 0.378878534 -0.144439340 0.020039856 0.165716082 0.975332677
5862.806288 0.120225653 -0.341155231 0.380610228 -0.147611424 0.016264997 0.165635213 0.974941671
5862.843151 0.126461282 -0.338240564 0.382685781 -0.147472307 0.011430109 0.167158455 0.974771440
5862.880014 0.135731339 -0.335210979 0.385734618 -0.148141876 0.002556051 0.168412507 0.974517703
5862.916878 0.142940372 -0.332892030 0.389095753 -0.149391890 -0.004646653 0.169108868 0.974198461
5862.953741 0.152217433 -0.331905037 0.392032415 -0.152887851 -0.011973784 0.169783965 0.973475873
5862.990604 0.162882701 -0.328607976 0.393777579 -0.153922081 -0.018326029 0.167749926 0.973566711
5863.027467 0.175436929 -0.326479644 0.395382106 -0.155370429 -0.022420030 0.164075121 0.973877132
5863.064331 0.190245152 -0.324954122 0.396384060 -0.155779079 -0.024506155 0.160527647 0.974352717
5863.101194 0.202337787 -0.327962965 0.398975611 -0.162551090 -0.022927828 0.154517010 0.974256635
5863.138057 0.210958630 -0.328711808 0.399848878 -0.168260038 -0.019818751 0.146480992 0.974596918
5863.174921 0.224019781 -0.322395325 0.398866415 -0.169738263 -0.020622002 0.139623836 0.975330114
5863.211784 0.232436135 -0.318742484 0.397842824 -0.169157997 -0.019761296 0.133272380 0.976336777
5863.248647 0.240905330 -0.318399370 0.397818923 -0.166825950 -0.021317951 0.126066849 0.977661371
5863.285511 0.250160038 -0.317183226 0.397900760 -0.163919732 -0.022664925 0.121405914 0.978712022
5863.322374 0.260768622 -0.317880243 0.399919510 -0.164966986 -0.023703707 0.118612111 0.978854001
5863.359237 0.267996818 -0.316902995 0.400140405 -0.168017492 -0.021516189 0.117557824 0.978512824
5863.396101 0.276508301 -0.315157294 0.401715636 -0.173267007 -0.020387065 0.115873709 0.977822185
5863.432964 0.283802837 -0.311374903 0.403315276 -0.176083088 -0.017685037 0.116017997 0.977354467
5863.469827 0.291540056 -0.307356417 0.402750373 -0.178378493 -0.015356526 0.113762528 0.977242768
5863.506691 0.300375968 -0.304741383 0.404701650 -0.180152625 -0.014352719 0.113003574 0.977020562
5863.543554 0.311375082 -0.300454050 0.404609919 -0.179251775 -0.014402740 0.112482131 0.977245688
5863.580417 0.318275392 -0.298814327 0.403449744 -0.180510134 -0.009560970 0.111742958 0.977158248
5863.617280 0.331749469 -0.298541337 0.402794778 -0.185038075 -0.008514947 0.113001585 0.976175725
5863.654144 0.341108620 -0.300370604 0.401733428 -0.188288674 -0.005012868 0.115862824 0.975242555
5863.691007 0.349695772 -0.297359526 0.398738980 -0.183281034 -0.001711239 0.119026609 0.975826740
5863.727871 0.363532811 -0.298682183 0.397777855 -0.181400076 -0.000988461 0.125299394 0.975393772
5863.764734 0.372975230 -0.300768644 0.396105558 -0.179426134 0.002106172 0.131295249 0.974968374
5863.801597 0.380586773 -0.293026119 0.389922738 -0.169714153 0.004178488 0.136599675 0.975971401
5863.838460 0.389555722 -0.293126553 0.388134658 -0.167048782 0.003987022 0.141088247 0.975793481
5863.875324 0.399206340 -0.293909550 0.387497783 -0.167458937 0.002155270 0.144731343 0.975195229
5863.912187 0.409021080 -0.291280150 0.385728300 -0.167210162 -0.000623007 0.147337899 0.974849701
5863.949051 0.417973489 -0.288256943 0.383333504 -0.166670576 -0.002326791 0.149342194 0.974634528
5863.985914 0.426521420 -0.285677016 0.381673336 -0.166275173 -0.003146982 0.149541348 0.974669218
5864.022777 0.435832918 -0.281297594 0.379895926 -0.164930686 -0.004208117 0.148250297 0.975090742
5864.059641 0.441528648 -0.279391050 0.378408015 -0.164071277 -0.001611105 0.146128759 0.975563586
5864.096504 0.451248258 -0.275361449 0.376342654 -0.163557246 -0.001486846 0.144588739 0.975879550
5864.133367 0.459828079 -0.271735191 0.375285983 -0.164186209 -0.000874179 0.142671809 0.976056755
5864.170230 0.470119059 -0.270395160 0.375091076 -0.166164324 -0.002525426 0.140107363 0.976090670
5864.207094 0.479274243 -0.268719822 0.375135958 -0.168504372 -0.004266953 0.136469036 0.976198912
5864.243957 0.490818650 -0.269229233 0.375611782 -0.173812360 -0.007603695 0.132658914 0.975773036
5864.280821 0.501442969 -0.264057994 0.373415202 -0.174953684 -0.010237101 0.129209414 0.976007879
5864.317684 0.513344646 -0.263737679 0.371173322 -0.176494241 -0.012939719 0.126364887 0.976070821
5864.354547 0.523218513 -0.261468977 0.367682636 -0.172826886 -0.014171680 0.125292778 0.976847887
5864.391410 0.536892414 -0.257218659 0.364467204 -0.169202045 -0.018961145 0.123416997 0.977639675
5864.428274 0.545439959 -0.251722246 0.360584438 -0.164744720 -0.020830795 0.120786078 0.978690922
5864.465137 0.554839849 -0.251206279 0.357240140 -0.166529059 -0.022656148 0.119298033 0.978530943
5864.502001 0.566069603 -0.245856881 0.353541672 -0.166068956 -0.026656009 0.117476597 0.978728652
5864.538864 0.578849375 -0.243479043 0.349895537 -0.165783837 -0.030391907 0.115555942 0.978896797
5864.575727 0.590001941 -0.238464490 0.344510555 -0.163150772 -0.031027477 0.112696931 0.979652226
5864.612590 0.605339289 -0.236640751 0.342088372 -0.164299712 -0.031932894 0.109523602 0.979791045
5864.649454 0.616496325 -0.235467732 0.337126434 -0.165890560 -0.028244060 0.105747961 0.980050981
5864.686317 0.628549337 -0.230524287 0.331764579 -0.165309787 -0.024687180 0.101776987 0.980665445
5864.723181 0.642852664 -0.224255607 0.326315105 -0.162491873 -0.022619270 0.098936096 0.981476665
5864.760044 0.656835794 -0.223552614 0.321951568 -0.163171992 -0.019769350 0.096020214 0.981714904
5864.796907 0.670137644 -0.219213679 0.317539930 -0.161636949 -0.016712362 0.095454149 0.982080817
5864.833770 0.684233606 -0.218130395 0.314068079 -0.164823234 -0.014539935 0.096057236 0.981526792
5864.870634 0.699286997 -0.213643551 0.309381068 -0.164527848 -0.015445385 0.099284850 0.981241345
5864.907497 0.711781263 -0.209896341 0.306910694 -0.163085654 -0.017305844 0.101595595 0.981214464
5864.944360 0.727981508 -0.207150683 0.305045843 -0.163875282 -0.021983307 0.107048824 0.980409205
5864.981224 0.741133571 -0.201256990 0.302075744 -0.162851080 -0.025769137 0.112213530 0.979910016
5865.018087 0.753123045 -0.199181408 0.300360858 -0.165129542 -0.028501008 0.117483795 0.978834748
5865.054950 0.764234543 -0.190722927 0.297329068 -0.161698729 -0.031027583 0.121055655 0.978895485
5865.091814 0.778187156 -0.187020436 0.295972526 -0.161178499 -0.033845697 0.125215247 0.978364468
5865.128677 0.790689051 -0.184631914 0.295121759 -0.162041172 -0.033761986 0.129708171 0.977639318
5865.165540 0.803752959 -0.179499730 0.293344140 -0.163201347 -0.032966036 0.134486973 0.976827443
5865.202404 0.816684186 -0.173909113 0.292000502 -0.164056540 -0.032113884 0.138337582 0.976174593
5865.239267 0.826312482 -0.169637531 0.289854825 -0.163801461 -0.030150050 0.140707001 0.975941420
5865.276130 0.836161613 -0.168011770 0.290065110 -0.163362801 -0.029475223 0.140569806 0.976055324
5865.312994 0.845453143 -0.164405242 0.288582563 -0.161067933 -0.028635804 0.139333069 0.976638794
5865.349857 0.854166508 -0.164111570 0.289150178 -0.163474262 -0.026435480 0.138614446 0.976403296
5865.386720 0.861425459 -0.158618689 0.286784291 -0.164394855 -0.021914052 0.137843549 0.976469815
5865.423584 0.873491406 -0.154237777 0.287647009 -0.167104155 -0.020568311 0.138138816 0.975997329
5865.460447 0.878661156 -0.146434709 0.286264658 -0.167055413 -0.015991202 0.136697203 0.976294339
5865.497310 0.884310901 -0.141289249 0.285508454 -0.168101296 -0.012888666 0.136139154 0.976238668
5865.534174 0.888548970 -0.135071024 0.284228742 -0.168839633 -0.011179280 0.135094821 0.976277411
5865.571037 0.895347953 -0.127193719 0.282362580 -0.169516429 -0.012284305 0.134129077 0.976279974
5865.607900 0.900612473 -0.122176170 0.280281752 -0.171199054 -0.012198946 0.132558048 0.976202011
5865.644763 0.906854808 -0.115610279 0.279901624 -0.172466442 -0.011594472 0.130867586 0.976214409
5865.681627 0.910967886 -0.108885877 0.277213186 -0.173140094 -0.008746415 0.129419520 0.976317883
5865.718490 0.916585088 -0.103637591 0.274726123 -0.174896643 -0.005970673 0.128428206 0.976156592
5865.755354 0.920837522 -0.099005163 0.270590544 -0.175632790 -0.002049594 0.128932491 0.975974023
5865.792217 0.923854351 -0.091816336 0.267658949 -0.174619943 0.001065619 0.127509117 0.976344287
5865.829080 0.926714063 -0.081705116 0.264255345 -0.171008393 0.003092872 0.125850663 0.977194071
5865.865943 0.927209735 -0.075722560 0.260554969 -0.167968810 0.007035415 0.125398859 0.977758706
5865.902807 0.930362344 -0.066948451 0.256808221 -0.162973627 0.008526638 0.125553250 0.978572071
5865.939670 0.933826685 -0.061423153 0.252814204 -0.159648061 0.008309604 0.124986216 0.979194522
5865.976534 0.931652904 -0.052157827 0.248343334 -0.155292749 0.009945309 0.124020226 0.980002165
5866.013397 0.933133900 -0.044769086 0.245661810 -0.155729055 0.008554468 0.124487571 0.979886770
5866.050260 0.931670010 -0.034421306 0.242960766 -0.156183362 0.007503193 0.125001267 0.979757726
5866.087123 0.933158875 -0.031602647 0.243359521 -0.161822185 0.004024564 0.123671927 0.979031444
5866.123987 0.931893528 -0.025864009 0.242928803 -0.163287684 0.001499039 0.123057209 0.978872716
5866.160850 0.928494930 -0.017932393 0.240735248 -0.163070023 0.000415082 0.123814180 0.978814602
5866.197714 0.927827358 -0.009977628 0.238568336 -0.163211316 -0.002150166 0.127215922 0.978352487
5866.234577 0.925408959 -0.006346181 0.239423230 -0.167571098 -0.002872329 0.130397692 0.977194011
5866.271440 0.920459390 0.001642894 0.238540545 -0.167872265 -0.001911251 0.134570584 0.976578712
5866.308303 0.913926482 0.007081218 0.240080386 -0.170236826 -0.001028954 0.136727408 0.975870907
5866.345167 0.909322381 0.015290465 0.240396902 -0.170941904 -0.003072285 0.138975292 0.975425720
5866.382030 0.904210925 0.020218637 0.240765512 -0.173431247 -0.005615900 0.140131831 0.974809289
5866.418894 0.897045135 0.025394388 0.241034120 -0.175111815 -0.007569691 0.140692115 0.974414825
5866.455757 0.887128353 0.027745463 0.241281793 -0.176322833 -0.007995978 0.139997914 0.974293053
5866.492620 0.880361319 0.030056760 0.242006153 -0.176065564 -0.010346988 0.138483137 0.974533916
5866.529483 0.872210145 0.033766787 0.241741076 -0.175388664 -0.010444073 0.138174593 0.974698663
5866.566347 0.860546470 0.038165569 0.241245627 -0.176806375 -0.008046592 0.136573851 0.974690855
5866.603210 0.850632191 0.038781211 0.241282851 -0.176877841 -0.007248876 0.135063037 0.974894702
5866.640074 0.843297184 0.037715696 0.242504358 -0.174919590 -0.008645601 0.133378789 0.975468338
5866.676937 0.834472656 0.036862265 0.242371261 -0.172907665 -0.009600840 0.132272780 0.975968599
5866.713800 0.824094653 0.037541837 0.240930423 -0.171142504 -0.010005479 0.132190645 0.976286709
5866.750663 0.814517736 0.035389300 0.241355091 -0.171946093 -0.010960742 0.132578909 0.976082623
5866.787527 0.807997465 0.031891908 0.241927594 -0.173293337 -0.015446730 0.132757768 0.975759327
5866.824390 0.800406814 0.031415451 0.242079586 -0.170716688 -0.020559682 0.130999297 0.976356626
5866.861254 0.790743291 0.033455320 0.241430402 -0.166431397 -0.023533216 0.129542872 0.977223337
5866.898117 0.783088982 0.032482922 0.241644681 -0.166860819 -0.023967676 0.129743621 0.977112889
5866.934980 0.774885893 0.032200240 0.240765199 -0.165615067 -0.021538435 0.129814342 0.977371991
5866.971843 0.765786529 0.034413934 0.238823384 -0.161519244 -0.017796448 0.128714666 0.978277743
5867.008707 0.757233620 0.035430938 0.236981392 -0.158708960 -0.015090193 0.127354354 0.978960991
5867.045570 0.747460306 0.037000146 0.235032663 -0.157092482 -0.013681198 0.125779763 0.979445875
5867.082433 0.735316455 0.039025769 0.232389256 -0.155004904 -0.012671089 0.123489559 0.980083287
5867.119297 0.725035012 0.042217553 0.230108127 -0.151432499 -0.014072940 0.122374400 0.980762243
5867.156160 0.712683916 0.047068011 0.226121575 -0.145816758 -0.014137683 0.120698817 0.981819451
5867.193023 0.702887297 0.048724353 0.223275572 -0.142774865 -0.015306514 0.119308762 0.982418656
5867.229887 0.691130877 0.049677696 0.219906077 -0.139667064 -0.013387362 0.118916087 0.982940912
5867.266750 0.678726792 0.055064894 0.214496732 -0.133768290 -0.010347318 0.117959797 0.983912826
5867.303613 0.667463422 0.055584308 0.209869012 -0.132944301 -0.006239477 0.116546325 0.984227538
5867.340477 0.655523300 0.061199315 0.204009399 -0.128108531 -0.001457130 0.114940137 0.985076070
5867.377340 0.645503938 0.064498708 0.198973060 -0.123749904 0.003783907 0.115098156 0.985608459
5867.414203 0.632906079 0.069417208 0.192828819 -0.119197667 0.010507636 0.114830762 0.986151814
5867.451067 0.622378349 0.073344812 0.186618730 -0.115123145 0.014790411 0.114520155 0.986616969
5867.487930 0.609159172 0.076219678 0.181519434 -0.113023184 0.020031678 0.114988774 0.986712754
5867.524793 0.597995460 0.082122184 0.176589310 -0.112758048 0.022737276 0.115425743 0.986633420
5867.561656 0.586995602 0.085845143 0.172134578 -0.113638982 0.024520675 0.116515122 0.986361563
5867.598520 0.575316191 0.089854836 0.168384045 -0.111995690 0.026818763 0.118213959 0.986287594
5867.635383 0.566214740 0.095416330 0.164036915 -0.108983219 0.027003497 0.120943286 0.986289084
5867.672247 0.555092812 0.101547047 0.160121232 -0.105395012 0.027061194 0.122816280 0.986446023
5867.709110 0.546434402 0.101236984 0.157513112 -0.106292203 0.025119556 0.124012470 0.986251414
5867.745973 0.535857737 0.103514895 0.155127227 -0.105793931 0.023738075 0.124557227 0.986270547
5867.782836 0.527489543 0.105351835 0.152468368 -0.105599463 0.020564316 0.124978416 0.986309409
5867.819700 0.519051135 0.107718676 0.150766715 -0.105826922 0.016835224 0.124186598 0.986455739
5867.856563 0.511108279 0.108308628 0.149421364 -0.107938021 0.013139435 0.121968888 0.986559808
5867.893427 0.502016604 0.106022269 0.148928940 -0.109206259 0.010548250 0.118918762 0.986823738
5867.930290 0.495936364 0.107626721 0.148266271 -0.104848690 0.005583056 0.115919866 0.987693369
5867.967153 0.489517331 0.105483934 0.148750693 -0.103230640 -0.000335340 0.111474060 0.988391042
5868.004016 0.483490258 0.101919301 0.150077790 -0.104113884 -0.007047876 0.106989771 0.988768816
5868.040880 0.478549004 0.098636366 0.151447445 -0.105547056 -0.014529401 0.102245338 0.989037216
5868.077743 0.471260548 0.092477962 0.152667940 -0.107659049 -0.018484678 0.097623445 0.989210546
5868.114607 0.465421915 0.088449925 0.154046342 -0.106171630 -0.021029370 0.093505971 0.989718139
5868.151470 0.462431341 0.080861539 0.155915305 -0.106628977 -0.022885179 0.090019032 0.989951074
5868.188333 0.458742499 0.076318488 0.157761589 -0.106404968 -0.023629630 0.088037759 0.990135849
5868.225196 0.454803139 0.071160644 0.161266282 -0.105601639 -0.025179237 0.085479915 0.990407765
5868.262060 0.453055292 0.064112499 0.164710030 -0.103452772 -0.028945943 0.082860529 0.990754128
5868.298923 0.449202597 0.058971263 0.169733405 -0.102359667 -0.031423293 0.079970933 0.991029620
5868.335786 0.446492970 0.056051616 0.173800081 -0.103805266 -0.032950841 0.078394733 0.990955591
5868.372650 0.444504797 0.053353272 0.177558959 -0.105728045 -0.034263540 0.077974461 0.990740895
5868.409513 0.440819263 0.051345453 0.182115957 -0.105712257 -0.034901846 0.077452958 0.990761220
5868.446376 0.438023031 0.045823473 0.188041568 -0.109648645 -0.036674112 0.076941639 0.990309119
5868.483240 0.435124040 0.044688500 0.194147691 -0.112533458 -0.039252266 0.076404586 0.989928186
5868.520103 0.432193458 0.041288968 0.199997321 -0.115678966 -0.041995876 0.076051958 0.989480078
5868.556966 0.429085672 0.038936023 0.205909088 -0.118850142 -0.044203818 0.076332673 0.988986373
5868.593830 0.423796624 0.039109826 0.210430861 -0.122967377 -0.044004221 0.076958582 0.988443255
5868.630693 0.420285493 0.035043065 0.216526315 -0.128935173 -0.043866325 0.078678794 0.987553120
5868.667556 0.418474197 0.032520588 0.221384972 -0.131947160 -0.043066379 0.080137327 0.987073064
5868.704420 0.415779293 0.029498938 0.225019991 -0.134213746 -0.039263573 0.081512235 0.986813486
5868.741283 0.413903803 0.024609298 0.229387820 -0.138615996 -0.035412587 0.084049508 0.986137569
5868.778146 0.409855932 0.023848325 0.231665552 -0.140530810 -0.031968631 0.087554283 0.985679150
5868.815010 0.405317754 0.019200474 0.234625399 -0.145318210 -0.030014202 0.092075907 0.984633863
5868.851873 0.401233643 0.016490337 0.236796841 -0.147858992 -0.030495983 0.096755646 0.983791709
5868.888736 0.396176368 0.013033573 0.238585383 -0.149204642 -0.031267334 0.101681009 0.983067274
5868.925600 0.391379952 0.008744195 0.239945680 -0.149862334 -0.032027274 0.106398053 0.982443392
5868.962463 0.386098742 0.006678816 0.239939854 -0.149183303 -0.032005731 0.110573888 0.982086241
5868.999326 0.379781485 0.001465432 0.240868941 -0.150718838 -0.029993530 0.114128284 0.981508553
5869.036190 0.373679340 -0.001662850 0.240912542 -0.152223110 -0.027008293 0.117827684 0.980925739
5869.073053 0.366314560 -0.006044261 0.240465105 -0.154982015 -0.022663012 0.120770626 0.980245590
5869.109916 0.357803196 -0.009202223 0.239740252 -0.154935136 -0.018359734 0.122984178 0.980067849
5869.146780 0.349697888 -0.014274240 0.238846868 -0.156179830 -0.015207695 0.125518292 0.979602873
5869.183643 0.341038883 -0.017205421 0.237302899 -0.155324787 -0.013648984 0.127345771 0.979525864
5869.220506 0.332301140 -0.020063065 0.235624403 -0.154766858 -0.013561012 0.129168004 0.979376793
5869.257370 0.322997004 -0.021583345 0.233238146 -0.152982548 -0.014124413 0.130626872 0.979455709
5869.294233 0.315802187 -0.024366822 0.231278300 -0.151450247 -0.015369934 0.134172752 0.979195714
5869.331096 0.305908680 -0.025948416 0.228377953 -0.148617834 -0.015134136 0.136448130 0.979318917
5869.367959 0.294009089 -0.027616266 0.226437077 -0.146452412 -0.014011803 0.138501823 0.979373574
5869.404823 0.286814421 -0.030049376 0.224808186 -0.146055013 -0.015085325 0.140101984 0.979189396
5869.441686 0.277975470 -0.030152768 0.222549796 -0.145849243 -0.014371198 0.140281782 0.979205012
5869.478549 0.270535231 -0.032179136 0.220478877 -0.148203120 -0.013901291 0.139574185 0.978959441
5869.515413 0.263365865 -0.033939164 0.218849406 -0.148179621 -0.012948840 0.138082027 0.979187667
5869.552276 0.257793427 -0.037186619 0.217504501 -0.148262873 -0.012902159 0.136418983 0.979408741
5869.589139 0.250817329 -0.036306217 0.215293989 -0.146039337 -0.012590629 0.133231461 0.980185390
5869.626003 0.244309857 -0.038603708 0.213655278 -0.147259772 -0.011656026 0.130515173 0.980379760
5869.662866 0.239442199 -0.041447565 0.213112712 -0.147886425 -0.011704820 0.128325716 0.980573833
5869.699729 0.236429736 -0.041445781 0.211954087 -0.144140288 -0.014157495 0.124832556 0.981549799
5869.736593 0.230561048 -0.042790882 0.212264210 -0.141098365 -0.015728224 0.119788900 0.982595801
5869.773456 0.224460140 -0.046015203 0.213684887 -0.140753731 -0.017337566 0.114720538 0.983222783
5869.810319 0.218105614 -0.048051935 0.214901745 -0.140564144 -0.018555392 0.111643486 0.983581781
5869.847183 0.210396245 -0.050962038 0.215896323 -0.140711129 -0.020103479 0.107293941 0.984014332
5869.884046 0.205008015 -0.052187994 0.216263488 -0.141615421 -0.024121353 0.102698229 0.984284699
5869.920909 0.198948711 -0.055952437 0.217220902 -0.141937882 -0.028856644 0.097038753 0.984684944
5869.957773 0.191247106 -0.057679251 0.216807514 -0.139735207 -0.032267500 0.090313889 0.985533476
5869.994636 0.186385795 -0.060674839 0.215723425 -0.142197773 -0.035646673 0.084597178 0.985572159
5870.031499 0.180438548 -0.064767718 0.215013534 -0.143597722 -0.037981112 0.078674220 0.985772550
5870.068363 0.175718978 -0.068354428 0.214504823 -0.140679210 -0.040884558 0.072173066 0.986574292
5870.105226 0.168439850 -0.072845414 0.214384630 -0.137042031 -0.041759264 0.065529101 0.987512827
5870.142090 0.163744435 -0.075072661 0.213925958 -0.133653715 -0.042698476 0.060434062 0.988261700
5870.178953 0.157687813 -0.078541875 0.213737339 -0.131260917 -0.041476581 0.055781100 0.988907874
5870.215816 0.151767701 -0.084198207 0.214614496 -0.131106973 -0.039483566 0.052256804 0.989202321
5870.252679 0.145501509 -0.086703718 0.214891389 -0.130267799 -0.037071437 0.049390163 0.989553750
5870.289543 0.139137626 -0.090533800 0.215952948 -0.131528974 -0.035471082 0.047528964 0.989536762
5870.326406 0.132906467 -0.091811329 0.217079252 -0.131185383 -0.035626207 0.046406642 0.989630044
5870.363270 0.126733750 -0.094383836 0.219077975 -0.132508129 -0.037796840 0.045730058 0.989404738
5870.400133 0.118838690 -0.094783522 0.220069647 -0.133268297 -0.039473794 0.045861430 0.989231050
5870.436996 0.110891409 -0.096446410 0.222519010 -0.134607181 -0.041512534 0.046467680 0.988937974
5870.473859 0.103023395 -0.095670372 0.223693207 -0.135003492 -0.042659547 0.047244895 0.988798320
5870.510723 0.093571283 -0.097923651 0.225418657 -0.138693303 -0.041153695 0.048660520 0.988282681
5870.547586 0.085610159 -0.098703533 0.226634353 -0.140788853 -0.039626297 0.050480101 0.987957478
5870.584450 0.075811081 -0.097607285 0.226254687 -0.141926080 -0.036107808 0.052149668 0.987842917
5870.621313 0.068513229 -0.098348811 0.226577371 -0.145907119 -0.035584059 0.054194257 0.987171650
5870.658176 0.057607554 -0.097999290 0.225849614 -0.144940078 -0.033653807 0.057663221 0.987185240
5870.695039 0.046521455 -0.100084312 0.225664496 -0.143712491 -0.031916570 0.061903190 0.987165630
5870.731903 0.037245117 -0.104138866 0.224828869 -0.146087691 -0.030675368 0.065638438 0.986614943
5870.768766 0.026686322 -0.105003312 0.223608494 -0.146922231 -0.027976597 0.069436274 0.986311197
5870.805629 0.015854400 -0.108580187 0.223360300 -0.148525476 -0.024929341 0.072644182 0.985921681
5870.842493 0.004115564 -0.109128252 0.221298218 -0.148509264 -0.021459365 0.074793540 0.985845029
5870.879356 -0.005621921 -0.112854064 0.220874414 -0.149857581 -0.019688167 0.075981654 0.985587060
5870.916219 -0.015800342 -0.117497861 0.220861390 -0.152122453 -0.017231623 0.075944737 0.985288918
5870.953083 -0.026022088 -0.119029038 0.219777033 -0.152127147 -0.013776938 0.076273739 0.985317111
5870.989946 -0.038019292 -0.120022908 0.218795210 -0.150437847 -0.008735375 0.076768965 0.985595584
5871.026809 -0.045537960 -0.123545557 0.219310731 -0.149267763 -0.006247531 0.078292206 0.985672593
5871.063673 -0.058918882 -0.124240741 0.219326496 -0.146568626 -0.001514460 0.079224475 0.986021698
5871.100536 -0.069864929 -0.127396792 0.221189529 -0.147442222 0.000246824 0.080835745 0.985761821
5871.137399 -0.078128308 -0.126856282 0.223372668 -0.145214900 -0.001720959 0.083142176 0.985899091
5871.174263 -0.087479934 -0.128383458 0.227053925 -0.145079494 -0.004151685 0.084291041 0.985814273
5871.211126 -0.095763512 -0.129169345 0.231179073 -0.144842550 -0.006410211 0.086151734 0.985676110
5871.247989 -0.104836099 -0.130083397 0.234756351 -0.145535558 -0.006396052 0.087588780 0.985447466
5871.284853 -0.112777427 -0.132712096 0.239056617 -0.149218887 -0.006694786 0.088196948 0.984840214
5871.321716 -0.119592480 -0.134257644 0.242971867 -0.153659210 -0.008726932 0.088309214 0.984131217
5871.358579 -0.129273146 -0.139144838 0.249089658 -0.159759492 -0.010449560 0.089251839 0.983057380
5871.395442 -0.138012320 -0.141911671 0.253414840 -0.162401780 -0.014810593 0.090126216 0.982488453
5871.432306 -0.143245965 -0.148295328 0.258733541 -0.167529047 -0.022494761 0.090625428 0.981435180
5871.469169 -0.154938519 -0.150216222 0.262873113 -0.167800933 -0.028025733 0.089187726 0.981378078
5871.506032 -0.162081003 -0.154680267 0.268226802 -0.169787601 -0.035483338 0.088253215 0.980879426
5871.542896 -0.166941613 -0.160235077 0.274124622 -0.174297631 -0.043309443 0.087311894 0.979857802
5871.579759 -0.174665943 -0.164838091 0.278693020 -0.177185401 -0.047316559 0.085393049 0.979323506
5871.616623 -0.182238400 -0.172475249 0.285568982 -0.179905340 -0.050305851 0.084369957 0.978767097
5871.653486 -0.188510790 -0.178482533 0.291438013 -0.181765452 -0.052736491 0.082358316 0.978466809
5871.690349 -0.193829626 -0.185901135 0.296827435 -0.185553625 -0.053560931 0.080488019 0.977866411
5871.727212 -0.198938683 -0.191186517 0.300594836 -0.187341213 -0.053355742 0.078601152 0.977690279
5871.764076 -0.202807575 -0.195171177 0.303846478 -0.187137812 -0.053792458 0.075888552 0.977919579
5871.800939 -0.207089573 -0.203215525 0.309608907 -0.189760134 -0.053599998 0.073335104 0.977619588
5871.837803 -0.211039498 -0.207528308 0.314151406 -0.191326097 -0.052640673 0.072335355 0.977441013
5871.874666 -0.212896928 -0.214719996 0.320822775 -0.196408346 -0.053011432 0.073307581 0.976339877
5871.911529 -0.216093764 -0.217012256 0.325267076 -0.193936065 -0.054378282 0.074495301 0.976668954
5871.948392 -0.218868345 -0.220801935 0.330626488 -0.192734808 -0.057000268 0.076124929 0.976631582
5871.985256 -0.221637383 -0.225161478 0.335854381 -0.193554357 -0.059952091 0.078391105 0.976113379
5872.022119 -0.224217817 -0.230866462 0.342550814 -0.195780560 -0.062905081 0.080838837 0.975283563
5872.058983 -0.226657271 -0.235111564 0.348020613 -0.197672337 -0.064700738 0.082975820 0.974604785
5872.095846 -0.230829448 -0.238785014 0.353664398 -0.201136306 -0.063449226 0.085363947 0.973771751
5872.132709 -0.233947560 -0.240715981 0.358021796 -0.204249009 -0.061388846 0.087765060 0.973042190
5872.169572 -0.236477256 -0.243741512 0.363308430 -0.207329378 -0.059077356 0.090348467 0.972297072
5872.206436 -0.239172950 -0.246738791 0.368043810 -0.209371790 -0.056559000 0.092745177 0.971783340
5872.243299 -0.242503643 -0.249026135 0.371638238 -0.211647481 -0.053637333 0.095039688 0.971234202
5872.280162 -0.244552493 -0.251827002 0.375035077 -0.213534847 -0.051391181 0.098291650 0.970618665
5872.317026 -0.247022122 -0.256441414 0.378754109 -0.215498194 -0.049180277 0.100800663 0.970041811
5872.353889 -0.248492509 -0.260689229 0.382315814 -0.218197778 -0.047482252 0.102721758 0.969321072
5872.390752 -0.251007557 -0.264330089 0.384120524 -0.219630644 -0.044039048 0.104585968 0.968960643
5872.427616 -0.253982842 -0.269834161 0.386054933 -0.220670104 -0.039064478 0.106990665 0.968675196
5872.464479 -0.255737990 -0.274192095 0.386543930 -0.220416158 -0.034246426 0.109800436 0.968600929
5872.501342 -0.258126765 -0.278458416 0.386352867 -0.219436958 -0.028351678 0.113379858 0.968601346
5872.538206 -0.263212502 -0.284506261 0.386675119 -0.217771217 -0.021054000 0.116944849 0.968739569
5872.575069 -0.266058713 -0.291656137 0.387350559 -0.217032492 -0.016879980 0.121135674 0.968472064
5872.611932 -0.270569623 -0.298529685 0.389044970 -0.217171445 -0.013387226 0.125759855 0.967905879
5872.648796 -0.276187569 -0.304664046 0.389869213 -0.215893567 -0.011507474 0.129173085 0.967766464
5872.685659 -0.280382752 -0.311279356 0.392543375 -0.215042859 -0.011941518 0.131330520 0.967660189
5872.722522 -0.286160231 -0.318702668 0.395306289 -0.215088904 -0.011735279 0.132325515 0.967516959
5872.759386 -0.290046185 -0.323130339 0.397314548 -0.211351499 -0.013074123 0.132751167 0.968264818
5872.796249 -0.294018418 -0.332152605 0.401098251 -0.212498009 -0.012408460 0.133773506 0.967881858
5872.833112 -0.297547847 -0.337152839 0.402554840 -0.212231338 -0.012281171 0.134721741 0.967810452
5872.869976 -0.300719947 -0.343501866 0.404971272 -0.212276444 -0.013738747 0.133806735 0.967907906
5872.906839 -0.303926200 -0.347988844 0.407221079 -0.210002378 -0.015899915 0.131313130 0.968712032
5872.943702 -0.306636125 -0.354213923 0.410346091 -0.210887894 -0.017194167 0.127737865 0.968975604
5872.980566 -0.308760643 -0.359724373 0.413385421 -0.212811321 -0.017672740 0.122685663 0.969199300
5873.017429 -0.309903085 -0.363736123 0.415692329 -0.212351426 -0.017164536 0.115905993 0.970143318
5873.054292 -0.313022941 -0.370840311 0.419411033 -0.213043317 -0.013468067 0.107407942 0.971027672
5873.091156 -0.312356979 -0.375847578 0.421885461 -0.212443367 -0.011663456 0.096016906 0.972374678
5873.128019 -0.313512772 -0.377935350 0.421029210 -0.206150576 -0.007005084 0.084512264 0.974838734
5873.164882 -0.309666336 -0.389789134 0.425917506 -0.205548644 -0.003818889 0.075400010 0.975730479
5873.201746 -0.303802401 -0.394201696 0.427685261 -0.199071243 -0.002539231 0.067200728 0.977674961
5873.238609 -0.299353510 -0.400261819 0.428009361 -0.192890555 -0.001956596 0.058479458 0.979474127
5873.275472 -0.296654701 -0.410216331 0.430922925 -0.192490339 -0.001536080 0.050820626 0.979980826
5873.312336 -0.292555809 -0.414584398 0.431361914 -0.190667152 -0.004017944 0.045646816 0.980584681
5873.349199 -0.287833095 -0.420335859 0.433263451 -0.189679042 -0.009146614 0.041288424 0.980934978
5873.386062 -0.283804953 -0.420451015 0.432514012 -0.185273066 -0.015342835 0.035499908 0.981925786
5873.422925 -0.277511209 -0.421689481 0.433125257 -0.184906438 -0.021531476 0.032228656 0.981991529
5873.459789 -0.272202611 -0.423487335 0.433904350 -0.185666785 -0.026763992 0.028594321 0.981831908
5873.496652 -0.266046464 -0.423652291 0.434607148 -0.184935272 -0.032820016 0.024509246 0.981896698
5873.533515 -0.257565916 -0.426973075 0.437277794 -0.188621089 -0.039368432 0.021133196 0.981032908
5873.570379 -0.248660028 -0.425439835 0.437309206 -0.188439757 -0.044588406 0.018682128 0.980894148
5873.607242 -0.239115462 -0.423079759 0.437012762 -0.189391688 -0.048490189 0.015855538 0.980575383
5873.644105 -0.229293078 -0.422511280 0.437347174 -0.193392575 -0.050997898 0.012792927 0.979711652
5873.680969 -0.218952179 -0.420965970 0.436394840 -0.195335075 -0.052854870 0.010054079 0.979259670
5873.717832 -0.207414374 -0.417196631 0.435413420 -0.193722740 -0.055661995 0.006782229 0.979452550
5873.754695 -0.199675530 -0.415141672 0.434276342 -0.192560524 -0.055541288 0.002716823 0.979708195
5873.791559 -0.189448640 -0.413515687 0.433094919 -0.192060411 -0.055556558 -0.000026852 0.979809284
5873.828422 -0.180372626 -0.410717577 0.430527091 -0.192272142 -0.053847816 -0.002668691 0.979859531
5873.865285 -0.171002254 -0.408669114 0.428104281 -0.191621065 -0.052612040 -0.004313890 0.980048299
5873.902149 -0.162900805 -0.403571993 0.423998594 -0.189562440 -0.050147276 -0.004790453 0.980575562
5873.939012 -0.154885396 -0.401647270 0.421180308 -0.193473190 -0.048266266 -0.005205993 0.979903758
5873.975875 -0.145599306 -0.396334827 0.418231905 -0.196096122 -0.049040399 -0.005057578 0.979344547
5874.012739 -0.138229772 -0.391102850 0.414379269 -0.196957320 -0.050374430 -0.004757716 0.979105473
5874.049602 -0.131781757 -0.388576269 0.412808686 -0.198495924 -0.052095331 -0.003669787 0.978709340
5874.086465 -0.124424979 -0.381561309 0.409205556 -0.196601853 -0.053379964 -0.001383457 0.979028285
5874.123329 -0.116185218 -0.376946211 0.408227205 -0.198612556 -0.053624619 0.002243038 0.978607357
5874.160192 -0.107241511 -0.370253295 0.405998737 -0.201426715 -0.052719820 0.006656364 0.978061140
5874.197055 -0.098558888 -0.363387465 0.404260844 -0.204920232 -0.050303575 0.012249441 0.977408409
5874.233919 -0.093140081 -0.360250294 0.403747320 -0.209902734 -0.044961426 0.018176930 0.976518750
5874.270782 -0.086015671 -0.352297127 0.400249660 -0.210785463 -0.041957837 0.023454474 0.976349771
5874.307645 -0.078411035 -0.345722556 0.396776676 -0.214123338 -0.040129509 0.028748779 0.975558460
5874.344509 -0.073759168 -0.339967072 0.393639207 -0.217071712 -0.037564691 0.035596043 0.974782884
5874.381372 -0.068397485 -0.330689967 0.388315380 -0.215899035 -0.037251025 0.042104218 0.974795997
5874.418235 -0.061830841 -0.322640091 0.384176850 -0.214678705 -0.039419875 0.049150240 0.974650383
5874.455099 -0.055683672 -0.315404773 0.380781651 -0.213597596 -0.042218324 0.056204595 0.974389434
5874.491962 -0.051049665 -0.306298614 0.376653373 -0.212688848 -0.043787032 0.062770739 0.974118054
5874.528825 -0.047312375 -0.294383645 0.370750576 -0.208710015 -0.046422817 0.069031969 0.974432945
5874.565689 -0.041892655 -0.284616292 0.366572618 -0.206213981 -0.052189883 0.074813217 0.974245846
5874.602552 -0.037791800 -0.274730891 0.362259567 -0.204228401 -0.058454625 0.078313708 0.974033237
5874.639415 -0.032387458 -0.264854431 0.358130068 -0.203853533 -0.065177970 0.081832178 0.973395646
5874.676279 -0.027594104 -0.252297491 0.352385551 -0.201798588 -0.070146576 0.086172856 0.973103821
5874.713142 -0.023204513 -0.241934240 0.348055184 -0.199952632 -0.074017592 0.088916689 0.972951293
5874.750005 -0.018729839 -0.230878472 0.342501879 -0.198133647 -0.075386196 0.090823933 0.973042130
5874.786869 -0.013487259 -0.220654637 0.337039202 -0.198848262 -0.073338509 0.093897000 0.972761154
5874.823732 -0.007141199 -0.210850656 0.332447380 -0.200793371 -0.068591543 0.097969472 0.972306132
5874.860595 0.001190163 -0.200367719 0.329614699 -0.203532279 -0.065116912 0.100407451 0.971726656
5874.897459 0.004982673 -0.194068313 0.326334834 -0.208091289 -0.059341941 0.100999743 0.971069336
5874.934322 0.013947878 -0.183568507 0.322926670 -0.210136533 -0.058956958 0.102621324 0.970482111
5874.971185 0.021742202 -0.169298396 0.320517182 -0.209878013 -0.059634615 0.103680275 0.970384121
5875.008049 0.027993407 -0.160291672 0.318416536 -0.214170635 -0.059991680 0.104186043 0.969369471
5875.044912 0.039041962 -0.150566831 0.319866091 -0.219705179 -0.064994365 0.103067659 0.967926860
5875.081775 0.046884563 -0.136432707 0.317053795 -0.218962386 -0.067070805 0.101618037 0.968106806
5875.118639 0.059546102 -0.129691705 0.318218410 -0.223723143 -0.070202619 0.101758882 0.966780603
5875.155502 0.067574300 -0.119943641 0.317188978 -0.225268260 -0.068776846 0.099688239 0.966740012
5875.192365 0.076956749 -0.115802214 0.317631721 -0.229451373 -0.068414576 0.098041065 0.965950012
5875.229228 0.084774569 -0.112165928 0.318580598 -0.233954668 -0.067445360 0.094753899 0.965265810
5875.266092 0.094557434 -0.104113683 0.316163361 -0.233786061 -0.068742752 0.093675390 0.965320349
5875.302955 0.103653222 -0.098750390 0.314530373 -0.234925255 -0.069394454 0.094110496 0.964954793
5875.339818 0.111041471 -0.095551722 0.313383281 -0.236396328 -0.069093212 0.093736619 0.964653492
5875.376682 0.121936806 -0.090720043 0.312092870 -0.237001553 -0.072546236 0.092243768 0.964395344
5875.413545 0.131994307 -0.084087037 0.309502721 -0.237184957 -0.075886026 0.088983893 0.964399517
5875.450408 0.141189367 -0.081181645 0.309300542 -0.240253925 -0.077578090 0.085617714 0.963809788
5875.487272 0.151938513 -0.075812645 0.306928664 -0.238740176 -0.078471452 0.084830932 0.964183092
5875.524135 0.163530618 -0.071753338 0.305060148 -0.239467666 -0.078237787 0.084517099 0.964049220
5875.560998 0.175589398 -0.067279786 0.302423954 -0.239614367 -0.077217564 0.084840111 0.964066684
5875.597862 0.188107044 -0.065418094 0.302166969 -0.240586206 -0.076084539 0.087012134 0.963721097
5875.634725 0.201420665 -0.063695036 0.301439911 -0.238956124 -0.075553566 0.088428937 0.964039385
5875.671588 0.214273185 -0.061897159 0.300878525 -0.236951739 -0.075091444 0.089999445 0.964424849
5875.708452 0.226437941 -0.065437891 0.302579165 -0.239577770 -0.073403448 0.091290109 0.963784456
5875.745315 0.240532830 -0.066899955 0.303950816 -0.238966390 -0.073458582 0.093988612 0.963672698
5875.782178 0.251728803 -0.068350196 0.306389630 -0.237997875 -0.072019003 0.095837533 0.963838875
5875.819042 0.263605356 -0.069949456 0.308322281 -0.237756521 -0.071540631 0.097126685 0.963805079
5875.855905 0.274990678 -0.073598690 0.311502218 -0.238778427 -0.071129732 0.098220661 0.963471889
5875.892768 0.286968231 -0.076420315 0.315154076 -0.238765821 -0.071446754 0.099119373 0.963359535
5875.929632 0.297197223 -0.077824436 0.317526817 -0.238535210 -0.071296699 0.099867046 0.963350534
5875.966495 0.305600375 -0.082011826 0.320180595 -0.239392534 -0.070106909 0.099447727 0.963268578
5876.003358 0.314742267 -0.083563067 0.322205186 -0.237798035 -0.070215143 0.098867394 0.963715315
5876.040222 0.323069602 -0.088857055 0.326720595 -0.240447313 -0.069745801 0.096447438 0.963337183
5876.077085 0.331621468 -0.094079122 0.329611361 -0.240331456 -0.068615757 0.094288670 0.963660896
5876.113948 0.340007901 -0.103232436 0.335391760 -0.242613122 -0.067054369 0.091133125 0.963502645
5876.150812 0.344912082 -0.107685223 0.337752223 -0.239630595 -0.062844492 0.087952010 0.964827538
5876.187675 0.350046307 -0.116287187 0.342071414 -0.237519220 -0.058930133 0.086435661 0.965733290
5876.224538 0.357243419 -0.125892311 0.348091424 -0.235752702 -0.057221547 0.084866561 0.966407776
5876.261402 0.364975005 -0.134278864 0.354296803 -0.235869631 -0.056258325 0.084784284 0.966443062
5876.298265 0.372020185 -0.140708834 0.359858096 -0.234383330 -0.055708673 0.084219947 0.966885686
5876.335128 0.376782149 -0.149000287 0.365394384 -0.233537421 -0.053565387 0.085556962 0.967094123
5876.371992 0.383175373 -0.154812351 0.370695591 -0.232111901 -0.052941408 0.088965774 0.967164040
5876.408855 0.388255179 -0.159900725 0.375202239 -0.230608985 -0.053370263 0.091076635 0.967303514
5876.445718 0.391919971 -0.164599285 0.378716528 -0.229734570 -0.053370487 0.093771152 0.967254162
5876.482582 0.399269491 -0.168881118 0.382874310 -0.229458854 -0.055833291 0.097931296 0.966768205
5876.519445 0.404789627 -0.173144192 0.386409789 -0.228554994 -0.056399886 0.101745144 0.966555536
5876.556308 0.409676462 -0.178068891 0.390194982 -0.229047120 -0.054918159 0.104815945 0.966196179
5876.593172 0.414561331 -0.183412626 0.395534754 -0.231970802 -0.052120637 0.108940929 0.965196788
5876.630035 0.421421707 -0.186378002 0.396976203 -0.232575700 -0.050002024 0.113787197 0.964603961
5876.666898 0.427209735 -0.188011348 0.399318755 -0.231012762 -0.048264030 0.118877195 0.964454174
5876.703762 0.432084471 -0.190426230 0.402783394 -0.231282502 -0.046359606 0.123575091 0.963892341
5876.740625 0.439961612 -0.197374701 0.407321274 -0.238701299 -0.046080034 0.128201157 0.961489856
5876.777488 0.447181314 -0.200035781 0.409211159 -0.240274444 -0.045370355 0.135191798 0.960173368
5876.814352 0.455000699 -0.202339068 0.411540091 -0.239623338 -0.045783497 0.141523063 0.959403872
5876.851215 0.463711023 -0.206095487 0.414673805 -0.239818528 -0.046408735 0.146359175 0.958599150
5876.888078 0.471996814 -0.207689583 0.417945683 -0.240793794 -0.044521090 0.153228462 0.957369983
5876.924942 0.481384635 -0.209175140 0.420054853 -0.245995551 -0.041129585 0.160779014 0.954957962
5876.961805 0.490186781 -0.208240569 0.420728445 -0.248274833 -0.036713995 0.167152792 0.953452468
5876.998668 0.501039743 -0.208703607 0.422402143 -0.249495238 -0.032757614 0.172470197 0.952330351
5877.035532 0.509841740 -0.207360387 0.423121750 -0.247855976 -0.025766598 0.176526651 0.952229917
5877.072395 0.518516541 -0.207633942 0.422863543 -0.248584211 -0.016839337 0.180481508 0.951498151
5877.109258 0.532222867 -0.205202311 0.423755944 -0.249622107 -0.013208786 0.186017677 0.950216651
5877.146122 0.544030607 -0.204130739 0.425382674 -0.251556337 -0.010012877 0.192827612 0.948386371
5877.182985 0.554850698 -0.200863659 0.424854338 -0.249879792 -0.009805045 0.199936435 0.947359145
5877.219848 0.565607488 -0.198762625 0.424076617 -0.247829229 -0.011392831 0.206533358 0.946464360
5877.256711 0.577078462 -0.194718838 0.422620773 -0.245549217 -0.014394580 0.213363945 0.945502102
5877.293575 0.587561250 -0.190417022 0.420977682 -0.243558899 -0.015569351 0.220196486 0.944431126
5877.330438 0.595390320 -0.184619695 0.417161644 -0.241366297 -0.013373894 0.225843430 0.943693936
5877.367301 0.605907142 -0.179117829 0.414896250 -0.240456790 -0.011834026 0.229566649 0.943048060
5877.404165 0.615422428 -0.170096025 0.410953611 -0.237748489 -0.008493886 0.232711583 0.942999899
5877.441028 0.627202809 -0.167020500 0.409800440 -0.243048236 -0.005962007 0.235173389 0.941055536
5877.477891 0.635354757 -0.160225302 0.406836778 -0.245986417 -0.002033289 0.238032743 0.939588726
5877.514755 0.639961302 -0.154600993 0.403083742 -0.248892143 0.002179195 0.239191115 0.938528359
5877.551618 0.649208903 -0.145966113 0.399089098 -0.247294724 0.000495818 0.241073474 0.938471437
5877.588481 0.655496299 -0.139104679 0.395684183 -0.245540202 0.001270530 0.243012160 0.938431382
5877.625345 0.660371363 -0.133505166 0.390953183 -0.244195402 0.004338342 0.247038558 0.937721550
5877.662208 0.667154253 -0.123686597 0.385222942 -0.243544832 0.004521979 0.250844985 0.936878979
5877.699071 0.673696220 -0.114729613 0.379752815 -0.243995830 0.005015938 0.253765255 0.935972273
5877.735935 0.675591707 -0.107931644 0.374564141 -0.242082998 0.011103399 0.254983068 0.936085582
5877.772798 0.679744363 -0.102117501 0.368841112 -0.240448773 0.018507196 0.255655378 0.936206281
5877.809661 0.678558588 -0.089402750 0.357821226 -0.231619969 0.029066339 0.255112946 0.938309491
5877.846525 0.680844724 -0.081602789 0.350060970 -0.226011664 0.036885865 0.255418271 0.939318717
5877.883388 0.684344530 -0.071802914 0.342014551 -0.218776748 0.040620059 0.257238209 0.940380394
5877.920251 0.687425435 -0.064576574 0.334795386 -0.215097487 0.041838299 0.258546978 0.940816700
5877.957115 0.688120604 -0.054405801 0.326988399 -0.208444610 0.042090155 0.259450287 0.942053497
5877.993978 0.686889589 -0.046313860 0.319511503 -0.200797319 0.043849859 0.259650379 0.943577945
5878.030841 0.685917914 -0.039979689 0.312491685 -0.195755988 0.046193432 0.260221153 0.944367886
5878.067705 0.684429169 -0.033362754 0.304187536 -0.190996796 0.047675770 0.260819077 0.945103526
5878.104568 0.680714071 -0.025757894 0.296763539 -0.185186848 0.049226597 0.261168510 0.946083307
5878.141431 0.677256882 -0.020952873 0.290213317 -0.180729359 0.050309796 0.261306703 0.946849823
5878.178295 0.674668908 -0.015906870 0.283791542 -0.175698370 0.050600212 0.260178149 0.948091269
5878.215158 0.670191228 -0.011503801 0.277273744 -0.171180636 0.052936342 0.258184403 0.949334383
5878.252021 0.663210630 -0.004349805 0.271427572 -0.166093960 0.056955982 0.255755186 0.950661898
5878.288885 0.657664895 0.002918787 0.264966846 -0.162142515 0.059977274 0.252835453 0.951938391
5878.325748 0.651758909 0.005041867 0.259408772 -0.161510065 0.064473353 0.247692868 0.953103304
5878.362611 0.644589603 0.010706335 0.252441108 -0.157853067 0.067934655 0.241554365 0.955049098
5878.399475 0.637269437 0.013815813 0.246431157 -0.151232645 0.070584811 0.236603826 0.957165122
5878.436338 0.627881944 0.018661141 0.240905702 -0.142249614 0.073403746 0.231734812 0.959518611
5878.473201 0.618533015 0.022781640 0.236271203 -0.137147099 0.074980244 0.228226885 0.960979223
5878.510065 0.608805120 0.026327558 0.233248562 -0.132857591 0.074618690 0.225526795 0.962246597
5878.546928 0.598613381 0.029406160 0.231807649 -0.130420417 0.071467258 0.222760618 0.963462830
5878.583791 0.589380682 0.034704901 0.232500136 -0.123557270 0.064860009 0.219170317 0.965655804
5878.620655 0.580089211 0.034746602 0.234001517 -0.115797348 0.057162620 0.215046018 0.968028188
5878.657518 0.571359634 0.037687201 0.236152947 -0.105726309 0.048651017 0.211403310 0.970445096
5878.694381 0.562668383 0.043320723 0.239735186 -0.095881425 0.040045366 0.207122147 0.972781301
5878.731244 0.552509725 0.044199154 0.242169186 -0.090074919 0.034187526 0.201771304 0.974682510
5878.768108 0.542461574 0.051601510 0.245233297 -0.080370419 0.029295428 0.197502211 0.976562977
5878.804971 0.531591713 0.051879495 0.249946877 -0.075624987 0.027859114 0.194069192 0.977671683
5878.841835 0.522836089 0.055225749 0.253028333 -0.069417447 0.025333907 0.191016838 0.978801310
5878.878698 0.516322792 0.059776392 0.256086886 -0.063783661 0.021234335 0.185304537 0.980378985
5878.915561 0.510285139 0.064015038 0.258963943 -0.059092637 0.017277524 0.179203123 0.981883764
5878.952424 0.505530238 0.069468595 0.262488902 -0.052077353 0.013072033 0.173267424 0.983410120
5878.989288 0.502037287 0.074472420 0.265855640 -0.046659302 0.009499204 0.169568449 0.984367430
5879.026151 0.499587715 0.082502931 0.269130468 -0.043398961 0.005161075 0.168370545 0.984754384
5879.063015 0.496422648 0.087133259 0.273262173 -0.043442830 0.002658784 0.167371348 0.984932721
5879.099878 0.496340185 0.093324080 0.277320385 -0.041114811 -0.000361968 0.166350767 0.985209048
5879.136741 0.495191753 0.100859806 0.280904233 -0.033643562 -0.002267572 0.164799020 0.985750616
5879.173604 0.493172258 0.107072659 0.283909202 -0.026831914 -0.002841014 0.163203254 0.986223459
5879.210468 0.491626948 0.114210270 0.285795391 -0.024055615 -0.004088018 0.162740931 0.986367106
5879.247331 0.489989877 0.122202806 0.287809134 -0.023991995 -0.005674050 0.162812561 0.986348927
5879.284194 0.490204871 0.128278226 0.288731962 -0.024115352 -0.008471351 0.164469421 0.986050963
5879.321058 0.488546878 0.134881616 0.289782852 -0.019218687 -0.010412093 0.164682135 0.986104488
5879.357921 0.488481134 0.140943781 0.290446460 -0.016335206 -0.013150180 0.164560005 0.986144125
5879.394784 0.489584565 0.147014737 0.291267961 -0.018537121 -0.015432858 0.165952995 0.985838652
5879.431648 0.491677821 0.154486194 0.291134149 -0.019354051 -0.015774200 0.170276567 0.985079944
5879.468511 0.493170053 0.161267802 0.290763021 -0.014432474 -0.013695426 0.174297810 0.984491944
5879.505374 0.495973647 0.166716293 0.290079117 -0.013245917 -0.012165879 0.177029595 0.984041154
5879.542238 0.498858660 0.173304752 0.288508981 -0.013573828 -0.011242918 0.179296643 0.983637154
5879.579101 0.502052307 0.178625464 0.287062377 -0.012387779 -0.010934722 0.181694046 0.983216286
5879.615964 0.505340397 0.184589788 0.286194593 -0.008854547 -0.011280049 0.184333578 0.982759118
5879.652828 0.508611500 0.189694732 0.284960449 -0.007936887 -0.012229621 0.186238796 0.982396305
5879.689691 0.511733532 0.196673006 0.284462571 -0.007137176 -0.013701437 0.188640982 0.981924593
5879.726554 0.515008271 0.202666074 0.283385545 -0.008315701 -0.015919533 0.192190975 0.981193185
5879.763417 0.520509899 0.207955867 0.283166617 -0.009380185 -0.020773964 0.195720911 0.980394721
5879.800281 0.524062812 0.213407993 0.282525599 -0.008188046 -0.025043471 0.198119476 0.979823709
5879.837144 0.528083682 0.219306618 0.281861126 -0.008642561 -0.030132554 0.202219635 0.978838384
5879.874008 0.532512248 0.224735379 0.281130284 -0.011666646 -0.035050835 0.208126962 0.977403939
5879.910871 0.537628591 0.230407819 0.281376839 -0.011892688 -0.040218621 0.214779630 0.975761592
5879.947734 0.543103218 0.235282823 0.281940222 -0.011559142 -0.043786757 0.220521882 0.974330127
5879.984597 0.547572911 0.240553111 0.281391144 -0.014991687 -0.044524241 0.224228993 0.973403454
5880.021461 0.551763296 0.246214405 0.280397594 -0.018773274 -0.043908354 0.226392582 0.972864866
5880.058324 0.555508375 0.251558542 0.279440463 -0.021110035 -0.041456088 0.228207693 0.972500384
5880.095188 0.560203612 0.256655037 0.278005302 -0.023138527 -0.039029442 0.231007487 0.971893430
5880.132051 0.564554870 0.261031270 0.276658267 -0.026175691 -0.036489084 0.234518230 0.971073925
5880.168914 0.568803787 0.265329748 0.275627851 -0.027897855 -0.035135288 0.236391932 0.970621467
5880.205777 0.575160205 0.267870098 0.275486499 -0.028461609 -0.036039803 0.237353712 0.970337212
5880.242641 0.581702232 0.268957764 0.275802672 -0.028543565 -0.036288701 0.238547534 0.970032692
5880.279504 0.588147819 0.270314962 0.276926905 -0.032506991 -0.036633000 0.241704583 0.969113111
5880.316368 0.594800293 0.270222247 0.277924329 -0.040377177 -0.036163356 0.246014848 0.967749238
