1305031453.359684 0.000000000 0.000000000 0.000000000 0.000000000 0.000000000 0.000000000 1.000000000
1305031453.391690 0.002981482 0.003721758 -0.010652832 -0.001116607 0.005928454 0.011767131 0.999912560
1305031453.423683 0.007361352 0.006184396 -0.019078895 0.000080297 0.009954139 0.021211110 0.999725461
1305031453.459685 0.012377357 0.010016187 -0.029350370 0.003810787 0.015858263 0.029564528 0.999429822
1305031453.491698 0.018805388 0.013730278 -0.040649295 0.007603943 0.020879868 0.040214159 0.998943985
1305031453.523684 0.016220268 0.021729752 -0.054152299 0.015669543 0.027046373 0.048592422 0.998329461
1305031453.559753 0.018425759 0.025609257 -0.069388516 0.021847557 0.029317977 0.055591699 0.997783899
1305031453.591640 0.016584164 0.034152173 -0.084491834 0.030115042 0.032694686 0.059983689 0.997209132
1305031453.627706 0.008148575 0.042589240 -0.100614443 0.037494361 0.035674330 0.064055286 0.996603429
1305031453.659600 -0.004842041 0.046619888 -0.115767561 0.044282794 0.034986451 0.061785873 0.996492565
1305031453.691678 -0.011264697 0.056986898 -0.129664809 0.051816314 0.030372333 0.057181463 0.996555507
1305031453.727652 -0.020023894 0.061464295 -0.144430757 0.054500263 0.026080281 0.052987926 0.996765673
1305031453.759694 -0.039226174 0.070574097 -0.158611342 0.060093030 0.021175174 0.045034733 0.996951520
1305031453.791716 -0.041221507 0.082544103 -0.172687069 0.065676972 0.010163317 0.035551019 0.997155607
1305031453.827773 -0.052110825 0.088159308 -0.187262073 0.067506328 0.003661337 0.028831339 0.997295439
1305031453.859705 -0.074286863 0.096854016 -0.198752925 0.069960311 -0.004620632 0.021363705 0.997310281
1305031453.891710 -0.099022835 0.105279922 -0.208171308 0.069663070 -0.016150698 0.011734237 0.997370780
1305031453.927723 -0.110145323 0.109623149 -0.216621935 0.066890098 -0.033815615 0.007428197 0.997159481
1305031453.959641 -0.118271887 0.115095273 -0.221345425 0.064568385 -0.051986124 -0.000523753 0.996558130
1305031453.991624 -0.122962661 0.114173539 -0.227903277 0.061418686 -0.065602005 -0.010811974 0.995895207
1305031454.027662 -0.141643658 0.115880534 -0.237213135 0.063181192 -0.075079903 -0.020282596 0.994967222
1305031454.059654 -0.153306216 0.122792453 -0.242454886 0.065181464 -0.086310610 -0.031421501 0.993637025
1305031454.091651 -0.160752237 0.121900603 -0.252043962 0.063804902 -0.098934226 -0.046708375 0.991947234
1305031454.127701 -0.178693831 0.122956373 -0.255371362 0.067090616 -0.110759698 -0.062911876 0.989582360
1305031454.159672 -0.188735008 0.130274937 -0.261588603 0.068245575 -0.125184804 -0.074684605 0.986961722
1305031454.191658 -0.208789080 0.137122363 -0.256808251 0.067902505 -0.139382541 -0.089990713 0.983800471
1305031454.227671 -0.221067995 0.126327574 -0.265072376 0.065549500 -0.155396983 -0.108403571 0.979695737
1305031454.259627 -0.223848522 0.133822009 -0.261676908 0.072831586 -0.170318991 -0.124482535 0.974777460
1305031454.291639 -0.238547385 0.139091000 -0.262687951 0.070784420 -0.175149977 -0.136469290 0.972465038
1305031454.327699 -0.248997778 0.132066563 -0.268846035 0.069465697 -0.185365200 -0.151819170 0.968382776
1305031454.359636 -0.250609159 0.138461038 -0.269983828 0.076871850 -0.198436752 -0.164797351 0.963096797
1305031454.391677 -0.262112021 0.148186043 -0.274183929 0.080107667 -0.203850791 -0.177496985 0.959438622
1305031454.427465 -0.276805043 0.148140535 -0.277525514 0.079730913 -0.213761896 -0.194361821 0.954029500
1305031454.459913 -0.280361295 0.156186849 -0.271003515 0.083869234 -0.224405155 -0.210125729 0.947868884
1305031454.491617 -0.285095274 0.161733136 -0.273184747 0.085724473 -0.228890434 -0.225980580 0.942970455
1305031454.527700 -0.289728999 0.171968102 -0.267616779 0.087221257 -0.234703302 -0.242017582 0.937408268
1305031454.559575 -0.294398010 0.181120649 -0.274975240 0.084658071 -0.240569577 -0.254069597 0.932956517
1305031454.591635 -0.304652095 0.191723898 -0.277687341 0.083425134 -0.248574570 -0.271728754 0.925966740
1305031454.627580 -0.299540728 0.192083210 -0.273581952 0.080299325 -0.263436228 -0.284507453 0.918264031
1305031454.659528 -0.299466014 0.207458347 -0.273149908 0.077695474 -0.275583982 -0.291582316 0.912686467
1305031454.691884 -0.301503927 0.212685496 -0.282755852 0.069806352 -0.289158970 -0.298052460 0.907016456
1305031454.727659 -0.293003082 0.210096449 -0.276888013 0.062817365 -0.306163073 -0.301428139 0.900810361
1305031454.759732 -0.287480235 0.211343557 -0.275105327 0.056280181 -0.311624795 -0.299905181 0.899877429
1305031454.791641 -0.280225843 0.225876600 -0.276130229 0.054072052 -0.315585941 -0.289064318 0.902177095
1305031454.827570 -0.272402406 0.233176261 -0.272959650 0.049495019 -0.318077475 -0.282281011 0.903711438
1305031454.859620 -0.269418627 0.239375129 -0.271187425 0.043457538 -0.315243870 -0.275323778 0.907154679
1305031454.891764 -0.266289502 0.248717338 -0.272293329 0.040405866 -0.309720725 -0.268535137 0.911224067
1305031454.927567 -0.260385662 0.259064466 -0.275985360 0.038080815 -0.304409981 -0.261394203 0.915181696
1305031454.959648 -0.263087630 0.273621261 -0.279432654 0.037065044 -0.297500402 -0.256210119 0.918953776
1305031454.991937 -0.268574059 0.280997008 -0.284548193 0.032065760 -0.292850792 -0.248990759 0.922612488
1305031455.027799 -0.269163072 0.295000285 -0.287966937 0.033563267 -0.291790098 -0.245857641 0.923734844
1305031455.059636 -0.272838980 0.301169395 -0.291537195 0.031613927 -0.288491845 -0.244105458 0.925302982
1305031455.091700 -0.278356433 0.310174525 -0.298694938 0.034831204 -0.283903211 -0.243873000 0.926666975
1305031455.127695 -0.284430802 0.321590692 -0.303606570 0.036317684 -0.278542340 -0.242250532 0.928660214
1305031455.159720 -0.295502901 0.331827790 -0.309662580 0.035031587 -0.272403955 -0.239150688 0.931330144
1305031455.191655 -0.306702673 0.342823625 -0.312920451 0.032332502 -0.267706901 -0.233403757 0.934243202
1305031455.227581 -0.315601528 0.348714679 -0.317571759 0.031486601 -0.264256299 -0.228210241 0.936534703
1305031455.259631 -0.320440233 0.362944067 -0.322135657 0.030116579 -0.260084122 -0.219373167 0.939853549
1305031455.291831 -0.333404630 0.366092831 -0.327283978 0.020480325 -0.253382087 -0.210408360 0.943984330
1305031455.327766 -0.347161710 0.378565282 -0.335386693 0.015265542 -0.249108762 -0.199062914 0.947673857
1305031455.359630 -0.351656914 0.390866578 -0.338272214 0.008981000 -0.247752860 -0.192510873 0.949461639
1305031455.391665 -0.364785314 0.389299721 -0.340086132 -0.003657972 -0.240059316 -0.184948146 0.952970266
1305031455.427642 -0.381340116 0.395022333 -0.348913372 -0.009860810 -0.230501711 -0.175812483 0.957006633
1305031455.459589 -0.396599352 0.394490987 -0.356719911 -0.016083002 -0.225483805 -0.167559803 0.959594786
1305031455.491637 -0.409502000 0.402480453 -0.363812506 -0.018740309 -0.221465975 -0.157191992 0.962233007
1305031455.527610 -0.428142279 0.400901139 -0.372279882 -0.025508583 -0.216408163 -0.144803733 0.965167701
1305031455.559669 -0.446210444 0.403114587 -0.383907199 -0.028009096 -0.214967266 -0.131348833 0.967342794
1305031455.591645 -0.463075548 0.408292949 -0.395624995 -0.030232722 -0.213841587 -0.117189735 0.969342232
1305031455.627617 -0.482839912 0.407627106 -0.406024098 -0.033785049 -0.208950877 -0.104810312 0.971706152
1305031455.659615 -0.500482023 0.403287888 -0.417584419 -0.032259572 -0.205733135 -0.099502608 0.973001778
1305031455.691605 -0.517690957 0.404446483 -0.431358993 -0.028587567 -0.202261388 -0.099687070 0.973825216
1305031455.727628 -0.536362171 0.402045667 -0.446592391 -0.027109414 -0.196941495 -0.105971918 0.974294186
1305031455.759683 -0.551474869 0.403395653 -0.457898796 -0.024319788 -0.190523297 -0.109493107 0.975254178
1305031455.791666 -0.571349084 0.390530527 -0.472304225 -0.025953773 -0.183273971 -0.108888820 0.976668000
1305031455.827590 -0.587708533 0.393647224 -0.482741892 -0.020881781 -0.178647116 -0.107689075 0.977779210
1305031455.859526 -0.601196289 0.388544679 -0.494282603 -0.021059493 -0.175970048 -0.109903164 0.978014469
1305031455.891657 -0.613813460 0.384980828 -0.505127311 -0.021140652 -0.172644243 -0.110320210 0.978558362
1305031455.927955 -0.628322601 0.379228592 -0.519013584 -0.022887269 -0.167641655 -0.111566737 0.979247332
1305031455.959716 -0.640265703 0.379775256 -0.531316459 -0.021233866 -0.163058668 -0.114007302 0.979777157
1305031455.991694 -0.649993181 0.377762884 -0.539717793 -0.022927977 -0.158224180 -0.116467088 0.980242193
1305031456.027770 -0.660360456 0.381803811 -0.547738552 -0.026009846 -0.151599810 -0.119222507 0.980880737
1305031456.059713 -0.675926745 0.379727304 -0.551137269 -0.033669978 -0.143826753 -0.128106445 0.980698228
1305031456.091707 -0.689182341 0.369405925 -0.555127501 -0.040669173 -0.138865456 -0.133470997 0.980432510
1305031456.127645 -0.703035176 0.362025023 -0.560371876 -0.042973477 -0.133246213 -0.135150313 0.980883837
1305031456.159731 -0.713477135 0.355075985 -0.563889265 -0.044365868 -0.127717748 -0.135114104 0.981562018
1305031456.191658 -0.721960187 0.341411740 -0.565602422 -0.041634679 -0.120608978 -0.133384168 0.982816696
1305031456.227678 -0.731986761 0.347917050 -0.568997502 -0.036096770 -0.109580398 -0.129516199 0.984842479
1305031456.291675 -0.761121929 0.325255692 -0.571657538 -0.039127238 -0.084356010 -0.123074263 0.988031268
1305031456.327718 -0.774771392 0.317138433 -0.567107141 -0.035699118 -0.072875015 -0.118204661 0.989667833
1305031456.391619 -0.799215198 0.313945800 -0.560476899 -0.030082041 -0.046702500 -0.108580679 0.992534220
1305031456.427662 -0.818401098 0.320704788 -0.555657327 -0.020549392 -0.033518169 -0.101678655 0.994040072
1305031456.491677 -0.859212160 0.342921704 -0.542165995 -0.020370094 -0.021296935 -0.090278253 0.995480478
1305031456.527641 -0.872766852 0.343338937 -0.532402098 -0.026211824 -0.021759419 -0.084592484 0.995833099
1305031456.591651 -0.889069974 0.341773331 -0.517777085 -0.029941643 -0.018523902 -0.071898930 0.996790290
1305031456.627612 -0.893279254 0.357969433 -0.506463170 -0.038179774 -0.014783212 -0.063418552 0.997146845
1305031456.691612 -0.937920451 0.344512403 -0.480685949 -0.050423432 0.003010280 -0.048885819 0.997526228
1305031456.727693 -0.960144997 0.356569320 -0.465937018 -0.053802483 0.009439860 -0.039538123 0.997723877
1305031456.791649 -0.994807959 0.349232018 -0.450079471 -0.057586592 0.002884131 -0.024615530 0.998032868
1305031456.827603 -0.999712646 0.370169848 -0.441072881 -0.053776201 -0.001961750 -0.017342381 0.998400450
1305031456.891672 -1.006515741 0.355996788 -0.418331921 -0.069044806 -0.003452926 -0.005739063 0.997591078
1305031456.927690 -1.025440335 0.366650075 -0.406248987 -0.060437467 0.006450293 0.000816728 0.998150766
1305031456.959667 -1.024853826 0.375685573 -0.410389364 -0.062550038 0.006733481 0.007103454 0.997993827
1305031456.991709 -1.042696476 0.375595242 -0.391893029 -0.069785535 0.014644209 0.009352355 0.997410655
1305031457.027648 -1.055551410 0.375759393 -0.386877626 -0.071430661 0.019704904 0.012675746 0.997170329
1305031457.091655 -1.077349544 0.381965131 -0.381330937 -0.082899503 0.030421279 0.023137741 0.995824695
1305031457.127632 -1.090548396 0.371592700 -0.378168911 -0.089819722 0.037649643 0.028960045 0.994824708
1305031457.191735 -1.121526718 0.376094252 -0.387200445 -0.084936507 0.055761371 0.041507158 0.993958533
1305031457.227543 -1.134638190 0.370937318 -0.389512360 -0.089974359 0.062728897 0.047174137 0.992846549
1305031457.291656 -1.158252954 0.356830060 -0.400149286 -0.083429299 0.077058904 0.059834581 0.991726398
1305031457.327548 -1.176239967 0.366313368 -0.408879787 -0.075453162 0.090012372 0.063258901 0.991061509
1305031457.391684 -1.209899426 0.350196600 -0.422775060 -0.072667167 0.114711680 0.076589622 0.987772584
1305031457.427641 -1.232015848 0.349185348 -0.434647202 -0.069265805 0.123941228 0.082973942 0.986385345
1305031457.491705 -1.263003469 0.335166514 -0.447375476 -0.068349220 0.130366758 0.091490746 0.984866679
1305031457.527638 -1.279067874 0.325864077 -0.457364917 -0.065765604 0.134788021 0.093728945 0.984236717
1305031457.559685 -1.295759201 0.319673628 -0.467108488 -0.062304616 0.140796810 0.097755380 0.983228505
1305031457.591678 -1.314382553 0.322815776 -0.469611079 -0.056147031 0.147541314 0.100471228 0.982336283
1305031457.627526 -1.329593897 0.311510116 -0.472232282 -0.057330210 0.150660306 0.103281230 0.981502771
1305031457.659632 -1.352719069 0.311741292 -0.486689657 -0.053265329 0.154557183 0.106930643 0.980734766
1305031457.691570 -1.367791891 0.304245383 -0.489642233 -0.058987308 0.155695364 0.109890401 0.979899764
1305031457.727669 -1.380721211 0.284379929 -0.491818666 -0.064001165 0.157689497 0.108801030 0.979387701
1305031457.759556 -1.392644167 0.271427989 -0.497425497 -0.062957972 0.159250006 0.107739910 0.979320109
1305031457.791567 -1.405821085 0.249422386 -0.493943036 -0.059628408 0.166252494 0.104942888 0.978668213
1305031457.827699 -1.410332680 0.260574788 -0.503868520 -0.043715417 0.170319855 0.106512889 0.978639424
1305031457.859623 -1.423420668 0.248722076 -0.507473230 -0.043034423 0.178382069 0.106516421 0.977231860
1305031457.891593 -1.437850833 0.225606740 -0.507491231 -0.038773403 0.186561331 0.107406162 0.975784540
1305031457.927633 -1.461995125 0.226326331 -0.508228540 -0.023699118 0.193900466 0.108316623 0.974735081
1305031457.991644 -1.490155578 0.207626969 -0.503908157 -0.013938584 0.197809041 0.112529337 0.973660350
1305031458.027845 -1.499359369 0.192229480 -0.498534203 -0.007162400 0.201868862 0.114106685 0.972716451
1305031458.059689 -1.514206886 0.199119508 -0.496385098 0.003631982 0.206959233 0.115953885 0.971447051
1305031458.091690 -1.532407999 0.199072823 -0.488775581 0.004813181 0.212930858 0.117640741 0.969947398
1305031458.127605 -1.550081134 0.185586244 -0.477162868 0.000874994 0.219006389 0.117270268 0.968650162
1305031458.159638 -1.567804575 0.175680146 -0.463119447 0.002118272 0.223607913 0.119789697 0.967287719
1305031458.191646 -1.588457108 0.181017458 -0.445273399 0.005133967 0.225888819 0.123382233 0.966294289
1305031458.227611 -1.605067611 0.176209688 -0.428066611 -0.001933156 0.225307733 0.124996811 0.966234207
1305031458.259934 -1.617493391 0.144756764 -0.412065864 -0.010393593 0.224656627 0.122318797 0.966674447
1305031458.291664 -1.635127068 0.139771238 -0.398440242 -0.001182760 0.221464336 0.122278512 0.967471004
1305031458.327628 -1.653115153 0.135909542 -0.373875320 0.000886824 0.219855934 0.123711877 0.967655897
1305031458.359590 -1.656399846 0.117928937 -0.353344619 0.005321150 0.215393364 0.123167194 0.968714237
1305031458.391626 -1.667815685 0.120048702 -0.339226842 0.019563472 0.214332134 0.127612606 0.968191087
1305031458.427598 -1.669354081 0.120345563 -0.325772166 0.028655481 0.213071153 0.135601848 0.967156470
1305031458.459637 -1.663355708 0.120662466 -0.311858237 0.041845605 0.215879321 0.141724110 0.965173185
1305031458.491696 -1.663803935 0.114079654 -0.293976963 0.061026014 0.226189449 0.140018478 0.962033808
1305031458.527737 -1.678871751 0.133057669 -0.278523922 0.084228598 0.238095328 0.136556149 0.957897961
1305031458.559628 -1.683711529 0.133773506 -0.258225799 0.089671552 0.247660026 0.132178545 0.955590069
1305031458.591641 -1.695162058 0.134245232 -0.231763661 0.099676237 0.257083565 0.125890836 0.952955484
1305031458.627659 -1.710651875 0.160063833 -0.210020602 0.106982090 0.260307312 0.118191563 0.952273965
1305031458.659623 -1.712132215 0.168012440 -0.176866710 0.103141561 0.256301761 0.120640062 0.953476369
1305031458.691674 -1.711742163 0.169105425 -0.156058967 0.096597917 0.239962637 0.115252003 0.959064007
1305031458.727650 -1.701891303 0.156592846 -0.144544005 0.090487547 0.223674759 0.107442468 0.964488328
1305031458.759945 -1.705144644 0.160834461 -0.124947488 0.095964439 0.210349888 0.096994504 0.968057752
1305031458.791632 -1.699943542 0.185868219 -0.105515242 0.100540064 0.194402322 0.084297985 0.972107649
1305031458.827564 -1.692448854 0.188145563 -0.088247597 0.095395118 0.185719699 0.082050949 0.974512994
1305031458.891665 -1.679758787 0.181624502 -0.072633743 0.101375237 0.179230303 0.074472323 0.975732267
1305031458.927621 -1.688494325 0.184933037 -0.069213986 0.100142911 0.185806304 0.077803090 0.974368572
1305031458.959617 -1.693754077 0.176614881 -0.057554662 0.092843890 0.192771614 0.091776215 0.972520590
1305031458.991647 -1.706116796 0.146441638 -0.041889548 0.088652469 0.199929625 0.096274659 0.971030414
1305031459.027665 -1.731453300 0.138247773 -0.029326558 0.098315187 0.202944726 0.095215395 0.969578028
1305031459.059631 -1.752502680 0.127125621 -0.013981223 0.106426254 0.198619738 0.103221416 0.968797684
1305031459.127618 -1.818032980 0.088467166 -0.106798828 0.114777990 0.167555451 0.122536831 0.971460700
1305031459.159639 -1.823390007 0.087282240 -0.101279378 0.124529362 0.140909985 0.123377956 0.974379122
1305031459.191674 -1.830566525 0.084606454 -0.100996792 0.129921749 0.121948019 0.131981492 0.975105047
1305031459.227607 -1.864969134 0.076772958 -0.145591497 0.127286628 0.109894440 0.138680100 0.975955486
1305031459.259760 -1.854724050 0.080425650 -0.101881266 0.130749136 0.106829137 0.153449267 0.973624945
1305031459.327632 -1.856708169 0.082557067 -0.094751358 0.126030087 0.127957582 0.180147916 0.967103899
1305031459.359651 -1.867347598 0.090504602 -0.082042277 0.132061735 0.152120396 0.198231936 0.959230483
1305031459.391667 -1.870550990 0.107658595 -0.073524594 0.132454917 0.173837483 0.226922497 0.949074507
1305031459.427646 -1.860715866 0.116407618 -0.047407985 0.123500928 0.202521756 0.260596335 0.935853660
1305031459.459679 -1.871183634 0.120026328 -0.052928805 0.122596361 0.235515520 0.301090896 0.915885806
1305031459.527594 -1.920682192 0.148716480 -0.027326465 0.117797025 0.282105833 0.357437044 0.882484496
1305031459.559647 -2.019941330 0.124655947 -0.005839288 0.103882991 0.341529131 0.401998162 0.843186617
1305031459.591695 -1.960379124 0.138484582 0.004431188 0.113497689 0.312094152 0.396103889 0.856047451
1305031459.627608 -1.960799694 0.132715613 0.012188554 0.109236903 0.311592579 0.406824857 0.851745784
1305031459.659641 -1.974445939 0.139781445 0.020755529 0.112293191 0.318104655 0.405675888 0.849486172
1305031459.691604 -1.994530201 0.135545209 0.030962288 0.108186848 0.331229717 0.410526574 0.842644870
1305031459.727551 -2.004595995 0.116718441 0.036912620 0.099360883 0.340074807 0.413778424 0.838608325
1305031459.791650 -2.032871246 0.086589932 0.053924322 0.098485909 0.351861537 0.408002734 0.836676598
1305031459.827664 -2.048918724 0.075141981 0.064657152 0.098059587 0.354571372 0.405544519 0.836777806
1305031459.859660 -2.062933445 0.062389642 0.074491262 0.093626417 0.354170203 0.403699458 0.838346183
1305031459.891596 -2.070801735 0.046447113 0.081488192 0.088248022 0.349712908 0.407016903 0.839196324
1305031459.927607 -2.078608990 0.026981056 0.086979985 0.086309806 0.347272336 0.412048131 0.837955177
1305031459.991725 -2.095097065 0.000740647 0.103775561 0.082220532 0.345384240 0.419421226 0.835485101
1305031460.027565 -2.095603943 -0.018940821 0.107391536 0.079455458 0.343390077 0.424912959 0.833797991
1305031460.059659 -2.099365234 -0.031234220 0.115838706 0.080499977 0.344413161 0.427380323 0.832012892
1305031460.091717 -2.107681990 -0.048942104 0.123793304 0.082502872 0.341524273 0.433049560 0.830073774
1305031460.127690 -2.111620665 -0.066895217 0.130958557 0.088023730 0.332985461 0.441594988 0.828472316
1305031460.159678 -2.117477655 -0.076758504 0.138282180 0.096526042 0.325685978 0.448521435 0.826704204
1305031460.191559 -2.113732815 -0.085985780 0.145072877 0.097036675 0.317061156 0.457115948 0.825288475
1305031460.227761 -2.104612827 -0.095699146 0.149386764 0.096065126 0.315916896 0.459989876 0.824243486
1305031460.291689 -2.101418495 -0.113402590 0.161200047 0.097924776 0.331184149 0.459012717 0.818556726
1305031460.327512 -2.100540638 -0.121699736 0.168700039 0.099098697 0.339775175 0.459148288 0.814809859
1305031460.391611 -2.099174738 -0.148269430 0.178409696 0.090156280 0.359421670 0.464288771 0.804440081
1305031460.427477 -2.096395016 -0.157891303 0.184189618 0.088852897 0.368933409 0.468355179 0.797895133
1305031460.459620 -2.090791702 -0.166073233 0.186803758 0.085675791 0.379180312 0.473324984 0.790471613
1305031460.491504 -2.101126194 -0.176807314 0.198379278 0.080501392 0.397270530 0.479032367 0.778603673
1305031460.527570 -2.096021175 -0.192796558 0.198100448 0.071599007 0.404674292 0.490932286 0.768178225
1305031460.559647 -2.091407061 -0.197796017 0.208899379 0.066688046 0.413907677 0.491923451 0.763049424
1305031460.591855 -2.089197874 -0.205384582 0.213797510 0.063864611 0.420727670 0.494998783 0.757552445
1305031460.627625 -2.085538387 -0.215639085 0.217575133 0.060622219 0.427661926 0.497929245 0.751995146
1305031460.659764 -2.086819649 -0.222550094 0.227682829 0.060152780 0.435471833 0.495509982 0.749143362
1305031460.691671 -2.090949059 -0.236963034 0.242461026 0.056283567 0.443350792 0.496203691 0.744348168
1305031460.727675 -2.087846279 -0.246862233 0.247975588 0.050414424 0.444590449 0.497267842 0.743318558
1305031460.759667 -2.083889961 -0.259541631 0.254851341 0.045503277 0.449817449 0.496270418 0.741154075
1305031460.791660 -2.085077524 -0.273189723 0.266503870 0.041230109 0.455407947 0.495084584 0.738779426
1305031460.827660 -2.083252907 -0.284697443 0.277939558 0.034741562 0.458752722 0.493124902 0.738354146
1305031460.859714 -2.078625679 -0.292917758 0.285977364 0.027694527 0.461784422 0.491654187 0.737742722
1305031460.891774 -2.073432922 -0.307865202 0.295963883 0.018829603 0.466335863 0.490152866 0.736156583
1305031460.927562 -2.069308043 -0.321696609 0.306613922 0.011652359 0.468866259 0.490713835 0.734321892
1305031460.991668 -2.048951626 -0.346850812 0.317526400 0.005857689 0.471857280 0.494242519 0.730096400
1305031461.027620 -2.043335438 -0.356304258 0.325084448 0.006891193 0.474034458 0.494229585 0.728684425
1305031461.091728 -2.033834696 -0.370934427 0.341222942 0.009087635 0.473833740 0.494064122 0.728903115
1305031461.127586 -2.023489952 -0.384738564 0.348292112 0.003691489 0.475608438 0.492714733 0.728707850
1305031461.159720 -2.013522387 -0.398133487 0.354213595 0.003177228 0.477510005 0.491541535 0.728258908
1305031461.192013 -2.012011528 -0.403192669 0.359367728 0.006443879 0.478225380 0.486272097 0.731299102
1305031461.227607 -2.005655289 -0.408980161 0.363320708 0.005876672 0.479104519 0.484852731 0.731670797
1305031461.259642 -1.999072313 -0.417360425 0.370745778 0.005953649 0.480930924 0.481029242 0.732994437
1305031461.291656 -1.992434263 -0.418542981 0.373828650 0.007128575 0.480847806 0.475390792 0.736707628
1305031461.327751 -1.985817909 -0.417540848 0.378140032 0.007665110 0.483296543 0.470635086 0.738151908
1305031461.359709 -1.984791636 -0.408190429 0.387691736 0.005637595 0.487458199 0.466067433 0.738331795
1305031461.391708 -1.969219446 -0.419161379 0.394616842 -0.005020569 0.486687481 0.469050974 0.736954093
1305031461.427624 -1.961020231 -0.421468079 0.397067547 -0.006295777 0.487318248 0.467475563 0.737528265
1305031461.459781 -1.959601641 -0.418384492 0.400562763 -0.008365324 0.487090468 0.468787014 0.736825407
1305031461.491677 -1.941881537 -0.428140938 0.395849466 -0.014781634 0.484437197 0.472416461 0.736155391
1305031461.527705 -1.940846682 -0.425421774 0.397380173 -0.009407334 0.487267017 0.468652993 0.736781359
1305031461.559677 -1.935904622 -0.417293787 0.387280107 -0.010099899 0.486349523 0.466427624 0.738787770
1305031461.591690 -1.932614803 -0.414669663 0.382273316 -0.011413146 0.492456526 0.462285489 0.737325191
1305031461.627541 -1.932343721 -0.408881783 0.383970678 -0.013306245 0.498724401 0.461040497 0.733851850
1305031461.659622 -1.929739594 -0.404846013 0.379076600 -0.016047116 0.501968801 0.460673869 0.731812418
1305031461.691563 -1.931463480 -0.398751616 0.378571749 -0.016064208 0.504788756 0.464934796 0.727162898
1305031461.727602 -1.926253319 -0.393020779 0.373535573 -0.018259848 0.504137814 0.470820814 0.723767519
1305031461.759684 -1.929538250 -0.383673757 0.367900968 -0.017150095 0.505616426 0.472390682 0.721737444
1305031461.791612 -1.932000875 -0.374998361 0.359286547 -0.019892078 0.506314218 0.476673335 0.718354225
1305031461.827615 -1.931567192 -0.362298727 0.353069961 -0.019767217 0.509211481 0.480229586 0.713927507
1305031461.859767 -1.940710068 -0.343079478 0.351705134 -0.015196380 0.512600601 0.484385937 0.708787620
1305031461.891723 -1.944996476 -0.325047731 0.356696367 -0.014089545 0.513924062 0.495629489 0.700024962
1305031461.927758 -1.946302414 -0.312467515 0.342369556 -0.018336333 0.508146346 0.505763769 0.696888864
1305031461.959703 -1.945371151 -0.293964028 0.324228466 -0.020002397 0.505306304 0.510390341 0.695533752
1305031461.991590 -1.966976762 -0.269271731 0.331813574 -0.019320767 0.514946818 0.513002396 0.686502099
1305031462.027675 -1.971294641 -0.265621692 0.342199385 -0.026262803 0.516616225 0.522782862 0.677580953
1305031462.059837 -1.973238230 -0.262205511 0.345214665 -0.029239181 0.512218535 0.534931421 0.671286583
1305031462.091777 -1.976787567 -0.249334097 0.337628663 -0.027102318 0.502978265 0.546883404 0.668727815
1305031462.127739 -1.984143376 -0.237154871 0.339452565 -0.025638985 0.500439763 0.554615140 0.664307773
1305031462.159646 -1.988849163 -0.233561993 0.341937125 -0.028321002 0.498879224 0.561119735 0.659895539
1305031462.191641 -1.996948957 -0.219073951 0.341057003 -0.028153814 0.497272402 0.560406208 0.661719322
1305031462.227633 -2.005257607 -0.212027848 0.343171775 -0.032499164 0.497508228 0.562156141 0.659856021
1305031462.259765 -2.009572506 -0.209844649 0.337966025 -0.044635385 0.495629340 0.561167657 0.661400020
1305031462.291629 -2.015982628 -0.205575824 0.341606855 -0.051512569 0.493415654 0.559386253 0.664059043
1305031462.327540 -2.021060467 -0.197379053 0.341384888 -0.061091274 0.489134640 0.556023359 0.669218302
1305031462.359732 -2.030828953 -0.191155791 0.345964551 -0.068014763 0.488488823 0.551811695 0.672500193
1305031462.391695 -2.040168047 -0.185121536 0.353153765 -0.074800752 0.483409703 0.548320830 0.678280294
1305031462.427635 -2.046728373 -0.181668580 0.356614590 -0.084657110 0.477025092 0.546776891 0.682872772
1305031462.459897 -2.057561159 -0.171599209 0.363551855 -0.093059100 0.470643640 0.541424334 0.690430462
1305031462.492008 -2.066895962 -0.169366539 0.361695230 -0.102239639 0.461097777 0.540771127 0.696062088
1305031462.527670 -2.072495461 -0.169851601 0.364261508 -0.109757230 0.454211354 0.540222168 0.699860990
1305031462.559862 -2.081919909 -0.165941864 0.358137429 -0.113647148 0.443801373 0.535921872 0.709163189
1305031462.591862 -2.090759516 -0.150137961 0.347602844 -0.113610253 0.436780274 0.528195560 0.719253182
1305031462.627851 -2.099888563 -0.145145953 0.342986524 -0.116549209 0.433537215 0.519533753 0.727011979
1305031462.659660 -2.107033253 -0.138819396 0.336306810 -0.117865980 0.430956990 0.510318339 0.734818935
1305031462.692548 -2.119539976 -0.135719687 0.334940374 -0.117405482 0.431674361 0.499599159 0.741804481
1305031462.727652 -2.129311562 -0.126096845 0.329356909 -0.116232254 0.425437808 0.490014702 0.751916409
1305031462.759782 -2.140616417 -0.116919100 0.320189774 -0.116605595 0.417907447 0.479169697 0.762989521
1305031462.791943 -2.148724079 -0.111676544 0.308934927 -0.118296012 0.411125213 0.473526180 0.769905865
1305031462.827816 -2.157939911 -0.097363383 0.297437370 -0.116867512 0.403916121 0.468262225 0.777125597
1305031462.859782 -2.164762735 -0.086567998 0.282519162 -0.119910561 0.396499962 0.462600648 0.783843040
1305031462.891847 -2.173354864 -0.072855473 0.268086970 -0.118033744 0.395310104 0.457928896 0.787463725
1305031462.927607 -2.180109978 -0.064486563 0.252512395 -0.118078128 0.393288314 0.455132633 0.790086150
1305031462.959676 -2.176678419 -0.050198376 0.239160955 -0.117781959 0.392865807 0.452128053 0.792063177
1305031462.995550 -2.178745270 -0.044774950 0.225275636 -0.115908273 0.389795989 0.447530091 0.796455324
1305031463.027667 -2.180783272 -0.039253294 0.209824085 -0.110646524 0.386579007 0.441351622 0.802198708
1305031463.059810 -2.189815044 -0.027816474 0.191468894 -0.103140801 0.380020946 0.433222324 0.810718477
1305031463.095809 -2.194578648 -0.011463583 0.176857591 -0.099401779 0.375665069 0.422173798 0.819002032
1305031463.127550 -2.191824913 -0.005244970 0.160578668 -0.097232252 0.372299939 0.414253771 0.824822664
1305031463.159787 -2.197161198 0.002444953 0.143225193 -0.093355410 0.370503783 0.404322416 0.830984414
1305031463.195657 -2.203358650 0.007611632 0.128875673 -0.094949670 0.369842708 0.397783577 0.834247649
1305031463.227784 -2.191522598 0.014721125 0.117097020 -0.094486654 0.360798389 0.397763163 0.838260829
1305031463.260034 -2.188643456 0.023432225 0.101667404 -0.088776939 0.360049397 0.392877907 0.841504633
1305031463.295737 -2.193375826 0.037168771 0.088425398 -0.084147058 0.360570848 0.385118961 0.845335007
1305031463.327739 -2.186659336 0.042032599 0.073561549 -0.085762464 0.354477465 0.383978277 0.848263621
1305031463.359750 -2.182238102 0.049116164 0.062847674 -0.080358587 0.351536125 0.380306929 0.851663947
1305031463.395630 -2.181082964 0.061849684 0.049784780 -0.074173540 0.347384989 0.375925720 0.855863214
1305031463.427716 -2.172163963 0.075447112 0.034726620 -0.072898880 0.341597050 0.372735083 0.859689355
1305031463.459756 -2.161383152 0.088594317 0.023961782 -0.071103521 0.339672774 0.370711625 0.861475229
1305031463.495629 -2.151602030 0.100452334 0.006806791 -0.071535818 0.337723523 0.370033324 0.862496793
1305031463.527670 -2.140562057 0.103458524 -0.011003613 -0.074162185 0.339925438 0.368857831 0.861913323
1305031463.559751 -2.136188984 0.114731312 -0.020799875 -0.069019489 0.343885154 0.368126959 0.861081779
1305031463.595600 -2.127847195 0.126312643 -0.033617973 -0.067063369 0.340462267 0.367942065 0.862674117
1305031463.627588 -2.110653400 0.125057161 -0.054268658 -0.070365846 0.334984064 0.367607713 0.864695787
1305031463.659766 -2.100247383 0.128718495 -0.072324276 -0.063169785 0.336056799 0.365322769 0.865802944
1305031463.695640 -2.097268343 0.143995792 -0.085314453 -0.054857049 0.337057292 0.359748214 0.868311167
1305031463.727588 -2.079105854 0.143881083 -0.107484221 -0.059283737 0.332145840 0.358305156 0.870506763
1305031463.759674 -2.061412573 0.140594512 -0.129427075 -0.057906900 0.332753867 0.352843195 0.872595787
1305031463.795647 -2.053190708 0.146388143 -0.149865568 -0.052372918 0.335877508 0.343098938 0.875629187
1305031463.827761 -2.038168669 0.148589671 -0.170613766 -0.053449076 0.333664417 0.334369540 0.879777372
1305031463.859910 -2.026507854 0.136692047 -0.192731559 -0.056745026 0.334566653 0.325071424 0.882708132
1305031463.895648 -2.017846346 0.139828295 -0.211102009 -0.052491561 0.335969418 0.315853029 0.885779858
1305031463.927664 -2.012681484 0.136503965 -0.227550268 -0.051963583 0.336272568 0.309051871 0.888092041
1305031463.959680 -2.000975609 0.128797203 -0.244907737 -0.052373160 0.332880139 0.304210395 0.891012847
1305031463.995821 -1.993398190 0.125967890 -0.262292981 -0.048749361 0.330708355 0.296741664 0.894538939
1305031464.027703 -1.987322569 0.125538796 -0.285351694 -0.046723489 0.326550007 0.288294226 0.898926258
1305031464.059652 -1.970701694 0.119348854 -0.303446114 -0.048318893 0.323289841 0.281260550 0.902242482
1305031464.095634 -1.969613075 0.116481006 -0.320734382 -0.043661084 0.327098191 0.270142645 0.904501736
1305031464.127681 -1.970611811 0.101901531 -0.335563004 -0.045004152 0.328105599 0.265349954 0.905489206
1305031464.159817 -1.969705939 0.090003043 -0.344797850 -0.041661754 0.326999843 0.262585551 0.906854033
1305031464.195585 -1.965042114 0.082949221 -0.363816321 -0.030493679 0.319523364 0.258736134 0.911060154
1305031464.227624 -1.967006207 0.084488273 -0.378623009 -0.018330066 0.310590804 0.253349423 0.915975690
1305031464.259644 -1.973020315 0.083281681 -0.390374005 -0.009276041 0.300013602 0.252312422 0.919915318
1305031464.295667 -1.962791443 0.082597211 -0.406195879 -0.007054565 0.280385405 0.245473981 0.927942216
1305031464.327866 -1.949319243 0.083775401 -0.423803329 -0.003908000 0.265012175 0.240129784 0.933858097
1305031464.359684 -1.934097528 0.077679366 -0.436940968 -0.000988706 0.255396575 0.236349672 0.937502265
1305031464.395611 -1.914593935 0.080910072 -0.461777389 0.003592972 0.245543689 0.229564235 0.941804469
1305031464.427634 -1.906678200 0.083388239 -0.478649795 0.004830536 0.244330406 0.219167337 0.944587171
1305031464.459689 -1.897372484 0.075975843 -0.496909797 0.005080473 0.241299599 0.211549312 0.947098494
1305031464.495633 -1.884647012 0.082644634 -0.507492542 0.008466398 0.238895252 0.203453153 0.949454665
1305031464.527574 -1.890032768 0.078224547 -0.533258319 0.008407210 0.241532177 0.194229573 0.950718880
1305031464.559703 -1.875503063 0.076997556 -0.550216794 0.005050724 0.237711951 0.183672547 0.953798652
1305031464.595698 -1.841530681 0.056270741 -0.575971007 0.001707628 0.235228941 0.178412005 0.955423236
1305031464.627672 -1.827840924 0.050107814 -0.606258512 0.008850537 0.244729772 0.166051611 0.955225527
1305031464.659749 -1.817346096 0.051125273 -0.618534386 0.016214903 0.256080002 0.151444107 0.954580963
1305031464.695663 -1.805529356 0.023630444 -0.631154537 0.020933568 0.267610133 0.136493415 0.953580678
1305031464.727652 -1.810698867 0.037567742 -0.635051727 0.042111866 0.277006596 0.116027191 0.952906907
1305031464.759740 -1.804301262 0.043794394 -0.638999760 0.052579492 0.276647538 0.093347974 0.954980493
1305031464.796021 -1.818172693 0.017467529 -0.644119501 0.053625062 0.276984990 0.080056407 0.956030667
1305031464.827759 -1.818705559 0.022829890 -0.644077539 0.064751722 0.265345335 0.061097704 0.960034430
1305031464.859654 -1.805635214 0.035604879 -0.649963439 0.072397530 0.246608227 0.045909446 0.965316176
1305031464.895817 -1.781925440 0.038887396 -0.653577805 0.069229335 0.227575392 0.027070604 0.970919132
1305031464.927799 -1.761962891 0.027572662 -0.655180991 0.063457169 0.213054523 0.003022115 0.974972725
1305031464.959763 -1.736462474 0.009102374 -0.660412192 0.062058162 0.204291016 -0.014069588 0.976839781
1305031464.995687 -1.712495089 0.012604743 -0.658420563 0.066962518 0.200361475 -0.032889549 0.976877451
1305031465.027823 -1.704538345 0.016441226 -0.648002148 0.068786338 0.200415373 -0.055078473 0.975739956
1305031465.059749 -1.703231931 0.033709466 -0.630639851 0.075448871 0.196593180 -0.074975170 0.974698544
1305031465.095700 -1.696566105 0.086751312 -0.605917692 0.078833573 0.187372729 -0.089937508 0.974981010
1305031465.127664 -1.679045558 0.104832813 -0.594483852 0.062380485 0.173938900 -0.104557507 0.977200925
1305031465.159842 -1.655848145 0.100352831 -0.583846569 0.041817129 0.159444869 -0.110326260 0.980130970
1305031465.195564 -1.628119826 0.099519126 -0.569115818 0.028037954 0.145205989 -0.115739636 0.982208431
1305031465.227907 -1.619976401 0.111438259 -0.577940643 0.016777933 0.137156710 -0.123364493 0.982694149
1305031465.259807 -1.605975747 0.107880682 -0.566025853 0.002518387 0.128642753 -0.123044752 0.984024763
1305031465.295623 -1.586187959 0.115855925 -0.559305906 -0.001338977 0.117622033 -0.112329714 0.986683965
1305031465.327674 -1.567818522 0.127447829 -0.555573702 -0.006462176 0.103486866 -0.098938480 0.989676654
1305031465.359948 -1.560909748 0.127346590 -0.545673013 -0.011980200 0.091278881 -0.087236293 0.991924644
1305031465.395586 -1.530646563 0.133603513 -0.551940560 -0.009229317 0.069501013 -0.073997021 0.994790852
1305031465.427697 -1.486855984 0.139364779 -0.555051148 -0.006162533 0.048550438 -0.062198523 0.996863186
1305031465.460125 -1.466257811 0.155468926 -0.561541319 -0.001237395 0.037177868 -0.049400143 0.998086095
1305031465.495703 -1.438928366 0.179853648 -0.559495986 0.001502814 0.025217848 -0.038712271 0.998930991
1305031465.527622 -1.415392637 0.173672289 -0.564189494 -0.003831713 0.013383660 -0.034129251 0.999320507
1305031465.559812 -1.384786606 0.188679576 -0.569102347 0.004897535 0.001096669 -0.027657596 0.999604881
1305031465.595599 -1.359463453 0.203383118 -0.575904846 0.010750934 -0.005042436 -0.018894853 0.999750912
1305031465.627688 -1.343200564 0.221673757 -0.582975447 0.017174255 -0.008907985 -0.010189665 0.999760926
1305031465.660060 -1.316390753 0.234232649 -0.587547779 0.022728184 -0.022678237 0.003715719 0.999477506
1305031465.695668 -1.286445379 0.251147509 -0.595292628 0.028602041 -0.031550463 0.007619949 0.999063790
1305031465.727682 -1.265620351 0.269654274 -0.602844715 0.037252065 -0.035315625 0.015886517 0.998555303
1305031465.759766 -1.240893245 0.293826848 -0.601211011 0.047118202 -0.041995358 0.029079685 0.997582436
1305031465.795937 -1.212525487 0.310713619 -0.612053335 0.051921237 -0.047440112 0.032618470 0.996990323
1305031465.827996 -1.188264012 0.322851747 -0.615769148 0.059396353 -0.052126773 0.038092609 0.996144474
1305031465.859861 -1.159312844 0.354706585 -0.611881793 0.073177420 -0.057689194 0.048092265 0.994486928
1305031465.895494 -1.135031462 0.376530945 -0.617708147 0.077439219 -0.053908907 0.049127493 0.994325638
1305031465.927495 -1.103721261 0.391957313 -0.623716116 0.081425413 -0.050389949 0.049995214 0.994148493
1305031465.959710 -1.087200880 0.413691044 -0.630901098 0.092649423 -0.041745864 0.049261563 0.993602872
1305031465.995753 -1.070487261 0.440259337 -0.634333372 0.101391435 -0.036230400 0.047534723 0.993049622
1305031466.027644 -1.055053830 0.467090487 -0.631054699 0.108691648 -0.034773551 0.045759704 0.992412686
1305031466.059757 -1.041965961 0.494189233 -0.636142910 0.108777814 -0.033350166 0.046829131 0.992402256
1305031466.095840 -1.029301882 0.516702592 -0.645054698 0.105492651 -0.035539206 0.047374155 0.992654979
1305031466.127640 -1.014704347 0.537193298 -0.651886225 0.101295553 -0.040893540 0.047743484 0.992868304
1305031466.160428 -1.003831744 0.556160212 -0.661892772 0.096790545 -0.046186306 0.049711376 0.992989004
1305031466.195833 -0.991448939 0.575075030 -0.672483981 0.090428859 -0.055365179 0.049613271 0.993124247
1305031466.227951 -0.969063520 0.585321963 -0.682776034 0.079082534 -0.067673199 0.044292405 0.993581653
1305031466.259815 -0.948013842 0.582814157 -0.690727234 0.073260307 -0.072350115 0.037667580 0.993971586
1305031466.295737 -0.928814828 0.596203089 -0.701147735 0.076485731 -0.067986593 0.026380653 0.994400203
1305031466.327702 -0.913699269 0.609931290 -0.712791920 0.077096477 -0.059353329 0.019316668 0.995067954
1305031466.359829 -0.903774142 0.615140319 -0.726004958 0.070043497 -0.049335781 0.011688014 0.996254623
1305031466.395784 -0.889618993 0.603712201 -0.740029693 0.063713409 -0.048076592 0.011874211 0.996738791
1305031466.427819 -0.871753812 0.626433134 -0.754491329 0.076026954 -0.046644781 0.002659634 0.996010602
1305031466.459790 -0.855952084 0.642198563 -0.765549660 0.077623725 -0.052087527 -0.001841614 0.995619416
1305031466.495809 -0.829923332 0.646491170 -0.773352742 0.071566485 -0.059320379 -0.001509072 0.995669186
1305031466.527538 -0.805616558 0.655089736 -0.772894144 0.070619702 -0.060064677 -0.000089037 0.995693266
1305031466.560353 -0.791964948 0.666769564 -0.775607347 0.069544315 -0.055125356 -0.003211663 0.996049404
1305031466.595936 -0.773670554 0.680750906 -0.795209646 0.061395373 -0.056709990 -0.006387485 0.996480703
1305031466.627549 -0.748646736 0.681128025 -0.798139572 0.055086598 -0.056753267 -0.011503469 0.996800959
1305031466.659688 -0.722558558 0.674286067 -0.786720276 0.059458438 -0.055497602 -0.016088635 0.996556997
1305031466.695822 -0.713996768 0.702274323 -0.798818707 0.063956566 -0.054568704 -0.020823726 0.996242046
1305031466.728074 -0.692226052 0.707259417 -0.801636934 0.057628270 -0.058345012 -0.030643946 0.996160507
1305031466.759637 -0.663664818 0.695491612 -0.810248613 0.054678369 -0.061522461 -0.039268892 0.995832920
1305031466.795604 -0.651371956 0.705681384 -0.817044914 0.062663309 -0.060827274 -0.046056930 0.995114088
1305031466.827879 -0.638297081 0.718934119 -0.816224396 0.063178569 -0.063734934 -0.048101049 0.994802833
1305031466.859665 -0.623390317 0.713844776 -0.819118023 0.059036616 -0.069748253 -0.048867289 0.994616449
1305031466.895694 -0.620841384 0.717195868 -0.821241617 0.062314112 -0.077133633 -0.049506333 0.993839264
1305031466.927756 -0.597322404 0.721218467 -0.829580128 0.063312128 -0.093795985 -0.051483136 0.992241561
1305031466.959728 -0.569927156 0.722957492 -0.830171227 0.064942896 -0.107807525 -0.053468056 0.990606427
1305031466.995712 -0.550241232 0.727130532 -0.832839608 0.066574737 -0.113982588 -0.056481685 0.989639103
1305031467.027843 -0.537242532 0.727591634 -0.832657814 0.066979907 -0.117600277 -0.061696202 0.988876879
1305031467.059700 -0.515196323 0.729392469 -0.836375952 0.066893861 -0.122133277 -0.064484470 0.988155067
1305031467.095687 -0.500105619 0.737734079 -0.835394025 0.067442246 -0.123308651 -0.069986425 0.987597287
1305031467.128974 -0.487248421 0.736174345 -0.837905645 0.067497112 -0.125621110 -0.081271298 0.986437261
1305031467.159660 -0.472958446 0.737109423 -0.840115428 0.069077089 -0.129075170 -0.089005865 0.985213637
1305031467.195663 -0.459519237 0.738136470 -0.850797951 0.069744118 -0.132845372 -0.092899948 0.984305561
1305031467.227704 -0.444894731 0.740907311 -0.852744937 0.071128629 -0.139780357 -0.098407350 0.982709587
1305031467.259694 -0.429462999 0.742410243 -0.855895400 0.073492542 -0.145834699 -0.103709511 0.981109262
1305031467.295846 -0.427688748 0.744046211 -0.846773386 0.077191770 -0.148912340 -0.111974612 0.979453027
1305031467.328008 -0.411252081 0.747411609 -0.850286245 0.078852579 -0.155637324 -0.117059961 0.977679014
1305031467.359654 -0.386198342 0.755733132 -0.866238296 0.076051913 -0.163680717 -0.115943052 0.976719975
1305031467.395756 -0.368940651 0.756145060 -0.870014310 0.070577323 -0.171863884 -0.121526673 0.975045085
1305031467.427783 -0.356856138 0.759496689 -0.868540168 0.070102736 -0.177443758 -0.125273466 0.973604560
1305031467.459692 -0.349681973 0.760921240 -0.863742828 0.070669748 -0.183655798 -0.126239583 0.972285926
1305031467.496058 -0.322770745 0.760845900 -0.884900093 0.065158114 -0.191961437 -0.133278921 0.970124722
1305031467.527663 -0.315575361 0.762607455 -0.873176932 0.061578486 -0.194811121 -0.140135050 0.968823433
1305031467.559763 -0.300575584 0.763088822 -0.873359561 0.062621042 -0.196017459 -0.142795265 0.968124628
1305031467.595989 -0.275820851 0.759549081 -0.883631647 0.061024103 -0.199568912 -0.142694727 0.967515647
1305031467.627532 -0.261863172 0.751992941 -0.880219817 0.061165985 -0.205509067 -0.141449019 0.966445506
1305031467.659626 -0.248252779 0.756523967 -0.875300527 0.071292982 -0.211650610 -0.137209713 0.965036154
1305031467.695886 -0.243586659 0.750166118 -0.862313509 0.073750369 -0.214243546 -0.140634611 0.963785529
1305031467.727535 -0.234882802 0.742511988 -0.856530070 0.077804260 -0.216207862 -0.145217896 0.962347329
1305031467.759907 -0.222646594 0.732501447 -0.847476661 0.082919396 -0.219625130 -0.147544906 0.960791171
1305031467.796075 -0.213812649 0.727011085 -0.842463851 0.086779788 -0.222392514 -0.149883002 0.959450841
1305031467.827800 -0.204836041 0.713666856 -0.834743083 0.089192934 -0.225616589 -0.150549918 0.958371818
1305031467.859729 -0.191255659 0.699177146 -0.832725585 0.094344646 -0.231965885 -0.146270588 0.957024455
1305031467.895947 -0.178382844 0.693385363 -0.830295742 0.098448589 -0.239582554 -0.145350084 0.954872489
1305031467.927754 -0.173493922 0.679504812 -0.815507054 0.100459442 -0.247800231 -0.149167433 0.951972663
1305031467.959826 -0.170001239 0.668991208 -0.791570365 0.108093619 -0.253711879 -0.149368510 0.949544668
1305031467.995754 -0.159406483 0.670567691 -0.775069475 0.113891199 -0.257140070 -0.150686800 0.947734833
1305031468.028107 -0.156532645 0.650091648 -0.759663582 0.109336615 -0.256973833 -0.155190066 0.947589576
1305031468.059850 -0.154598296 0.634006202 -0.742727995 0.113702111 -0.260321349 -0.157771915 0.945733905
1305031468.095867 -0.144794226 0.625968039 -0.729256749 0.115430936 -0.264804959 -0.157986075 0.944242775
1305031468.127816 -0.141581357 0.607397616 -0.713578701 0.112694725 -0.267229795 -0.160488740 0.943467796
1305031468.159864 -0.135494083 0.593690395 -0.697298169 0.115041748 -0.270152122 -0.164067715 0.941735089
1305031468.195985 -0.128520012 0.578838766 -0.680067480 0.114182875 -0.271931529 -0.168146804 0.940607309
1305031468.228158 -0.118969172 0.559719682 -0.665823698 0.111190476 -0.273341447 -0.167460561 0.940679550
1305031468.259754 -0.110390306 0.539090931 -0.651168108 0.109608039 -0.273072422 -0.166510880 0.941111922
1305031468.295830 -0.104093581 0.519936442 -0.639475644 0.107573062 -0.271528959 -0.167122006 0.941684842
1305031468.327847 -0.095905453 0.489607006 -0.628745675 0.105341449 -0.270873100 -0.165811524 0.942357421
1305031468.359787 -0.090002835 0.478336662 -0.623245537 0.108679205 -0.267697990 -0.161302716 0.943667352
1305031468.395860 -0.080418557 0.463256925 -0.612525225 0.105976894 -0.268337578 -0.160292640 0.943965077
1305031468.428025 -0.083322108 0.438620925 -0.607329011 0.099687658 -0.267207593 -0.161600962 0.944747388
1305031468.459759 -0.079597533 0.422377527 -0.599812508 0.098584481 -0.267968297 -0.159081221 0.945075274
1305031468.495809 -0.069426805 0.401886284 -0.590138733 0.094454832 -0.268411666 -0.159739688 0.945260108
1305031468.527756 -0.074777573 0.375241041 -0.593211114 0.092276894 -0.264047503 -0.166445330 0.945547402
1305031468.559739 -0.077055901 0.356284201 -0.598624408 0.097309254 -0.261951387 -0.174427584 0.944186091
1305031468.595768 -0.081599087 0.348729163 -0.589727998 0.102532856 -0.262656838 -0.180605158 0.942273974
1305031468.627626 -0.087271363 0.323204994 -0.588924706 0.093916893 -0.264395267 -0.183846518 0.942059040
1305031468.659579 -0.101633817 0.304415196 -0.588066995 0.092195615 -0.264454693 -0.185202181 0.941946805
1305031468.695835 -0.114393353 0.284360141 -0.593283892 0.094194338 -0.266936541 -0.187872931 0.940519035
1305031468.727785 -0.118855417 0.271867692 -0.583598256 0.100437932 -0.275360554 -0.190130845 0.936984003
1305031468.759628 -0.124375492 0.254339874 -0.577643096 0.100733884 -0.279573768 -0.191400573 0.935444832
1305031468.795796 -0.129055664 0.228139400 -0.575622857 0.101492129 -0.282638848 -0.195596769 0.933571935
1305031468.829247 -0.123868272 0.208263412 -0.584739625 0.106795907 -0.285487115 -0.201191232 0.930920959
1305031468.859659 -0.117575705 0.209512755 -0.576027274 0.113257341 -0.286865383 -0.204048142 0.929109991
1305031468.895873 -0.119047135 0.192304403 -0.573327363 0.108689480 -0.282570004 -0.206231579 0.930488765
1305031468.928141 -0.127576292 0.181543365 -0.572361708 0.104176290 -0.275983304 -0.205270946 0.933190405
1305031468.959594 -0.131667301 0.186205283 -0.566331208 0.100521609 -0.270265996 -0.201236278 0.936138690
1305031468.995711 -0.133821100 0.207644761 -0.563400745 0.094472833 -0.265258253 -0.205503210 0.937273383
1305031469.027699 -0.139551952 0.191053137 -0.552153468 0.072913773 -0.263836592 -0.212107331 0.938128114
1305031469.059832 -0.158038452 0.165412232 -0.551565766 0.053905472 -0.259307504 -0.221679300 0.938462615
1305031469.095723 -0.146150321 0.165094912 -0.534300268 0.045841087 -0.263328016 -0.232875526 0.935053945
1305031469.127679 -0.149155349 0.154967517 -0.522332013 0.033750452 -0.256722867 -0.244077593 0.934548259
1305031469.159703 -0.156688288 0.155093402 -0.512784719 0.026377982 -0.246788055 -0.250900120 0.935654283
1305031469.195540 -0.160822481 0.135878623 -0.508702517 0.014311179 -0.237276763 -0.258367687 0.936344504
1305031469.227754 -0.178945214 0.133524328 -0.499380589 0.009007652 -0.227641061 -0.260743797 0.938142359
1305031469.259586 -0.177138403 0.124984562 -0.492136478 0.002023634 -0.227040634 -0.265405029 0.937021136
1305031469.296754 -0.182012543 0.125057131 -0.480332315 -0.002080737 -0.222107247 -0.267920792 0.937487304
1305031469.327618 -0.188405216 0.128939107 -0.466705441 -0.005503766 -0.217777476 -0.269678235 0.937985241
1305031469.359592 -0.182969809 0.119882300 -0.453702301 -0.015065665 -0.216169327 -0.275790006 0.936474085
1305031469.395695 -0.185271412 0.114592388 -0.437166244 -0.017528130 -0.206281707 -0.281596392 0.936933339
1305031469.427651 -0.188942939 0.123450249 -0.426784337 -0.013775998 -0.192838475 -0.287115395 0.938183546
1305031469.459668 -0.192382902 0.127599269 -0.413457334 -0.013664987 -0.183857664 -0.295330286 0.937437832
1305031469.495744 -0.212049544 0.142224312 -0.403435647 -0.012442608 -0.172287837 -0.298087507 0.938778937
1305031469.527622 -0.214527056 0.153820381 -0.390125185 -0.014259145 -0.173085123 -0.298417926 0.938501477
1305031469.559645 -0.212143302 0.159601927 -0.376989961 -0.021016961 -0.175419018 -0.297982633 0.938079298
1305031469.595755 -0.209753737 0.169016168 -0.359122008 -0.027606755 -0.177876934 -0.298983216 0.937126875
1305031469.627752 -0.221408784 0.169257879 -0.352043867 -0.043772925 -0.173908263 -0.299138993 0.937206328
1305031469.659590 -0.224824518 0.179804355 -0.338496208 -0.048024934 -0.169531330 -0.298305690 0.938065231
1305031469.695613 -0.226990402 0.192381725 -0.326855689 -0.051545907 -0.165897921 -0.296502709 0.939099073
1305031469.727679 -0.239177734 0.208100542 -0.302572787 -0.055476535 -0.160209417 -0.296586514 0.939836025
1305031469.759599 -0.241434783 0.220545828 -0.293356866 -0.061355915 -0.156389013 -0.291679323 0.941648066
1305031469.795621 -0.245125592 0.229596317 -0.291759491 -0.069592483 -0.155042931 -0.289443880 0.941987693
1305031469.827526 -0.250380337 0.240696535 -0.283298671 -0.075802639 -0.156634912 -0.287002176 0.941992164
1305031469.859574 -0.259064555 0.266038597 -0.269234061 -0.079071783 -0.156952560 -0.280032575 0.943766534
1305031469.895755 -0.268397927 0.283071280 -0.260885060 -0.083243750 -0.156945929 -0.277032346 0.944294155
1305031469.927854 -0.277829379 0.299481839 -0.251478672 -0.086384624 -0.158694729 -0.273598641 0.944720805
1305031469.959805 -0.286064893 0.314975709 -0.248336136 -0.087044626 -0.161399558 -0.271674931 0.944757164
1305031469.995551 -0.294608623 0.327289253 -0.243157804 -0.090326846 -0.164483294 -0.269517064 0.944535255
1305031470.027694 -0.310103208 0.345165610 -0.240595281 -0.092060372 -0.163874954 -0.268866271 0.944659114
1305031470.059638 -0.321854919 0.362259597 -0.240126386 -0.092749171 -0.162988484 -0.267366648 0.945170581
1305031470.095944 -0.333075434 0.370447725 -0.245241508 -0.096932575 -0.162290558 -0.269251436 0.944335461
1305031470.127633 -0.342581809 0.382364810 -0.244908407 -0.102642737 -0.163095430 -0.267076522 0.944211006
1305031470.159626 -0.354466558 0.398246139 -0.244210497 -0.105237149 -0.164055467 -0.265096664 0.944317043
1305031470.196092 -0.368163615 0.411962301 -0.247052729 -0.107828327 -0.163848832 -0.260957897 0.945212960
1305031470.227618 -0.380633384 0.424687833 -0.251009613 -0.111999370 -0.162865058 -0.258176863 0.945661604
1305031470.259965 -0.391311079 0.434922516 -0.254324883 -0.117282830 -0.162421972 -0.255025893 0.945952237
1305031470.295718 -0.402488470 0.445388615 -0.257871538 -0.123832814 -0.161536202 -0.253271550 0.945740461
1305031470.327644 -0.417609483 0.460752070 -0.259232581 -0.129554868 -0.159432128 -0.249656647 0.946291983
1305031470.359624 -0.429837435 0.473038703 -0.263810486 -0.134741545 -0.159821749 -0.245570898 0.946570992
1305031470.395823 -0.443445742 0.485736161 -0.267169833 -0.137752295 -0.160058230 -0.242378339 0.946920514
1305031470.427641 -0.457671106 0.497752815 -0.269879997 -0.137938201 -0.160802245 -0.243370682 0.946512759
1305031470.459721 -0.470648021 0.508445382 -0.274902791 -0.136208206 -0.161127463 -0.242338523 0.946972668
1305031470.495686 -0.483890772 0.515387475 -0.274827719 -0.137046948 -0.163128048 -0.239835277 0.947146475
1305031470.527689 -0.495444804 0.521116078 -0.279868007 -0.137939006 -0.163754195 -0.239660129 0.946953237
1305031470.559677 -0.505775511 0.527142167 -0.282929420 -0.139932230 -0.163487986 -0.239190415 0.946825564
1305031470.595760 -0.518621147 0.534413040 -0.285425603 -0.140804231 -0.161715642 -0.236389548 0.947703660
1305031470.627729 -0.529944539 0.541067779 -0.287821263 -0.143582985 -0.160376132 -0.232449457 0.948488593
1305031470.659690 -0.541323364 0.547547638 -0.290171832 -0.145124942 -0.159044579 -0.227936953 0.949572742
1305031470.695630 -0.553366959 0.555019855 -0.291673899 -0.146922976 -0.157857075 -0.224689096 0.950268149
1305031470.727654 -0.565295815 0.560119569 -0.293111920 -0.147216722 -0.157457009 -0.224179670 0.950409412
1305031470.759682 -0.574774086 0.556608081 -0.298039526 -0.152694985 -0.153363615 -0.223248065 0.950433671
1305031470.795615 -0.582133293 0.563831389 -0.298077375 -0.153079480 -0.149262339 -0.217694342 0.952311218
1305031470.827831 -0.595129073 0.572193801 -0.295879871 -0.147382393 -0.146110654 -0.211346596 0.955124438
1305031470.859645 -0.604288816 0.574643075 -0.298295826 -0.142628923 -0.146066964 -0.207140043 0.956772923
1305031470.895722 -0.612298012 0.574167192 -0.299663633 -0.140341535 -0.148170397 -0.200566873 0.958187222
1305031470.927684 -0.618847370 0.574708045 -0.301277399 -0.136645734 -0.153226942 -0.196926832 0.958680987
1305031470.959647 -0.631979048 0.574106574 -0.304163903 -0.127508357 -0.154498786 -0.196064219 0.959911764
1305031470.995996 -0.641403794 0.573373199 -0.309804201 -0.121133484 -0.153460875 -0.191546753 0.961814046
1305031471.027644 -0.650447547 0.571156740 -0.311600059 -0.113548778 -0.151409909 -0.191282466 0.963116169
1305031471.059636 -0.658963740 0.567170680 -0.313808620 -0.106378898 -0.149479836 -0.186810642 0.965111971
1305031471.095777 -0.666641295 0.565793216 -0.318089932 -0.099830940 -0.148759842 -0.178740069 0.967448354
1305031471.127663 -0.673611403 0.563038409 -0.323429078 -0.095789962 -0.148885399 -0.172265813 0.969010770
1305031471.159649 -0.683301508 0.559238791 -0.326994747 -0.093229629 -0.146080762 -0.165744707 0.970823050
1305031471.195703 -0.691755950 0.559358597 -0.328417957 -0.091264620 -0.141620070 -0.159662381 0.972688258
1305031471.227569 -0.697417438 0.557915270 -0.332575560 -0.091844134 -0.138590470 -0.154337585 0.973928750
1305031471.259722 -0.705153584 0.555812180 -0.333312392 -0.093614697 -0.136089966 -0.151268974 0.974593997
1305031471.296068 -0.711123466 0.552924037 -0.334250808 -0.093922563 -0.134010524 -0.146897987 0.975520730
1305031471.327642 -0.712067604 0.553987563 -0.334171474 -0.088499904 -0.132046759 -0.142669350 0.976922154
1305031471.359615 -0.714691341 0.556404471 -0.336204946 -0.085687496 -0.124821529 -0.140252590 0.978471458
1305031471.395730 -0.725846469 0.550106227 -0.337977588 -0.088767871 -0.114213489 -0.136833295 0.979975641
1305031471.427704 -0.730854094 0.550626099 -0.342016220 -0.084375195 -0.111509554 -0.128848955 0.981755733
1305031471.459647 -0.736030936 0.549894094 -0.345905036 -0.084477447 -0.111005574 -0.123860173 0.982445896
1305031471.496491 -0.739953578 0.548965156 -0.347000360 -0.086166121 -0.110317498 -0.119474612 0.982919753
1305031471.527624 -0.743683994 0.549331605 -0.351625204 -0.085728601 -0.109526016 -0.115618005 0.983507574
1305031471.559671 -0.745854318 0.549188137 -0.355184138 -0.086171836 -0.107911795 -0.113291055 0.983918011
1305031471.595702 -0.748103559 0.547999084 -0.358252823 -0.086702742 -0.103580073 -0.111349158 0.984558344
1305031471.627621 -0.751257479 0.547918499 -0.361411691 -0.086214453 -0.098736443 -0.109904982 0.985260904
1305031471.659642 -0.753724754 0.546574175 -0.364458323 -0.085251607 -0.093448907 -0.106838852 0.986197233
1305031471.695609 -0.756158412 0.548245192 -0.368019968 -0.082733758 -0.088932998 -0.101630703 0.987378955
1305031471.727501 -0.758044064 0.549786031 -0.371455133 -0.083431661 -0.084730126 -0.097149774 0.988140583
1305031471.759702 -0.757361889 0.548103154 -0.372582883 -0.085719138 -0.081405453 -0.091336019 0.988778591
1305031471.795801 -0.759670913 0.551351130 -0.375447810 -0.083751217 -0.073235944 -0.082354739 0.990373611
1305031471.827639 -0.763810277 0.556569874 -0.378212512 -0.085324369 -0.066309050 -0.076164775 0.991222382
1305031471.859665 -0.765510619 0.555391490 -0.377712041 -0.091104455 -0.063077047 -0.069724485 0.991392851
1305031471.895604 -0.767123044 0.561619520 -0.379744112 -0.091827907 -0.058590785 -0.063250229 0.992035389
1305031471.927651 -0.768285334 0.563015997 -0.379650950 -0.098213665 -0.054123368 -0.059879005 0.991886735
1305031471.959643 -0.773237050 0.557300091 -0.378056407 -0.104366317 -0.045538772 -0.058582842 0.991767108
1305031471.995573 -0.775014281 0.571319759 -0.380530179 -0.096738108 -0.038190093 -0.054395884 0.993088305
1305031472.027638 -0.779529631 0.572715938 -0.380457103 -0.105324231 -0.031659320 -0.052110653 0.992566884
1305031472.059668 -0.786303639 0.568682969 -0.378400683 -0.111527354 -0.024894098 -0.049931761 0.992193878
1305031472.095601 -0.789932489 0.579330325 -0.379423559 -0.105403803 -0.019368799 -0.043496992 0.993288934
1305031472.127594 -0.795470119 0.583168149 -0.379484415 -0.110323980 -0.015609284 -0.039955031 0.992969573
1305031472.159645 -0.801122785 0.575234950 -0.376574636 -0.119412147 -0.013664965 -0.038318757 0.992010951
1305031472.195682 -0.805115759 0.573801219 -0.376822174 -0.117202945 -0.011979952 -0.034259543 0.992444575
1305031472.227626 -0.807216644 0.580716729 -0.378129184 -0.110468701 -0.011173747 -0.031416968 0.993320107
1305031472.263840 -0.809037328 0.572944760 -0.376923501 -0.113279894 -0.010233257 -0.030327057 0.993047416
1305031472.295671 -0.811143935 0.571518660 -0.378832012 -0.106730081 -0.007776240 -0.028024120 0.993862569
1305031472.327678 -0.813050568 0.576647639 -0.380481362 -0.098260492 -0.006294335 -0.026423391 0.994789958
1305031472.363577 -0.814812541 0.577560365 -0.381817669 -0.097396865 -0.005778595 -0.025162334 0.994910717
1305031472.395599 -0.819212794 0.574588120 -0.380498111 -0.098415025 -0.005359005 -0.024036365 0.994840682
1305031472.427686 -0.818458021 0.571294367 -0.381101310 -0.097506993 -0.009364178 -0.022955792 0.994925976
1305031472.463603 -0.816785216 0.570351720 -0.381909132 -0.095006131 -0.011492183 -0.023592055 0.995130718
1305031472.495626 -0.814402401 0.570489287 -0.381667644 -0.093785703 -0.011193492 -0.024068806 0.995238483
1305031472.527625 -0.816002190 0.563108563 -0.380923063 -0.096492380 -0.008267435 -0.023661803 0.995018065
1305031472.563587 -0.815367937 0.554220617 -0.381416798 -0.095295295 -0.009205510 -0.021916915 0.995165169
1305031472.595675 -0.813419223 0.558776915 -0.383057743 -0.087011077 -0.010801687 -0.019437237 0.995959103
1305031472.627701 -0.812370777 0.557426810 -0.382455230 -0.086388290 -0.011585168 -0.017155241 0.996046484
1305031472.663575 -0.810702682 0.549796700 -0.381336927 -0.089031287 -0.012445780 -0.016029373 0.995822072
1305031472.695755 -0.808112741 0.544805884 -0.379836649 -0.088780992 -0.014050539 -0.014821824 0.995841801
1305031472.727628 -0.807660580 0.541069925 -0.379058361 -0.087039053 -0.014308670 -0.015303187 0.995984554
1305031472.763578 -0.805075407 0.538695276 -0.378088266 -0.085021242 -0.014937151 -0.016454412 0.996131301
1305031472.795640 -0.805137753 0.534545124 -0.376600146 -0.084373973 -0.013361818 -0.018352328 0.996175528
1305031472.827627 -0.804238617 0.532998383 -0.375161678 -0.081523590 -0.012676680 -0.018170644 0.996425152
1305031472.863598 -0.804624677 0.531619966 -0.374216586 -0.079694644 -0.012474468 -0.017039252 0.996595621
1305031472.895713 -0.804776490 0.531859100 -0.373388886 -0.078846537 -0.013534338 -0.014265535 0.996692836
1305031472.927685 -0.803228199 0.530113637 -0.371593833 -0.079468749 -0.015123810 -0.013147667 0.996635914
1305031472.963756 -0.802309573 0.530375004 -0.370776504 -0.078470297 -0.015305728 -0.011473043 0.996732891
1305031472.995704 -0.803030550 0.529771924 -0.369347692 -0.079440050 -0.015665235 -0.010573180 0.996660471
1305031473.027638 -0.801549494 0.529223680 -0.368747592 -0.079861984 -0.018058034 -0.010809733 0.996583700
1305031473.063684 -0.800675690 0.527711868 -0.368077457 -0.080963120 -0.018945772 -0.011654282 0.996468842
1305031473.095695 -0.800643921 0.526929677 -0.367558479 -0.080650210 -0.018014191 -0.013746523 0.996484876
1305031473.127744 -0.801712155 0.526247263 -0.366819143 -0.080799647 -0.016427618 -0.015183468 0.996479332
1305031473.167060 -0.803134143 0.525319278 -0.365908325 -0.080209218 -0.016202388 -0.015552885 0.996524990
1305031473.196069 -0.801459789 0.524527431 -0.366120160 -0.079316601 -0.017954234 -0.015698366 0.996564150
