1341836537.655662 0.000000000 0.000000000 0.000000000 0.000000000 0.000000000 0.000000000 1.000000000
1341836537.687415 -0.001569509 0.001224323 -0.005833018 -0.000539089 0.000283423 0.000324957 0.999999762
1341836537.723576 0.000318445 0.002326051 -0.006146041 -0.001142274 0.000329432 -0.000833649 0.999998927
1341836537.755501 0.002358969 0.005855348 -0.006164370 -0.001768429 0.000782940 -0.001951766 0.999996185
1341836537.787367 -0.009111547 0.010408123 -0.011673519 -0.001880534 0.004855834 -0.001409389 0.999985456
1341836537.823375 -0.009057653 0.004181205 -0.014026870 -0.004356792 0.005386168 -0.000569412 0.999975801
1341836537.855421 -0.007795721 -0.001092452 -0.019382769 -0.006207025 0.005621165 -0.002625663 0.999961495
1341836537.887593 -0.016907588 0.006346492 -0.016843909 -0.004280922 0.009775366 -0.007577094 0.999914348
1341836537.923463 -0.013990426 0.002941402 -0.020034429 -0.002871813 0.012091686 -0.005132935 0.999909580
1341836537.955620 -0.022535011 0.000245378 -0.018500879 -0.003208210 0.015732666 -0.002263473 0.999868512
1341836537.987525 -0.019116733 0.002349319 -0.016166558 -0.003145627 0.016860647 -0.003145217 0.999847949
1341836538.023300 -0.006555068 -0.003812402 -0.021951590 -0.004506784 0.016375108 -0.005985272 0.999837816
1341836538.055509 -0.019623218 -0.003082272 -0.023780629 -0.003688090 0.021499669 -0.005385389 0.999747574
1341836538.087628 -0.014440623 0.005029607 -0.026002234 -0.001341622 0.017248129 -0.006337554 0.999830246
1341836538.123334 -0.023679022 0.002907211 -0.025723161 -0.002490670 0.018783625 -0.008808665 0.999781668
1341836538.155344 -0.023204597 0.005240725 -0.025222611 -0.001423400 0.019430326 -0.010837975 0.999751449
1341836538.191519 -0.029735044 0.006127656 -0.023501342 -0.001044205 0.020142771 -0.009079640 0.999755323
1341836538.223356 -0.035665065 0.004707515 -0.024612410 -0.001312612 0.021045024 -0.007343680 0.999750674
1341836538.255568 -0.037086815 0.006214419 -0.033975080 0.000534209 0.022242183 -0.007115914 0.999727130
1341836538.291700 -0.044285294 0.006790258 -0.031917736 0.001395446 0.023381438 -0.006306380 0.999705732
1341836538.323323 -0.049376629 0.007347404 -0.027906759 0.000810343 0.024209315 -0.003703386 0.999699712
1341836538.355402 -0.060338013 0.007481965 -0.030713569 0.001989393 0.026122775 -0.002071767 0.999654591
1341836538.391298 -0.065833353 0.008117483 -0.032879438 0.002539210 0.027286850 -0.001445850 0.999623358
1341836538.423501 -0.070785724 0.013697024 -0.036219981 0.002807016 0.028827934 0.000167479 0.999580443
1341836538.456232 -0.076984711 0.015144138 -0.037089031 0.002516571 0.029797148 0.003287624 0.999547362
1341836538.491425 -0.085218534 0.018851135 -0.038728107 0.002836433 0.031148249 0.005023207 0.999498129
1341836538.523417 -0.085230105 0.016125303 -0.039323416 0.002370250 0.031344105 0.005242017 0.999492109
1341836538.556411 -0.097386070 0.020860858 -0.039639913 0.002965789 0.033055764 0.006315174 0.999429107
1341836538.591453 -0.108583212 0.016660525 -0.038272046 0.003009881 0.033556685 0.005374308 0.999417841
1341836538.623386 -0.113951363 0.012044281 -0.038168397 0.002443323 0.035622105 0.005030070 0.999349654
1341836538.659232 -0.111929730 0.013192568 -0.038902063 0.002450387 0.035332423 0.007080759 0.999347508
1341836538.691411 -0.118696526 0.013102423 -0.037463821 0.002077520 0.036559004 0.009531177 0.999283850
1341836538.723365 -0.127107024 0.011173806 -0.038711011 0.000914941 0.039654329 0.013051717 0.999127746
1341836538.759383 -0.123940863 0.011762881 -0.037462261 -0.000097292 0.041217934 0.018368199 0.998981297
1341836538.791663 -0.130828977 0.017979722 -0.038754735 0.001991107 0.042284049 0.021315871 0.998876214
1341836538.824233 -0.142876714 0.018361991 -0.041447476 0.002015048 0.043333728 0.022008836 0.998816133
1341836538.859625 -0.149910554 0.016641743 -0.039262861 0.000322038 0.045859106 0.023279240 0.998676598
1341836538.891338 -0.159896702 0.021259272 -0.035348251 0.000835062 0.046474185 0.026339089 0.998571873
1341836538.924362 -0.170952320 0.018161532 -0.028731544 0.000584881 0.043796901 0.025843561 0.998705983
1341836538.959281 -0.172921076 0.012451770 -0.022687376 -0.001324687 0.044750225 0.020541949 0.998786092
1341836538.992295 -0.175637364 0.008089395 -0.031218393 -0.001893733 0.049493577 0.021576574 0.998539567
1341836539.028701 -0.171493903 0.011612140 -0.028792636 0.001807877 0.049737029 0.031164220 0.998274386
1341836539.059493 -0.189091995 0.003995522 -0.021254787 0.001400003 0.054364752 0.029682405 0.998078883
1341836539.092314 -0.205046341 0.004778435 -0.010452241 0.002219491 0.061288349 0.027276525 0.997744858
1341836539.127236 -0.210726961 0.017707674 -0.016397335 0.008201854 0.061040170 0.029907810 0.997653425
1341836539.159608 -0.221092477 0.028457116 -0.002478298 0.010270880 0.059446547 0.029241987 0.997750223
1341836539.195388 -0.224294513 0.014870186 -0.010094289 0.007345314 0.057981241 0.024024770 0.998001516
1341836539.227456 -0.236608878 0.005745756 -0.007572506 0.002866596 0.061056320 0.019132169 0.997946858
1341836539.260399 -0.239917949 0.024640365 -0.009641694 0.005513337 0.061571442 0.022742298 0.997828305
1341836539.295519 -0.247387245 0.026159134 -0.003390705 0.004458985 0.061712701 0.025007980 0.997770667
1341836539.327434 -0.248377517 0.022703905 0.004169000 0.002855066 0.061439909 0.023905903 0.997820377
1341836539.363371 -0.255949348 0.026748644 0.003330436 0.003847454 0.063286506 0.021805929 0.997749746
1341836539.395523 -0.270925522 0.026283732 0.001899578 0.003113844 0.064759411 0.023208661 0.997626126
1341836539.427397 -0.278195620 0.023422839 0.008193687 0.001955154 0.064948335 0.023108227 0.997619152
1341836539.463424 -0.277645171 0.025293635 0.007747408 0.001791670 0.066161998 0.021420477 0.997577369
1341836539.495503 -0.295372039 0.018056322 0.011102451 0.000299097 0.070991576 0.020040240 0.997275531
1341836539.531399 -0.303248435 0.025785772 0.014535811 0.002232883 0.071620755 0.022231819 0.997181654
1341836539.563358 -0.306162626 0.020839743 0.014166879 0.000807127 0.072138198 0.023656139 0.997113764
1341836539.628437 -0.328928590 0.014976724 0.020826107 0.001214131 0.078845598 0.021361837 0.996657193
1341836539.692462 -0.342735380 0.022137798 0.034513809 0.003080923 0.080135696 0.022711108 0.996520460
1341836539.728498 -0.341513544 0.013054145 0.025099605 0.001213130 0.080803834 0.020097949 0.996526659
1341836539.760370 -0.348198116 0.010889084 0.022834610 0.000719934 0.083036296 0.019755825 0.996350408
1341836539.796542 -0.354918361 0.014997453 0.023940608 0.001601338 0.084441125 0.019855307 0.996229351
1341836539.828612 -0.356687605 0.004818074 0.021523364 -0.001645145 0.084109135 0.017502233 0.996301472
1341836539.860428 -0.358386844 0.012270877 0.031821258 -0.000350136 0.085977465 0.015371312 0.996178448
1341836539.896538 -0.364673883 0.009858608 0.026474334 -0.000207765 0.086985931 0.014201339 0.996108294
1341836539.928277 -0.359252751 0.021667005 0.028358150 0.003004560 0.086253703 0.019924909 0.996069431
1341836539.967421 -0.365767211 0.020705394 0.032398500 0.003267964 0.087322466 0.020755531 0.995958507
1341836540.028550 -0.378244519 0.027024025 0.037924029 0.004802796 0.089061610 0.022029392 0.995770872
1341836540.064319 -0.381243765 0.023512617 0.032761239 0.003045482 0.088754326 0.022651484 0.995791316
1341836540.096659 -0.386688143 0.016875748 0.032252997 0.001406955 0.089242987 0.023252781 0.995737433
1341836540.128316 -0.392010391 0.028863780 0.041082934 0.002308688 0.087920971 0.023089446 0.995857120
1341836540.164722 -0.393588454 0.029885422 0.044989318 0.000820831 0.088262811 0.024762275 0.995789051
1341836540.196409 -0.397517622 0.026266726 0.047249991 -0.000365882 0.089780137 0.025648097 0.995631278
1341836540.232442 -0.407220006 0.033367161 0.048503369 0.000631265 0.091284938 0.029808259 0.995378375
1341836540.264342 -0.407843620 0.030574357 0.054787502 -0.001138886 0.090710685 0.033736821 0.995305061
1341836540.296462 -0.415227890 0.017025433 0.058739457 -0.002835408 0.092664361 0.033155605 0.995141208
1341836540.332431 -0.421247929 0.021495093 0.055853877 0.001299024 0.092883267 0.036116831 0.995020926
1341836540.364486 -0.428160071 0.019029722 0.055631511 0.001785248 0.090785086 0.039032649 0.995103717
1341836540.396559 -0.430866241 0.018428709 0.064569868 0.000949785 0.089725927 0.038032364 0.995239615
1341836540.432557 -0.431589931 0.023874631 0.068113104 0.003228300 0.088424243 0.035727225 0.995436728
1341836540.464302 -0.442730695 0.013181532 0.063989684 0.001989165 0.086711690 0.033713952 0.995660841
1341836540.500473 -0.450676054 0.009262900 0.066128060 0.000131163 0.085540995 0.032885797 0.995791793
1341836540.532753 -0.443388820 0.027947167 0.069183975 0.002488582 0.084319428 0.030476697 0.995969474
1341836540.564528 -0.448960990 0.030461375 0.072095878 0.001631634 0.085912794 0.029868379 0.995853543
1341836540.600372 -0.449266970 0.026142249 0.070371546 0.000560798 0.084995046 0.030961435 0.995900035
1341836540.632355 -0.449169874 0.027063321 0.070575751 -0.000820178 0.085503973 0.030221123 0.995879054
1341836540.664373 -0.454930365 0.017319249 0.069460869 -0.003561372 0.087625094 0.027247768 0.995774448
1341836540.700377 -0.461648494 0.023692045 0.074734747 -0.002796500 0.089840554 0.027717745 0.995566428
1341836540.732431 -0.464608312 0.021068571 0.075089790 -0.003621092 0.088889137 0.028102869 0.995638430
1341836540.768334 -0.461121678 0.030102229 0.073878735 -0.002763480 0.088269487 0.028225334 0.995692849
1341836540.800341 -0.468114078 0.024067737 0.071043983 -0.004256143 0.090725377 0.029205978 0.995438516
1341836540.832332 -0.476919293 0.026278473 0.071289971 -0.003290636 0.089804895 0.028532263 0.995545149
1341836540.868402 -0.484390795 0.023381921 0.068081230 -0.003497974 0.089261241 0.026880080 0.995639324
1341836540.900301 -0.484365672 0.020804666 0.068265460 -0.005732946 0.090195403 0.024079286 0.995616436
1341836540.932326 -0.487321556 0.023799118 0.066232733 -0.006470140 0.090581819 0.023693342 0.995586097
1341836540.968285 -0.491175562 0.027718863 0.070597962 -0.006310007 0.091454372 0.026924198 0.995425224
1341836541.000321 -0.495939463 0.028493466 0.068958603 -0.004867852 0.093063511 0.027308516 0.995273709
1341836541.036246 -0.505194783 0.029962668 0.073542662 -0.003657550 0.094440155 0.027363129 0.995147705
1341836541.071359 -0.512391984 0.029733069 0.072331175 -0.002988983 0.095566310 0.026619885 0.995062590
1341836541.103403 -0.515160799 0.023597699 0.064570695 -0.002697292 0.097094990 0.028898256 0.994851828
1341836541.139243 -0.525838971 0.022535741 0.052150581 -0.002857631 0.098475009 0.029233363 0.994705975
1341836541.171340 -0.532972753 0.017707203 0.054743063 -0.005502643 0.101707973 0.028044697 0.994403720
1341836541.204384 -0.538813233 0.019495109 0.057473641 -0.004547241 0.104480013 0.029614212 0.994075596
1341836541.239253 -0.541897655 0.015314819 0.055146884 -0.005418206 0.104049690 0.031610269 0.994054914
1341836541.271362 -0.551259816 0.016605543 0.056544956 -0.006151381 0.106461748 0.031077160 0.993812025
1341836541.304263 -0.551251292 0.018082991 0.051674552 -0.006265820 0.106747530 0.031085674 0.993780375
1341836541.339433 -0.560678720 0.020018544 0.048017710 -0.007053500 0.108454384 0.029953143 0.993625045
1341836541.371310 -0.567865372 0.026434327 0.041986011 -0.006748285 0.109726965 0.031260103 0.993447125
1341836541.407187 -0.574707448 0.027549412 0.045661308 -0.008825272 0.113001004 0.030661097 0.993082464
1341836541.439348 -0.578164279 0.024780195 0.043597922 -0.010176182 0.113619551 0.029584141 0.993031621
1341836541.472293 -0.581333160 0.032157190 0.042724565 -0.008780002 0.114083149 0.029474096 0.992995083
1341836541.536336 -0.595851123 0.027917558 0.034817323 -0.011361335 0.117815472 0.030200796 0.992511153
1341836541.572445 -0.603988945 0.031691305 0.032956369 -0.011478593 0.120439880 0.032028947 0.992137432
1341836541.604378 -0.619885802 0.023943672 0.033637993 -0.014746934 0.123776086 0.030157279 0.991742194
1341836541.636347 -0.629331231 0.034273513 0.034268968 -0.012551781 0.126551792 0.031707451 0.991373658
1341836541.707556 -0.644892395 0.030011540 0.029226035 -0.014177371 0.130385622 0.033808153 0.990785301
1341836541.772337 -0.665776253 0.036342997 0.033973262 -0.015838088 0.133573130 0.036911048 0.990224659
1341836541.804378 -0.669378638 0.037387732 0.024549991 -0.014813397 0.132276744 0.036321104 0.990436375
1341836541.840291 -0.677351892 0.043263141 0.022396103 -0.014434312 0.132928610 0.035724089 0.990376353
1341836541.872463 -0.685956895 0.036365896 0.023801938 -0.018208409 0.135219634 0.031645041 0.990142763
1341836541.904436 -0.704619646 0.019601664 0.018652201 -0.018931961 0.138296708 0.029165089 0.989780247
1341836541.940356 -0.714604139 0.022962926 0.022087768 -0.014414594 0.140360579 0.029533241 0.989554882
1341836541.972296 -0.716910362 0.032986261 0.021493569 -0.010287918 0.141129628 0.031558514 0.989434481
1341836542.008370 -0.725332499 0.038561240 0.019681796 -0.008250908 0.141041532 0.032928258 0.989421487
1341836542.040580 -0.734382570 0.028059281 0.020661041 -0.009811278 0.141402423 0.031299461 0.989408612
1341836542.108713 -0.748647809 0.036198787 0.020391390 -0.003428490 0.142957777 0.031787250 0.989212275
1341836542.140542 -0.755731046 0.032697756 0.011384800 -0.002928364 0.141093820 0.032544944 0.989456773
1341836542.172392 -0.769481242 0.027988169 0.018486425 -0.003300731 0.142092511 0.033004873 0.989297450
1341836542.208374 -0.780913055 0.031301163 0.021440804 -0.001207043 0.142757833 0.033154208 0.989201427
1341836542.276490 -0.789165795 0.025610361 0.013347104 -0.001825364 0.143297851 0.034904145 0.989062190
1341836542.308326 -0.797209442 0.018045770 0.006814927 -0.002079640 0.142978847 0.033699032 0.989149690
1341836542.340362 -0.796875536 0.024634443 0.004223809 -0.000484288 0.142952740 0.033910498 0.989148259
1341836542.376345 -0.804910839 0.027286127 0.017508075 0.000076761 0.148266777 0.032936350 0.988398790
1341836542.408921 -0.821856856 0.020701727 0.015361279 0.001174727 0.152032107 0.032316409 0.987846375
1341836542.444516 -0.817215502 0.041664466 0.013724297 0.005261376 0.149356827 0.033781935 0.988192081
1341836542.476425 -0.821383536 0.030722331 0.020399556 -0.000495636 0.150733694 0.031189471 0.988082170
1341836542.508460 -0.844877839 0.023235558 0.007384777 -0.002751730 0.154269308 0.030180421 0.987563908
1341836542.544563 -0.832159281 0.038381733 0.022307575 -0.000809028 0.152427360 0.031922795 0.987798631
1341836542.576562 -0.830779076 0.034266863 0.020131990 -0.001725429 0.152982712 0.033877496 0.987646520
1341836542.608657 -0.844367385 0.027061354 0.022855058 -0.003012807 0.157372698 0.036773685 0.986849725
1341836542.644314 -0.862793684 0.039562464 0.032891378 0.001073151 0.157679200 0.039098568 0.986715496
1341836542.676494 -0.865590215 0.030369759 0.025446862 -0.000823741 0.155282587 0.036498055 0.987195313
1341836542.712387 -0.872297108 0.026750404 0.018546969 -0.001757057 0.154929921 0.036404803 0.987252951
1341836542.744408 -0.884431601 0.017739736 0.032563508 -0.004248360 0.155916303 0.034435038 0.987160742
1341836542.776383 -0.880474567 0.014553086 0.032231003 -0.005048683 0.153757900 0.035189144 0.987468839
1341836542.812247 -0.887372315 0.014450885 0.035272703 -0.004576341 0.155878961 0.036173001 0.987102985
1341836542.844426 -0.898690760 0.023102714 0.044856921 -0.002033743 0.156850204 0.039787143 0.986818552
1341836542.876340 -0.903524220 0.011582475 0.041657031 -0.003590727 0.155117691 0.040757149 0.987048328
1341836542.912372 -0.911446989 0.010093641 0.049130231 -0.003870549 0.154887766 0.040572848 0.987091005
1341836542.944447 -0.923418581 0.018512784 0.061819270 -0.002190070 0.155648246 0.040876176 0.986964047
1341836542.980341 -0.922955155 0.015924681 0.057734981 -0.002372500 0.153613552 0.040623818 0.987292767
1341836543.012422 -0.920510530 0.021622177 0.053574950 -0.001800162 0.154230818 0.042125270 0.987134755
1341836543.044312 -0.927864432 0.021477105 0.055641487 -0.002303401 0.155505151 0.044518072 0.986828744
1341836543.080484 -0.931721270 0.023831116 0.057154462 -0.002472085 0.155730560 0.046000615 0.986724794
1341836543.112482 -0.942779183 0.017340809 0.058382928 -0.005923719 0.157814056 0.045889311 0.986384213
1341836543.151803 -0.950295806 0.012877343 0.062255576 -0.007532841 0.159092724 0.044385735 0.986236632
1341836543.212330 -0.961660683 0.022605302 0.069982782 -0.005848696 0.162879080 0.048704173 0.985425830
1341836543.248396 -0.978370428 0.021655433 0.073583916 -0.005847871 0.165548623 0.051696811 0.984828353
1341836543.280522 -0.980302572 0.020133551 0.070081413 -0.007063207 0.164093107 0.050797742 0.985110700
1341836543.312360 -0.982527137 0.020899050 0.071944773 -0.007673149 0.164646611 0.046897721 0.985207200
1341836543.348486 -0.992841125 0.022587083 0.072281003 -0.008222328 0.166851044 0.046180297 0.984865725
1341836543.380347 -0.994520724 0.022078611 0.075068474 -0.008436172 0.168208569 0.049603287 0.984466434
1341836543.416470 -1.003050327 0.019274276 0.081692308 -0.008706167 0.171215981 0.052535959 0.983793318
1341836543.451421 -1.019672155 0.009068096 0.087696642 -0.010270170 0.172985941 0.053835038 0.983398318
1341836543.483494 -1.021285415 0.005294679 0.084699333 -0.010047514 0.173266649 0.052378654 0.983429790
1341836543.519290 -1.028193831 0.010633648 0.083718002 -0.008283826 0.175205886 0.053753238 0.983028412
1341836543.551512 -1.031525612 0.008074583 0.090519816 -0.009144709 0.175657973 0.055137169 0.982863426
1341836543.583524 -1.032667160 0.017121376 0.093401074 -0.007493009 0.178576052 0.053453285 0.982444525
1341836543.619354 -1.044044018 0.016260747 0.096875459 -0.008412336 0.182230487 0.055532940 0.981650352
1341836543.652624 -1.048055410 0.016664885 0.102589339 -0.008822103 0.182285026 0.056457561 0.981583893
1341836543.684407 -1.045960903 0.024920162 0.111645192 -0.008082022 0.182935238 0.055574484 0.981519699
1341836543.719296 -1.056639194 0.017224895 0.104000986 -0.010184654 0.185738012 0.056325652 0.980930746
1341836543.751406 -1.069558501 0.015544839 0.105299383 -0.010374007 0.186961308 0.056905866 0.980662823
1341836543.787380 -1.072672486 0.018990297 0.112916768 -0.009133067 0.187304839 0.059554391 0.980452359
1341836543.819690 -1.078784823 0.009430177 0.112581849 -0.011100373 0.188705951 0.058542013 0.980224311
1341836543.851349 -1.086288095 0.017483901 0.113908976 -0.009181057 0.189413637 0.059199642 0.980068147
1341836543.887421 -1.094616294 0.005806580 0.123247683 -0.011615158 0.189672232 0.060012359 0.979942918
1341836543.919383 -1.094053745 0.003767627 0.127421260 -0.012571204 0.188125700 0.059694801 0.980248570
1341836543.952337 -1.100406528 -0.000293422 0.133250147 -0.013894225 0.190384969 0.058956031 0.979839146
1341836543.987350 -1.104301214 0.005561312 0.134319633 -0.012095924 0.191208184 0.060650934 0.979599178
1341836544.019495 -1.108340859 0.004113417 0.137799978 -0.011856071 0.191820487 0.063672870 0.979290605
1341836544.052246 -1.114799857 -0.007390041 0.130410671 -0.014617870 0.192595348 0.063023366 0.979143202
1341836544.087492 -1.123572707 -0.005621247 0.146329135 -0.014196298 0.196072191 0.061854549 0.978533685
1341836544.119369 -1.125216722 0.004310311 0.147009224 -0.010439371 0.194027245 0.063710280 0.978869498
1341836544.155476 -1.123862624 -0.003164662 0.145021677 -0.014003027 0.193207711 0.061455343 0.979131222
1341836544.187341 -1.128586054 -0.002086289 0.146611929 -0.015029950 0.196525663 0.059779443 0.978559256
1341836544.220394 -1.135737777 0.004491320 0.152104169 -0.013427630 0.197486207 0.060987208 0.978314638
1341836544.255287 -1.139468670 0.000799090 0.161602437 -0.015618063 0.198210582 0.062955052 0.978010893
1341836544.287478 -1.142360091 -0.001973877 0.160391539 -0.018030167 0.199240997 0.061563689 0.977848649
1341836544.323292 -1.153692365 -0.000511933 0.160441101 -0.017513910 0.201883093 0.057620723 0.977556348
1341836544.355325 -1.156824708 0.003580520 0.153955311 -0.015788747 0.199315369 0.057044096 0.978146255
1341836544.387392 -1.155094266 0.007003265 0.159169525 -0.014364106 0.197846681 0.057811927 0.978421330
1341836544.423303 -1.158360839 0.004036378 0.165166259 -0.014340197 0.198730379 0.054846179 0.978413284
1341836544.455424 -1.162726283 0.005153176 0.160021186 -0.012939576 0.197642952 0.054235548 0.978687108
1341836544.491390 -1.167337894 -0.001825637 0.165671259 -0.015180614 0.196893498 0.051655278 0.978945494
1341836544.523560 -1.178499579 0.002705352 0.168849885 -0.013321430 0.199153200 0.051721696 0.978511870
1341836544.555305 -1.179126143 0.009192994 0.174961239 -0.011834457 0.197799191 0.050156657 0.978886962
1341836544.591370 -1.189111710 0.008235177 0.173489541 -0.013383787 0.197818920 0.044644441 0.979129970
1341836544.623377 -1.193748713 0.000835369 0.175719321 -0.016279932 0.197496250 0.042977899 0.979225814
1341836544.659348 -1.207895160 0.005057116 0.175023705 -0.014451377 0.197665796 0.040377010 0.979330957
1341836544.691325 -1.211081386 0.010545840 0.175077081 -0.013005363 0.198255450 0.041468993 0.979186416
1341836544.727518 -1.219574571 0.005227719 0.173361808 -0.014030864 0.198800862 0.042769991 0.979005694
1341836544.759494 -1.217350841 0.000513706 0.173262686 -0.014925595 0.196720809 0.042496301 0.979424477
1341836544.791668 -1.227937460 0.000031748 0.178866357 -0.014874254 0.197284117 0.041908886 0.979337215
1341836544.827466 -1.244518399 0.002373566 0.185002774 -0.014126680 0.199555293 0.041027740 0.978925347
1341836544.859305 -1.246129751 0.011843690 0.180872768 -0.011800275 0.197021380 0.040007118 0.979511499
1341836544.895467 -1.253499150 -0.010460078 0.186533272 -0.016928962 0.197725415 0.038641568 0.979349196
1341836544.927304 -1.253543496 -0.003234225 0.185345471 -0.015272240 0.199081823 0.040139735 0.979041338
1341836544.959325 -1.259684324 -0.014619162 0.181397259 -0.017016158 0.198763490 0.040987831 0.979042172
1341836544.995539 -1.267672539 -0.006177463 0.185146958 -0.013350572 0.199996904 0.042521738 0.978782356
1341836545.027344 -1.281478882 0.001055620 0.187812686 -0.011097653 0.202633187 0.041193910 0.978324950
1341836545.059375 -1.292608142 0.001482310 0.188605696 -0.011479327 0.204300001 0.041360751 0.977966785
1341836545.095388 -1.297200084 0.005005045 0.190388918 -0.010369957 0.204560176 0.043594547 0.977827787
1341836545.127468 -1.310818791 0.009862581 0.193031818 -0.008729391 0.207734391 0.044880148 0.977116168
1341836545.163386 -1.320431709 0.012173546 0.192459255 -0.007988960 0.209443346 0.047040809 0.976655960
1341836545.195497 -1.319282055 0.007591002 0.196095616 -0.010362230 0.207485706 0.049638737 0.976922870
1341836545.227397 -1.322565317 0.011067602 0.187936336 -0.010791459 0.207313836 0.045899436 0.977137506
1341836545.263290 -1.345508814 0.006533077 0.192080528 -0.012111251 0.213837758 0.044007286 0.975802302
1341836545.295536 -1.347244859 0.017777650 0.204186529 -0.009031684 0.215323761 0.048539087 0.975293815
1341836545.327474 -1.343510151 0.009784462 0.203821629 -0.009384939 0.213751212 0.051077560 0.975506783
1341836545.363462 -1.341377258 0.013791193 0.193010747 -0.008028957 0.213075578 0.052852616 0.975572109
1341836545.395566 -1.364193201 0.023467243 0.203023553 -0.006110831 0.216993988 0.053731184 0.974673927
1341836545.427508 -1.371037483 0.025319112 0.200309426 -0.007379446 0.217093840 0.059056740 0.974334717
1341836545.463411 -1.406692863 0.026550256 0.212538868 -0.011007480 0.226846039 0.059303813 0.972061098
1341836545.495417 -1.398051381 0.022969551 0.201724112 -0.013307289 0.224994808 0.063962974 0.972167134
1341836545.531468 -1.409224033 0.008839959 0.213160723 -0.017678594 0.226874158 0.064224869 0.971643329
1341836545.563294 -1.422543645 0.016495552 0.217402309 -0.015910914 0.229846343 0.065074518 0.970918536
1341836545.595508 -1.424787641 -0.000655159 0.221348196 -0.022338100 0.229600698 0.067520782 0.970682979
1341836545.631269 -1.444092155 0.017881576 0.220267177 -0.016853429 0.229995698 0.066372901 0.970779359
1341836545.663475 -1.451488137 0.018353621 0.222391695 -0.017439129 0.228988037 0.066583209 0.970992804
1341836545.695896 -1.465645432 0.012793275 0.206452549 -0.019932048 0.227062643 0.064413860 0.971543193
1341836545.731477 -1.463397622 -0.003377091 0.211451709 -0.026027108 0.224854752 0.063747041 0.971956372
1341836545.763607 -1.484132767 0.013516456 0.210660607 -0.022503443 0.227369517 0.061048117 0.971632540
1341836545.795383 -1.472780466 0.009300701 0.207482696 -0.024421923 0.225848898 0.065201789 0.971670985
1341836545.831377 -1.480147243 0.016635489 0.206229389 -0.022172304 0.227955624 0.065076292 0.971241295
1341836545.863348 -1.482254386 0.013267085 0.200654268 -0.021971634 0.227722794 0.062300313 0.971482456
1341836545.896341 -1.493582129 0.014421664 0.202518940 -0.022460172 0.228930950 0.060753301 0.971285284
1341836545.931585 -1.498812437 0.025051679 0.204193801 -0.021231361 0.229118809 0.058004305 0.971436679
1341836545.963501 -1.515010357 0.016682256 0.207533151 -0.023442829 0.231505513 0.053929541 0.971054673
1341836545.999215 -1.504128456 0.007146642 0.205479413 -0.027207976 0.228885978 0.057704654 0.971360445
1341836546.031467 -1.513041019 0.008279853 0.203781068 -0.027241496 0.231847569 0.057467937 0.970670938
1341836546.063373 -1.530998349 0.019917663 0.208665848 -0.024208069 0.237291500 0.056487404 0.969492614
1341836546.099306 -1.531167030 0.018620823 0.208000243 -0.025322946 0.237892196 0.058014534 0.969226658
1341836546.131834 -1.533195734 0.020069592 0.209695637 -0.025385300 0.238657668 0.060769990 0.968867958
1341836546.164355 -1.549020886 0.017662663 0.217144966 -0.025550978 0.243145749 0.060148999 0.967785835
1341836546.199264 -1.559861541 0.014839340 0.203507751 -0.025530679 0.243198067 0.059967499 0.967784464
1341836546.231493 -1.560757041 0.023596190 0.200694323 -0.022747820 0.243206918 0.061807711 0.967735887
1341836546.264287 -1.559378147 0.016552556 0.205403775 -0.024022292 0.242651314 0.064119741 0.967694104
1341836546.299427 -1.571265936 0.024776381 0.207074612 -0.021876585 0.244008526 0.062477354 0.967511117
1341836546.331292 -1.571045876 0.016428426 0.209649652 -0.024467178 0.243147984 0.061307065 0.967740595
1341836546.367416 -1.573833227 0.013820633 0.213195443 -0.024887182 0.242583245 0.059484854 0.967985272
1341836546.399555 -1.579742432 0.015049785 0.202288330 -0.024445595 0.240338400 0.057854548 0.968655109
1341836546.432297 -1.584557533 0.019190349 0.204155892 -0.024819154 0.240122512 0.054682422 0.968883336
1341836546.467482 -1.593079567 0.010482442 0.206357449 -0.026986085 0.241516039 0.051529359 0.968651831
1341836546.499225 -1.601678252 0.008535653 0.213817656 -0.026780048 0.245181426 0.052718826 0.967672288
1341836546.535507 -1.612334490 0.014362339 0.216021121 -0.024953878 0.248750582 0.054982837 0.966683686
1341836546.567385 -1.613547564 0.010244232 0.212362707 -0.025175389 0.248794839 0.056669995 0.966569126
1341836546.599295 -1.617615700 0.007054403 0.218854427 -0.025863992 0.248530298 0.053580005 0.966795206
1341836546.635406 -1.620347023 0.007829744 0.220010638 -0.025965821 0.249201566 0.050295472 0.966796100
1341836546.668046 -1.627619505 0.001392324 0.220899999 -0.027390748 0.249379262 0.049635977 0.966745079
1341836546.703485 -1.643192887 0.006194152 0.230929613 -0.025204808 0.251927078 0.049294464 0.966161251
1341836546.738692 -1.639016390 0.003776763 0.222324729 -0.024969032 0.249969706 0.048020761 0.966739714
1341836546.803475 -1.657498837 0.016113367 0.240612090 -0.020967573 0.254116476 0.045483150 0.965875983
1341836546.868495 -1.663102746 0.009978540 0.242757559 -0.021894619 0.254698366 0.046491526 0.965654135
1341836546.900379 -1.684224963 0.011448357 0.249212503 -0.020942403 0.256745726 0.047570217 0.965080380
1341836546.932517 -1.689472795 0.010633349 0.258300781 -0.020812247 0.254820347 0.050198946 0.965460241
1341836546.971295 -1.701499462 0.012594335 0.263606131 -0.021390641 0.255399168 0.047196619 0.965446115
1341836547.032580 -1.712497234 0.018517077 0.261297405 -0.022209557 0.253502071 0.051516518 0.965706706
1341836547.068622 -1.712779522 0.018464502 0.258364081 -0.022063514 0.252515703 0.052120600 0.965936065
1341836547.100577 -1.734221339 0.010656711 0.274893820 -0.024974795 0.258735895 0.049605217 0.964350224
1341836547.136348 -1.737752199 0.021086749 0.267515481 -0.020940291 0.262152702 0.056368187 0.963151097
1341836547.168609 -1.752386808 0.020689003 0.272162735 -0.021171158 0.266154379 0.060557812 0.961793303
1341836547.200315 -1.765414953 0.018271208 0.278207242 -0.022770479 0.271899670 0.064690322 0.959878743
1341836547.236411 -1.773599863 0.017572872 0.276754975 -0.023944747 0.271435231 0.063875705 0.960036159
1341836547.269507 -1.777235746 0.013584685 0.273862243 -0.024339940 0.270103872 0.066076152 0.960252762
1341836547.300389 -1.789359689 0.017593201 0.294165790 -0.024383733 0.273870081 0.065361589 0.959233284
1341836547.336435 -1.806004286 0.023045897 0.300255716 -0.024041083 0.276671559 0.065044776 0.958459198
1341836547.368600 -1.813418150 0.014858961 0.285113215 -0.026657956 0.275735527 0.067968458 0.958456874
1341836547.404507 -1.820395470 0.007927239 0.286782146 -0.029540293 0.275874138 0.068543769 0.958291471
1341836547.436484 -1.817677855 0.002539016 0.285469532 -0.031951055 0.272928506 0.065822378 0.959247947
1341836547.475394 -1.840996742 0.016953096 0.308946967 -0.027267367 0.280078173 0.065095745 0.957379401
1341836547.536533 -1.856868029 0.021499392 0.318176866 -0.025138348 0.279555768 0.063983992 0.957665265
1341836547.568431 -1.871580362 0.023342337 0.319685459 -0.024812810 0.280067861 0.062951811 0.957592487
1341836547.604254 -1.863165259 0.011622943 0.311849594 -0.026863934 0.275447994 0.065433681 0.958710194
1341836547.636420 -1.871969461 0.000993043 0.316675305 -0.028892336 0.276058912 0.064523920 0.958537102
1341836547.672322 -1.889894724 0.007965960 0.330576003 -0.026146639 0.279233515 0.063736878 0.957748771
1341836547.704389 -1.894798636 0.009463575 0.339013755 -0.025557749 0.278535962 0.065070704 0.957878053
1341836547.736516 -1.898489594 0.011452563 0.321840286 -0.024623990 0.273495823 0.064037561 0.959423244
1341836547.772413 -1.910880089 0.014552202 0.323221266 -0.023146693 0.274031311 0.064242914 0.959293425
1341836547.804409 -1.904166818 0.011448037 0.336386919 -0.022956152 0.274018437 0.067037597 0.959110439
1341836547.840336 -1.908978462 0.009900536 0.339115322 -0.022705855 0.274333924 0.068231247 0.958942056
1341836547.872370 -1.908570051 -0.004771747 0.335477412 -0.025191559 0.270874649 0.069434129 0.959776640
1341836547.904524 -1.924929500 0.001631513 0.349197984 -0.023458879 0.272754788 0.069488108 0.959284067
1341836547.940212 -1.935004234 0.002951581 0.350111663 -0.021714507 0.273450404 0.069739230 0.959108889
1341836547.972282 -1.937901497 0.006585997 0.348947346 -0.021427631 0.269885957 0.068621963 0.960204899
1341836548.004382 -1.945763826 -0.006842609 0.354762852 -0.024733052 0.271200776 0.070378073 0.959627748
1341836548.040419 -1.957993150 0.009489913 0.358167827 -0.020637430 0.272939146 0.071627624 0.959139109
1341836548.072298 -1.948512077 -0.004707880 0.370111942 -0.022716193 0.272348762 0.073650174 0.959106743
1341836548.108439 -1.959786654 -0.010704976 0.366837263 -0.023646871 0.272521675 0.071571559 0.959192514
1341836548.140411 -1.954412818 -0.008437999 0.365739048 -0.022575427 0.269685596 0.072151937 0.959976137
1341836548.172332 -1.963433504 -0.004258726 0.375223935 -0.021421123 0.270114750 0.071308143 0.959944963
1341836548.208477 -1.968211055 -0.014241442 0.391797304 -0.024888020 0.270245105 0.069470353 0.959959388
1341836548.240362 -1.975741267 -0.011652160 0.377633154 -0.024380345 0.268098712 0.066372238 0.960793138
1341836548.272973 -1.984233618 -0.010880198 0.383231342 -0.024451753 0.269807488 0.065013893 0.960405767
1341836548.308412 -1.986046791 -0.009732772 0.387358248 -0.024293752 0.269586325 0.066529505 0.960368097
1341836548.340462 -1.996420383 -0.008402675 0.395577729 -0.023830932 0.272380412 0.065624155 0.959653318
1341836548.376493 -1.996992826 -0.023037702 0.406918645 -0.026340893 0.277592450 0.071368605 0.957682192
1341836548.411379 -1.999866724 -0.017131113 0.410257339 -0.024221143 0.277850151 0.073011100 0.957539558
1341836548.443599 -2.003863335 -0.019403215 0.406244814 -0.023981158 0.276652515 0.073353961 0.957866132
1341836548.479367 -2.005766630 -0.023990497 0.413631380 -0.025355577 0.278824985 0.073100209 0.957220018
1341836548.511578 -2.011571407 -0.023649298 0.414336026 -0.024285391 0.279430121 0.076032326 0.956842780
1341836548.543463 -2.025532722 -0.023880266 0.409337044 -0.023314534 0.279524922 0.074755743 0.956939816
1341836548.579379 -2.031035185 -0.021619912 0.411910415 -0.022121269 0.281343281 0.074047796 0.956490219
1341836548.611299 -2.020771265 -0.027274080 0.422049403 -0.023303926 0.280207485 0.077445596 0.956526458
1341836548.644283 -2.029155493 -0.029729195 0.430798054 -0.022986026 0.283370376 0.078015544 0.955555558
1341836548.679357 -2.040437698 -0.028971188 0.439565003 -0.022260241 0.288014203 0.078881398 0.954112172
1341836548.711385 -2.052442789 -0.021632008 0.443784416 -0.019891741 0.291712731 0.081017420 0.952861071
1341836548.744381 -2.068564653 -0.008794721 0.450042069 -0.015339010 0.295485944 0.081811599 0.951714039
1341836548.779339 -2.068480253 -0.024075322 0.446357429 -0.018904023 0.296798319 0.082705498 0.951164126
1341836548.811351 -2.081323147 -0.038618155 0.434051335 -0.022767542 0.298876226 0.084164254 0.950300515
1341836548.847326 -2.086122990 -0.043527924 0.422604561 -0.021998057 0.298472613 0.088213742 0.950078189
1341836548.879497 -2.096422195 -0.029325575 0.424983799 -0.017809531 0.300183564 0.086764216 0.949760318
1341836548.912408 -2.097495556 -0.030053645 0.422864556 -0.016799938 0.300937116 0.086663902 0.949549317
1341836548.947401 -2.102878809 -0.035102829 0.446642876 -0.017280022 0.304128915 0.089429028 0.948266566
1341836549.015475 -2.114412069 -0.036787368 0.449770033 -0.018423364 0.309182912 0.087555259 0.946784317
1341836549.080349 -2.139991522 -0.040637054 0.455394328 -0.018450713 0.315441728 0.091891482 0.944305062
1341836549.115351 -2.142862797 -0.018974200 0.443002820 -0.013727401 0.311956674 0.091395207 0.945590556
1341836549.147492 -2.164868593 -0.029096015 0.446016371 -0.017869027 0.313057333 0.084846765 0.945767879
1341836549.183418 -2.166932106 -0.036807738 0.446479678 -0.020380696 0.313225776 0.086161114 0.945542455
1341836549.215378 -2.173198938 -0.042991295 0.446468771 -0.020957557 0.313573331 0.090989202 0.944962144
1341836549.247531 -2.182330370 -0.035697900 0.454345822 -0.019980883 0.315783709 0.088931054 0.944443047
1341836549.283330 -2.187570810 -0.039250933 0.451498389 -0.020738894 0.315107405 0.086109087 0.944913983
1341836549.315584 -2.197062016 -0.040023126 0.450509608 -0.020197125 0.313970536 0.086640641 0.945255518
1341836549.348171 -2.191648483 -0.041709945 0.457945347 -0.020854037 0.313451886 0.087348588 0.945348203
1341836549.383316 -2.196198940 -0.040676355 0.460905135 -0.021135373 0.313151658 0.084099762 0.945735991
1341836549.415365 -2.214990139 -0.041516453 0.476809800 -0.020990681 0.315996885 0.080486067 0.945107043
1341836549.451370 -2.213630438 -0.052134663 0.475251079 -0.022981316 0.314665139 0.080911383 0.945468724
1341836549.483381 -2.222401857 -0.049475402 0.472964406 -0.021368999 0.315497339 0.080910407 0.945229232
1341836549.515395 -2.244367838 -0.043189012 0.471933603 -0.019666987 0.317491502 0.077776343 0.944861472
1341836549.551462 -2.247381210 -0.047312714 0.480030060 -0.019764757 0.318649203 0.077028573 0.944530904
1341836549.583462 -2.240977764 -0.053609386 0.465780675 -0.018231569 0.316165775 0.081237048 0.945043564
1341836549.619282 -2.243460178 -0.061073862 0.465306997 -0.019335639 0.315711617 0.081522346 0.945148885
1341836549.651473 -2.251076221 -0.052592002 0.472954035 -0.016721811 0.316801548 0.080690123 0.944905400
1341836549.683367 -2.254770279 -0.062815890 0.470843256 -0.017986227 0.316611350 0.081341304 0.944890141
1341836549.719230 -2.264661789 -0.050930291 0.464083850 -0.012463007 0.315441340 0.081969179 0.945316076
1341836549.751414 -2.274956703 -0.070166714 0.455009818 -0.016442565 0.314092606 0.080732271 0.945810616
1341836549.787507 -2.289940834 -0.060923040 0.467544556 -0.014077023 0.316256881 0.080416016 0.945154309
1341836549.819340 -2.282710552 -0.055288315 0.476456106 -0.012706175 0.313952386 0.079465725 0.946022034
1341836549.851680 -2.293284893 -0.061406478 0.481883407 -0.014719810 0.314227998 0.078095205 0.946015477
1341836549.887374 -2.294126749 -0.041421860 0.478656411 -0.010487450 0.310789168 0.077649347 0.947243750
1341836549.919465 -2.305317402 -0.047396064 0.489426374 -0.012237393 0.310858309 0.077041052 0.947249711
1341836549.955410 -2.306906462 -0.048263930 0.486836135 -0.011655512 0.309120089 0.077046916 0.947825253
1341836549.987370 -2.311698914 -0.051335149 0.489903569 -0.011814769 0.308484137 0.076395929 0.948083103
1341836550.019353 -2.333615303 -0.064819098 0.493056834 -0.016770292 0.309207648 0.072336480 0.948091149
1341836550.055341 -2.337819815 -0.049433224 0.495060742 -0.014326233 0.308761150 0.073196061 0.948210776
1341836550.087353 -2.335443020 -0.035001799 0.486866772 -0.011304070 0.305483103 0.073730052 0.949271381
1341836550.119416 -2.334490061 -0.060278125 0.505981147 -0.015932376 0.308798432 0.074511565 0.948070526
1341836550.155369 -2.342309475 -0.056033835 0.510125101 -0.014757323 0.308729202 0.074374855 0.948122799
1341836550.187297 -2.339468479 -0.057891451 0.508402526 -0.015117665 0.306599051 0.076165900 0.948666036
1341836550.223427 -2.343360662 -0.058677912 0.513125420 -0.015614775 0.307915002 0.077144980 0.948152542
1341836550.255383 -2.359748602 -0.060740888 0.506444216 -0.016562711 0.307603806 0.076154642 0.948317468
1341836550.320516 -2.371159554 -0.069454975 0.525920868 -0.018487720 0.305238366 0.072456874 0.949335396
1341836550.352459 -2.376870394 -0.071686894 0.535921037 -0.019194121 0.306225508 0.069492951 0.949225068
1341836550.384560 -2.381441355 -0.066855505 0.538993835 -0.017617200 0.306503385 0.071432583 0.949021935
1341836550.420444 -2.386410236 -0.061427258 0.551428139 -0.016477639 0.307680249 0.074364513 0.948436260
1341836550.452358 -2.386087179 -0.081403479 0.552345455 -0.020939790 0.307899266 0.076361775 0.948118329
1341836550.484436 -2.375030518 -0.069050476 0.554219782 -0.016514450 0.306388050 0.077597767 0.948594868
1341836550.520427 -2.377696037 -0.065175891 0.554037035 -0.014770174 0.304183990 0.080501795 0.949090838
1341836550.552434 -2.383259296 -0.069143265 0.562191010 -0.015922412 0.305310518 0.081356026 0.948637545
1341836550.588509 -2.382558346 -0.063363172 0.563283980 -0.014130107 0.304228693 0.081315368 0.949016929
1341836550.620438 -2.395830870 -0.062535115 0.571619332 -0.012797018 0.305242926 0.082795955 0.948581994
1341836550.652656 -2.413702488 -0.072998360 0.573245108 -0.016634952 0.307350397 0.083112970 0.947813928
1341836550.688439 -2.414247513 -0.075935282 0.578005731 -0.017099846 0.309047997 0.085517824 0.947039425
1341836550.720423 -2.420287371 -0.067865551 0.574217200 -0.013867373 0.309077859 0.087442070 0.946906805
1341836550.752434 -2.427333117 -0.075895600 0.590240657 -0.015946593 0.309953570 0.087095335 0.946619689
1341836550.788573 -2.421144247 -0.071728505 0.602385879 -0.014294781 0.310226411 0.087435454 0.946525395
1341836550.820368 -2.424850941 -0.075716130 0.607708097 -0.015667897 0.312232763 0.088128850 0.945779324
1341836550.856414 -2.426297665 -0.084670261 0.614149749 -0.018330358 0.313164532 0.088868774 0.945354104
1341836550.888343 -2.431749105 -0.080584414 0.614867926 -0.016650733 0.313539714 0.087294944 0.945407391
1341836550.920432 -2.451144457 -0.082726382 0.612417221 -0.017176392 0.317527086 0.085990310 0.944186032
1341836550.956331 -2.452621222 -0.080379829 0.620526314 -0.017157344 0.319763184 0.086878307 0.943350077
1341836550.988524 -2.456987381 -0.080979176 0.619195402 -0.016393417 0.321190357 0.089209512 0.942660928
1341836551.020555 -2.466040611 -0.081592821 0.622234821 -0.015323414 0.323005259 0.089504421 0.942030668
1341836551.056360 -2.469020605 -0.080679961 0.634559095 -0.015300439 0.324972034 0.087894551 0.941506028
1341836551.088410 -2.472026825 -0.075571135 0.642411530 -0.013605352 0.328506440 0.089016922 0.940199137
1341836551.124405 -2.468822002 -0.086608432 0.634260952 -0.015261625 0.326289982 0.090908132 0.940764368
1341836551.156413 -2.479125977 -0.082719721 0.637001693 -0.014031399 0.328213423 0.088709205 0.940324306
1341836551.188336 -2.485190868 -0.088187583 0.641742945 -0.015647529 0.331861585 0.089054942 0.938984692
1341836551.224358 -2.498455048 -0.084278084 0.629999816 -0.014671204 0.331716150 0.091484360 0.938818276
1341836551.256305 -2.500844002 -0.087029509 0.633991599 -0.014903626 0.332961828 0.093335815 0.938191235
1341836551.292276 -2.507886887 -0.088424750 0.638390839 -0.015433538 0.336504817 0.093106873 0.936940432
1341836551.326846 -2.517838478 -0.085710637 0.645153821 -0.014320731 0.339299232 0.094189242 0.935841501
1341836551.356394 -2.522759438 -0.089975707 0.642640233 -0.014475782 0.338881373 0.096347995 0.935770810
1341836551.392345 -2.510814428 -0.094156288 0.657088995 -0.015250270 0.339955330 0.097612195 0.935237765
1341836551.424392 -2.532978773 -0.100893326 0.665993571 -0.015701117 0.346213013 0.098362394 0.932853043
1341836551.456321 -2.538790464 -0.098024771 0.665256917 -0.013303924 0.346122384 0.099813171 0.932769835
1341836551.492455 -2.546770096 -0.110081986 0.670067608 -0.013461115 0.348040372 0.100845106 0.931942582
1341836551.524730 -2.549395323 -0.101234809 0.676831126 -0.009992405 0.349310905 0.099341378 0.931672335
1341836551.560490 -2.550569057 -0.105001464 0.662572861 -0.010754767 0.345245719 0.098568007 0.933259904
1341836551.592523 -2.560270309 -0.103844278 0.666229069 -0.009590216 0.346650749 0.099454105 0.932657540
1341836551.624484 -2.561907530 -0.105863936 0.660873413 -0.011028468 0.346033156 0.100732185 0.932733834
1341836551.660534 -2.568550348 -0.110212855 0.668114901 -0.013164097 0.346203536 0.099972509 0.932724655
1341836551.692452 -2.566365957 -0.100672081 0.676164269 -0.012305700 0.346232772 0.096309409 0.933110893
1341836551.724354 -2.564981461 -0.104521826 0.685304642 -0.013086789 0.346009672 0.097217076 0.933088899
1341836551.760297 -2.578841686 -0.099131107 0.693664610 -0.012453635 0.348904341 0.096622065 0.932080925
1341836551.792285 -2.583137512 -0.108952910 0.696287870 -0.015754532 0.351157963 0.097031303 0.931141675
1341836551.828378 -2.582288504 -0.104177333 0.697348118 -0.015131667 0.349991232 0.096982174 0.931596279
1341836551.860476 -2.598973036 -0.101136021 0.698310196 -0.014271216 0.351570010 0.097258344 0.930986404
1341836551.892485 -2.598675489 -0.106182471 0.702430010 -0.015669772 0.352259904 0.096900985 0.930740356
1341836551.928290 -2.594183445 -0.115714610 0.697191954 -0.016778816 0.351177394 0.097310483 0.931087315
1341836551.960486 -2.611764193 -0.104275718 0.709715486 -0.012515756 0.354762673 0.097949982 0.929727197
1341836551.992344 -2.609091282 -0.111797690 0.713141799 -0.013942274 0.352687597 0.097645074 0.930528104
1341836552.028600 -2.600273609 -0.119220957 0.726527333 -0.015708512 0.352437705 0.096510403 0.930712998
1341836552.060303 -2.608719826 -0.117539994 0.717423320 -0.014274892 0.352287352 0.096913755 0.930751085
1341836552.096567 -2.614390612 -0.118516773 0.726560473 -0.014551168 0.353539765 0.097786240 0.930180490
1341836552.131524 -2.617991924 -0.113601744 0.737055659 -0.013404828 0.354013562 0.096242458 0.930178523
1341836552.163502 -2.628040314 -0.119964860 0.734583855 -0.014258597 0.356040329 0.096418537 0.929373682
1341836552.199321 -2.631201267 -0.118910767 0.723769903 -0.013386713 0.356071860 0.098170422 0.929191172
1341836552.231433 -2.637873650 -0.114833817 0.726843476 -0.011422470 0.357372761 0.099997252 0.928522885
1341836552.264218 -2.636886120 -0.129098922 0.739980817 -0.016306363 0.360086977 0.099455990 0.927458882
1341836552.299306 -2.648777246 -0.125895530 0.741453528 -0.014677000 0.364330143 0.100503072 0.925714493
1341836552.331302 -2.648021221 -0.121260688 0.742318630 -0.012460445 0.363924831 0.103388287 0.925588608
1341836552.364350 -2.657498121 -0.120727584 0.751136720 -0.014646177 0.365999907 0.102193631 0.924870789
1341836552.399343 -2.663089752 -0.126753271 0.757241726 -0.017270239 0.369448543 0.100999676 0.923584580
1341836552.431418 -2.672374249 -0.120922059 0.761963069 -0.014216201 0.371718228 0.102452941 0.922565341
1341836552.467415 -2.674401522 -0.128360271 0.766810954 -0.015328580 0.372985780 0.107283100 0.921486318
1341836552.499249 -2.688514471 -0.128079817 0.768065035 -0.016101172 0.376278549 0.106055886 0.920275688
1341836552.532418 -2.697645426 -0.126670823 0.767601311 -0.014517509 0.377773255 0.106259361 0.919665992
1341836552.567368 -2.699872732 -0.131808832 0.772971928 -0.014313904 0.377815932 0.107508980 0.919506431
1341836552.599391 -2.711130142 -0.119865507 0.769581318 -0.009604497 0.377736837 0.109043062 0.919419527
1341836552.635473 -2.715043545 -0.122710750 0.776311040 -0.010457258 0.377770782 0.107165508 0.919616997
1341836552.667375 -2.716871262 -0.131584316 0.794098079 -0.011857105 0.380757064 0.108059168 0.918262839
1341836552.699343 -2.718360424 -0.132256657 0.792236567 -0.010277915 0.380560309 0.112781510 0.917795479
1341836552.735425 -2.723175287 -0.129702181 0.790140152 -0.008410174 0.379619926 0.113315433 0.918138087
1341836552.768247 -2.733712435 -0.140187368 0.802097142 -0.010227867 0.383469105 0.111887492 0.916694045
1341836552.803477 -2.733435392 -0.147073224 0.801073968 -0.011352963 0.383416027 0.111900888 0.916701376
1341836552.864617 -2.749819517 -0.144129336 0.803185761 -0.008419471 0.386731595 0.113792449 0.915106058
1341836552.900505 -2.760986805 -0.143750653 0.814983487 -0.009050743 0.391196132 0.111558855 0.913475931
1341836552.932361 -2.764247417 -0.143725708 0.802951753 -0.007087915 0.389310122 0.114991195 0.913873315
1341836552.964441 -2.771740675 -0.138414249 0.809733391 -0.006339364 0.391560316 0.116179168 0.912766516
1341836553.001338 -2.777016401 -0.144146532 0.812031448 -0.008629960 0.393040657 0.114535242 0.912319124
1341836553.032376 -2.773725986 -0.148185119 0.820300519 -0.009028108 0.392434299 0.115086019 0.912506998
1341836553.068569 -2.778247833 -0.164416879 0.823475480 -0.012885747 0.392271161 0.114728399 0.912575841
1341836553.100441 -2.783014536 -0.165979072 0.827656269 -0.013328317 0.393661231 0.113690682 0.912100673
1341836553.132383 -2.788736343 -0.169447020 0.824872613 -0.014118465 0.394386441 0.113909587 0.911748111
1341836553.168938 -2.794024467 -0.168618932 0.832135677 -0.013622320 0.395975053 0.113634989 0.911101162
1341836553.200403 -2.804533958 -0.170470759 0.834622145 -0.014596017 0.397555351 0.112916656 0.910486996
1341836553.232423 -2.812373400 -0.170613080 0.837396145 -0.014296783 0.399731815 0.112668142 0.909569085
1341836553.269564 -2.815645695 -0.167056620 0.842684031 -0.012773229 0.400610685 0.112654805 0.909206688
1341836553.300359 -2.820844650 -0.162987456 0.842495322 -0.010599741 0.400409490 0.112325206 0.909364045
1341836553.336411 -2.812779903 -0.168922409 0.842396498 -0.011364940 0.400173306 0.112162545 0.909478843
1341836553.368474 -2.826625109 -0.168516248 0.856204510 -0.009219036 0.404122263 0.113537006 0.907584429
1341836553.400445 -2.832081795 -0.159629002 0.862151027 -0.005898026 0.403677642 0.113639839 0.907797098
1341836553.436421 -2.829921722 -0.167725250 0.859449983 -0.007554809 0.402236432 0.114049323 0.908372998
1341836553.468477 -2.835850954 -0.162120804 0.858458877 -0.005581075 0.403042376 0.113071546 0.908152282
1341836553.504461 -2.856562138 -0.171265438 0.864241838 -0.007523149 0.404368728 0.114016771 0.907430172
1341836553.536341 -2.856147766 -0.172900319 0.869161725 -0.008105827 0.403714716 0.114440665 0.907662928
1341836553.568459 -2.864272118 -0.176691234 0.874017239 -0.008572078 0.407050729 0.115088992 0.906085372
1341836553.604432 -2.868663788 -0.169022128 0.872427583 -0.004039243 0.406140447 0.116318233 0.906368375
1341836553.636456 -2.853524923 -0.166957214 0.866755486 -0.002387070 0.401007742 0.116439447 0.908641279
1341836553.668714 -2.857550621 -0.175568610 0.875019073 -0.004375714 0.402657509 0.114418067 0.908160925
1341836553.704420 -2.860057354 -0.177571803 0.873359680 -0.005078682 0.402676612 0.115187742 0.908051491
1341836553.736432 -2.866454124 -0.168375686 0.883480668 -0.003451730 0.402113497 0.116098605 0.908192635
1341836553.772413 -2.865718842 -0.175731644 0.884706140 -0.003447522 0.401989728 0.115886375 0.908274591
1341836553.805308 -2.878095627 -0.187248975 0.890068889 -0.004629074 0.403700799 0.115513377 0.907557607
1341836553.836430 -2.881840706 -0.180312008 0.892037034 0.000976144 0.403369427 0.118293412 0.907358110
1341836553.872431 -2.884348392 -0.178970337 0.893369555 0.004089546 0.403348565 0.118429191 0.907341003
1341836553.904605 -2.883210659 -0.191422388 0.904261351 0.001950799 0.403849065 0.115543410 0.907497585
1341836553.936434 -2.885809898 -0.191799104 0.899784446 0.003018438 0.401059240 0.112812065 0.909074128
1341836553.972533 -2.877698898 -0.201096714 0.900070548 0.003449948 0.398376614 0.112325490 0.910311580
1341836554.004482 -2.883553028 -0.193635046 0.914391160 0.005735137 0.402179956 0.108688764 0.909068286
1341836554.040423 -2.888197660 -0.196816385 0.920758486 0.006632224 0.405074418 0.110325925 0.907578647
1341836554.075305 -2.891418934 -0.194870159 0.921603084 0.010738512 0.403173596 0.113521487 0.907991588
1341836554.140435 -2.892878532 -0.211499065 0.929894805 0.008011711 0.403092474 0.111275963 0.908333659
1341836554.172892 -2.897816181 -0.199395835 0.928778291 0.011789490 0.401368737 0.112253346 0.908935308
1341836554.209182 -2.907577753 -0.199507684 0.946073294 0.013420551 0.402499437 0.111062631 0.908558905
1341836554.243518 -2.902223110 -0.199621171 0.940659881 0.014211524 0.401980877 0.110736504 0.908816218
1341836554.278265 -2.914050579 -0.193605125 0.948409557 0.016174188 0.407242656 0.113136604 0.906141281
1341836554.343525 -2.908669472 -0.210829780 0.950958252 0.015493666 0.409447640 0.120764375 0.904172897
1341836554.408617 -2.918842554 -0.203468114 0.965695262 0.017791774 0.411369175 0.115780339 0.903910279
1341836554.476388 -2.925680161 -0.203524470 0.969144821 0.015631381 0.412255019 0.113989539 0.903774202
1341836554.511752 -2.926584244 -0.204926729 0.967680812 0.014464191 0.412839741 0.112075344 0.903766155
1341836554.545324 -2.935689926 -0.205599248 0.971062779 0.013405520 0.417431265 0.112499855 0.901618123
1341836554.576365 -2.945987701 -0.201023012 0.973871469 0.013888904 0.420802355 0.116096288 0.899585545
1341836554.611474 -2.956380606 -0.204887211 0.987240314 0.012459229 0.426041335 0.117288977 0.896982074
1341836554.643517 -2.957640171 -0.210127026 0.990328193 0.011433838 0.428422630 0.118384838 0.895716608
1341836554.679301 -2.954830170 -0.211031839 0.991826653 0.011397902 0.430005640 0.119271576 0.894840539
1341836554.711387 -2.959879637 -0.206911847 0.999572754 0.012951912 0.434078693 0.119892500 0.892767489
1341836554.744294 -2.961782932 -0.215837583 1.000793695 0.011001701 0.436167389 0.122442693 0.891428530
1341836554.779243 -2.968234062 -0.221333340 1.004267097 0.009193306 0.437993377 0.123663843 0.890384495
1341836554.811465 -2.970581055 -0.213296533 1.012216449 0.009995522 0.439748734 0.120517328 0.889941990
1341836554.844421 -2.983083010 -0.220958993 1.002782583 0.008691940 0.440385193 0.122260965 0.889402926
1341836554.879285 -2.987823486 -0.212607011 1.013002157 0.011056243 0.441538692 0.123903438 0.888577163
1341836554.911347 -2.989941597 -0.224180952 1.016272068 0.008762286 0.441544950 0.123408034 0.888668537
1341836554.947423 -2.997332096 -0.225950405 1.018769860 0.008546520 0.442910284 0.121661291 0.888231933
1341836554.979379 -3.003284454 -0.230215237 1.026811481 0.007475605 0.445975333 0.123671971 0.886428475
1341836555.012388 -2.996207237 -0.231682122 1.036247969 0.008604013 0.446341246 0.128236532 0.885585070
1341836555.047398 -2.995695353 -0.227167189 1.031985044 0.009298502 0.445236504 0.127539948 0.886234462
1341836555.079410 -2.998434305 -0.228859887 1.038528323 0.008498533 0.446828574 0.126156822 0.885639012
1341836555.115333 -3.002563238 -0.223614022 1.040570498 0.011587015 0.447020113 0.127145991 0.885365844
1341836555.147403 -3.013194084 -0.233308524 1.042389989 0.009425391 0.448729306 0.127787068 0.884434104
1341836555.179327 -3.017184734 -0.228501603 1.047008395 0.010416010 0.450816035 0.126659870 0.883523464
1341836555.215254 -3.022618294 -0.234771922 1.041961908 0.009473533 0.449685544 0.124781154 0.884377122
1341836555.247478 -3.019711018 -0.233938888 1.050407052 0.008734970 0.449832261 0.124262422 0.884383082
1341836555.283336 -3.020835876 -0.245948136 1.052915812 0.006320033 0.452252209 0.125933722 0.882931888
1341836555.315509 -3.026100159 -0.234753773 1.053772330 0.009168345 0.452648669 0.126944497 0.882558942
1341836555.347557 -3.021025181 -0.241801828 1.067015648 0.007782007 0.453402996 0.127860323 0.882052720
1341836555.383389 -3.022938251 -0.243754745 1.071938038 0.007736089 0.454597563 0.127923459 0.881428838
1341836555.415569 -3.024755955 -0.243761659 1.077701092 0.008867605 0.454180896 0.127920717 0.881633341
1341836555.451666 -3.023111343 -0.247153461 1.074160457 0.008293680 0.453410059 0.127106667 0.882153332
1341836555.483306 -3.030178308 -0.241485119 1.074448228 0.009465496 0.456119359 0.128631383 0.880522311
1341836555.515620 -3.033259630 -0.247816056 1.076374531 0.009215126 0.456910193 0.132678568 0.879513860
1341836555.551593 -3.030472279 -0.239230752 1.069101214 0.011663090 0.455967814 0.133004948 0.879924476
1341836555.583395 -3.027661562 -0.243105799 1.080638289 0.010206584 0.459232062 0.133166716 0.878218830
1341836555.619267 -3.027374744 -0.238884196 1.086268544 0.013011020 0.459903002 0.132415280 0.877944291
1341836555.651764 -3.027489662 -0.242384672 1.087364435 0.013150865 0.459279299 0.132289127 0.878287613
1341836555.683433 -3.023268700 -0.254623652 1.088264942 0.010973711 0.461500108 0.133814156 0.876921356
1341836555.719341 -3.026182175 -0.246937543 1.087910771 0.014830152 0.462323964 0.134313032 0.876354158
1341836555.751564 -3.026793957 -0.246698856 1.088766217 0.015778799 0.461263090 0.135297969 0.876744986
1341836555.787315 -3.025994301 -0.253730536 1.093132377 0.011383889 0.463412941 0.134063020 0.875868678
1341836555.819769 -3.029928207 -0.253919244 1.092078090 0.011372373 0.466066420 0.134429365 0.874403477
1341836555.851679 -3.033529282 -0.241360247 1.096804738 0.015748953 0.468174309 0.136033982 0.872960210
1341836555.887393 -3.025983334 -0.251534700 1.094011426 0.014323280 0.468876272 0.136355653 0.872557759
1341836555.919578 -3.027802706 -0.247021124 1.092029095 0.016912345 0.473794520 0.139979675 0.869274616
1341836555.955380 -3.022300720 -0.255709887 1.101434946 0.016172320 0.477892995 0.141400725 0.866811693
1341836555.989240 -3.021016598 -0.260798275 1.097831607 0.015163312 0.480322003 0.143369064 0.865162492
1341836556.019400 -3.014721870 -0.266584396 1.089514852 0.013864229 0.483459592 0.146559700 0.862899125
1341836556.055601 -3.023790359 -0.256985188 1.093630910 0.017783711 0.489144921 0.146633312 0.859604359
1341836556.087385 -3.022283792 -0.258494288 1.102001905 0.014762470 0.494317472 0.146733880 0.856680512
1341836556.119395 -3.020542145 -0.257514954 1.087704062 0.013832930 0.497582763 0.148617223 0.854478180
1341836556.155460 -3.028067589 -0.252272367 1.084369779 0.016175730 0.501531541 0.150971442 0.851711273
1341836556.187386 -3.006694794 -0.261614323 1.082228184 0.012729798 0.505821705 0.155258045 0.848455787
1341836556.219549 -3.020788193 -0.262079984 1.074771762 0.012329644 0.512384474 0.158824041 0.843851268
1341836556.255513 -3.028457165 -0.257349491 1.078504562 0.011795797 0.516123712 0.158726022 0.841595650
1341836556.287550 -3.017977715 -0.265187085 1.080153465 0.004598395 0.519403040 0.155699059 0.840212524
1341836556.319460 -3.021570921 -0.262486637 1.082741380 0.003299876 0.524981380 0.155483097 0.836784720
1341836556.355470 -3.031110525 -0.246866077 1.069241047 0.009602796 0.525343418 0.158642814 0.835915387
1341836556.387408 -3.033347130 -0.248112768 1.064646006 0.007605051 0.526735663 0.156316489 0.835497975
1341836556.423470 -3.042709351 -0.232874662 1.075693607 0.008222820 0.530838728 0.153196484 0.833470762
1341836556.455541 -3.043287277 -0.238078475 1.065052271 0.006764126 0.531022727 0.155012146 0.833030820
1341836556.487492 -3.042252064 -0.240925878 1.070616722 0.004235021 0.532802284 0.154745594 0.831960082
1341836556.523491 -3.052112818 -0.252215207 1.070613742 0.001596947 0.535457373 0.156065226 0.830015957
1341836556.555480 -3.055715799 -0.243995070 1.072630644 0.003294672 0.536249101 0.154105529 0.829865932
1341836556.587472 -3.062995434 -0.238606185 1.065738201 0.005036718 0.535240769 0.154179811 0.830494165
1341836556.623447 -3.061851501 -0.237619787 1.073175192 0.003880384 0.535949647 0.154690564 0.829948008
1341836556.655577 -3.074737072 -0.224760085 1.069543839 0.005782193 0.535057962 0.153818667 0.830674052
1341836556.688390 -3.074316263 -0.238630831 1.071065545 0.002042489 0.533452153 0.156095475 0.831299484
1341836556.723474 -3.070187330 -0.227630824 1.088927507 0.004388443 0.534178972 0.156251311 0.830794215
1341836556.755589 -3.075220585 -0.223913610 1.092855692 0.006306590 0.532620847 0.155360401 0.831948519
1341836556.791502 -3.072584629 -0.236622363 1.098439693 0.002298008 0.530947864 0.154045492 0.833282053
1341836556.823299 -3.084750652 -0.238714159 1.095471025 0.001354001 0.531308949 0.152793869 0.833284438
1341836556.855500 -3.083118200 -0.235786259 1.106535673 0.003000246 0.532362759 0.153992176 0.832386494
1341836556.891411 -3.086107731 -0.235376269 1.104076982 0.004891240 0.530286133 0.154645637 0.833581030
1341836556.923356 -3.085362434 -0.243736267 1.115058661 0.002241561 0.531331599 0.151961505 0.833420277
1341836556.956491 -3.092661381 -0.243415594 1.112053394 0.005266093 0.531298041 0.151860341 0.833446503
1341836556.991578 -3.083393574 -0.252472281 1.113218904 0.004047065 0.528348923 0.151838869 0.835329831
1341836557.023423 -3.075009823 -0.251944125 1.120681286 0.002109764 0.528242409 0.148199484 0.836057663
1341836557.056479 -3.078939915 -0.247339040 1.124738812 0.004347147 0.529225051 0.147971764 0.835467696
1341836557.091401 -3.080834150 -0.246132225 1.125141740 0.005543499 0.527281821 0.145844430 0.837061822
1341836557.123977 -3.079368353 -0.251920342 1.127468944 0.002036556 0.527500093 0.143372864 0.837367117
1341836557.159693 -3.087095261 -0.245622873 1.135576010 0.004253726 0.530406535 0.141478121 0.835843742
1341836557.191367 -3.092703819 -0.249125510 1.133133173 0.005288929 0.528882623 0.142653003 0.836603463
1341836557.224237 -3.085350990 -0.257055044 1.139453053 0.002541129 0.528712451 0.142081156 0.836821139
1341836557.259428 -3.089069843 -0.254316568 1.142885447 0.003669479 0.530225396 0.140510991 0.836124539
1341836557.291320 -3.093996763 -0.269963890 1.144437075 0.002659957 0.530641854 0.141782448 0.835649371
1341836557.327336 -3.092375278 -0.261046946 1.158621550 0.004480542 0.530639231 0.140465334 0.835865617
1341836557.359367 -3.092617750 -0.265557587 1.164538622 0.003334481 0.532088995 0.139799088 0.835060716
1341836557.391466 -3.102928638 -0.254688352 1.172781348 0.007078674 0.532542288 0.140104204 0.834697187
1341836557.427430 -3.112227678 -0.265614033 1.170590639 0.005265892 0.531273305 0.141498983 0.835283756
1341836557.459285 -3.119273663 -0.265082568 1.178513288 0.007154090 0.531684637 0.143648326 0.834640920
1341836557.495372 -3.124365807 -0.269651115 1.182068586 0.007528603 0.528986812 0.142716706 0.836509585
1341836557.527351 -3.128330231 -0.268550575 1.184533358 0.007944817 0.527226686 0.141900718 0.837754786
1341836557.559823 -3.131580830 -0.273872733 1.191489935 0.007284552 0.526421607 0.143277332 0.838032722
1341836557.595345 -3.132800102 -0.281768233 1.190140963 0.006055630 0.522876263 0.144468844 0.840055048
1341836557.627527 -3.132323027 -0.275798798 1.197107792 0.006763968 0.521997213 0.142944440 0.840856671
1341836557.663458 -3.136818409 -0.276300520 1.207583547 0.006439770 0.522264063 0.141904414 0.840869725
1341836557.695389 -3.154686928 -0.281735122 1.210259318 0.007096733 0.520900548 0.141388789 0.841796577
1341836557.727634 -3.157374859 -0.285569042 1.217148304 0.006830231 0.520690203 0.141244099 0.841953158
1341836557.763370 -3.162505865 -0.288217127 1.218829036 0.006609207 0.519421935 0.137882859 0.843294442
1341836557.795557 -3.165958643 -0.288353145 1.224842310 0.007664705 0.518798888 0.136809811 0.843843579
1341836557.831402 -3.174809694 -0.295554370 1.227417707 0.008101638 0.517336369 0.138569698 0.844450057
1341836557.863496 -3.169227123 -0.299670488 1.231016278 0.006487069 0.516529679 0.136479720 0.845297754
1341836557.895559 -3.168556213 -0.294484913 1.238903046 0.008567311 0.518417597 0.136374995 0.844139576
1341836557.931492 -3.176901102 -0.284448594 1.250047922 0.014130238 0.518237114 0.138441369 0.843839228
1341836557.963497 -3.177267075 -0.302961290 1.243350744 0.010452835 0.515230894 0.137654930 0.845859885
1341836557.999327 -3.180702448 -0.300460517 1.256113887 0.008955579 0.517125964 0.132725507 0.845508397
1341836558.031507 -3.186128855 -0.301274508 1.258463144 0.010818958 0.516240001 0.133070350 0.845973730
1341836558.063409 -3.190177917 -0.301063031 1.267543554 0.013707606 0.515016437 0.135480255 0.846294999
1341836558.099336 -3.191432476 -0.304986268 1.265582323 0.014021435 0.513388753 0.134722248 0.847399116
1341836558.131450 -3.202870131 -0.308954298 1.270997286 0.013622930 0.515103877 0.131604180 0.846854568
1341836558.167388 -3.208518028 -0.310205579 1.272813320 0.016344905 0.514007390 0.135824695 0.846806288
1341836558.199275 -3.203953266 -0.312034547 1.282750010 0.017323520 0.513331831 0.138579592 0.846750259
1341836558.231310 -3.207110405 -0.321920097 1.286432862 0.014804648 0.514492273 0.136269778 0.846468568
1341836558.267380 -3.212729931 -0.321105778 1.293953419 0.016065208 0.515293658 0.135178581 0.846132994
1341836558.299370 -3.219110489 -0.315050423 1.295671225 0.018808872 0.513828099 0.135769635 0.846872807
1341836558.331340 -3.214829922 -0.328529179 1.300597310 0.015770562 0.513681471 0.137084201 0.846811950
1341836558.367521 -3.223373413 -0.317532063 1.300972462 0.019178336 0.514359355 0.135209471 0.846631587
1341836558.399507 -3.225429058 -0.324059904 1.304177880 0.018347176 0.514392912 0.137151286 0.846317172
1341836558.431424 -3.227215290 -0.325625241 1.311732292 0.017967295 0.515319288 0.139723539 0.845340490
1341836558.467334 -3.232944012 -0.318740875 1.318491340 0.019715736 0.516564190 0.139477164 0.844582081
1341836558.499235 -3.238500595 -0.315078139 1.328923821 0.020248016 0.516941249 0.136184677 0.844876051
1341836558.531456 -3.238354921 -0.321094692 1.329482317 0.019100629 0.515405416 0.136849895 0.845733106
1341836558.567430 -3.240341425 -0.321448922 1.326775908 0.019280683 0.513990760 0.136963680 0.846571088
1341836558.599261 -3.242074728 -0.330395818 1.332850456 0.017661838 0.514753282 0.136000887 0.846298337
1341836558.635428 -3.245291710 -0.325572431 1.335179925 0.018801648 0.514771283 0.136311427 0.846212864
1341836558.667315 -3.243440390 -0.326226801 1.337584376 0.018188190 0.514814615 0.136933088 0.846099555
1341836558.699299 -3.244494438 -0.317074180 1.343809128 0.020571116 0.514213085 0.136171699 0.846533477
1341836558.735276 -3.243509769 -0.325667113 1.345955610 0.016842872 0.513062477 0.134284779 0.847614765
1341836558.767234 -3.245129108 -0.334001213 1.356279016 0.014887328 0.515819669 0.134503275 0.845941663
1341836558.799388 -3.245778561 -0.331930071 1.359486222 0.017348584 0.515281200 0.138835669 0.845522881
1341836558.835519 -3.245037794 -0.334417105 1.364524603 0.015984818 0.515683234 0.138300553 0.845392346
1341836558.867451 -3.247274876 -0.333807647 1.364358068 0.015803309 0.517738581 0.137693763 0.844237804
1341836558.900348 -3.249871731 -0.332020223 1.368319511 0.018073395 0.519637048 0.140112966 0.842626274
1341836558.935724 -3.248382568 -0.331824571 1.377147913 0.020841340 0.520619035 0.143096715 0.841453969
1341836558.967478 -3.248690605 -0.337195665 1.378085136 0.020522606 0.521504581 0.143026456 0.840925217
1341836559.000224 -3.246571541 -0.338462234 1.384779453 0.019015877 0.523762345 0.142001539 0.839730263
1341836559.035306 -3.246157169 -0.337303519 1.391642094 0.021083739 0.525946140 0.145697176 0.837680399
1341836559.067396 -3.245422602 -0.331715256 1.398660541 0.023070876 0.526642978 0.149179682 0.836576581
1341836559.100310 -3.242824793 -0.337615013 1.399578452 0.021078626 0.527045906 0.149454236 0.836326361
1341836559.135300 -3.243484974 -0.338677108 1.404566288 0.020254599 0.528704464 0.149294302 0.835327804
1341836559.168365 -3.249869585 -0.338860929 1.414714813 0.021423129 0.531473398 0.150946528 0.833241999
1341836559.203378 -3.251577377 -0.335341632 1.416065574 0.024560768 0.531393945 0.153098017 0.832813501
1341836559.235370 -3.246910095 -0.342045486 1.419329166 0.021190980 0.531344056 0.152759328 0.833000004
1341836559.268241 -3.246521473 -0.346094310 1.431906939 0.018432338 0.534999490 0.151144400 0.831018150
1341836559.303359 -3.256867170 -0.332668871 1.436563611 0.024449246 0.535590231 0.155146360 0.829743862
1341836559.335518 -3.249688625 -0.342636347 1.444468141 0.019851487 0.534594536 0.155464485 0.830448925
1341836559.371796 -3.243839025 -0.349337429 1.446979880 0.016274253 0.537484348 0.155412823 0.828669190
1341836559.408276 -3.258309364 -0.341435760 1.450967431 0.020527026 0.540243268 0.157867044 0.826313436
1341836559.439280 -3.255848646 -0.354312718 1.464855909 0.016478540 0.539854884 0.157874554 0.826656401
1341836559.471768 -3.248157978 -0.345302612 1.453618884 0.017037023 0.538016260 0.157395750 0.827934086
1341836559.503696 -3.254160404 -0.346843809 1.462238550 0.017630519 0.541299522 0.157094106 0.825836182
1341836559.539299 -3.257693768 -0.344456226 1.466470361 0.020139322 0.540828228 0.158098027 0.825896025
1341836559.571414 -3.250542879 -0.353844047 1.470445752 0.017087150 0.541240394 0.158456728 0.825626075
1341836559.603414 -3.256119251 -0.350842714 1.475678921 0.018241627 0.543588221 0.158315524 0.824084520
1341836559.639412 -3.260222197 -0.359017402 1.484526634 0.014886484 0.543416321 0.157455429 0.824430048
1341836559.672296 -3.254076719 -0.362278461 1.491182208 0.014032168 0.544474304 0.159700796 0.823314309
1341836559.707411 -3.251142740 -0.365285426 1.496228456 0.014379992 0.546755314 0.159900397 0.821756482
1341836559.739469 -3.253928661 -0.360772431 1.501770020 0.017198680 0.548038363 0.159893990 0.820848405
1341836559.771384 -3.256581783 -0.356964856 1.504354477 0.019797139 0.547328889 0.161058649 0.821035504
1341836559.807349 -3.256498575 -0.367202342 1.506843805 0.014959713 0.547177672 0.159098566 0.821620584
1341836559.839315 -3.258674622 -0.366595268 1.505911946 0.014080329 0.548191667 0.159391925 0.820903063
1341836559.875410 -3.257800579 -0.366049349 1.509205580 0.014697410 0.549809039 0.163765401 0.818947375
1341836559.907310 -3.257492065 -0.363498420 1.516278505 0.016110869 0.550777316 0.165548667 0.817911029
1341836559.939497 -3.254934788 -0.370248854 1.518549681 0.014278663 0.551891804 0.163336948 0.817638397
1341836559.975374 -3.257033825 -0.367884040 1.524889708 0.014804923 0.553382456 0.162441671 0.816799462
1341836560.007502 -3.256035566 -0.368972540 1.529622436 0.015096555 0.554167449 0.163443223 0.816061795
1341836560.043829 -3.248867750 -0.373225689 1.536323547 0.012691912 0.556344628 0.162617967 0.814785242
1341836560.104647 -3.260242939 -0.368298948 1.532491446 0.016283168 0.559128642 0.166146278 0.812099457
1341836560.140480 -3.253230333 -0.374224722 1.539769888 0.014112502 0.560969472 0.167948857 0.810498178
1341836560.172477 -3.244948149 -0.392336458 1.543688893 0.010112097 0.565747619 0.171409085 0.806502581
1341836560.204360 -3.252366781 -0.386881977 1.539355993 0.017334102 0.568754196 0.175509259 0.803377092
1341836560.240546 -3.246448040 -0.384898722 1.541708946 0.020504607 0.569407880 0.176837012 0.802547753
1341836560.272387 -3.241170883 -0.390025020 1.541976333 0.018720932 0.572093070 0.175011232 0.801080585
1341836560.304441 -3.245153904 -0.384863168 1.543934464 0.022576841 0.577146590 0.178820536 0.796501935
1341836560.340364 -3.259246349 -0.388685971 1.537261486 0.024728041 0.578949749 0.182015017 0.794403136
1341836560.372350 -3.247578621 -0.394703478 1.542809725 0.019498689 0.582147360 0.179786563 0.792717516
1341836560.408404 -3.257858992 -0.380499125 1.538911581 0.023187924 0.584338784 0.179467708 0.791076422
1341836560.440483 -3.261835337 -0.373617560 1.540758133 0.023746863 0.584387958 0.177901685 0.791377187
1341836560.472298 -3.258658409 -0.387689739 1.541428208 0.017490502 0.586127758 0.177820295 0.790271103
1341836560.508310 -3.259192944 -0.382452399 1.541901350 0.015873676 0.587259710 0.176402688 0.789782405
1341836560.540317 -3.271869183 -0.380334705 1.539690971 0.017106192 0.588083386 0.176898450 0.789032519
1341836560.573502 -3.269457102 -0.376504332 1.541756153 0.016437780 0.587979376 0.176912963 0.789120972
1341836560.608340 -3.271291494 -0.381303549 1.541711807 0.013765475 0.587740004 0.175830424 0.789592206
1341836560.640422 -3.268029690 -0.376464397 1.555106640 0.013183642 0.589865029 0.174959064 0.788209915
1341836560.676330 -3.277033329 -0.373520613 1.555222511 0.014254919 0.589000821 0.175136819 0.788797736
1341836560.708409 -3.278810501 -0.373227179 1.556807280 0.012906686 0.587102234 0.174514711 0.790372670
1341836560.740520 -3.280202866 -0.370881110 1.562533617 0.010186614 0.587232471 0.173308253 0.790581107
1341836560.776254 -3.284148216 -0.376178622 1.565552473 0.007330638 0.587903976 0.174248472 0.789906740
1341836560.808326 -3.291191101 -0.377297580 1.567702293 0.006574268 0.588692725 0.175447404 0.789060116
1341836560.840419 -3.289555550 -0.380185604 1.578038692 0.003699553 0.590478539 0.176870242 0.787425101
1341836560.876325 -3.289625168 -0.377878785 1.578249693 0.003609750 0.591378868 0.176292658 0.786879182
1341836560.908357 -3.299053669 -0.376166523 1.583808541 0.006280429 0.592426479 0.176802784 0.785959423
1341836560.944404 -3.293791533 -0.379633665 1.594488382 0.004655276 0.592719197 0.174660861 0.786228895
1341836560.976295 -3.293296337 -0.387185276 1.594268322 0.002082209 0.593512058 0.172591567 0.786098719
1341836561.008556 -3.297520161 -0.384602249 1.600142598 0.004564436 0.595228136 0.172159016 0.784884572
1341836561.044416 -3.303365707 -0.392495096 1.605592251 0.004040051 0.595129430 0.171928138 0.785012960
1341836561.076367 -3.304688931 -0.396235526 1.603950739 0.001731413 0.594771683 0.169328272 0.785857201
1341836561.112398 -3.311336517 -0.391566992 1.610411644 0.000359982 0.597204924 0.166449204 0.784627795
1341836561.144333 -3.315616846 -0.387515485 1.620404243 0.002231785 0.599206269 0.169752270 0.782388031
1341836561.176591 -3.315807343 -0.395645499 1.624282360 0.000930951 0.599308014 0.172007203 0.781819999
1341836561.212363 -3.319975376 -0.391965687 1.631875992 0.000949756 0.601347089 0.168952659 0.780919790
1341836561.244392 -3.322349548 -0.396979690 1.639446735 0.000211332 0.601290464 0.169302538 0.780888200
1341836561.276337 -3.323308229 -0.398852170 1.639418483 0.001985726 0.599318087 0.171174839 0.781992972
1341836561.312402 -3.326543808 -0.397546411 1.646975756 0.001546258 0.600238860 0.170009702 0.781541824
1341836561.344495 -3.327684641 -0.399262846 1.654076815 0.000316482 0.601175129 0.167933390 0.781272531
1341836561.380447 -3.329544544 -0.395882130 1.665724277 0.001292313 0.601194859 0.165471494 0.781781375
1341836561.412463 -3.330618620 -0.404772997 1.662333965 0.000153977 0.598616421 0.163976222 0.784072757
1341836561.444383 -3.330758572 -0.409631014 1.665001631 -0.003046740 0.598864734 0.161355168 0.784420967
1341836561.480494 -3.334583282 -0.409507453 1.672333002 -0.003310047 0.600559533 0.160250083 0.783349931
1341836561.512334 -3.333866596 -0.403935313 1.679715633 -0.001138378 0.601290584 0.161893606 0.782456875
1341836561.544433 -3.334954023 -0.410608768 1.677357435 -0.002389868 0.600984216 0.162195534 0.782626867
1341836561.580361 -3.332338095 -0.416556358 1.686190486 -0.006087359 0.603421032 0.157885686 0.781612456
1341836561.612391 -3.337322950 -0.418104887 1.693104982 -0.003129077 0.605946660 0.159847453 0.779273748
1341836561.648336 -3.333920956 -0.425992906 1.692646742 -0.005226135 0.606350482 0.159791812 0.778959751
1341836561.680331 -3.331784248 -0.432392776 1.692991853 -0.008005338 0.609835744 0.158517778 0.776471734
1341836561.712414 -3.338141680 -0.424513876 1.698992729 -0.004434105 0.613023341 0.158424973 0.774005294
1341836561.748511 -3.340750694 -0.424320817 1.699888825 -0.002423394 0.612556636 0.159450278 0.774173141
1341836561.780401 -3.333355665 -0.429912686 1.702863693 -0.004855946 0.614785612 0.158182159 0.772653520
1341836561.812700 -3.343998194 -0.426421583 1.709825993 -0.001305785 0.618582666 0.157866150 0.769696057
1341836561.848579 -3.346831322 -0.425154984 1.709792614 0.000458183 0.618418336 0.157832444 0.769836009
1341836561.880265 -3.343227863 -0.433673024 1.715754628 -0.002281929 0.620379806 0.159018233 0.768008411
1341836561.916312 -3.347505569 -0.437847197 1.721591592 -0.003177678 0.622983932 0.159119278 0.765873373
1341836561.951295 -3.351162910 -0.433100045 1.726433277 0.001004709 0.624296367 0.160004675 0.764625013
1341836562.019341 -3.354534626 -0.438572943 1.733208418 0.000082985 0.624792457 0.156936988 0.764856339
1341836562.080581 -3.362582684 -0.438101649 1.741434813 0.001951746 0.627104998 0.157536462 0.762835383
1341836562.116439 -3.365704775 -0.442971468 1.750024319 0.000443319 0.630006015 0.158251569 0.760295093
1341836562.148367 -3.365660191 -0.439599812 1.753013134 -0.000665855 0.631358087 0.156925097 0.759447873
1341836562.184511 -3.372002125 -0.446953714 1.755642533 -0.001178649 0.632381976 0.159029052 0.758156538
1341836562.219290 -3.377281189 -0.442850411 1.763173103 0.000658899 0.634040713 0.160379320 0.756485581
1341836562.251425 -3.374288321 -0.443234563 1.768951297 -0.000776498 0.635849416 0.159741372 0.755101085
1341836562.287390 -3.379189253 -0.448927164 1.769276619 -0.002330881 0.637025118 0.160812795 0.753878534
1341836562.319250 -3.381628990 -0.443742514 1.773049593 0.001484395 0.638276160 0.164429963 0.752039969
1341836562.352232 -3.380278111 -0.445804000 1.782804489 0.000962660 0.641638756 0.164597854 0.749137044
1341836562.387730 -3.391884327 -0.443113983 1.782775640 0.003305568 0.642258942 0.165386751 0.748424828
1341836562.419326 -3.392709732 -0.451701581 1.794482350 0.000103186 0.642144740 0.163983479 0.748838782
1341836562.455394 -3.394671917 -0.450734079 1.792699933 -0.001295179 0.641914964 0.163356721 0.749171555
1341836562.487315 -3.401181221 -0.448561728 1.795720100 -0.001826170 0.643429220 0.163725734 0.747789621
1341836562.519469 -3.408365011 -0.445354283 1.800779104 0.000738788 0.643006921 0.164936066 0.747888803
1341836562.555498 -3.400107861 -0.448067009 1.801912069 -0.002125715 0.640981197 0.163615271 0.749912381
1341836562.587360 -3.399869204 -0.455803812 1.808006525 -0.005893127 0.642624736 0.160974339 0.749056756
1341836562.623388 -3.402676344 -0.454094946 1.809708834 -0.004418953 0.643531680 0.162304208 0.748000562
1341836562.656832 -3.388916016 -0.456429899 1.811038494 -0.005417556 0.644325197 0.164501250 0.746829987
1341836562.687414 -3.386933088 -0.457309484 1.815941691 -0.006263796 0.647400200 0.165330529 0.743975520
1341836562.723392 -3.388405800 -0.454116285 1.818820357 -0.004370256 0.648663700 0.165648624 0.742816806
1341836562.755310 -3.387136936 -0.453709185 1.820680141 -0.004155201 0.649395108 0.166004062 0.742099285
1341836562.787756 -3.382452250 -0.463115335 1.820464611 -0.008033819 0.650569320 0.166912466 0.740834236
1341836562.823473 -3.379778862 -0.456690311 1.829300046 -0.006867662 0.654085696 0.166286111 0.737884641
1341836562.855234 -3.380063295 -0.459606528 1.827534318 -0.005475590 0.654567897 0.168195382 0.737035453
1341836562.891396 -3.382376194 -0.456952214 1.830195308 -0.004425456 0.654896259 0.167854294 0.736828566
1341836562.923404 -3.374773026 -0.460175037 1.833534718 -0.006433862 0.656166613 0.165438935 0.736229599
1341836562.955395 -3.375789642 -0.457783580 1.833750725 -0.004954557 0.656933963 0.164981723 0.735659063
1341836562.991509 -3.374336243 -0.459590256 1.837491989 -0.003873173 0.657636821 0.167426974 0.734484255
1341836563.023489 -3.367651939 -0.462543964 1.841215253 -0.005486961 0.658736944 0.167313457 0.733513296
1341836563.059412 -3.367655754 -0.460517228 1.843482971 -0.004425844 0.659543216 0.167118728 0.732840002
1341836563.091490 -3.364068508 -0.462949216 1.846380949 -0.005467763 0.660921216 0.167867184 0.731419086
1341836563.123526 -3.360002279 -0.461851001 1.852835178 -0.004436771 0.663438261 0.170613602 0.728506029
1341836563.159903 -3.362242222 -0.463147163 1.852504373 -0.002535356 0.664200604 0.172293827 0.727424204
1341836563.192322 -3.360370636 -0.464292347 1.856217861 -0.002813687 0.664992273 0.170825601 0.727046072
1341836563.227384 -3.357033730 -0.475208104 1.856437564 -0.004789338 0.665871620 0.172052056 0.725940824
1341836563.259586 -3.350399733 -0.471073747 1.859793901 -0.002608314 0.666531146 0.173690364 0.724955976
1341836563.291784 -3.344226837 -0.471075714 1.864427567 -0.002520121 0.666883588 0.172515467 0.724912703
1341836563.327381 -3.345225334 -0.471257508 1.865062356 -0.001380563 0.667432249 0.172058687 0.724519253
1341836563.359432 -3.342241764 -0.467239857 1.868222952 0.000692089 0.667958438 0.170904502 0.724308491
1341836563.395723 -3.343850851 -0.467613280 1.869776964 0.002032941 0.667499542 0.169391677 0.725083888
1341836563.427417 -3.335659266 -0.475695670 1.870642900 -0.002408702 0.667156637 0.167980090 0.725726485
1341836563.459328 -3.335060120 -0.486345470 1.875367761 -0.005314518 0.669291794 0.168542236 0.723611593
1341836563.495414 -3.343270302 -0.476466835 1.875459433 0.000587633 0.670154572 0.170558974 0.722358763
1341836563.527734 -3.340371609 -0.481363297 1.875467777 -0.001097422 0.669558823 0.170904368 0.722828805
1341836563.563330 -3.337101698 -0.481403023 1.877522469 -0.002887567 0.670147181 0.168312013 0.722886920
1341836563.595336 -3.334000111 -0.482300162 1.880384445 -0.002647039 0.670495570 0.168547526 0.722509801
1341836563.627267 -3.331202030 -0.483608603 1.882161260 -0.002315495 0.670874655 0.169411942 0.721956611
1341836563.663448 -3.331369162 -0.483003259 1.883785367 -0.003099736 0.671262324 0.169271395 0.721626282
1341836563.695359 -3.332696915 -0.481266320 1.883538008 -0.003552517 0.671320915 0.167962328 0.721875489
1341836563.727466 -3.330092430 -0.481013983 1.887943149 -0.003336725 0.671634495 0.168101758 0.721552312
1341836563.763461 -3.334981441 -0.488063008 1.886628985 -0.006121133 0.671897471 0.168475315 0.721202016
1341836563.795366 -3.333331347 -0.489407033 1.889516830 -0.006881296 0.673909366 0.168934792 0.719207764
1341836563.827447 -3.337143421 -0.481615633 1.892225504 -0.003035340 0.674466610 0.170375749 0.718371570
1341836563.863324 -3.331765890 -0.485453337 1.897284627 -0.004107185 0.674730718 0.172099605 0.717707038
1341836563.895278 -3.332404137 -0.488392472 1.897662878 -0.004867118 0.675498128 0.172113806 0.716976583
1341836563.927597 -3.333810329 -0.483483583 1.901795626 -0.002816144 0.676635861 0.171978176 0.715946615
1341836563.963416 -3.328178883 -0.485291958 1.907271981 -0.001732118 0.677032590 0.174297631 0.715013444
1341836563.995418 -3.331539392 -0.485154986 1.907883406 -0.001160478 0.676720023 0.173238471 0.715567648
1341836564.031385 -3.328389406 -0.487285972 1.911031246 -0.003624404 0.677496076 0.170855373 0.715398014
1341836564.063489 -3.330329895 -0.487564802 1.912039042 -0.001947556 0.677900493 0.172482580 0.714630604
1341836564.095401 -3.331119061 -0.487708449 1.915079594 -0.000762790 0.678709209 0.175086647 0.713230610
1341836564.131464 -3.335156918 -0.492986441 1.918131232 -0.002433512 0.680611849 0.176017404 0.711181700
1341836564.163332 -3.331528187 -0.495814085 1.918647051 -0.002978056 0.681253076 0.177436844 0.710212290
1341836564.195307 -3.336462259 -0.491582632 1.922757506 0.000166909 0.681718528 0.178481579 0.709509790
1341836564.231400 -3.331168652 -0.497390985 1.926702499 -0.002321043 0.681459546 0.178856820 0.709660292
1341836564.263512 -3.323969364 -0.498289287 1.928253651 -0.003406926 0.682664335 0.177494630 0.708839536
1341836564.295354 -3.327399731 -0.492257178 1.930659652 0.000960540 0.683094442 0.178993613 0.708055317
1341836564.331382 -3.326677322 -0.494773388 1.930516958 -0.000147818 0.681885839 0.177950159 0.709482491
1341836564.363288 -3.322545290 -0.499247998 1.930073500 -0.002883970 0.681981146 0.176815271 0.709668815
1341836564.396337 -3.327455997 -0.496662319 1.934409142 -0.001143881 0.683211207 0.177798301 0.708243549
1341836564.431406 -3.327192783 -0.498609364 1.932049990 -0.000656970 0.683117807 0.179633230 0.707871139
1341836564.463308 -3.332664490 -0.503291070 1.930520415 -0.002326322 0.683550656 0.179110765 0.707582116
1341836564.499232 -3.329602242 -0.493119061 1.934192061 -0.001024423 0.684004188 0.177746743 0.707490861
1341836564.531509 -3.330162764 -0.496507704 1.934160471 -0.001745047 0.683615744 0.177003935 0.708050847
1341836564.564458 -3.320039034 -0.503343463 1.934530020 -0.004469488 0.683823824 0.177832291 0.707630336
1341836564.599215 -3.317081928 -0.501170814 1.934416890 -0.004724705 0.685139477 0.176696718 0.706639826
1341836564.631361 -3.323114872 -0.495086551 1.935182452 -0.002638132 0.685635805 0.175828546 0.706385791
1341836564.664403 -3.321566105 -0.496166080 1.932204723 -0.003009434 0.684317946 0.176038310 0.707608938
1341836564.699246 -3.315337420 -0.503277659 1.932207942 -0.007274629 0.684745610 0.174394011 0.707571387
1341836564.731521 -3.320436001 -0.500344157 1.933256507 -0.005615135 0.685436308 0.174814478 0.706813574
1341836564.767617 -3.323229074 -0.497936547 1.934494972 -0.003453002 0.684892058 0.176469475 0.706943810
1341836564.799280 -3.320664406 -0.501055717 1.933102131 -0.006382821 0.684060931 0.174273759 0.708271503
1341836564.832295 -3.322729349 -0.497968018 1.934030533 -0.006687733 0.684944808 0.172342837 0.707886934
1341836564.867842 -3.327094793 -0.495600879 1.933698416 -0.004149463 0.684498191 0.174008533 0.707930863
1341836564.899297 -3.321728230 -0.494844526 1.933290720 -0.005701184 0.683698058 0.172989860 0.708942175
1341836564.935266 -3.321242094 -0.497270823 1.934316635 -0.007303879 0.683890462 0.172119603 0.708953738
1341836564.967281 -3.321697474 -0.494948804 1.934158564 -0.007073571 0.683555245 0.170802355 0.709597647
1341836564.999531 -3.321730375 -0.492989391 1.933051348 -0.006336942 0.683175445 0.170789942 0.709973216
1341836565.035467 -3.323288679 -0.499464214 1.934649110 -0.008155646 0.683934331 0.171360090 0.709086061
