1341839113.657637 0.000000000 0.000000000 0.000000000 0.000000000 0.000000000 0.000000000 1.000000000
1341839113.693575 -0.003402184 -0.001384953 -0.000772779 -0.001337817 0.001210918 0.001893122 0.999996603
1341839113.725606 -0.001997364 0.001454710 -0.000625135 -0.001274557 0.001688936 0.004842194 0.999986053
1341839113.793718 -0.000946227 -0.004047298 -0.000213077 -0.003669559 0.002510490 0.005964154 0.999972343
1341839113.861553 -0.004876496 0.003511380 -0.002043581 -0.001637934 0.001517694 0.003347733 0.999991894
1341839113.894400 -0.007071422 0.002635072 -0.003240562 -0.003249861 0.002850443 0.004366805 0.999981105
1341839113.925550 -0.005409754 -0.002541252 0.000982659 -0.004859985 0.002186357 0.006802723 0.999962687
1341839113.961614 -0.004595954 0.001961092 -0.001728107 -0.004323673 0.001415740 0.005814797 0.999972761
1341839113.993616 -0.006030896 0.001003882 0.001435707 -0.005133985 0.001223039 0.003808576 0.999978840
1341839114.025642 -0.006419973 -0.000761624 0.000758505 -0.005058072 0.000217065 0.003702766 0.999980330
1341839114.061534 -0.008437647 0.003854085 -0.004500113 -0.005389218 0.000534747 0.003520279 0.999979138
1341839114.093617 -0.008953182 0.002563393 -0.003100574 -0.008720059 0.000855875 0.004356038 0.999952137
1341839114.129556 -0.007369576 -0.002963117 0.004515993 -0.011081592 -0.000735682 0.004485810 0.999928236
1341839114.161678 -0.008458216 0.002962632 0.002252575 -0.008951200 -0.001369554 0.001445293 0.999957979
1341839114.229673 -0.012001904 0.000767065 0.004884311 -0.011938902 -0.002286994 -0.000304572 0.999926090
1341839114.261690 -0.015543989 0.009181314 -0.000081837 -0.009367645 -0.000449044 0.000451104 0.999955893
1341839114.293564 -0.017601449 0.005772557 -0.003336760 -0.011875189 0.000684432 0.001248851 0.999928474
1341839114.329671 -0.017212281 0.001921520 0.001838696 -0.013582022 -0.001519934 0.001174339 0.999905944
1341839114.361622 -0.019353589 0.005727070 0.001894811 -0.012152587 -0.002497727 -0.000390443 0.999922931
1341839114.397666 -0.024715113 0.010035824 -0.003261726 -0.011400673 -0.001201569 -0.000994830 0.999933779
1341839114.429583 -0.027755169 0.009132652 -0.003325146 -0.013749674 -0.000606745 0.000381834 0.999905229
1341839114.461610 -0.029142620 0.010781520 -0.001699358 -0.014661358 -0.000638283 0.003078317 0.999887586
1341839114.497561 -0.029419748 0.012604438 -0.000769813 -0.014887255 -0.000413427 0.003214483 0.999883950
1341839114.529492 -0.030200867 0.010258340 0.000007829 -0.015629476 -0.000652014 0.001997555 0.999875665
1341839114.565482 -0.034262810 0.014548194 -0.004303904 -0.015203799 -0.000544459 0.001859195 0.999882519
1341839114.597648 -0.036382016 0.018634746 -0.004999402 -0.015933407 0.000466722 0.001780578 0.999871373
1341839114.629596 -0.035636805 0.016536949 -0.002807302 -0.017359102 0.001530721 0.002545385 0.999844909
1341839114.665607 -0.038025521 0.017406918 -0.006901692 -0.017766014 0.002055282 0.001852492 0.999838352
1341839114.697721 -0.037849691 0.017400056 -0.003733100 -0.018154075 0.001844689 -0.000753279 0.999833226
1341839114.730054 -0.042949252 0.019336134 -0.007656903 -0.017099034 0.004185562 -0.001198004 0.999844313
1341839114.765560 -0.046834208 0.019984003 -0.014387780 -0.018528458 0.005430985 0.000470796 0.999813497
1341839114.797510 -0.046706513 0.020529490 -0.009097665 -0.018889880 0.006187527 0.001007524 0.999801934
1341839114.833570 -0.052897409 0.021850524 -0.015737720 -0.017763870 0.008116763 0.001519519 0.999808133
1341839114.865530 -0.055583347 0.022096939 -0.020401558 -0.018894838 0.008295002 0.001565314 0.999785841
1341839114.897742 -0.059863575 0.024991652 -0.020357294 -0.018577468 0.009461843 0.001830421 0.999780953
1341839114.933721 -0.064645216 0.025440808 -0.024493204 -0.017745640 0.010955815 0.002119024 0.999780238
1341839114.965565 -0.071455501 0.025999319 -0.031757958 -0.017851068 0.012010562 0.003886848 0.999760985
1341839114.997678 -0.074898235 0.030828681 -0.034536041 -0.018221999 0.011958545 0.003891210 0.999754846
1341839115.033675 -0.076055132 0.035042211 -0.034850925 -0.017364606 0.014446356 0.003712851 0.999737978
1341839115.065634 -0.084680244 0.030894237 -0.042328257 -0.018680776 0.017985921 0.008233965 0.999629796
1341839115.101577 -0.089043215 0.030185934 -0.046784062 -0.019984694 0.017327005 0.010969089 0.999589920
1341839115.133455 -0.090706974 0.039640374 -0.046668999 -0.017783139 0.017253168 0.007396564 0.999665618
1341839115.165699 -0.099768236 0.040945493 -0.051175233 -0.016527720 0.019955182 0.006853368 0.999640763
1341839115.201542 -0.106613107 0.041305795 -0.063373633 -0.017934935 0.020399332 0.010386643 0.999577045
1341839115.233600 -0.109247103 0.048981097 -0.062326949 -0.019653421 0.019737426 0.010677633 0.999554992
1341839115.265499 -0.112409718 0.045483116 -0.061840910 -0.020702712 0.020597937 0.009663972 0.999526739
1341839115.301699 -0.121814497 0.049096044 -0.073396571 -0.020781046 0.021452358 0.009443957 0.999509215
1341839115.333616 -0.125859022 0.054548711 -0.077121131 -0.023290800 0.020323668 0.008142486 0.999488950
1341839115.369483 -0.125663459 0.053761479 -0.071839757 -0.024835331 0.019901883 0.006585560 0.999471724
1341839115.401613 -0.134684503 0.056335222 -0.078472011 -0.023792194 0.022300635 0.007182612 0.999442339
1341839115.469819 -0.140009120 0.058937877 -0.077396959 -0.028501630 0.022967009 0.007812041 0.999299347
1341839115.533671 -0.155273899 0.066359974 -0.091623798 -0.027382838 0.026440347 0.012118176 0.999201834
1341839115.569633 -0.154543325 0.058065183 -0.085450366 -0.031642098 0.025348499 0.010454711 0.999123096
1341839115.601623 -0.157018721 0.055405054 -0.081427701 -0.030585820 0.026515391 0.009619084 0.999134064
1341839115.637954 -0.168070436 0.058677636 -0.089614794 -0.028568059 0.029784359 0.011909564 0.999077022
1341839115.669467 -0.174542651 0.068386897 -0.095085062 -0.028777886 0.031095952 0.013843279 0.999006152
1341839115.701635 -0.170306742 0.056585990 -0.081308283 -0.032651544 0.030430486 0.014308103 0.998900950
1341839115.737552 -0.177514106 0.053890966 -0.080934197 -0.029730180 0.032400548 0.014795322 0.998923123
1341839115.769579 -0.191753209 0.066733606 -0.092776880 -0.026589816 0.034811132 0.013803969 0.998944759
1341839115.805533 -0.192255720 0.061036903 -0.084882297 -0.030335838 0.034895755 0.013741686 0.998835921
1341839115.837641 -0.198732138 0.060005337 -0.080625094 -0.029006423 0.037133656 0.015971012 0.998761535
1341839115.869594 -0.211770386 0.068288483 -0.089410789 -0.027402421 0.040229682 0.018015251 0.998652160
1341839115.905464 -0.216650173 0.067494802 -0.085522875 -0.030113257 0.041283432 0.019463554 0.998503864
1341839115.937926 -0.219732732 0.059457134 -0.076890692 -0.030428862 0.043217096 0.022733878 0.998343349
1341839115.976772 -0.230862692 0.067896456 -0.086383894 -0.026389839 0.047026541 0.024846008 0.998235822
1341839116.037844 -0.249077618 0.059169002 -0.086156487 -0.031713314 0.051984496 0.030935869 0.997664690
1341839116.073614 -0.255067468 0.058867559 -0.083220363 -0.029100843 0.053325322 0.031383961 0.997659564
1341839116.105551 -0.269194692 0.065516852 -0.091043532 -0.025810936 0.056585573 0.031094246 0.997579575
1341839116.137629 -0.280834109 0.067037366 -0.091773063 -0.026617853 0.058707297 0.032244474 0.997399271
1341839116.173741 -0.279778689 0.058939282 -0.085445307 -0.027970217 0.058348883 0.033652265 0.997336745
1341839116.205705 -0.290806144 0.062141769 -0.086149320 -0.025225017 0.062102981 0.033357508 0.997193158
1341839116.237744 -0.306085289 0.060300898 -0.091766037 -0.025779091 0.065892123 0.034801878 0.996886373
1341839116.273644 -0.309176266 0.059963167 -0.092873931 -0.026315600 0.066531383 0.037562791 0.996729732
1341839116.305590 -0.318035543 0.067764238 -0.093120247 -0.025438666 0.069869176 0.037404817 0.996529996
1341839116.341693 -0.328652561 0.063355193 -0.091705516 -0.026262395 0.074237771 0.039826177 0.996098876
1341839116.374159 -0.340381116 0.062732674 -0.096516237 -0.026108414 0.076637797 0.044474833 0.995724320
1341839116.405626 -0.342414856 0.063650191 -0.095443957 -0.026391171 0.076714970 0.047175352 0.995586693
1341839116.441448 -0.351397425 0.059938997 -0.094219662 -0.026420793 0.079197407 0.049200930 0.995293379
1341839116.473792 -0.360485256 0.060500629 -0.096955448 -0.025457971 0.079750657 0.051352669 0.995165646
1341839116.505559 -0.367104024 0.070094705 -0.095822431 -0.023003979 0.079862498 0.051084988 0.995230198
1341839116.541530 -0.379932374 0.071280740 -0.100759506 -0.023509435 0.082733974 0.053015515 0.994882762
1341839116.573449 -0.381030828 0.066249683 -0.099889800 -0.026349261 0.081572562 0.054667588 0.994818091
1341839116.609629 -0.380474687 0.066868700 -0.096302368 -0.025693353 0.080428861 0.051464260 0.995099247
1341839116.642092 -0.392757952 0.064505115 -0.102809176 -0.025271561 0.083433136 0.048163570 0.995027900
1341839116.673494 -0.402108759 0.064371675 -0.109835789 -0.026307531 0.084150873 0.049777996 0.994861126
1341839116.709491 -0.401132345 0.059777755 -0.106939673 -0.029099224 0.082735725 0.048207350 0.994979441
1341839116.741798 -0.402873039 0.055370498 -0.105230317 -0.029729342 0.083748877 0.044262353 0.995059371
1341839116.777780 -0.417803586 0.055713143 -0.108572260 -0.028742708 0.086289302 0.042423990 0.994951367
1341839116.809493 -0.422635406 0.060460400 -0.114172801 -0.029130595 0.085003398 0.041994821 0.995068967
1341839116.841577 -0.416342616 0.050960250 -0.105002113 -0.032350656 0.083825372 0.040436793 0.995133936
1341839116.877541 -0.423713446 0.050307270 -0.105111212 -0.029723624 0.085754156 0.039064091 0.995106399
1341839116.909607 -0.439095736 0.060082205 -0.115582749 -0.026939049 0.088531256 0.039002709 0.994944870
1341839116.941574 -0.443831146 0.067204781 -0.120006293 -0.028598076 0.089104600 0.039025109 0.994846463
1341839116.977669 -0.441483080 0.050568752 -0.112593532 -0.032674797 0.088768549 0.038762111 0.994761288
1341839117.009692 -0.453687549 0.060741477 -0.118556008 -0.028284650 0.090391129 0.035967674 0.994854629
1341839117.045446 -0.467090845 0.075285494 -0.127241850 -0.027221747 0.092797920 0.033304196 0.994755447
1341839117.077581 -0.470885754 0.064009607 -0.121176340 -0.032164343 0.094240345 0.033784255 0.994456053
1341839117.109633 -0.477013975 0.063909814 -0.121547773 -0.031452674 0.096221253 0.034952793 0.994248688
1341839117.145451 -0.482653260 0.072977580 -0.128530413 -0.029437585 0.097935267 0.033849683 0.994181216
1341839117.177591 -0.495321274 0.071092494 -0.130708143 -0.030303305 0.100432947 0.033943433 0.993902802
1341839117.209585 -0.501344919 0.063239880 -0.129109383 -0.031814814 0.100795090 0.035200868 0.993775129
1341839117.245753 -0.512099862 0.073318556 -0.134202391 -0.027784020 0.103767343 0.034751169 0.993605912
1341839117.278976 -0.528020680 0.072883070 -0.138087258 -0.028085791 0.107800841 0.036659393 0.993099332
1341839117.313580 -0.536238313 0.062248163 -0.139105082 -0.030113464 0.108269729 0.040157910 0.992853582
1341839117.345623 -0.546803236 0.072874010 -0.145823419 -0.027658835 0.109864719 0.041332867 0.992701530
1341839117.377641 -0.561236084 0.075129114 -0.151794836 -0.029307809 0.111688398 0.041554525 0.992441416
1341839117.413568 -0.571471334 0.070129953 -0.152940780 -0.031696063 0.111916654 0.040879458 0.992370367
1341839117.445717 -0.584435403 0.081278190 -0.162386507 -0.030537512 0.113128521 0.041560639 0.992240965
1341839117.477601 -0.596423447 0.086215779 -0.165698767 -0.033701949 0.114918351 0.043184903 0.991863430
1341839117.513635 -0.602294326 0.073404282 -0.161918670 -0.037657876 0.115948744 0.046197269 0.991465390
1341839117.545603 -0.617709875 0.083193749 -0.170617223 -0.035655122 0.117351308 0.047396958 0.991317749
1341839117.581707 -0.628024697 0.083862118 -0.170138672 -0.037401605 0.117915258 0.047791369 0.991167545
1341839117.613653 -0.640366673 0.081982493 -0.172353312 -0.038339484 0.119020559 0.048736434 0.990953565
1341839117.645887 -0.654685020 0.087565430 -0.176554143 -0.037447598 0.120730780 0.050100267 0.990712762
1341839117.681569 -0.663694739 0.089366198 -0.180767357 -0.038554851 0.120476112 0.051086705 0.990650892
1341839117.713639 -0.669036567 0.083650649 -0.181532264 -0.040866248 0.119220540 0.049415030 0.990794897
1341839117.745712 -0.682833672 0.084607705 -0.182534620 -0.039518543 0.120732240 0.048071109 0.990732670
1341839117.781725 -0.697515249 0.097627357 -0.189713612 -0.036613148 0.122502983 0.048682373 0.990597069
1341839117.813499 -0.712581515 0.098916948 -0.193806380 -0.039272200 0.124407530 0.051129915 0.990134418
1341839117.849617 -0.712672949 0.087666899 -0.190074846 -0.043023575 0.122378767 0.052682932 0.990149915
1341839117.881610 -0.721153021 0.089399695 -0.190883219 -0.041020285 0.121690452 0.050412960 0.990437984
1341839117.913581 -0.739631534 0.105952650 -0.197734013 -0.038439613 0.122377791 0.048182584 0.990567744
1341839117.949521 -0.745991349 0.100798011 -0.195545286 -0.042687751 0.121611819 0.047739133 0.990509629
1341839117.981586 -0.755640924 0.102119945 -0.196115002 -0.043116912 0.121798590 0.048921909 0.990410328
1341839118.017504 -0.759611666 0.108736821 -0.202356815 -0.044019658 0.120805733 0.047541365 0.990559459
1341839118.049478 -0.764262378 0.100866467 -0.197534442 -0.046738815 0.121450730 0.045633096 0.990445793
1341839118.081566 -0.777615547 0.103244022 -0.199190453 -0.045562483 0.122894593 0.045932636 0.990308642
1341839118.117532 -0.783911347 0.105949014 -0.199306339 -0.046180587 0.122869492 0.047181636 0.990224361
1341839118.149476 -0.784170389 0.093163602 -0.195322096 -0.048730757 0.122101426 0.047822583 0.990166426
1341839118.182394 -0.794444621 0.097155325 -0.194240734 -0.045669612 0.123262785 0.045946509 0.990257263
1341839118.217697 -0.803833306 0.102285057 -0.196039438 -0.045174766 0.124497525 0.044000931 0.990213871
1341839118.249595 -0.808865011 0.090969130 -0.190522552 -0.047583170 0.125856981 0.045793895 0.989847839
1341839118.285581 -0.813651741 0.088742062 -0.188966230 -0.045970455 0.126231819 0.047293153 0.989805818
1341839118.317574 -0.821364582 0.089353785 -0.187293708 -0.044567067 0.127292752 0.046849929 0.989755213
1341839118.349685 -0.826124668 0.087999038 -0.184825286 -0.043254655 0.127953246 0.046938267 0.989724100
1341839118.385618 -0.835560799 0.089425191 -0.183914065 -0.041007582 0.129332021 0.047930479 0.989592969
1341839118.417611 -0.846776009 0.091522351 -0.184152246 -0.040261064 0.130805433 0.049662881 0.989344537
1341839118.449697 -0.846605778 0.088734783 -0.179931417 -0.040919516 0.129892811 0.050623666 0.989389062
1341839118.485493 -0.852164209 0.087585755 -0.177770332 -0.040247943 0.130432084 0.049792293 0.989387810
1341839118.517623 -0.861735106 0.091338530 -0.176354498 -0.038322423 0.132080778 0.049786538 0.989245832
1341839118.554050 -0.877236068 0.097800121 -0.178232923 -0.038172007 0.133954778 0.050602678 0.988958240
1341839118.585668 -0.873107493 0.089309588 -0.171573281 -0.042191278 0.131222591 0.051704288 0.989104211
1341839118.617700 -0.878308117 0.086565018 -0.163769737 -0.041059233 0.132291183 0.050277866 0.989083052
1341839118.653714 -0.896643817 0.099625930 -0.166664079 -0.037946399 0.134707153 0.049705498 0.988910198
1341839118.717504 -0.901954055 0.081299514 -0.155254751 -0.045081772 0.135012597 0.052828822 0.988406956
1341839118.753742 -0.914703488 0.094066724 -0.158808708 -0.040318098 0.137117296 0.051738016 0.988380730
1341839118.785566 -0.931298971 0.100114472 -0.162490755 -0.041152816 0.139887452 0.052757222 0.987904131
1341839118.821695 -0.936202466 0.095366038 -0.160262436 -0.044530783 0.139456406 0.056225400 0.987627268
1341839118.853833 -0.932854533 0.088559061 -0.154661149 -0.046896074 0.138517931 0.055338763 0.987699926
1341839118.921740 -0.964230120 0.093506530 -0.153471291 -0.043449249 0.142837763 0.054063592 0.987312853
1341839118.953665 -0.964709282 0.090378940 -0.150870293 -0.045682814 0.142809764 0.055318765 0.987146497
1341839118.989622 -0.972857356 0.080923900 -0.145716086 -0.046419684 0.145538107 0.057121016 0.986610889
1341839119.021687 -0.983259976 0.083132625 -0.146485180 -0.044086874 0.147614807 0.057397671 0.986393332
1341839119.054550 -0.992686033 0.089819953 -0.145308495 -0.043064330 0.149809614 0.058034249 0.986070275
1341839119.089581 -1.008092046 0.089374252 -0.143667340 -0.044252533 0.153134793 0.061322112 0.985307574
1341839119.121679 -1.009450078 0.083355829 -0.142302454 -0.046491060 0.152556822 0.063549303 0.985153019
1341839119.153810 -1.017202854 0.081815764 -0.142510980 -0.046569336 0.153613821 0.063050874 0.985017061
1341839119.190466 -1.032323360 0.086540803 -0.143010944 -0.045579512 0.155692160 0.062928125 0.984744847
1341839119.221601 -1.041897416 0.091941968 -0.144168645 -0.046370521 0.156596109 0.064026989 0.984493732
1341839119.257728 -1.042498589 0.083218187 -0.138732016 -0.049437124 0.157634810 0.065588579 0.984075904
1341839119.289455 -1.049336195 0.083951205 -0.137373388 -0.048738621 0.159014896 0.065622434 0.983886421
1341839119.321569 -1.063024521 0.081898332 -0.134883404 -0.048732705 0.161228925 0.067214482 0.983418822
1341839119.357502 -1.068574786 0.079755761 -0.129968554 -0.048047036 0.162082702 0.070362687 0.983091950
1341839119.389594 -1.077351093 0.086466700 -0.131643146 -0.046429515 0.162996665 0.071350098 0.982947409
1341839119.421517 -1.086060286 0.077967167 -0.128587246 -0.048979402 0.162955910 0.071167201 0.982843697
1341839119.457571 -1.088078737 0.081278950 -0.127602696 -0.047810350 0.160616457 0.069950730 0.983373523
1341839119.489537 -1.095832705 0.084972873 -0.130351871 -0.047397193 0.161523566 0.069319576 0.983289659
1341839119.525734 -1.109143257 0.088131472 -0.128569245 -0.047799394 0.164375633 0.070856437 0.982687771
1341839119.557461 -1.113720655 0.094590560 -0.130150437 -0.048758380 0.163402736 0.072483838 0.982684255
1341839119.589618 -1.108340144 0.084021688 -0.127636939 -0.053473271 0.161575839 0.070301071 0.982899606
1341839119.625979 -1.117409110 0.080289386 -0.123844862 -0.052596964 0.163100198 0.067938060 0.982861340
1341839119.657625 -1.127898216 0.094519973 -0.127504438 -0.049466424 0.164203003 0.067393042 0.982877791
1341839119.689899 -1.128529549 0.092812419 -0.129189581 -0.053353626 0.163076907 0.067697585 0.982840955
1341839119.725735 -1.124450088 0.077396244 -0.123894244 -0.056926381 0.162215397 0.066505238 0.982864499
1341839119.757807 -1.136783957 0.088517502 -0.126546979 -0.053044021 0.164192408 0.063673496 0.982940912
1341839119.793744 -1.146274328 0.093688473 -0.127502441 -0.053814758 0.164140150 0.063463405 0.982921362
1341839119.825500 -1.143436432 0.081880540 -0.124158770 -0.057450172 0.162694335 0.063443281 0.982957244
1341839119.857554 -1.146951795 0.079584874 -0.122589618 -0.055793405 0.163959116 0.063871540 0.982814789
1341839119.893748 -1.163148284 0.091219813 -0.124920100 -0.052159529 0.167198956 0.064770855 0.982409596
1341839119.925601 -1.166280031 0.092055857 -0.126329541 -0.054570619 0.166946366 0.066058651 0.982235849
1341839119.957678 -1.167298079 0.075264774 -0.120436758 -0.058209844 0.167778477 0.067056157 0.981817424
1341839119.993679 -1.180341721 0.079780288 -0.118812144 -0.054371312 0.169592991 0.067080922 0.981724024
1341839120.025666 -1.185878515 0.081425980 -0.120200068 -0.053230476 0.169693515 0.066219732 0.981827676
1341839120.061576 -1.195308208 0.083398007 -0.118496925 -0.052493218 0.171697646 0.066867352 0.981474936
1341839120.093515 -1.202335477 0.080537677 -0.116232812 -0.052681610 0.173769698 0.070046760 0.980878234
1341839120.125657 -1.208890438 0.081217423 -0.114993513 -0.051867813 0.175306499 0.072924301 0.980438352
1341839120.161703 -1.213600874 0.072869532 -0.111319125 -0.052656386 0.176429644 0.073666193 0.980139375
1341839120.193590 -1.221591711 0.073175214 -0.109572232 -0.049671270 0.177801043 0.073890969 0.980030477
1341839120.229713 -1.234062672 0.082400136 -0.109105080 -0.045612887 0.181008980 0.075005531 0.979555726
1341839120.261506 -1.246463656 0.084539548 -0.109843940 -0.044876464 0.184722811 0.079190500 0.978566527
1341839120.293457 -1.255607367 0.074492104 -0.106917650 -0.046382416 0.186189190 0.083726533 0.977840543
1341839120.329588 -1.260550261 0.078932174 -0.107567191 -0.044373330 0.186776415 0.083252102 0.977862298
1341839120.361629 -1.276755095 0.085571200 -0.108832210 -0.043335948 0.189542711 0.083134681 0.977386415
1341839120.393790 -1.292531610 0.085722305 -0.106830686 -0.044829026 0.190960795 0.085451901 0.976842999
1341839120.429559 -1.295048594 0.083994515 -0.107015550 -0.046662185 0.190518096 0.086650915 0.976738036
1341839120.461550 -1.307952642 0.079350367 -0.103862822 -0.048325118 0.192366734 0.086390704 0.976317763
1341839120.497665 -1.317079186 0.078644961 -0.101649135 -0.048321232 0.192335710 0.086353756 0.976327360
1341839120.561630 -1.332254648 0.080203369 -0.103767425 -0.049628630 0.193921223 0.089007489 0.975709617
1341839120.597681 -1.343506575 0.079508789 -0.102306396 -0.049837831 0.195491359 0.090728536 0.975226998
1341839120.629503 -1.351283550 0.080721319 -0.103231132 -0.050084297 0.195482165 0.091129556 0.975178778
1341839120.661993 -1.356136799 0.084370732 -0.105164319 -0.050910003 0.196025178 0.090286657 0.975105405
1341839120.697745 -1.367826223 0.080378950 -0.103293061 -0.053374190 0.198430687 0.090922348 0.974427819
1341839120.729566 -1.375519872 0.083202586 -0.102793157 -0.053634133 0.198590592 0.091764495 0.974301994
1341839120.765550 -1.381585598 0.080685854 -0.102641702 -0.055576645 0.198973596 0.090732343 0.974211693
1341839120.797761 -1.391431093 0.076742373 -0.100034595 -0.055920403 0.200855419 0.089381099 0.973930717
1341839120.829557 -1.400727272 0.083132356 -0.101503670 -0.054308303 0.201917231 0.089765064 0.973767042
1341839120.865525 -1.406301975 0.079540104 -0.100735962 -0.055890739 0.203816384 0.091446586 0.973125160
1341839120.897669 -1.415824533 0.071820498 -0.096106172 -0.056694634 0.206935942 0.093173467 0.972256064
1341839120.929785 -1.425407887 0.070574135 -0.094248503 -0.054675885 0.207892567 0.093699731 0.972117066
1341839120.965555 -1.431332946 0.070956789 -0.093236357 -0.052993149 0.207572892 0.092104651 0.972430944
1341839120.997581 -1.440341949 0.071897723 -0.091490895 -0.051530175 0.208158255 0.091340356 0.972456574
1341839121.033744 -1.452161670 0.071348026 -0.088119328 -0.050339311 0.209119648 0.093131542 0.972142696
1341839121.065604 -1.456187725 0.065579027 -0.084493637 -0.050285671 0.208275050 0.095313929 0.972115278
1341839121.097656 -1.462823153 0.068274342 -0.082213283 -0.047975872 0.208255962 0.094789542 0.972287357
1341839121.133691 -1.477386355 0.063351870 -0.081539273 -0.048408385 0.208246797 0.095057577 0.972241700
1341839121.165530 -1.481560707 0.057318829 -0.078026950 -0.048894372 0.205615625 0.095387928 0.972744942
1341839121.201575 -1.486670971 0.059878103 -0.075608909 -0.047243956 0.204720035 0.094320551 0.973119378
1341839121.233546 -1.500953317 0.059006073 -0.068833709 -0.046541505 0.205418125 0.094997644 0.972940207
1341839121.265498 -1.506756067 0.060114905 -0.067694068 -0.046021521 0.203167111 0.096348584 0.973304749
1341839121.301532 -1.508669019 0.055649765 -0.064567566 -0.047310553 0.201657325 0.095944084 0.973596811
1341839121.333608 -1.512598038 0.049854703 -0.060690105 -0.047628935 0.201027974 0.094657794 0.973837316
1341839121.365570 -1.522521257 0.053661063 -0.058687508 -0.045706131 0.201587498 0.093295701 0.973945260
1341839121.401586 -1.528522134 0.047051542 -0.053975642 -0.045603443 0.201981574 0.094828226 0.973720372
1341839121.433568 -1.530139804 0.061002865 -0.052975953 -0.041645158 0.201479942 0.093787372 0.974102378
1341839121.470470 -1.533790827 0.046594024 -0.051018178 -0.045512199 0.201682001 0.093404122 0.973924339
1341839121.501558 -1.531533837 0.031624794 -0.044376850 -0.045120899 0.200664684 0.093017317 0.974189699
1341839121.533669 -1.540493250 0.045001306 -0.044639468 -0.038012430 0.201818660 0.090123080 0.974526584
1341839121.569551 -1.549039245 0.041211881 -0.040454447 -0.037174590 0.203561381 0.090019584 0.974205971
1341839121.601594 -1.551126719 0.031493515 -0.032231390 -0.035781726 0.203290537 0.091173686 0.974207342
1341839121.633518 -1.554131031 0.038403817 -0.031659365 -0.031820480 0.203708455 0.090498514 0.974320412
1341839121.676759 -1.561326385 0.029465772 -0.025803506 -0.032913897 0.205109939 0.090372555 0.974001765
1341839121.737794 -1.572032571 0.022454251 -0.016469121 -0.028170127 0.203768104 0.089029126 0.974555731
1341839121.769806 -1.571785092 0.019702196 -0.012593746 -0.027095381 0.202386066 0.085750043 0.975167990
1341839121.801610 -1.584782481 0.022190925 -0.008462787 -0.025346696 0.203955367 0.082712956 0.975150406
1341839121.837558 -1.592166305 0.015526652 -0.005822182 -0.025608169 0.203401148 0.083174124 0.975220084
1341839121.869640 -1.590298414 0.006352931 0.000098169 -0.026399156 0.202501833 0.082957737 0.975404561
1341839121.901603 -1.603939414 0.007193528 0.007988751 -0.023793435 0.203623652 0.081352115 0.975373328
1341839121.937642 -1.606899977 0.007975131 0.013569236 -0.022500839 0.202491522 0.080285355 0.975727975
1341839121.969593 -1.614899039 0.008034687 0.017162979 -0.021644006 0.204245895 0.080561377 0.975358903
1341839122.005447 -1.628826499 0.008596916 0.022308469 -0.021090342 0.206431195 0.082855813 0.974718571
1341839122.037577 -1.630336761 0.004218206 0.023989439 -0.022573909 0.204268008 0.083411984 0.975093544
1341839122.069508 -1.632693410 -0.000906926 0.027353108 -0.023960877 0.203303382 0.081491023 0.975424409
1341839122.105677 -1.642623544 -0.001097273 0.032974958 -0.023101548 0.204631895 0.079869412 0.975301445
1341839122.137560 -1.649732709 0.003910359 0.031736374 -0.021860015 0.204760447 0.079810150 0.975308001
1341839122.169506 -1.658248901 0.003861092 0.034350514 -0.023802225 0.205836162 0.079417534 0.975068092
1341839122.205699 -1.661097288 -0.005925328 0.041322529 -0.026563536 0.207019165 0.080012769 0.974697590
1341839122.237714 -1.667925477 -0.009418320 0.045618594 -0.025513418 0.208301932 0.080655813 0.974399328
1341839122.273692 -1.673894644 -0.001650464 0.047962666 -0.023508398 0.209705845 0.080159172 0.974189579
1341839122.305536 -1.681413531 -0.006071683 0.052087247 -0.025028028 0.212097004 0.081164062 0.973550618
1341839122.337539 -1.690152884 -0.011159346 0.059351027 -0.025352970 0.213778377 0.083305657 0.972993433
1341839122.373595 -1.691920519 -0.011632759 0.059986889 -0.025491372 0.213346660 0.083936267 0.973030388
1341839122.405534 -1.697291970 -0.020010438 0.069693625 -0.026563369 0.215085447 0.083332285 0.972670734
1341839122.441566 -1.708737612 -0.020493511 0.076340199 -0.023785206 0.216979459 0.084007405 0.972263813
1341839122.476666 -1.716598392 -0.016318217 0.076000214 -0.022089088 0.217198938 0.085339755 0.972138762
1341839122.541642 -1.725701332 -0.034366477 0.088768363 -0.021712031 0.217568323 0.088904731 0.971745074
1341839122.605781 -1.742291451 -0.025133554 0.092923224 -0.016571045 0.218175173 0.088611588 0.971737087
1341839122.641573 -1.746488094 -0.037341941 0.100056589 -0.018241281 0.218013525 0.091845930 0.971443057
1341839122.673585 -1.749711990 -0.037808426 0.108458221 -0.016538771 0.216628671 0.091897860 0.971778393
1341839122.709612 -1.756072044 -0.039698936 0.112359405 -0.015862562 0.215723395 0.089923695 0.972175658
1341839122.744481 -1.764134884 -0.037017740 0.113682866 -0.014826449 0.214900568 0.088038094 0.972546756
1341839122.809572 -1.777899027 -0.027767371 0.116710126 -0.017100839 0.215504959 0.090056457 0.972190797
1341839122.841637 -1.772843122 -0.041050445 0.122467995 -0.021522101 0.214169294 0.089454219 0.972453713
1341839122.873612 -1.778047323 -0.038924769 0.124551833 -0.020975104 0.215213001 0.085745767 0.972569287
1341839122.909624 -1.791238070 -0.036794618 0.126459301 -0.020782936 0.217111006 0.085687436 0.972156644
1341839122.941543 -1.793177009 -0.037856437 0.131175458 -0.022559110 0.216395497 0.087024055 0.972157836
1341839122.977575 -1.788054943 -0.049746741 0.136322081 -0.025035195 0.215999216 0.086054675 0.972271621
1341839123.009572 -1.793590426 -0.046219666 0.139638722 -0.021557949 0.217185438 0.083876014 0.972281098
1341839123.041702 -1.804485083 -0.033514943 0.139285207 -0.018454676 0.218709424 0.083987288 0.971993685
1341839123.077583 -1.807946205 -0.032368731 0.140758395 -0.021540515 0.219114468 0.085963480 0.971666157
1341839123.109751 -1.803289056 -0.048457358 0.146681726 -0.025746401 0.218724102 0.087782405 0.971489131
1341839123.141926 -1.808152199 -0.040896241 0.148169756 -0.021976272 0.219825774 0.085758068 0.971513867
1341839123.177759 -1.820170760 -0.024630446 0.146793902 -0.020110086 0.221749872 0.084876418 0.971194446
1341839123.209570 -1.822493315 -0.031821296 0.146485627 -0.025127428 0.222705424 0.090058833 0.970391870
1341839123.245725 -1.820281029 -0.038103685 0.147741854 -0.027984338 0.222985715 0.092425816 0.970026672
1341839123.277647 -1.817440033 -0.039533582 0.149406791 -0.028458731 0.223965809 0.090449102 0.969973385
1341839123.309620 -1.829882383 -0.034005195 0.152147591 -0.026693964 0.227295160 0.088902727 0.969391882
1341839123.345630 -1.833466887 -0.033956625 0.152292430 -0.026582448 0.228308484 0.092011027 0.968866646
1341839123.378204 -1.830456138 -0.035888590 0.151955783 -0.026854962 0.229516000 0.094206549 0.968362689
1341839123.413605 -1.834070444 -0.041074038 0.154013157 -0.027302759 0.232208684 0.093727343 0.967754543
1341839123.445605 -1.840779662 -0.038094208 0.154980063 -0.026292618 0.233309880 0.092314243 0.967653513
1341839123.477524 -1.838930607 -0.040805072 0.155533433 -0.026870342 0.233488604 0.091292784 0.967691422
1341839123.513569 -1.839782238 -0.037281170 0.157973170 -0.025628621 0.235661522 0.090022765 0.967317283
1341839123.545681 -1.848508835 -0.037812196 0.162416935 -0.025022041 0.239320174 0.091276914 0.966316879
1341839123.577643 -1.848116875 -0.048233956 0.163659930 -0.026454492 0.239387512 0.092358440 0.966159225
1341839123.613598 -1.848275661 -0.046844631 0.164236128 -0.024533663 0.240394086 0.089533173 0.966225922
1341839123.645669 -1.864969492 -0.039304182 0.168224752 -0.022760568 0.244427636 0.086962402 0.965491891
1341839123.681751 -1.869130611 -0.049785413 0.171806514 -0.024561269 0.245197773 0.088605665 0.965103030
1341839123.713662 -1.872619987 -0.050224200 0.171589315 -0.023276880 0.245989725 0.089492023 0.964851499
1341839123.745702 -1.877992153 -0.053093247 0.174290657 -0.023344278 0.248001292 0.088390239 0.964436352
1341839123.781632 -1.888014078 -0.058681056 0.181602001 -0.022905426 0.250393987 0.087655507 0.963895559
1341839123.813710 -1.901562691 -0.047893852 0.183922172 -0.019117428 0.251455724 0.087601855 0.963706613
1341839123.845656 -1.909426212 -0.044856429 0.182185948 -0.020387493 0.250703156 0.088098451 0.963831365
1341839123.881576 -1.911362648 -0.048666894 0.185406446 -0.023585832 0.250639290 0.086509168 0.963918984
1341839123.913827 -1.924219370 -0.051221289 0.190271080 -0.024886517 0.252459079 0.084842511 0.963559449
1341839123.949667 -1.940313220 -0.049785621 0.195560455 -0.025857916 0.253430545 0.085175186 0.963249445
1341839123.981668 -1.946580648 -0.060813606 0.200726151 -0.029912056 0.251481116 0.085267708 0.963634729
1341839124.013726 -1.954726338 -0.064505160 0.205656111 -0.030182473 0.250268340 0.084247164 0.964031756
1341839124.049634 -1.970021844 -0.061732337 0.206831694 -0.028670164 0.249516636 0.084206320 0.964276254
1341839124.081682 -1.979391098 -0.063688159 0.208777547 -0.028930575 0.247752026 0.085296087 0.964627683
1341839124.113596 -1.988494992 -0.068447135 0.212749898 -0.030279962 0.246498019 0.085480466 0.964891136
1341839124.149548 -1.994044304 -0.075679399 0.217323542 -0.031575684 0.245650053 0.084341623 0.965166032
1341839124.181547 -2.008402109 -0.068903558 0.218908012 -0.029296406 0.245995790 0.083365239 0.965234697
1341839124.217783 -2.015459299 -0.062702209 0.217753232 -0.029695634 0.245049715 0.082598425 0.965529025
1341839124.256572 -2.023863792 -0.079676218 0.226114988 -0.033718530 0.245829910 0.083574973 0.965114415
1341839124.317542 -2.046553373 -0.073435843 0.227556407 -0.030341223 0.246970370 0.084157757 0.964884698
1341839124.349622 -2.057709694 -0.075674415 0.231049716 -0.030829279 0.248135686 0.085990191 0.964408576
1341839124.417782 -2.065687180 -0.081197895 0.232218087 -0.032882385 0.248046950 0.089211643 0.964070916
1341839124.449587 -2.078842640 -0.081445307 0.237117052 -0.031213654 0.250385642 0.088638805 0.963574588
1341839124.485711 -2.086026907 -0.069238424 0.230053127 -0.029472088 0.249729887 0.087770328 0.963878989
1341839124.549607 -2.101306915 -0.075500585 0.237590253 -0.032339394 0.254146785 0.090139993 0.962412775
1341839124.585623 -2.108993053 -0.075931296 0.234887183 -0.032382626 0.254720122 0.090875715 0.962190509
1341839124.617614 -2.112458229 -0.076498665 0.236162364 -0.033876248 0.255110830 0.089983419 0.962119460
1341839124.653561 -2.116301775 -0.077452838 0.237639427 -0.033153653 0.256363720 0.090456448 0.961767197
1341839124.685611 -2.128741264 -0.069589496 0.234784007 -0.031366169 0.257740408 0.091211893 0.961387753
1341839124.717580 -2.128276348 -0.075376645 0.234238207 -0.035042644 0.257626623 0.091569073 0.961257339
1341839124.753621 -2.134537220 -0.082356885 0.241037011 -0.035874687 0.259236783 0.091112375 0.960837066
1341839124.785678 -2.144678116 -0.077702649 0.239795864 -0.033965662 0.260173827 0.090893410 0.960673869
1341839124.817558 -2.142842054 -0.070933260 0.232952952 -0.034254953 0.259575009 0.091356829 0.960781634
1341839124.885712 -2.166550875 -0.092104353 0.254069090 -0.035503432 0.266472220 0.093386233 0.958650649
1341839124.921721 -2.164067268 -0.078010596 0.246114433 -0.032147132 0.262478411 0.092323944 0.959972858
1341839124.953580 -2.159931183 -0.086344823 0.245177269 -0.035447761 0.263425082 0.089099273 0.959902108
1341839124.985862 -2.176943302 -0.089367628 0.256359041 -0.033187568 0.269102424 0.088596456 0.958453536
1341839125.021660 -2.194111824 -0.083500639 0.260643244 -0.028672084 0.270371020 0.092631809 0.957860529
1341839125.053606 -2.186624765 -0.077842705 0.249456465 -0.029304629 0.267174721 0.093444645 0.958658934
1341839125.086082 -2.186402321 -0.097064182 0.258405626 -0.034070708 0.269066572 0.091194332 0.958188891
1341839125.121616 -2.202794075 -0.093249232 0.266345978 -0.028980890 0.270713955 0.089955002 0.958009481
1341839125.153540 -2.208000183 -0.074207209 0.252458155 -0.026558651 0.266695768 0.089067675 0.959288776
1341839125.189545 -2.200615883 -0.085405678 0.254790843 -0.035497788 0.267016679 0.085417509 0.959242344
1341839125.221519 -2.202402115 -0.100175560 0.265465736 -0.037326861 0.269929528 0.084245615 0.958460987
1341839125.253620 -2.211762667 -0.084977545 0.264957070 -0.031950772 0.273180813 0.082311049 0.957902014
1341839125.289646 -2.220653534 -0.081035212 0.266008317 -0.033302687 0.274450094 0.081972234 0.957522154
1341839125.321651 -2.207549810 -0.104612358 0.269199729 -0.039178357 0.272677034 0.081025042 0.957886875
1341839125.353612 -2.210890770 -0.095797077 0.267168522 -0.034397293 0.275591016 0.077349730 0.957540333
1341839125.389732 -2.214248657 -0.070389375 0.261770308 -0.031010058 0.278121740 0.075325459 0.957085550
1341839125.421568 -2.218494415 -0.090534367 0.265470862 -0.038335700 0.283398449 0.078089505 0.955048561
1341839125.457605 -2.216420412 -0.098248065 0.270743787 -0.040300861 0.285505861 0.078392074 0.954314888
1341839125.489491 -2.218566895 -0.099961184 0.274181664 -0.039243918 0.288902491 0.077981383 0.953369915
1341839125.521521 -2.229325294 -0.088954322 0.275687575 -0.036430139 0.291635543 0.079176970 0.952550590
1341839125.557578 -2.225992441 -0.098211348 0.278875589 -0.040269505 0.290963352 0.080820851 0.952463508
1341839125.596685 -2.218785763 -0.103184566 0.280385971 -0.041355819 0.291791618 0.078961357 0.952319503
1341839125.657655 -2.239617825 -0.091990195 0.289676189 -0.038077876 0.297095150 0.082274340 0.950534344
1341839125.689599 -2.234714508 -0.096244618 0.292089701 -0.041184776 0.296282381 0.084574670 0.950456560
1341839125.725674 -2.232773781 -0.112732083 0.302995443 -0.044410095 0.296944231 0.083867893 0.950167358
1341839125.757650 -2.245367050 -0.101715654 0.310487211 -0.039906092 0.297483563 0.082105368 0.950352430
1341839125.789697 -2.247138500 -0.093090847 0.304028928 -0.039885167 0.296117991 0.083204173 0.950684190
1341839125.825554 -2.249544382 -0.099609181 0.314618587 -0.043040153 0.298571020 0.087057427 0.949433506
1341839125.857601 -2.249079466 -0.104725808 0.324990451 -0.043328390 0.298629016 0.090292312 0.949099958
1341839125.893542 -2.248784304 -0.112271771 0.327924311 -0.044458583 0.296846092 0.089494094 0.949682415
1341839125.925748 -2.255608082 -0.114123762 0.337317348 -0.043850683 0.297809273 0.086861543 0.949653566
1341839125.957565 -2.267477751 -0.110036448 0.345826864 -0.041440189 0.298764557 0.088538162 0.949306846
1341839125.993528 -2.265711308 -0.109204188 0.350563765 -0.041824877 0.296674818 0.091881856 0.949627578
1341839126.025584 -2.259677172 -0.122653395 0.358372748 -0.044821911 0.296074033 0.092372783 0.949630678
1341839126.057677 -2.269578218 -0.123874187 0.370938659 -0.042601936 0.297274023 0.091085799 0.949482262
1341839126.093586 -2.276234150 -0.113663822 0.372985542 -0.040660571 0.295882672 0.090167679 0.950089455
1341839126.125584 -2.272495985 -0.130042985 0.381467044 -0.044820063 0.295657545 0.090796843 0.949912488
1341839126.161675 -2.278441906 -0.132206261 0.391242564 -0.041825399 0.297296971 0.091096185 0.949508667
1341839126.193566 -2.282630444 -0.122964911 0.390606046 -0.039050769 0.297049135 0.091749601 0.949641466
1341839126.225494 -2.282461882 -0.133285716 0.397384763 -0.041476127 0.298652112 0.092801139 0.948933423
1341839126.262252 -2.290773869 -0.134459019 0.410180569 -0.039717350 0.302720040 0.094990209 0.947501957
1341839126.293564 -2.297277451 -0.139126137 0.418923795 -0.039035376 0.304008961 0.097929090 0.946818173
1341839126.325643 -2.296291590 -0.139724553 0.424431384 -0.038655940 0.302662134 0.097540826 0.947305202
1341839126.361562 -2.297603130 -0.144061849 0.428157508 -0.039835315 0.301751137 0.094675370 0.947837472
1341839126.393475 -2.301150560 -0.139902070 0.429526865 -0.039397575 0.302726328 0.092372097 0.947772145
1341839126.429534 -2.311506510 -0.136691794 0.441334784 -0.039729990 0.306836009 0.093200192 0.946354508
1341839126.461585 -2.312875748 -0.142165363 0.447986364 -0.041265678 0.306303293 0.097201400 0.946058810
1341839126.493573 -2.302163601 -0.155660748 0.450017631 -0.043767627 0.304542273 0.097303718 0.946504295
1341839126.529589 -2.309038162 -0.157621145 0.454940379 -0.042235296 0.307100207 0.092843652 0.946195424
1341839126.561488 -2.320872307 -0.148222104 0.461624444 -0.038509004 0.309602529 0.092411928 0.945580959
1341839126.593549 -2.324628592 -0.144290626 0.461521685 -0.037956823 0.310769141 0.095915362 0.944871426
1341839126.629751 -2.317787409 -0.158313692 0.467986166 -0.041608330 0.312046230 0.098299176 0.944051445
1341839126.661503 -2.317291498 -0.167028293 0.475875080 -0.039933726 0.314557046 0.097197995 0.943404317
1341839126.697561 -2.327271938 -0.154054180 0.473348141 -0.035184372 0.316410065 0.096707501 0.943024039
1341839126.729517 -2.325699329 -0.157187492 0.475269794 -0.037159078 0.318343520 0.097855620 0.942178786
1341839126.761554 -2.319096565 -0.174139246 0.482038617 -0.038576864 0.320906848 0.098474808 0.941187203
1341839126.797734 -2.328011751 -0.160402089 0.480664253 -0.033592839 0.323504269 0.095806964 0.940764308
1341839126.829608 -2.328135967 -0.162270516 0.481750369 -0.034598712 0.326286703 0.094371848 0.939911604
1341839126.865650 -2.336949348 -0.164494589 0.489676595 -0.033972520 0.331158012 0.095986634 0.938065469
1341839126.897640 -2.335989237 -0.170233488 0.491932392 -0.034260590 0.332248867 0.097375013 0.937525988
1341839126.929680 -2.337276697 -0.175457239 0.495358706 -0.032618515 0.334862709 0.097004265 0.936692655
1341839126.965564 -2.350463390 -0.157277882 0.497668684 -0.028238337 0.336849988 0.096172176 0.936208069
1341839126.997665 -2.346829176 -0.173784763 0.501169086 -0.034119476 0.335841417 0.098048508 0.936179936
1341839127.029597 -2.339402914 -0.197267413 0.512415648 -0.035629347 0.336767942 0.097937480 0.935802341
1341839127.065594 -2.342969418 -0.184371457 0.510855019 -0.029875420 0.336285174 0.093040243 0.936676681
1341839127.097689 -2.345363140 -0.184374198 0.511203289 -0.028378526 0.337789744 0.090526223 0.936428130
1341839127.133571 -2.353810310 -0.184156328 0.513659179 -0.026896097 0.341521531 0.091672741 0.935005724
1341839127.165684 -2.353678465 -0.190007880 0.517162681 -0.026799975 0.344114065 0.094887614 0.933736324
1341839127.197636 -2.352283955 -0.195515648 0.519273639 -0.026364537 0.346102953 0.095617369 0.932938874
1341839127.233596 -2.351619959 -0.201144248 0.520116031 -0.025724154 0.347848296 0.093424112 0.932529747
1341839127.265755 -2.362425566 -0.190271795 0.525979996 -0.020821428 0.351580441 0.092431664 0.931350648
1341839127.297673 -2.366324425 -0.190956280 0.525426388 -0.020987464 0.353996068 0.093834087 0.930291057
1341839127.333679 -2.364039421 -0.190438256 0.527252555 -0.021820212 0.356344700 0.093567863 0.929401636
1341839127.372174 -2.367564678 -0.203262776 0.534824848 -0.024811208 0.359792322 0.092466138 0.928107679
1341839127.401871 -2.376020670 -0.200628176 0.544067323 -0.021986557 0.363501072 0.091543227 0.926824331
1341839127.434153 -2.379259348 -0.193967327 0.541218638 -0.020077543 0.364745498 0.092169441 0.926316559
1341839127.465725 -2.387163401 -0.203307733 0.551379561 -0.021679176 0.369683713 0.094599411 0.924075127
1341839127.502087 -2.391923904 -0.195629418 0.551476121 -0.018471252 0.370934248 0.096538275 0.923443019
1341839127.533614 -2.396356583 -0.194571942 0.545561135 -0.020573629 0.372548789 0.095545374 0.922851682
1341839127.565666 -2.408230066 -0.197598159 0.561682165 -0.024219062 0.379732877 0.098254479 0.919544697
1341839127.601497 -2.410620928 -0.213654548 0.575094342 -0.025458131 0.381853074 0.104086056 0.917990327
1341839127.633641 -2.410216331 -0.220509112 0.576722145 -0.024019195 0.381421298 0.105393991 0.918059349
1341839127.669721 -2.417829037 -0.218760520 0.585213900 -0.022035955 0.383245975 0.103331454 0.917583525
1341839127.701590 -2.429657936 -0.216258153 0.594629467 -0.019844934 0.384270012 0.103660688 0.917168021
1341839127.733628 -2.431032419 -0.216732129 0.595259726 -0.019111278 0.383091658 0.106252581 0.917379916
1341839127.769756 -2.432066441 -0.222136989 0.602537930 -0.020724399 0.383689582 0.106391042 0.917078912
1341839127.801629 -2.434247971 -0.229987934 0.611520350 -0.022064073 0.384580463 0.104609095 0.916879475
1341839127.837525 -2.440790176 -0.229433611 0.616222203 -0.020021599 0.385775447 0.103874713 0.916507781
1341839127.869904 -2.447742224 -0.224931076 0.620455205 -0.018000321 0.388337404 0.105855756 0.915240169
1341839127.901787 -2.446879387 -0.231440261 0.627824426 -0.018593602 0.389500201 0.109293409 0.914329708
1341839127.937458 -2.443456173 -0.237304300 0.626041055 -0.018403959 0.389321834 0.109370254 0.914400339
1341839127.970000 -2.452157974 -0.237492263 0.637993515 -0.016989518 0.393583477 0.109133154 0.912629902
1341839128.001556 -2.456422091 -0.234239593 0.646628737 -0.014232244 0.394135237 0.110840343 0.912233114
1341839128.037646 -2.453058720 -0.238007784 0.644300938 -0.014008398 0.391905755 0.111239053 0.913148165
1341839128.069528 -2.453091145 -0.234225646 0.641119838 -0.013543730 0.391284645 0.108532757 0.913747013
1341839128.105485 -2.462926149 -0.206261903 0.653266430 -0.010284436 0.396096498 0.106717564 0.911928236
1341839128.137556 -2.465678692 -0.223695904 0.662291646 -0.014966974 0.400083512 0.119331881 0.908553302
1341839128.169766 -2.459275484 -0.238687262 0.658876598 -0.018655818 0.397535682 0.124128647 0.908960640
1341839128.205769 -2.449372768 -0.248723298 0.657241762 -0.021597775 0.396500081 0.120691158 0.909810364
1341839128.237693 -2.463690996 -0.237252906 0.670964777 -0.017246192 0.400328726 0.117438868 0.908651531
1341839128.269778 -2.470407724 -0.226577908 0.665480793 -0.015190276 0.398966700 0.121077254 0.908809721
1341839128.305489 -2.465005159 -0.243835717 0.670605838 -0.020491811 0.399778515 0.123902798 0.907967687
1341839128.337488 -2.467266560 -0.251797616 0.676903069 -0.020650456 0.401789606 0.123845972 0.907083690
1341839128.373648 -2.474171638 -0.242670238 0.679782391 -0.017696368 0.402642101 0.122612990 0.906935632
1341839128.405628 -2.472171068 -0.245225891 0.677538455 -0.019144097 0.402641892 0.121933490 0.906997919
1341839128.438499 -2.476046562 -0.251710325 0.688862443 -0.020369262 0.407272607 0.123360246 0.904707909
1341839128.473696 -2.473826408 -0.247414887 0.691354215 -0.018133502 0.408342719 0.126134813 0.903890193
1341839128.505546 -2.470313549 -0.250586540 0.688625634 -0.019305633 0.408225179 0.126139775 0.903918266
1341839128.537583 -2.468596458 -0.255782872 0.692447841 -0.021396743 0.409590393 0.123603106 0.903604031
1341839128.573515 -2.473916531 -0.259635657 0.702798903 -0.021578191 0.413832307 0.122914724 0.901758969
1341839128.605707 -2.483001232 -0.247604385 0.709964335 -0.017021799 0.417018026 0.127224177 0.899788976
1341839128.641615 -2.478974342 -0.251504183 0.711480319 -0.019520205 0.416158020 0.130806670 0.899622738
1341839128.674297 -2.474100351 -0.266960442 0.723398268 -0.021866575 0.418729782 0.130871221 0.898365140
1341839128.705724 -2.484176397 -0.257018745 0.731804192 -0.016811123 0.421668977 0.131772712 0.896966338
1341839128.741577 -2.487621307 -0.254124999 0.737014055 -0.015681827 0.421544760 0.135826007 0.896440387
1341839128.773449 -2.480288982 -0.266356826 0.742450833 -0.018987654 0.420198947 0.137334794 0.896778345
1341839128.805626 -2.481141090 -0.267786980 0.747294366 -0.018641906 0.420694321 0.134464592 0.896988273
1341839128.841524 -2.491503716 -0.262288421 0.754908144 -0.017467903 0.425218850 0.136056885 0.894635260
1341839128.873613 -2.500984430 -0.260757565 0.771702111 -0.016267940 0.429168314 0.144111529 0.891505301
1341839128.909718 -2.494181633 -0.265218377 0.771435201 -0.018565530 0.426145524 0.147663474 0.892328858
1341839128.941487 -2.482367516 -0.284549028 0.776303291 -0.023761131 0.425442487 0.143548191 0.893212199
1341839128.973556 -2.503936291 -0.269794285 0.790774643 -0.018711140 0.430111051 0.138226613 0.891934812
1341839129.009679 -2.512377262 -0.251471102 0.787196636 -0.016468445 0.427299500 0.144166633 0.892390013
1341839129.041584 -2.502816677 -0.287837207 0.797391295 -0.027560838 0.428161621 0.145595729 0.891470611
1341839129.077533 -2.511295080 -0.284926444 0.809032083 -0.023892317 0.433320433 0.144892916 0.889195442
1341839129.109520 -2.526517868 -0.264870644 0.817363024 -0.019497316 0.434083372 0.147291556 0.888536274
1341839129.141619 -2.519710541 -0.288194418 0.819423020 -0.027262906 0.431368887 0.151004851 0.889030457
1341839129.177574 -2.510657310 -0.304144591 0.821674407 -0.030751511 0.432525903 0.150368482 0.888462126
1341839129.209655 -2.526397228 -0.288727045 0.834777534 -0.025274482 0.438316971 0.151780754 0.885551751
1341839129.241510 -2.529706478 -0.282864660 0.840376139 -0.024017025 0.437875807 0.156965137 0.884901047
1341839129.277541 -2.520798206 -0.306137264 0.847808480 -0.029390419 0.438723058 0.158740088 0.884002209
1341839129.309548 -2.521820545 -0.305421174 0.862438440 -0.026811220 0.442965060 0.156441942 0.882376909
1341839129.345615 -2.532093525 -0.294485509 0.869447529 -0.022693701 0.443737507 0.158340439 0.881765485
1341839129.377515 -2.526033401 -0.302147090 0.868541062 -0.025817716 0.440560520 0.159761354 0.883015394
1341839129.409635 -2.521512032 -0.317362159 0.883567989 -0.028789403 0.443625361 0.159074217 0.881511807
1341839129.445518 -2.527667999 -0.306089461 0.892585635 -0.023894340 0.446229666 0.159328654 0.880296826
1341839129.477523 -2.531631231 -0.297923982 0.898530185 -0.023261623 0.445445299 0.161358148 0.880341411
1341839129.509566 -2.522051811 -0.317597717 0.905932665 -0.028939342 0.445398271 0.162254289 0.880032063
1341839129.545536 -2.527504921 -0.308481425 0.914914370 -0.025432380 0.448437423 0.162237108 0.878598988
1341839129.577541 -2.533366203 -0.300847352 0.916797817 -0.024816126 0.449064314 0.165826499 0.877625823
1341839129.613707 -2.521811485 -0.321042180 0.925142884 -0.030346921 0.450052172 0.168587744 0.876419067
1341839129.645497 -2.522011995 -0.321446240 0.930874169 -0.029897254 0.451356530 0.165258169 0.876397908
1341839129.677529 -2.523640156 -0.320335358 0.938675582 -0.029810820 0.452509701 0.162644982 0.876295030
1341839129.713807 -2.526743650 -0.319565147 0.950811088 -0.027767396 0.453713447 0.164310738 0.875428557
1341839129.745656 -2.522838116 -0.326844364 0.947110653 -0.028868329 0.452118576 0.165302709 0.876031101
1341839129.777553 -2.518415928 -0.338799804 0.952190280 -0.031707972 0.454448760 0.163670838 0.875033081
1341839129.813668 -2.524407387 -0.331804931 0.966968358 -0.026223427 0.458763123 0.164199382 0.872861564
1341839129.845557 -2.526456356 -0.323417574 0.962476194 -0.022411352 0.456573635 0.167578414 0.873473346
1341839129.881595 -2.516564369 -0.344573647 0.966786742 -0.028454296 0.456309050 0.165977120 0.873741388
1341839129.913656 -2.519149542 -0.347828031 0.977939844 -0.025936205 0.460874885 0.161221102 0.872312665
1341839129.945668 -2.531845093 -0.328902543 0.975566685 -0.019560562 0.461056471 0.162544325 0.872137427
1341839129.981581 -2.523106575 -0.343884051 0.970909059 -0.026098909 0.459156781 0.165120989 0.872484386
1341839130.013837 -2.516919613 -0.368858665 0.992876172 -0.030707054 0.464405060 0.161694884 0.870195270
1341839130.049672 -2.529176712 -0.341738909 0.996425807 -0.020657532 0.465769291 0.158891022 0.870279193
1341839130.081470 -2.534430027 -0.336038828 0.993583679 -0.021094451 0.463980794 0.160602272 0.870909750
1341839130.113580 -2.525668859 -0.358425736 1.007722020 -0.026941981 0.465735495 0.162860304 0.869391203
1341839130.149498 -2.526361227 -0.365485251 1.017797828 -0.024198048 0.467933446 0.163115606 0.868243098
1341839130.181614 -2.537289858 -0.347296178 1.012829304 -0.018143948 0.467619061 0.163104892 0.868562043
1341839130.213597 -2.538350105 -0.350783736 1.020040035 -0.020694394 0.468343526 0.166071430 0.867551923
1341839130.249495 -2.534124136 -0.369529814 1.032414913 -0.024371959 0.470966786 0.167325914 0.865793467
1341839130.281707 -2.544336796 -0.358536273 1.035071611 -0.018971495 0.474026591 0.167950749 0.864136219
1341839130.317659 -2.549096107 -0.355057716 1.041298747 -0.018856132 0.475789815 0.171030805 0.862564147
1341839130.349604 -2.543151855 -0.372554958 1.056679249 -0.020620713 0.478227228 0.175132990 0.860349894
1341839130.382034 -2.545292377 -0.370214999 1.051524878 -0.016717628 0.478534997 0.175631166 0.860161901
1341839130.417728 -2.554547787 -0.366647542 1.056630254 -0.015691852 0.482295781 0.174879953 0.858231664
1341839130.481948 -2.559092999 -0.373129576 1.068792105 -0.018042110 0.483355463 0.182126522 0.856079340
1341839130.517772 -2.558265209 -0.381716430 1.080574751 -0.019579381 0.487473220 0.181118280 0.853921950
1341839130.549519 -2.574350357 -0.371310592 1.095298529 -0.014436582 0.490213066 0.183218062 0.852005780
1341839130.585696 -2.569641113 -0.380407393 1.090624332 -0.016518204 0.485338926 0.186588407 0.854024589
1341839130.617684 -2.564508915 -0.393340021 1.093653202 -0.020880079 0.486003488 0.182486534 0.854437411
1341839130.649566 -2.577957153 -0.383595079 1.105628252 -0.017621603 0.489942044 0.180165425 0.852752388
1341839130.685466 -2.585536003 -0.385178894 1.116078377 -0.015955532 0.490946323 0.183574721 0.851479530
1341839130.717517 -2.587360382 -0.386139184 1.108837605 -0.016855609 0.488768846 0.184891596 0.852429450
1341839130.749572 -2.584141016 -0.400595933 1.117672205 -0.022462009 0.490464002 0.182539776 0.851833165
1341839130.785686 -2.591342449 -0.399436593 1.134437561 -0.020565365 0.494447768 0.180675000 0.849973500
1341839130.817796 -2.603785992 -0.389304727 1.134796143 -0.015555844 0.494809657 0.184817463 0.848978162
1341839130.854788 -2.602283001 -0.398710847 1.136198997 -0.019393768 0.492925227 0.188081071 0.849278629
1341839130.885541 -2.595367908 -0.429447591 1.156566620 -0.025993614 0.496070534 0.185091227 0.847926617
1341839130.917632 -2.607280493 -0.415801466 1.158837080 -0.018452143 0.497375458 0.181836501 0.848064065
1341839130.953712 -2.621335983 -0.405561805 1.155192971 -0.015482132 0.497230709 0.183974057 0.847747266
1341839130.985630 -2.617780924 -0.417105049 1.168241858 -0.019296143 0.498345613 0.187941536 0.846142590
1341839131.017560 -2.613761663 -0.433815002 1.184399486 -0.019293472 0.500355482 0.188320130 0.844871402
1341839131.053526 -2.624296665 -0.421133786 1.180427313 -0.014127952 0.498739690 0.185355723 0.846582770
1341839131.085681 -2.630326748 -0.424484491 1.188238382 -0.015617034 0.498496890 0.184021384 0.846990585
1341839131.121737 -2.633283615 -0.425360173 1.193946242 -0.015357324 0.497960716 0.185365662 0.847017646
1341839131.153629 -2.639522076 -0.423630804 1.197048545 -0.014792352 0.497389853 0.186936021 0.847017944
1341839131.185722 -2.641848803 -0.423556715 1.196747065 -0.017069412 0.495957941 0.187028751 0.847793937
1341839131.221649 -2.641364813 -0.433622569 1.210218668 -0.020841157 0.498468846 0.187128052 0.846213639
1341839131.253615 -2.649137497 -0.427447796 1.217871666 -0.018035958 0.499195218 0.189276576 0.845371664
1341839131.289544 -2.652608871 -0.425143808 1.213989019 -0.019258350 0.496344835 0.191699967 0.846476257
1341839131.321742 -2.645728588 -0.441454798 1.228281021 -0.025416991 0.497783512 0.191372737 0.845542431
1341839131.353559 -2.653077126 -0.435493618 1.238224030 -0.021666108 0.499907345 0.190525681 0.844584644
1341839131.389563 -2.660802841 -0.427542269 1.236046076 -0.019532392 0.498574436 0.193555236 0.844735742
1341839131.422027 -2.653402328 -0.443078637 1.245630026 -0.024979757 0.498449743 0.195339471 0.844254911
1341839131.453618 -2.649082661 -0.452541769 1.255526543 -0.025835685 0.499332875 0.192295402 0.844406128
1341839131.489531 -2.657915592 -0.445392132 1.255731463 -0.022262044 0.500127912 0.189886451 0.844582498
1341839131.521613 -2.662609100 -0.442277282 1.262300014 -0.020390254 0.500229001 0.192482442 0.843982041
1341839131.557577 -2.656097889 -0.454192907 1.268628836 -0.022797266 0.499423444 0.194726720 0.843882680
1341839131.589573 -2.655864716 -0.460157633 1.277006269 -0.022296010 0.500235498 0.192790151 0.843859792
1341839131.621822 -2.661914349 -0.455280513 1.278998494 -0.019741416 0.499623209 0.191172883 0.844653666
1341839131.657680 -2.662720680 -0.461621135 1.286669493 -0.019655269 0.499340892 0.192775309 0.844458401
1341839131.689554 -2.662246227 -0.467690945 1.292861581 -0.019098021 0.499815464 0.193540588 0.844015300
1341839131.721592 -2.665196896 -0.469639361 1.304496169 -0.017542265 0.501136839 0.192874223 0.843417823
1341839131.757613 -2.668463707 -0.467555851 1.307585001 -0.015921062 0.500083685 0.193140388 0.844013989
1341839131.789523 -2.671064377 -0.470289230 1.314277411 -0.016171625 0.500713825 0.193869248 0.843468368
1341839131.825565 -2.673686981 -0.471250594 1.317559361 -0.016555203 0.501104414 0.194756791 0.843024313
1341839131.857572 -2.674118042 -0.475809813 1.325345993 -0.017025460 0.502156079 0.195990086 0.842102885
1341839131.889513 -2.676499844 -0.478719264 1.325975895 -0.018056126 0.501986086 0.194852218 0.842446804
1341839131.925750 -2.680293560 -0.479397058 1.336471081 -0.017741421 0.504671812 0.194478303 0.840933919
1341839131.964633 -2.687538624 -0.472125232 1.336085200 -0.015302289 0.504493296 0.196719661 0.840567529
1341839132.025660 -2.679664135 -0.499405146 1.356440902 -0.021586493 0.506927311 0.195764557 0.839187086
1341839132.057881 -2.693468571 -0.484344870 1.353619099 -0.015931446 0.507321179 0.193900973 0.839508116
1341839132.093669 -2.696785450 -0.489742160 1.356129646 -0.018394271 0.508247972 0.196428329 0.838308752
1341839132.125565 -2.697523117 -0.498168468 1.368918896 -0.019481339 0.512521803 0.199551702 0.834937751
1341839132.157636 -2.703827858 -0.491506547 1.366824150 -0.016791651 0.513706625 0.202473819 0.833563387
1341839132.193673 -2.701422215 -0.498826593 1.375572205 -0.019439992 0.514305294 0.203686997 0.832840741
1341839132.225804 -2.701564312 -0.508592367 1.385302067 -0.020143580 0.516668499 0.203263178 0.831463754
1341839132.261812 -2.711931467 -0.500258446 1.385228634 -0.015048794 0.516960680 0.206113279 0.830688000
1341839132.293590 -2.708669901 -0.508147478 1.387783766 -0.017333183 0.515974820 0.208370984 0.830693126
1341839132.325554 -2.709114552 -0.514512897 1.396463633 -0.017683800 0.518905103 0.207351997 0.829113960
1341839132.361528 -2.718675852 -0.505303144 1.395021200 -0.013888474 0.520565987 0.209230661 0.827671826
1341839132.393650 -2.719140053 -0.510161161 1.403337002 -0.014941628 0.521876216 0.213648692 0.825697422
1341839132.425622 -2.716447353 -0.518746018 1.409027576 -0.016598472 0.523017049 0.214771003 0.824652076
1341839132.461663 -2.720361471 -0.514357686 1.411297083 -0.014885372 0.524854839 0.214345604 0.823627234
1341839132.493798 -2.728791237 -0.504520059 1.415629983 -0.012633272 0.524788380 0.216057330 0.823259890
1341839132.529690 -2.723444462 -0.516946197 1.421071053 -0.017984694 0.523620844 0.216918871 0.823677063
1341839132.561519 -2.720551491 -0.525776446 1.439424276 -0.019628277 0.527585626 0.215507969 0.821476996
1341839132.593700 -2.731832504 -0.515473247 1.443877220 -0.013846519 0.528714240 0.217276216 0.820402682
1341839132.629507 -2.736364365 -0.515047193 1.441881418 -0.014473979 0.525342226 0.220411822 0.821720600
1341839132.661576 -2.724647045 -0.531998277 1.454600096 -0.020620132 0.525217891 0.219237506 0.821982920
1341839132.693571 -2.730519295 -0.533449054 1.474019051 -0.018109404 0.527573049 0.215243518 0.821589291
1341839132.729515 -2.742835760 -0.521267653 1.468983412 -0.012852394 0.524220645 0.214231387 0.824094892
1341839132.761625 -2.740614176 -0.529907703 1.470212936 -0.016209550 0.520959854 0.215381101 0.825802088
1341839132.797547 -2.735261440 -0.540142536 1.484335542 -0.017797751 0.521473587 0.214395836 0.825701475
1341839132.829637 -2.746669054 -0.532428324 1.484973669 -0.011087382 0.520951331 0.216827080 0.825513661
1341839132.861592 -2.751879215 -0.531825602 1.483347893 -0.009125065 0.518218696 0.223573595 0.825458050
1341839132.897486 -2.744873047 -0.540828228 1.489008665 -0.010518084 0.517527401 0.226607397 0.825047731
1341839132.929713 -2.747724771 -0.543799400 1.490258455 -0.009551204 0.517575204 0.227068961 0.824902654
1341839132.961705 -2.746917009 -0.550319731 1.496651173 -0.008824346 0.517762482 0.227903336 0.824563026
1341839132.997927 -2.753766537 -0.545115352 1.488589168 -0.005510974 0.516504049 0.228319615 0.825265586
1341839133.029816 -2.753882885 -0.553634048 1.491109848 -0.008709706 0.517436028 0.228554562 0.824588954
1341839133.065602 -2.750744820 -0.558946848 1.497649670 -0.008722144 0.517815769 0.226787403 0.824838340
1341839133.097540 -2.758190870 -0.555145979 1.489288568 -0.006882137 0.517158926 0.223990396 0.826031268
1341839133.129508 -2.760549545 -0.555627465 1.488011956 -0.008645503 0.517697692 0.223309517 0.825861514
1341839133.165630 -2.760022640 -0.559729934 1.491475821 -0.010071555 0.518175066 0.221373722 0.826067090
1341839133.197576 -2.766070604 -0.556849837 1.489921570 -0.010866797 0.518512428 0.218176708 0.826695681
1341839133.229574 -2.768955946 -0.558330357 1.494025588 -0.012384813 0.518231153 0.217218056 0.827103019
1341839133.265549 -2.767791986 -0.566827059 1.498254299 -0.014846536 0.518909931 0.215962276 0.826965749
1341839133.297600 -2.776625156 -0.558306694 1.500204325 -0.011316002 0.521687269 0.217337802 0.824911296
1341839133.333601 -2.781055212 -0.556652606 1.504185200 -0.010041875 0.521481037 0.219748288 0.824419379
1341839133.365789 -2.789031982 -0.553108275 1.502062082 -0.009962103 0.520882845 0.221000716 0.824463785
1341839133.397692 -2.790695906 -0.557630539 1.506626844 -0.013425716 0.521147728 0.223249704 0.823640943
1341839133.433673 -2.790531635 -0.563332558 1.516207933 -0.015795771 0.522940457 0.221988842 0.822802961
1341839133.465589 -2.805469513 -0.549689353 1.514654160 -0.013229969 0.522862554 0.221053556 0.823149443
1341839133.501571 -2.808982372 -0.550739110 1.520036697 -0.017030574 0.523281991 0.222672820 0.822376311
1341839133.533533 -2.810143709 -0.556713402 1.526922345 -0.018896911 0.525089800 0.225106642 0.820518494
1341839133.565553 -2.818402767 -0.551948428 1.526985168 -0.017782114 0.526386857 0.226633936 0.819291055
1341839133.633642 -2.826643944 -0.558658838 1.541081548 -0.021672478 0.531286240 0.230690673 0.814890802
1341839133.672597 -2.838997841 -0.550643384 1.542118907 -0.017675294 0.532154679 0.232179761 0.813997269
1341839133.708834 -2.841347933 -0.552450240 1.544281602 -0.021348722 0.532121480 0.232648373 0.813797116
1341839133.740662 -2.843112946 -0.557677448 1.558077574 -0.022613879 0.534208655 0.234445110 0.811877608
1341839133.776632 -2.848905087 -0.554274976 1.561573505 -0.019571869 0.532659233 0.236142099 0.812482655
1341839133.808566 -2.849071503 -0.561452389 1.563972235 -0.022527289 0.532091260 0.235299528 0.813022494
1341839133.842375 -2.851933956 -0.562437773 1.577013731 -0.021813156 0.534216702 0.234511510 0.811875045
1341839133.876620 -2.857642651 -0.559803605 1.585305929 -0.017448897 0.533488989 0.236112237 0.811995149
1341839133.908528 -2.861487865 -0.559521675 1.585749626 -0.017448746 0.530943334 0.238162085 0.813064277
1341839133.940713 -2.860688686 -0.567620218 1.594520092 -0.021393711 0.531472385 0.237199679 0.812905729
1341839133.976740 -2.864678383 -0.569166064 1.603952408 -0.021151878 0.532102168 0.236340687 0.812750220
1341839134.008547 -2.871928692 -0.567277312 1.608133316 -0.020202350 0.530741930 0.236282349 0.813680232
1341839134.040599 -2.869755507 -0.578259468 1.618943453 -0.024603115 0.529825330 0.234172970 0.814765453
1341839134.076583 -2.872489691 -0.579642832 1.627875209 -0.024638398 0.529463232 0.230608255 0.816015601
1341839134.108666 -2.881573677 -0.575635731 1.631947517 -0.022998702 0.528514087 0.228937224 0.817148507
1341839134.145583 -2.885682821 -0.576528013 1.636115313 -0.024644213 0.526285410 0.229411662 0.818404913
1341839134.177037 -2.878559113 -0.591264784 1.648265362 -0.030197859 0.525895238 0.227861494 0.818902552
1341839134.208585 -2.877329350 -0.597627640 1.659233451 -0.029092459 0.528258383 0.226040155 0.817925751
1341839134.245077 -2.887768269 -0.587371767 1.671978235 -0.019531667 0.530315995 0.228698850 0.816137433
1341839134.276660 -2.898337841 -0.590103090 1.672858477 -0.016336195 0.526230454 0.232914865 0.817658424
1341839134.344596 -2.899667740 -0.601491332 1.694828749 -0.015652832 0.526527762 0.228527352 0.818717778
1341839134.405658 -2.911416054 -0.613510251 1.705344200 -0.018015277 0.519244373 0.231399000 0.822505414
1341839134.437582 -2.912704468 -0.619236290 1.727379799 -0.017261649 0.522203624 0.227758557 0.821663857
1341839134.473570 -2.932219505 -0.609337628 1.730878949 -0.010137421 0.520693064 0.228348702 0.822576940
1341839134.505576 -2.926889420 -0.621080875 1.735491514 -0.014959453 0.516393125 0.230017617 0.824746192
1341839134.537527 -2.920698166 -0.637020826 1.751343131 -0.018952446 0.517722011 0.227508321 0.824526966
1341839134.573575 -2.930584431 -0.635186732 1.762843847 -0.012904207 0.518841982 0.225204840 0.824572146
1341839134.605581 -2.941091061 -0.635079920 1.765446901 -0.008350967 0.518857956 0.225116521 0.824644923
1341839134.637613 -2.948028088 -0.639141083 1.770195246 -0.008230760 0.519361258 0.226698220 0.823895693
1341839134.673530 -2.943385601 -0.653831959 1.786699772 -0.008717905 0.521682978 0.227893099 0.822092235
1341839134.705768 -2.953151464 -0.653876424 1.787060857 -0.000305684 0.524053335 0.223817602 0.821750402
1341839134.741672 -2.967404842 -0.642702222 1.777188540 0.001300806 0.520273745 0.224396497 0.823990166
1341839134.773479 -2.956072092 -0.665455163 1.797616005 -0.005395234 0.523031414 0.225727379 0.821861446
1341839134.805757 -2.958628654 -0.665848374 1.805175066 0.001703726 0.527523279 0.223867387 0.819511831
1341839134.841632 -2.972630501 -0.659685254 1.805251122 0.008333234 0.528435290 0.224690691 0.818657935
1341839134.873616 -2.973030567 -0.668469071 1.806398869 0.006105707 0.527112544 0.226725355 0.818969309
1341839134.905696 -2.968350410 -0.675369143 1.816438675 0.003297575 0.528540373 0.224316165 0.818728566
1341839134.941552 -2.970098495 -0.686011434 1.821652412 0.001656409 0.530376136 0.221673623 0.818265975
1341839134.974666 -2.977634430 -0.682394266 1.825919032 0.005350573 0.532816708 0.222154185 0.816532493
1341839135.009601 -2.989343166 -0.673212886 1.825772762 0.008375712 0.531866968 0.224447221 0.816499114
1341839135.042135 -2.979939938 -0.695159614 1.828951955 -0.000230560 0.532174826 0.224081099 0.816442013
1341839135.073504 -2.983012915 -0.688644290 1.833975196 0.000631158 0.536909282 0.220530152 0.814306140
1341839135.109696 -2.995813370 -0.675412297 1.844290495 0.004361007 0.538533747 0.222148359 0.812780797
1341839135.141720 -2.985013962 -0.686346769 1.850546360 -0.000041497 0.536860108 0.223872855 0.813426197
1341839135.173566 -2.976010323 -0.704351604 1.856082201 -0.006317782 0.540265620 0.219943613 0.812217951
1341839135.209553 -2.984623909 -0.691751659 1.862991333 -0.000384090 0.544077277 0.219631478 0.809778810
1341839135.241688 -2.997694016 -0.678800464 1.867172480 0.006577486 0.542679548 0.223492578 0.809633732
1341839135.277641 -2.983592272 -0.697082877 1.863065600 -0.002326481 0.540935516 0.224155530 0.810640275
1341839135.309842 -2.970360756 -0.712979257 1.882271886 -0.008142490 0.547749460 0.219544739 0.807282090
1341839135.341555 -2.983493328 -0.695767462 1.878987551 0.002464853 0.550066531 0.219719663 0.805694699
1341839135.377558 -2.988199949 -0.693112075 1.875947475 0.000806821 0.546521723 0.223891154 0.806961000
1341839135.409554 -2.970521927 -0.717201233 1.888515711 -0.008830174 0.549350381 0.222968891 0.805245996
1341839135.441588 -2.970844269 -0.713674903 1.899979591 -0.003315423 0.556962848 0.218632177 0.801237404
1341839135.477530 -2.995473862 -0.688350141 1.883019567 0.005295743 0.554451525 0.220156640 0.802549958
1341839135.509758 -2.979979515 -0.708720326 1.893723726 -0.005355589 0.554129362 0.224960521 0.801439166
1341839135.545510 -2.964612961 -0.729876995 1.905009985 -0.011663619 0.559537232 0.221837446 0.798479915
1341839135.577577 -2.979729176 -0.710833073 1.908142805 -0.001161572 0.565388799 0.220658302 0.794760346
1341839135.609596 -2.985601664 -0.701941550 1.905773640 0.001125431 0.564328730 0.229111820 0.793120205
1341839135.645470 -2.962892532 -0.723400950 1.917018175 -0.007799799 0.566438437 0.229128256 0.791572452
1341839135.677567 -2.951169491 -0.733702660 1.932088375 -0.006673577 0.571644843 0.223957792 0.789316535
1341839135.713508 -2.967456818 -0.725109041 1.926587105 0.001965076 0.572426796 0.222590074 0.789162397
1341839135.745626 -2.973289967 -0.723768592 1.925438046 0.002008756 0.572538674 0.224275976 0.788603663
1341839135.777556 -2.958118439 -0.736815214 1.935600638 -0.002729999 0.575527728 0.224682346 0.786306679
1341839135.813582 -2.959171772 -0.732203722 1.945720315 0.003189914 0.579799473 0.223781869 0.783418179
1341839135.845539 -2.972892284 -0.725306392 1.934707761 0.007054855 0.578772604 0.225872889 0.783552110
1341839135.877786 -2.961315393 -0.739061892 1.947520614 0.001657346 0.581045628 0.226921037 0.781594574
1341839135.913620 -2.959401131 -0.743058383 1.959381580 0.002507217 0.583664000 0.223634616 0.780587971
1341839135.945920 -2.966056347 -0.742189765 1.958057404 0.004163667 0.584456384 0.222336829 0.780358732
1341839135.981913 -2.967248201 -0.742422700 1.964859009 0.004888273 0.585861325 0.225356817 0.778432369
1341839136.014297 -2.961463451 -0.748926997 1.973982811 0.005123903 0.586771607 0.228754714 0.776752353
1341839136.059226 -2.961722851 -0.752646089 1.974739552 0.006163497 0.586992681 0.228800878 0.776564062
1341839136.120606 -2.967257500 -0.743962169 1.984408140 0.009647788 0.588361681 0.227250293 0.775947690
1341839136.181673 -2.961641312 -0.759235680 1.991000056 0.003744519 0.589734316 0.226570457 0.775154948
1341839136.214507 -2.961618423 -0.748480022 2.006145239 0.010454509 0.592259228 0.228553593 0.772582054
1341839136.249624 -2.971067905 -0.749146998 2.004300117 0.014801125 0.588820636 0.232078046 0.774087191
1341839136.281495 -2.959140062 -0.762863517 2.006448746 0.008717787 0.587012410 0.230724305 0.775955379
1341839136.314066 -2.951231003 -0.768383145 2.023759365 0.008500167 0.590844452 0.226050436 0.774423540
1341839136.349787 -2.972418547 -0.756024361 2.016604900 0.016926285 0.589585721 0.226393998 0.775143802
1341839136.388618 -2.973980427 -0.761895418 2.017063141 0.014686033 0.587559998 0.231104434 0.775337577
1341839136.449733 -2.963685274 -0.769666493 2.036963701 0.011352613 0.590866506 0.228419691 0.773674607
1341839136.481697 -2.973732948 -0.762720883 2.038002729 0.015407908 0.588980615 0.228883386 0.774904430
1341839136.517624 -2.970618963 -0.770659506 2.033920765 0.011752441 0.586814940 0.230264276 0.776201308
1341839136.549505 -2.965293884 -0.778289378 2.045156479 0.009488133 0.589056134 0.229681849 0.774705827
1341839136.581632 -2.974626780 -0.768043458 2.047730923 0.015064306 0.588694215 0.229682371 0.774892390
1341839136.617613 -2.977986813 -0.772134185 2.044644594 0.013544162 0.586278915 0.231055066 0.776342154
1341839136.649571 -2.968714476 -0.780878067 2.056141376 0.009521538 0.587706089 0.230816364 0.775393248
1341839136.685554 -2.972468615 -0.778936148 2.060745239 0.012292310 0.587968051 0.229852155 0.775442123
1341839136.717527 -2.981431961 -0.772278965 2.060566187 0.014787026 0.586316228 0.229788646 0.776667118
1341839136.749496 -2.981705427 -0.779714704 2.063959599 0.011095868 0.584901452 0.230607748 0.777552068
1341839136.785674 -2.976553679 -0.783629179 2.072260380 0.008762018 0.585582614 0.229392901 0.777428508
1341839136.817542 -2.983211994 -0.780669451 2.077048779 0.011096647 0.586668313 0.228695974 0.776785195
1341839136.849615 -2.991903067 -0.774788320 2.077800274 0.013263252 0.585452557 0.230668977 0.777085066
1341839136.892657 -2.982198715 -0.789516211 2.083704472 0.008942223 0.585205913 0.232748553 0.776712418
1341839136.953615 -2.994502068 -0.786245883 2.091320515 0.016131433 0.587969005 0.231692255 0.774823189
1341839136.985942 -2.996465206 -0.792399287 2.094394207 0.013595180 0.587243497 0.233202130 0.774969041
1341839137.017616 -2.986919403 -0.804166079 2.106554508 0.010051397 0.589777827 0.232558176 0.773290217
1341839137.053572 -2.998121262 -0.801128864 2.109816551 0.013407042 0.591901183 0.231044039 0.772069871
1341839137.085843 -3.007425308 -0.798010528 2.112512827 0.015184280 0.592509091 0.233143032 0.770938873
1341839137.117537 -3.004896164 -0.802752674 2.121958017 0.014699886 0.593229592 0.235867143 0.769564331
1341839137.153707 -3.001368284 -0.816570342 2.129044056 0.011355951 0.595443189 0.235074908 0.768152475
1341839137.186296 -3.009402752 -0.814916134 2.136383057 0.013868961 0.599713027 0.234107509 0.765078783
1341839137.221759 -3.025179386 -0.805373907 2.138989687 0.020173050 0.600300908 0.237013698 0.763581276
1341839137.253565 -3.021868229 -0.819794595 2.142247915 0.015304045 0.600440562 0.240125701 0.762611687
1341839137.285736 -3.013849735 -0.832290888 2.154906273 0.012062825 0.605734408 0.239800647 0.758574963
1341839137.321642 -3.029931307 -0.823286355 2.158128262 0.020096419 0.608792961 0.240055606 0.755870759
1341839137.353692 -3.042581081 -0.824596822 2.153834820 0.020024853 0.608254611 0.242721260 0.755454600
1341839137.386256 -3.032006025 -0.839587569 2.167546272 0.014863360 0.612554789 0.244747832 0.751434743
1341839137.421671 -3.041202545 -0.836732805 2.172940016 0.017839132 0.616439164 0.243524700 0.748585463
1341839137.453657 -3.053269625 -0.833684027 2.173473120 0.020069502 0.617636502 0.244270325 0.747298062
1341839137.489830 -3.052624226 -0.841448069 2.178777456 0.016313173 0.619289756 0.244799569 0.745846689
1341839137.521652 -3.052926540 -0.847310960 2.184785604 0.013826744 0.621910632 0.243232906 0.744226933
1341839137.553558 -3.061851025 -0.843071461 2.188706160 0.015283782 0.623396337 0.241567284 0.743497550
1341839137.592577 -3.065206528 -0.846823215 2.192296028 0.012794415 0.624886990 0.241072789 0.742453039
1341839137.628551 -3.069116116 -0.847641051 2.200750828 0.010898150 0.627167165 0.241567746 0.740396917
1341839137.660598 -3.073885679 -0.844623923 2.207457542 0.011815675 0.628337979 0.242464796 0.739095747
1341839137.692612 -3.080504894 -0.845665932 2.209751606 0.010989349 0.628554165 0.243152648 0.738698661
1341839137.728532 -3.087717056 -0.845084250 2.216891289 0.010363536 0.628860533 0.244269222 0.738078296
1341839137.760497 -3.087050676 -0.846973777 2.225783825 0.008691383 0.629224360 0.245757043 0.737295508
1341839137.796681 -3.090548515 -0.848995507 2.233378887 0.008537086 0.629859924 0.245942995 0.736692369
1341839137.828611 -3.100205898 -0.843036592 2.238704205 0.009335702 0.629285812 0.246120721 0.737113833
1341839137.860523 -3.098908186 -0.850180030 2.248534203 0.005536045 0.629215300 0.246864751 0.736963511
1341839137.896603 -3.097962856 -0.853217661 2.257395267 0.005838581 0.630466461 0.247303888 0.735743642
1341839137.928510 -3.118418455 -0.844741464 2.255949736 0.009794210 0.628634393 0.248229682 0.736956477
1341839137.964534 -3.109453917 -0.856848001 2.268245935 0.003756722 0.628202021 0.249773994 0.736858904
1341839137.996524 -3.103756905 -0.862885535 2.280881643 0.003405119 0.630059183 0.248643368 0.735656321
1341839138.028640 -3.121706963 -0.849226177 2.281897783 0.009412757 0.628527820 0.246511117 0.737628937
1341839138.064541 -3.123922348 -0.858764648 2.285950661 0.005062500 0.627001584 0.247180030 0.738745809
1341839138.096479 -3.113067150 -0.867854178 2.302450895 0.004137131 0.629059255 0.248805568 0.736453116
1341839138.132550 -3.123931646 -0.859419644 2.309320688 0.009986140 0.628961265 0.249395847 0.736281037
1341839138.164623 -3.128116846 -0.862931728 2.315870762 0.008776981 0.626963258 0.250332832 0.737681150
1341839138.196431 -3.117127895 -0.872868061 2.330008507 0.006204903 0.628167570 0.250352830 0.736675262
1341839138.232704 -3.126156807 -0.870668113 2.334622145 0.011354764 0.628596842 0.251486838 0.735861003
1341839138.264578 -3.134917259 -0.867617130 2.338877678 0.014297958 0.627358615 0.254151374 0.735950947
1341839138.300697 -3.127222538 -0.877013206 2.346495628 0.010977944 0.626991630 0.255119443 0.735985816
1341839138.332541 -3.126972198 -0.875658512 2.354325771 0.009850293 0.627265573 0.252659649 0.736616552
1341839138.364517 -3.129561901 -0.880512834 2.357764721 0.005227075 0.626999080 0.249480322 0.737973154
1341839138.400834 -3.127602100 -0.881988108 2.367726326 0.003130717 0.627897024 0.246482939 0.738228738
1341839138.432562 -3.130464792 -0.885757089 2.371272087 0.002175170 0.628148437 0.245688856 0.738282979
1341839138.469017 -3.133270741 -0.883234322 2.372104168 0.003143116 0.628430784 0.248284534 0.737170100
1341839138.500623 -3.128132105 -0.886159956 2.377951145 0.001926570 0.629641354 0.250601649 0.735354960
1341839138.532584 -3.126401186 -0.885645509 2.383077145 0.002344085 0.631069779 0.251380324 0.733861983
1341839138.568521 -3.123092175 -0.886983097 2.388593197 0.002086487 0.632558644 0.251060367 0.732689559
1341839138.600559 -3.124439955 -0.887477994 2.392312050 0.002329875 0.633510292 0.250568002 0.732034862
1341839138.637679 -3.122636795 -0.887233853 2.394151688 0.001979179 0.633863449 0.250265062 0.731833756
1341839138.668579 -3.119213581 -0.893817484 2.396464348 -0.000740848 0.635111570 0.249423325 0.731040895
1341839138.700570 -3.120327950 -0.891373754 2.400719643 -0.001149422 0.636990309 0.248344168 0.729772031
1341839138.736618 -3.120408297 -0.890319645 2.402195454 -0.001421357 0.638119578 0.249863610 0.728264749
1341839138.768580 -3.117325783 -0.888855457 2.406150341 -0.001983314 0.639302790 0.251250654 0.726746917
1341839138.800591 -3.115264416 -0.889829934 2.408198357 -0.004331190 0.640548885 0.250628889 0.725853622
1341839138.836668 -3.115515947 -0.887067914 2.411786318 -0.005724544 0.642218411 0.250222087 0.724507928
1341839138.868631 -3.111134529 -0.885373235 2.417162180 -0.007017216 0.643410444 0.251098692 0.723134279
1341839138.900591 -3.103502035 -0.887589991 2.421898127 -0.008450476 0.645216703 0.250657141 0.721661329
1341839138.936751 -3.105735779 -0.887957036 2.423154831 -0.009482275 0.646795630 0.250489473 0.720291972
1341839138.968925 -3.103775024 -0.885265887 2.428344488 -0.009087687 0.648848712 0.252709985 0.717670202
1341839139.004685 -3.103378773 -0.889914930 2.425990820 -0.011859259 0.649454832 0.254502505 0.716446996
1341839139.036835 -3.102149725 -0.886981666 2.433099747 -0.013368153 0.652264059 0.255042911 0.713670850
1341839139.069010 -3.101074219 -0.887460172 2.437291622 -0.015575160 0.653888047 0.255294532 0.712048113
1341839139.105164 -3.097916603 -0.887388468 2.445998669 -0.017186766 0.656091750 0.256609380 0.709506750
1341839139.137964 -3.089195490 -0.890459359 2.453288555 -0.018344115 0.657313406 0.259123534 0.707430243
1341839139.168993 -3.083033323 -0.896038353 2.458497524 -0.018944699 0.659475505 0.259138316 0.705393791
1341839139.208632 -3.085494280 -0.894662857 2.462042809 -0.018539367 0.661374450 0.257697880 0.704153359
1341839139.237233 -3.086435318 -0.892256379 2.466334820 -0.016641902 0.662260711 0.257499963 0.703439772
1341839139.269740 -3.087216377 -0.897342563 2.464960814 -0.017795859 0.662896216 0.257979453 0.702636838
1341839139.305090 -3.085769176 -0.900482953 2.468207836 -0.020466119 0.665349483 0.258445174 0.700069487
1341839139.336872 -3.082195997 -0.896404147 2.480360746 -0.018866856 0.667716563 0.259081513 0.697621226
1341839139.404779 -3.076784611 -0.907956362 2.480695248 -0.021933069 0.668301105 0.257844985 0.697429955
1341839139.436967 -3.077634096 -0.903959274 2.490454435 -0.020159222 0.671853423 0.256488770 0.694564700
1341839139.479384 -3.085447550 -0.897482574 2.492142677 -0.016541036 0.671559691 0.258347124 0.694255531
1341839139.504961 -3.073085546 -0.915051639 2.494065523 -0.023242334 0.671992302 0.260064989 0.693002403
1341839139.572716 -3.080632925 -0.907634616 2.500163317 -0.021408776 0.676843405 0.257249951 0.689381659
1341839139.633776 -3.070463657 -0.914363921 2.510102272 -0.025935881 0.678426385 0.259991169 0.686636388
1341839139.665625 -3.071644306 -0.915423691 2.515530348 -0.027045019 0.680514216 0.259972423 0.684531450
1341839139.701587 -3.072515488 -0.909979224 2.520928144 -0.025627114 0.681522191 0.261263132 0.683090210
1341839139.733553 -3.072813988 -0.913366377 2.523115158 -0.026765337 0.681999207 0.263251334 0.681805968
1341839139.765553 -3.071434498 -0.912560165 2.530191660 -0.027063219 0.684234738 0.265105128 0.678829610
1341839139.801543 -3.073433876 -0.906306803 2.535620689 -0.024128269 0.684035301 0.267474860 0.678211391
1341839139.833756 -3.068809509 -0.912431777 2.537329674 -0.027813923 0.682769597 0.267795920 0.679218173
1341839139.865591 -3.063871861 -0.919591367 2.542875051 -0.031548209 0.684501886 0.266915023 0.677656412
1341839139.901631 -3.068519115 -0.912696421 2.552402258 -0.027018029 0.686448216 0.268298030 0.675333261
1341839139.933716 -3.073687315 -0.911498904 2.555219650 -0.025682161 0.683836520 0.270072758 0.677324653
1341839139.969603 -3.061942816 -0.923947334 2.558420897 -0.032366682 0.683098316 0.268436641 0.678432584
1341839140.001567 -3.060887337 -0.926397383 2.563711166 -0.033319052 0.686000884 0.265818864 0.676485717
1341839140.033569 -3.070745707 -0.917930365 2.570026398 -0.027589170 0.687292874 0.267919838 0.674600840
1341839140.069602 -3.071281672 -0.921092391 2.565004349 -0.028232548 0.684542239 0.271669745 0.675870061
1341839140.101607 -3.056870222 -0.935473442 2.568910837 -0.036495771 0.685893178 0.270403683 0.674611270
1341839140.137593 -3.057170391 -0.928875089 2.580467463 -0.033022564 0.690731108 0.266236275 0.671504438
1341839140.169583 -3.076390028 -0.917007267 2.577343702 -0.026706666 0.689099431 0.268000811 0.672758698
1341839140.201678 -3.066206932 -0.931431115 2.578677177 -0.034586757 0.688227773 0.271396279 0.671930254
1341839140.237641 -3.052814007 -0.934973300 2.588931322 -0.037376367 0.691429973 0.270044535 0.669031739
1341839140.269632 -3.063611984 -0.925766706 2.593300343 -0.031772651 0.692252278 0.268183768 0.669219494
1341839140.301538 -3.068261385 -0.932081938 2.593263149 -0.034635827 0.691047728 0.268916219 0.670027912
1341839140.337608 -3.062982082 -0.937866807 2.603744030 -0.038014505 0.693074882 0.269373566 0.667562723
1341839140.369503 -3.068005562 -0.932222068 2.610436201 -0.034374893 0.694226146 0.269929498 0.666338027
1341839140.405652 -3.071421623 -0.936111271 2.612707853 -0.034940466 0.693672419 0.271446198 0.666269183
1341839140.437622 -3.066575527 -0.943289340 2.621070147 -0.037624266 0.695454895 0.272355676 0.663889468
1341839140.469802 -3.070430279 -0.939589798 2.628591299 -0.034238100 0.697069705 0.273030072 0.662099838
1341839140.505600 -3.075393200 -0.940465927 2.631996870 -0.032757681 0.696128905 0.274149448 0.662701666
1341839140.537508 -3.067929029 -0.955209970 2.636079073 -0.038847521 0.696880102 0.273261070 0.661949694
1341839140.569631 -3.074306965 -0.953517973 2.647355318 -0.035601608 0.700868726 0.272826552 0.658089042
1341839140.605614 -3.087835550 -0.945256710 2.651238203 -0.030044880 0.701113701 0.275853425 0.656842291
1341839140.637520 -3.085478544 -0.953859866 2.656274796 -0.034127958 0.700148404 0.278604686 0.656511188
1341839140.673589 -3.076951027 -0.963344336 2.666557312 -0.039248485 0.702496171 0.277074069 0.654361248
1341839140.705526 -3.088069916 -0.959043920 2.673756361 -0.036439031 0.704099596 0.275575697 0.653432488
1341839140.737690 -3.099177837 -0.958629787 2.679431677 -0.036108244 0.703627706 0.278790146 0.652595103
1341839140.780691 -3.086041689 -0.970763206 2.692723036 -0.040402770 0.705335081 0.282886952 0.648725748
1341839140.837561 -3.095036030 -0.971954405 2.704662561 -0.037318833 0.706092119 0.281081378 0.648871660
1341839140.873616 -3.091377735 -0.979416430 2.716568708 -0.041390784 0.707566798 0.280252069 0.647375345
1341839140.905496 -3.094431400 -0.977327943 2.725935936 -0.039370559 0.708721220 0.281003177 0.645911336
1341839140.941764 -3.094655037 -0.982821882 2.732646942 -0.039744131 0.709107161 0.282909304 0.644631505
1341839140.973483 -3.095435143 -0.987406254 2.737940788 -0.040271495 0.709824145 0.283842355 0.643398404
1341839141.005687 -3.094191551 -0.989327431 2.746788263 -0.041725244 0.710279405 0.282642454 0.643331587
1341839141.041564 -3.088280678 -0.994049668 2.759677172 -0.042095102 0.711373210 0.281401783 0.642642379
1341839141.074063 -3.092137814 -0.997206450 2.767321825 -0.039490540 0.711552501 0.281314641 0.642647445
1341839141.110271 -3.092088938 -1.003522396 2.772618294 -0.039641198 0.711398840 0.281419873 0.642762125
1341839141.141854 -3.086805344 -1.008338451 2.782590866 -0.040169485 0.712400556 0.280089021 0.642201006
1341839141.176858 -3.090437412 -1.009786606 2.790055275 -0.037251633 0.713411629 0.278810412 0.641810715
1341839141.209658 -3.099511147 -1.014160156 2.791158676 -0.037420303 0.712216675 0.278579652 0.643226564
1341839141.241623 -3.090807915 -1.024220467 2.800329447 -0.041754264 0.713190854 0.278011054 0.642125547
1341839141.273659 -3.094395876 -1.021918297 2.810312271 -0.038680028 0.715763927 0.276810676 0.639970124
1341839141.309576 -3.109446526 -1.019407034 2.814053774 -0.034921080 0.715311706 0.278460532 0.639976144
1341839141.341687 -3.097651958 -1.027522564 2.820897341 -0.039346837 0.714577496 0.279476017 0.640096903
1341839141.378026 -3.094411373 -1.031721115 2.829810143 -0.040874459 0.715838730 0.277006716 0.639665067
1341839141.409623 -3.104743004 -1.030570865 2.833874226 -0.039793979 0.716559649 0.275926143 0.639393032
1341839141.441571 -3.109566927 -1.029402256 2.843996286 -0.038194429 0.717275023 0.278633684 0.637511551
1341839141.477635 -3.098077297 -1.038052917 2.850909472 -0.041129313 0.717560053 0.280385375 0.636238933
1341839141.509696 -3.091304302 -1.045251131 2.858901978 -0.042529307 0.719907105 0.278749794 0.634211004
1341839141.541659 -3.098215818 -1.040382147 2.866458178 -0.038500670 0.721643150 0.275999099 0.633698165
1341839141.577526 -3.106374264 -1.043569803 2.870515347 -0.037946820 0.722089171 0.275560975 0.633414030
1341839141.645706 -3.101682186 -1.043689013 2.886804104 -0.033234943 0.724512756 0.279591799 0.629130483
1341839141.677487 -3.108318329 -1.043154478 2.887761354 -0.032493129 0.722999156 0.277313858 0.631912589
1341839141.709572 -3.099919319 -1.054777145 2.893272400 -0.040266551 0.722521722 0.273889989 0.633502364
1341839141.745638 -3.098048925 -1.053013563 2.906062365 -0.036842771 0.725228608 0.272054791 0.631404996
1341839141.777895 -3.116952896 -1.046872616 2.905982971 -0.030640868 0.723699689 0.274478137 0.632441044
1341839141.809561 -3.100031614 -1.059159279 2.911827564 -0.037002485 0.723114789 0.276186705 0.632025898
1341839141.845701 -3.088958979 -1.060539484 2.922610283 -0.036637116 0.725459993 0.273015231 0.630736172
1341839141.877530 -3.109027863 -1.056102514 2.925730228 -0.030578483 0.724847257 0.272083789 0.632164419
1341839141.913569 -3.102718830 -1.065497637 2.925905943 -0.036261339 0.722596228 0.273563892 0.633800089
1341839141.945636 -3.085962772 -1.072803974 2.935443401 -0.041686349 0.724817574 0.271374941 0.631868184
1341839141.977668 -3.097452402 -1.069671869 2.941295385 -0.038644437 0.726439357 0.269121319 0.631162524
1341839142.013466 -3.100227356 -1.072424531 2.942766428 -0.041173652 0.726171494 0.269872487 0.630990088
1341839142.048866 -3.087603807 -1.079230785 2.949288607 -0.047290150 0.727906466 0.269789517 0.628593206
1341839142.116693 -3.087447405 -1.073821068 2.960540056 -0.043086506 0.732659936 0.269299805 0.623562813
1341839142.181588 -3.069505930 -1.081077695 2.970545292 -0.047278684 0.735335708 0.271157563 0.619289696
1341839142.213523 -3.067404509 -1.079558372 2.977998734 -0.043293364 0.738495946 0.270610511 0.616051495
1341839142.245657 -3.076359272 -1.074980021 2.981613874 -0.039183736 0.738626182 0.271734029 0.615675688
1341839142.281484 -3.058578730 -1.085662842 2.987507582 -0.045241538 0.739096582 0.271134883 0.614959598
1341839142.313501 -3.053374290 -1.091957569 2.992295742 -0.046729375 0.743718922 0.266306281 0.611375153
1341839142.349595 -3.070708752 -1.082878113 2.993509054 -0.040208742 0.745082617 0.268323153 0.609292924
1341839142.413736 -3.042411327 -1.103804708 3.007603645 -0.048499193 0.749480188 0.273850232 0.600777388
1341839142.449600 -3.042172432 -1.098911405 3.011369705 -0.046415552 0.753078103 0.270619899 0.597899437
1341839142.481586 -3.050020933 -1.093333960 3.017912149 -0.042656422 0.754447341 0.270218909 0.596633375
1341839142.513495 -3.048882008 -1.097210169 3.021577597 -0.043908324 0.754003882 0.271851480 0.596361399
1341839142.549621 -3.030939102 -1.110190034 3.027300119 -0.050418783 0.756219327 0.271299630 0.593284786
1341839142.581646 -3.041051149 -1.102087855 3.035857201 -0.044355754 0.759692430 0.269345045 0.590214550
1341839142.617733 -3.050924301 -1.100387216 3.037988424 -0.042869169 0.758582532 0.270928413 0.591026723
1341839142.649501 -3.031277895 -1.113761306 3.043270350 -0.049420312 0.759655476 0.272624463 0.588351250
1341839142.681490 -3.030548573 -1.112829685 3.049981356 -0.047130298 0.762913585 0.271633327 0.584770799
1341839142.717648 -3.032521725 -1.112647414 3.054977179 -0.045491960 0.763742387 0.271354824 0.583947361
1341839142.749655 -3.024411917 -1.121126175 3.057519436 -0.047652867 0.764592767 0.271707624 0.582496345
1341839142.781698 -3.025666475 -1.123408198 3.062614918 -0.045625381 0.766811669 0.272209734 0.579499781
1341839142.817748 -3.025012970 -1.121326923 3.066734314 -0.044526797 0.767400503 0.272481829 0.578677356
1341839142.849646 -3.020041466 -1.127153873 3.069462299 -0.046106726 0.767811179 0.271457314 0.578490317
1341839142.885615 -3.021423101 -1.132677555 3.071649313 -0.047924835 0.768772483 0.271071136 0.577245593
1341839142.917485 -3.023143053 -1.128365040 3.077924967 -0.045995355 0.770413935 0.271810085 0.574861765
1341839142.949726 -3.017360210 -1.128546119 3.080717087 -0.045014855 0.770368278 0.273354232 0.574268103
1341839142.985900 -3.011375666 -1.136958599 3.082623482 -0.049061816 0.771371305 0.272625774 0.572934866
1341839143.025376 -3.014488459 -1.133707762 3.087975502 -0.047602411 0.773845851 0.272272259 0.569881082
1341839143.056750 -3.019678593 -1.128951073 3.093073368 -0.044397455 0.773959935 0.273834080 0.569236159
1341839143.092610 -3.010585546 -1.133514524 3.096895218 -0.047479723 0.773464620 0.274363041 0.569405913
1341839143.124560 -3.003108501 -1.135572672 3.102298498 -0.049121238 0.774655163 0.272185415 0.568692923
1341839143.160701 -3.007858276 -1.136137366 3.107102394 -0.048554070 0.775495052 0.269794166 0.568736374
1341839143.224815 -3.012266397 -1.141959548 3.116514444 -0.050982382 0.775339007 0.270618975 0.568344593
1341839143.285789 -3.018230677 -1.136523604 3.128476143 -0.049859993 0.775397241 0.272244573 0.567587912
1341839143.321671 -3.007055283 -1.142668486 3.133183002 -0.053387556 0.774527490 0.272465527 0.568348050
1341839143.353517 -3.005683184 -1.146375299 3.139332294 -0.055242777 0.775360346 0.270131916 0.568149030
1341839143.385603 -3.014557362 -1.143447638 3.146456718 -0.053638950 0.775889814 0.270041257 0.567622662
1341839143.421529 -3.009245872 -1.145998955 3.151472569 -0.054786757 0.775124431 0.272956312 0.567164302
1341839143.453645 -3.000303507 -1.152040005 3.157294273 -0.057587024 0.775860429 0.273068517 0.565824926
1341839143.485734 -3.009242773 -1.150563240 3.162063837 -0.057090342 0.776661456 0.271121383 0.565712690
1341839143.521668 -3.010664463 -1.151066303 3.169865131 -0.058619142 0.777273953 0.270890653 0.564824939
1341839143.553630 -3.010225058 -1.151835084 3.175725460 -0.059036657 0.777571619 0.272273898 0.563705564
1341839143.590154 -3.003038883 -1.156978011 3.181730986 -0.061393566 0.778665960 0.273340374 0.561422467
1341839143.621854 -3.010443211 -1.155726433 3.188816071 -0.060784347 0.779912710 0.272958755 0.559941947
1341839143.653546 -3.009898663 -1.157221794 3.195199013 -0.062734693 0.779826760 0.274842381 0.558924198
1341839143.689669 -2.998323679 -1.168499708 3.198132038 -0.069061920 0.781372309 0.274821877 0.556022167
1341839143.721563 -3.012317657 -1.162773132 3.206404209 -0.067653075 0.784880877 0.274476618 0.551405132
1341839143.753557 -3.011827946 -1.153119087 3.216942310 -0.064575374 0.785509825 0.282122493 0.547002137
1341839143.789597 -2.991324186 -1.159870863 3.221657038 -0.068112917 0.785445392 0.283924162 0.545731843
1341839143.821488 -2.990640640 -1.166263580 3.225004435 -0.072507411 0.787974536 0.277748078 0.544696927
1341839143.857691 -3.008213043 -1.156173706 3.236963272 -0.066376761 0.789993405 0.277734041 0.542557240
1341839143.889668 -2.998306990 -1.158883095 3.242144108 -0.065985769 0.789313018 0.281795919 0.541499615
1341839143.921613 -2.988639355 -1.167648792 3.246165276 -0.067940734 0.790481985 0.282947868 0.538946033
1341839143.957679 -2.995993137 -1.162841439 3.252961159 -0.064090140 0.792000532 0.282749683 0.537289739
1341839143.989692 -2.995381832 -1.164224386 3.257291794 -0.064709663 0.790696084 0.283436209 0.538772941
1341839144.021612 -2.983130932 -1.170563221 3.261924744 -0.068229295 0.791134119 0.283141106 0.537850022
1341839144.057581 -2.987122536 -1.169125676 3.268171072 -0.065773159 0.792171001 0.283185422 0.536605060
1341839144.089682 -2.977233171 -1.174076080 3.268973827 -0.067193016 0.791588128 0.284648269 0.536515296
1341839144.125588 -2.971679211 -1.178324699 3.271207333 -0.067979790 0.791513622 0.284895092 0.536395013
1341839144.157579 -2.966670275 -1.182154179 3.274470329 -0.069225669 0.792212069 0.283921182 0.535720646
1341839144.189633 -2.970131397 -1.180364370 3.278519869 -0.066566877 0.793083429 0.282834381 0.535343230
1341839144.225642 -2.970165730 -1.183712363 3.281593800 -0.066742040 0.792721629 0.284197927 0.535134971
1341839144.257760 -2.950050831 -1.189873099 3.282593727 -0.070174687 0.793333054 0.285094231 0.533309877
1341839144.289779 -2.959032774 -1.187702656 3.287058830 -0.066357583 0.795123518 0.284043968 0.531690001
1341839144.325641 -2.963320017 -1.187200546 3.289306879 -0.065961905 0.794886410 0.286255985 0.530906856
1341839144.357603 -2.948809862 -1.189534426 3.292212009 -0.068520442 0.795306981 0.287922859 0.529048383
1341839144.393630 -2.946321726 -1.188023329 3.295453310 -0.067678712 0.796046972 0.286216110 0.528969765
1341839144.425526 -2.949359417 -1.187200308 3.300946712 -0.066878878 0.795939624 0.285218656 0.529771268
1341839144.457696 -2.947116613 -1.189218044 3.304016590 -0.067182474 0.795388043 0.285507321 0.530405462
1341839144.493799 -2.943540096 -1.192859650 3.306953907 -0.067967176 0.795735061 0.285074681 0.530017436
1341839144.525996 -2.951069593 -1.187369108 3.311920166 -0.063358255 0.796273828 0.284283191 0.530204415
1341839144.561696 -2.948924541 -1.192565680 3.312769890 -0.064723738 0.794310212 0.286214739 0.531942785
1341839144.593602 -2.931679487 -1.198251963 3.313224316 -0.067618959 0.794841170 0.286768794 0.530489206
1341839144.627771 -2.939063072 -1.193530083 3.319410801 -0.061379243 0.796211481 0.286373168 0.529405594
1341839144.661818 -2.935879230 -1.197138429 3.318573952 -0.062746786 0.794145346 0.287101954 0.531947911
1341839144.732548 -2.934060335 -1.200818181 3.320776224 -0.062723160 0.795095325 0.282033265 0.533241451
1341839144.793602 -2.923343897 -1.206542015 3.320328474 -0.064773083 0.795340776 0.283778608 0.531702101
1341839144.829602 -2.926797628 -1.206489086 3.321071863 -0.062997617 0.795583725 0.283047199 0.531941831
1341839144.861614 -2.920964003 -1.210138202 3.319480181 -0.065630645 0.795494378 0.281993985 0.532316327
1341839144.893704 -2.924151182 -1.207738280 3.321214914 -0.064147897 0.796327412 0.279325902 0.532658160
1341839144.929498 -2.930394173 -1.209429264 3.320117712 -0.063109875 0.795474172 0.280050248 0.533675849
1341839144.961563 -2.921753168 -1.213103414 3.318505764 -0.066323996 0.795325279 0.281253099 0.532874823
1341839144.993581 -2.922544956 -1.207359672 3.321413994 -0.063772045 0.796467245 0.279941469 0.532170773
1341839145.029623 -2.927779198 -1.208308816 3.320463181 -0.062879235 0.795711517 0.280037522 0.533355713
1341839145.061626 -2.920488834 -1.208395481 3.320417643 -0.065366305 0.795506954 0.279397160 0.533697724
1341839145.097529 -2.920992136 -1.207179546 3.322740078 -0.065321520 0.796161115 0.277350903 0.533794999
1341839145.129540 -2.927272320 -1.206211805 3.322747231 -0.063963003 0.795438588 0.277676105 0.534866452
1341839145.161548 -2.923297882 -1.210367799 3.320998192 -0.066787019 0.794614434 0.278738379 0.535193741
1341839145.197472 -2.921386719 -1.210428953 3.320527077 -0.068812653 0.794979453 0.277633399 0.534969270
1341839145.229600 -2.923978329 -1.207424521 3.322539806 -0.068409510 0.795432210 0.276872486 0.534742415
1341839145.262518 -2.928588867 -1.210147858 3.321057796 -0.069592334 0.794550478 0.277902186 0.535366058
1341839145.297552 -2.921701908 -1.209750772 3.321223259 -0.071433842 0.795419693 0.277908027 0.533827543
1341839145.329591 -2.928108692 -1.205652952 3.322062016 -0.068322718 0.795864761 0.277848661 0.533602417
