1341839845.462023 0.000000000 0.000000000 0.000000000 0.000000000 0.000000000 0.000000000 1.000000000
1341839845.497851 -0.006676289 0.004489840 -0.000618246 0.002656596 -0.001073678 -0.001304138 0.999995053
1341839845.529877 -0.004490580 0.026343448 -0.002563512 0.004446653 -0.004641005 -0.003791363 0.999972165
1341839845.562013 -0.002337239 0.006499007 -0.000133296 -0.001155595 -0.007070861 -0.006063984 0.999955952
1341839845.598549 0.003105883 -0.001807114 -0.001983499 -0.001129866 -0.008453447 -0.007091460 0.999938488
1341839845.629819 -0.000519527 0.014442821 -0.001992692 0.001438027 -0.007775870 -0.009201925 0.999926388
1341839845.665955 -0.015862897 0.014659847 0.004469009 -0.000175288 -0.007350701 -0.012355655 0.999896646
1341839845.698027 -0.012581297 0.010233123 0.002848816 -0.002088527 -0.011114549 -0.014930408 0.999824584
1341839845.730035 -0.004776977 0.004496958 0.002228258 -0.003443381 -0.012917893 -0.016428895 0.999775648
1341839845.766091 -0.015516698 0.004714579 0.004496556 -0.003011643 -0.011829287 -0.017758731 0.999767780
1341839845.798274 -0.013491010 0.019308412 0.004195935 -0.001661475 -0.013992463 -0.019267131 0.999715090
1341839845.833868 -0.017769337 0.004899977 0.008134278 -0.005602879 -0.014953120 -0.021753903 0.999635816
1341839845.865884 -0.016697036 -0.001813758 0.005414977 -0.005278558 -0.016616283 -0.023018554 0.999583006
1341839845.897882 -0.008636476 0.018617794 0.002215701 -0.002296750 -0.018031480 -0.022815630 0.999574423
1341839845.933769 -0.019544439 0.009745494 0.009456370 -0.006148207 -0.017050343 -0.024912611 0.999525309
1341839845.966008 -0.020220485 -0.005001733 0.009556405 -0.007341708 -0.018455774 -0.025781563 0.999470234
1341839845.997926 -0.001956364 0.009412771 0.001561604 -0.004142248 -0.020719038 -0.024850084 0.999467850
1341839846.033941 -0.011829996 0.011354506 0.008138388 -0.005790057 -0.017767362 -0.026991820 0.999460995
1341839846.065923 -0.020086961 0.004085179 0.010840466 -0.006912022 -0.017113553 -0.027053446 0.999463618
1341839846.101945 -0.014252342 0.008818670 0.007801127 -0.005867309 -0.018820425 -0.027125478 0.999437630
1341839846.133881 -0.005422144 0.003147127 0.007810476 -0.007170707 -0.019841691 -0.028485041 0.999371529
1341839846.165870 0.003030755 0.005618782 0.006035605 -0.006344454 -0.019011799 -0.028917523 0.999380827
1341839846.201921 -0.006416908 0.010505057 0.008570565 -0.006686210 -0.014909414 -0.030106688 0.999413133
1341839846.233820 -0.019374941 0.005482842 0.014781195 -0.007843460 -0.013416808 -0.031409845 0.999385774
1341839846.266171 -0.003928171 0.004483895 0.010688861 -0.007156443 -0.016237721 -0.030099176 0.999389410
1341839846.302140 -0.008639798 0.010960588 0.013726798 -0.006801142 -0.014132315 -0.029324966 0.999446869
1341839846.333843 -0.019319115 0.002516802 0.019760676 -0.008382061 -0.013898532 -0.031097369 0.999384582
1341839846.369840 -0.002489788 0.009548642 0.013033869 -0.007246799 -0.017857704 -0.032957565 0.999270916
1341839846.402011 0.008073187 0.007932043 0.015869720 -0.009367920 -0.017260373 -0.034633640 0.999207079
1341839846.433900 -0.011536127 -0.004629053 0.024095040 -0.011179086 -0.012595594 -0.035795208 0.999217212
1341839846.469927 -0.014139391 0.007444740 0.022916757 -0.007759596 -0.013102582 -0.034253441 0.999297142
1341839846.501920 -0.018132892 0.013006674 0.031775825 -0.008372637 -0.014716517 -0.033877842 0.999282539
1341839846.535053 -0.010232570 -0.009856041 0.027664328 -0.011948930 -0.018623095 -0.033619426 0.999189734
1341839846.569928 0.008783623 -0.003078687 0.026395775 -0.009563254 -0.020719934 -0.032526463 0.999210298
1341839846.602754 -0.004562966 -0.006444057 0.033307005 -0.010988238 -0.016914394 -0.032463152 0.999269366
1341839846.637836 -0.008739510 -0.019092249 0.038068809 -0.012289539 -0.017462609 -0.033551767 0.999208808
1341839846.669984 0.014794452 -0.013946823 0.033105526 -0.010241326 -0.020918084 -0.033186127 0.999177754
1341839846.701829 0.006176600 -0.015198513 0.042299118 -0.011986756 -0.016758518 -0.033483949 0.999226868
1341839846.737910 -0.021333409 -0.022869501 0.056422345 -0.013232486 -0.013206013 -0.033851188 0.999252021
1341839846.769925 -0.007187983 -0.028866149 0.055616837 -0.013175809 -0.018891472 -0.032830354 0.999195516
1341839846.805852 0.011808555 -0.035709932 0.057923894 -0.013921199 -0.021377306 -0.032136384 0.999157906
1341839846.837837 0.003132118 -0.048654959 0.064520016 -0.015064117 -0.017926712 -0.033384696 0.999168217
1341839846.869888 0.000861633 -0.042070296 0.068040192 -0.013280397 -0.017239312 -0.034126349 0.999180555
1341839846.906029 -0.000357973 -0.055956472 0.077007979 -0.016292205 -0.016703596 -0.035788238 0.999086976
1341839846.938034 -0.004302477 -0.076678641 0.085547648 -0.016853318 -0.015174768 -0.036690503 0.999069333
1341839846.969926 -0.009028491 -0.061103541 0.091386460 -0.011932978 -0.013869022 -0.034214873 0.999247015
1341839847.006052 -0.015426443 -0.076609552 0.100853778 -0.014331462 -0.014637895 -0.033348650 0.999233782
1341839847.037860 0.006541617 -0.104905188 0.100961752 -0.016315855 -0.018470587 -0.034251854 0.999109328
1341839847.073971 0.013319042 -0.086738884 0.104737371 -0.010947873 -0.014683071 -0.031630956 0.999331772
1341839847.105943 -0.016870389 -0.094978780 0.123446055 -0.013029862 -0.008379734 -0.029891180 0.999433100
1341839847.137970 -0.008480614 -0.117461585 0.126264870 -0.014741972 -0.011888538 -0.028995849 0.999400139
1341839847.173932 0.014886890 -0.116206042 0.126539692 -0.013192398 -0.013341931 -0.027768819 0.999438286
1341839847.206020 0.002272306 -0.124478951 0.141802907 -0.015037554 -0.007912593 -0.028657287 0.999444842
1341839847.238111 -0.010022540 -0.142008364 0.150521696 -0.015573882 -0.005605687 -0.028844373 0.999446869
1341839847.273912 -0.014843689 -0.128375337 0.155587777 -0.012759084 -0.005807349 -0.028088460 0.999507129
1341839847.305944 -0.019583611 -0.154380590 0.167244524 -0.017707510 -0.007837798 -0.028047843 0.999419034
1341839847.341841 -0.010823869 -0.189078361 0.168335855 -0.019293196 -0.010511835 -0.028392654 0.999355376
1341839847.373878 -0.003382776 -0.164284587 0.169856027 -0.012481091 -0.008870915 -0.027441688 0.999506116
1341839847.405870 -0.024033068 -0.179447681 0.180373117 -0.015802253 -0.004608132 -0.028596580 0.999455452
1341839847.441942 -0.020698659 -0.196708083 0.184725001 -0.016219730 -0.006180631 -0.027448706 0.999472499
1341839847.473884 -0.020796964 -0.179874822 0.193253279 -0.012832234 -0.005936167 -0.025065050 0.999585807
1341839847.505964 -0.043868776 -0.203102261 0.206772611 -0.016911009 -0.005182529 -0.023523353 0.999566793
1341839847.541985 -0.029660713 -0.219386965 0.205925211 -0.016632784 -0.011977416 -0.021716172 0.999554038
1341839847.573837 -0.008118208 -0.226708636 0.206568494 -0.017115965 -0.014617030 -0.022478903 0.999493897
1341839847.609996 -0.007061108 -0.239863619 0.218410641 -0.017564833 -0.011094471 -0.024097254 0.999493718
1341839847.642100 -0.017336773 -0.238127589 0.223742738 -0.014645818 -0.006520100 -0.023285508 0.999600291
1341839847.674027 -0.015327000 -0.245534971 0.224677816 -0.015108074 -0.005201682 -0.023433244 0.999597728
1341839847.710094 -0.016700838 -0.251981020 0.228570372 -0.014970349 -0.003107089 -0.024676953 0.999578536
1341839847.741882 -0.015582273 -0.238475755 0.234267220 -0.013565114 -0.001504070 -0.025386697 0.999584556
1341839847.773869 -0.026045648 -0.259666711 0.244163662 -0.018909181 0.001045132 -0.026930271 0.999457896
1341839847.809897 -0.028307386 -0.264512688 0.252283722 -0.019209350 0.001207769 -0.029133510 0.999390185
1341839847.841880 -0.021994844 -0.266330570 0.258989334 -0.020066192 0.000732167 -0.030132772 0.999344170
1341839847.878289 -0.026383581 -0.283712596 0.268731654 -0.023380883 0.002954718 -0.031713728 0.999219120
1341839847.909840 -0.038322330 -0.279934645 0.277733177 -0.022066651 0.005133912 -0.031366780 0.999251127
1341839847.941861 -0.034346271 -0.288265258 0.286553681 -0.024494175 0.002682038 -0.030173747 0.999240875
1341839847.977961 -0.024416015 -0.314727604 0.294508547 -0.027667623 0.001193293 -0.030426150 0.999153316
1341839848.009877 -0.023964735 -0.301383674 0.301241726 -0.024366140 0.003225811 -0.030377189 0.999236286
1341839848.045768 -0.034443125 -0.314804316 0.314673483 -0.027814129 0.005295101 -0.029493457 0.999163866
1341839848.077904 -0.040623862 -0.325268954 0.325557262 -0.028053740 0.004872483 -0.028737014 0.999181390
1341839848.109911 -0.039448090 -0.316749871 0.331992984 -0.026394071 0.002163542 -0.026836181 0.999288976
1341839848.145877 -0.036039036 -0.339839011 0.341418743 -0.031664852 -0.001494719 -0.026327193 0.999150634
1341839848.177941 -0.015130718 -0.386318326 0.348790258 -0.035578448 -0.005605543 -0.027602579 0.998969913
1341839848.210005 0.000935032 -0.360242426 0.348922879 -0.026618235 -0.004696970 -0.026388908 0.999286234
1341839848.245924 -0.021346226 -0.353366733 0.363736331 -0.026826302 0.001161975 -0.027715750 0.999255121
1341839848.278057 -0.030536752 -0.395666212 0.375909030 -0.033325747 -0.000002758 -0.028314473 0.999043345
1341839848.313996 0.000501840 -0.399538875 0.376457185 -0.029507743 -0.005237841 -0.027579175 0.999170244
1341839848.345902 -0.011256599 -0.377031744 0.386894792 -0.026373217 -0.001319533 -0.026877340 0.999289930
1341839848.378083 -0.020189717 -0.411964297 0.399238408 -0.033539597 -0.002149234 -0.025759196 0.999103069
1341839848.413902 -0.011276044 -0.442492336 0.409935713 -0.034968261 -0.006024188 -0.022899671 0.999107838
1341839848.446051 0.024463322 -0.445727736 0.409418404 -0.030763289 -0.010714808 -0.023056574 0.999203265
1341839848.477990 0.041778285 -0.433495522 0.415882677 -0.027623752 -0.007546151 -0.025771033 0.999257624
1341839848.514027 0.028455695 -0.441793174 0.426320553 -0.030522076 -0.000074999 -0.027924966 0.999143958
1341839848.545899 0.018720513 -0.480143458 0.437990934 -0.035068158 0.004972862 -0.028963992 0.998952746
1341839848.581848 0.005345383 -0.457765490 0.445369095 -0.028160982 0.008241859 -0.026318429 0.999222875
1341839848.614329 0.007754449 -0.460416257 0.455310464 -0.030878188 0.004915413 -0.027297718 0.999138236
1341839848.646056 0.030463459 -0.499982387 0.460980982 -0.037624452 0.000121209 -0.030599555 0.998823345
1341839848.681939 0.065697521 -0.515818894 0.462567598 -0.036539622 -0.000904443 -0.033458631 0.998771548
1341839848.713946 0.037548658 -0.497436434 0.471688002 -0.032990858 0.010088030 -0.036255084 0.998746932
1341839848.745899 0.012513190 -0.505060554 0.486176401 -0.034706533 0.014416035 -0.037675526 0.998583078
1341839848.782038 0.002286327 -0.514023662 0.496014804 -0.035595987 0.011916862 -0.037435897 0.998593688
1341839848.813915 -0.000668755 -0.517544270 0.508154392 -0.035841480 0.007177842 -0.034630217 0.998731494
1341839848.850000 0.010565257 -0.517844796 0.514073610 -0.035515051 0.000154402 -0.035813168 0.998727202
1341839848.881968 0.034157250 -0.522215188 0.517798483 -0.037411876 -0.005555958 -0.038385350 0.998546958
1341839848.914184 0.026516631 -0.530721784 0.530198574 -0.040992707 -0.003445983 -0.039946035 0.998354673
1341839848.949897 0.006107299 -0.547127008 0.543353200 -0.043944888 -0.002073848 -0.040884044 0.998194873
1341839848.981903 0.013907138 -0.549335718 0.548347116 -0.042809341 -0.007031487 -0.041075002 0.998213768
1341839849.018057 0.025159765 -0.543921053 0.554499447 -0.042772818 -0.010673133 -0.041517653 0.998164713
1341839849.050047 0.023695583 -0.564835191 0.563842893 -0.048049327 -0.010627528 -0.042527303 0.997882664
1341839849.082045 0.029992700 -0.579259694 0.573546290 -0.048915725 -0.011665710 -0.043079473 0.997805238
1341839849.118139 0.031745784 -0.568091750 0.577260196 -0.046820696 -0.011092244 -0.041996021 0.997958481
1341839849.149926 0.015612353 -0.574696362 0.590204954 -0.050498590 -0.009399818 -0.041578475 0.997814000
1341839849.181857 0.026598834 -0.591671348 0.599743128 -0.053881872 -0.014177751 -0.041490041 0.997584224
1341839849.217924 0.041231491 -0.589270830 0.602924109 -0.053991206 -0.016322311 -0.040474225 0.997587264
1341839849.249844 0.031206574 -0.613591909 0.617164373 -0.058487862 -0.012796944 -0.038260084 0.997472584
1341839849.285792 0.019053645 -0.626222014 0.627198815 -0.057406832 -0.011595544 -0.035270631 0.997660279
1341839849.317899 0.046141237 -0.617927194 0.629277825 -0.053749137 -0.017603211 -0.033923846 0.997822821
1341839849.349911 0.072746366 -0.633625865 0.633982122 -0.057123162 -0.018926628 -0.034896437 0.997577548
1341839849.385901 0.050544679 -0.645317376 0.648294330 -0.058775585 -0.009453465 -0.034755211 0.997621238
1341839849.417927 0.023364777 -0.647418737 0.657377005 -0.058060534 -0.004859468 -0.033188086 0.997749448
1341839849.450043 0.043573864 -0.677378356 0.663029373 -0.061333083 -0.011140083 -0.031823836 0.997547686
1341839849.485994 0.076762177 -0.704197407 0.658939719 -0.059795775 -0.009943756 -0.028860927 0.997743785
1341839849.517976 0.045957908 -0.682066977 0.674969673 -0.053263500 0.000310077 -0.024827600 0.998271763
1341839849.554305 0.018135725 -0.731142223 0.686749816 -0.057996377 0.000486506 -0.020934798 0.998097122
1341839849.585964 0.066893496 -0.734232843 0.687776208 -0.051181048 -0.010892556 -0.017544260 0.998475850
1341839849.618027 0.082512833 -0.722461224 0.686898649 -0.045513995 -0.010457756 -0.016851554 0.998766840
1341839849.653990 0.072904728 -0.747378469 0.694483042 -0.047690138 -0.005120977 -0.015626002 0.998726845
1341839849.686025 0.062015127 -0.762417138 0.704328060 -0.044993948 -0.002598011 -0.013329792 0.998894930
1341839849.718004 0.074734807 -0.772827744 0.707376003 -0.040766545 -0.003887089 -0.008936988 0.999121189
1341839849.753965 0.071496040 -0.770150840 0.710743546 -0.036027201 -0.001275426 -0.004462435 0.999339998
1341839849.786542 0.067093395 -0.780032158 0.717924237 -0.035101086 -0.000700977 -0.001641735 0.999382198
1341839849.822760 0.084853798 -0.799324870 0.717905521 -0.034654070 -0.003574337 0.001274068 0.999392152
1341839849.853815 0.079408005 -0.793173850 0.721932292 -0.030972585 -0.001174881 0.002731706 0.999515831
1341839849.885920 0.070198923 -0.805188358 0.732615173 -0.032534506 -0.000126911 0.003424774 0.999464750
1341839849.921991 0.071840443 -0.825767040 0.739858806 -0.033218645 -0.001725947 0.005571173 0.999431074
1341839849.953839 0.076703608 -0.821567178 0.745446682 -0.029825861 -0.003391460 0.008012803 0.999517262
1341839849.985986 0.092564128 -0.839849830 0.750673592 -0.031193379 -0.005781583 0.008482230 0.999460638
1341839850.022022 0.101255655 -0.836289048 0.764462113 -0.028030938 -0.003391769 0.010330603 0.999547899
1341839850.053889 0.085353114 -0.829759955 0.771776795 -0.027965829 0.002161401 0.010163337 0.999554873
1341839850.089916 0.086719491 -0.860677481 0.785664797 -0.033252414 0.001962442 0.009446939 0.999400377
1341839850.122696 0.083557807 -0.850166500 0.788743675 -0.028693695 0.004275013 0.011407530 0.999513984
1341839850.153891 0.068962149 -0.846845210 0.796514928 -0.030927798 0.004936974 0.011932199 0.999438167
1341839850.189806 0.089238346 -0.885207295 0.809329033 -0.037680607 -0.000993636 0.011678271 0.999221087
1341839850.221923 0.118487701 -0.879504263 0.810026586 -0.033098232 -0.001974671 0.012819067 0.999367952
1341839850.257926 0.086149909 -0.870838583 0.818418503 -0.033055313 0.007572725 0.012457356 0.999347210
1341839850.289928 0.072685666 -0.897641361 0.833588243 -0.037837058 0.007000516 0.010446041 0.999204814
1341839850.322006 0.100034699 -0.896244943 0.830275595 -0.035100073 0.001275930 0.013671230 0.999289513
1341839850.358083 0.088254660 -0.898813725 0.838602722 -0.035952184 0.004703532 0.013282810 0.999254167
1341839850.389942 0.088685676 -0.926280260 0.851364374 -0.039137367 0.003475888 0.011448627 0.999162197
1341839850.422122 0.099879369 -0.911149859 0.847676933 -0.033538193 0.002216366 0.011780466 0.999365568
1341839850.458155 0.089061946 -0.918054461 0.858724415 -0.036584582 0.004535097 0.009001649 0.999279737
1341839850.490219 0.094770469 -0.958285987 0.873646319 -0.041122716 0.002739493 0.009199084 0.999108016
1341839850.525914 0.095402814 -0.929638863 0.871790171 -0.032422949 0.003100937 0.010619401 0.999413013
1341839850.558165 0.090840824 -0.942511201 0.883370936 -0.036107600 0.003272650 0.009289979 0.999299407
1341839850.590065 0.090247013 -0.975132465 0.895422459 -0.039510805 0.001456717 0.007486193 0.999190032
1341839850.658023 0.103626959 -0.975345373 0.902407765 -0.034164466 -0.000459465 0.007314155 0.999389350
1341839850.689870 0.123716481 -1.003592253 0.910009265 -0.035248540 -0.002597195 0.004518259 0.999364972
1341839850.726039 0.125685737 -0.987900078 0.908202350 -0.029307436 0.001745166 0.002688839 0.999565303
1341839850.758642 0.091257006 -0.988827586 0.919799626 -0.030984985 0.008552624 0.002176031 0.999480903
1341839850.794077 0.061716206 -1.037670493 0.932004511 -0.038272932 0.007045001 0.003666164 0.999235749
1341839850.826012 0.115848050 -1.034699082 0.932161510 -0.029521979 -0.011438230 0.006056255 0.999480307
1341839850.857996 0.141360700 -1.038570762 0.932649553 -0.028251443 -0.012712476 0.002318965 0.999517322
1341839850.897049 0.148649901 -1.068695188 0.941138864 -0.029740617 -0.005235871 -0.001698853 0.999542475
1341839850.958076 0.099434584 -1.069688916 0.957357347 -0.024242010 0.005417073 -0.001881393 0.999689698
1341839850.994159 0.100781746 -1.086182237 0.967683375 -0.024528824 -0.002235536 0.002342678 0.999693871
1341839851.025938 0.131302193 -1.113983035 0.972599387 -0.026620679 -0.011504871 0.003043833 0.999574780
1341839851.061884 0.167472720 -1.112796664 0.973050416 -0.021455081 -0.015854226 0.002533367 0.999640882
1341839851.093981 0.171058834 -1.116898656 0.976148963 -0.019880477 -0.010029727 0.001343735 0.999751151
1341839851.125983 0.161763757 -1.144353151 0.984301686 -0.021558773 -0.002840098 -0.000912568 0.999763131
1341839851.162029 0.144043520 -1.133159876 0.988639891 -0.015335090 0.002760973 -0.001149233 0.999877930
1341839851.201363 0.144070223 -1.130204797 0.997304618 -0.014500303 0.002284757 -0.001112888 0.999891639
1341839851.261859 0.164299577 -1.145837069 1.006735444 -0.015086863 -0.002605733 -0.001485823 0.999881685
1341839851.301178 0.164203152 -1.135722399 1.013839006 -0.016202090 -0.000970854 -0.001694679 0.999866843
1341839851.333106 0.165113091 -1.181480765 1.029164553 -0.025238285 -0.000195867 -0.001945950 0.999679565
1341839851.364936 0.160908386 -1.175920367 1.034613132 -0.018108368 0.001456022 -0.000438697 0.999834895
1341839851.400800 0.161216870 -1.137329817 1.036345601 -0.012341062 0.000012670 0.000502173 0.999923706
1341839851.432978 0.170143232 -1.186491847 1.050680399 -0.025076590 -0.002240066 -0.000849425 0.999682665
1341839851.468951 0.190667287 -1.206426501 1.062181711 -0.022552678 -0.002779397 0.001930359 0.999739945
1341839851.500846 0.176747262 -1.160439014 1.059433341 -0.013923331 0.001885977 0.002365226 0.999898493
1341839851.532849 0.167472363 -1.203171253 1.075408459 -0.024477907 0.002791664 -0.000060445 0.999696434
1341839851.568942 0.171996221 -1.211927414 1.080418468 -0.021708485 0.001461093 -0.000701796 0.999763012
1341839851.601011 0.173690364 -1.191851974 1.084645629 -0.018918827 0.000368248 0.000275032 0.999820948
1341839851.636933 0.168473333 -1.244794250 1.099874854 -0.029273015 -0.000155737 -0.000843472 0.999571085
1341839851.668994 0.173612133 -1.234505177 1.102589130 -0.021502342 -0.001884848 0.001029357 0.999766469
1341839851.700879 0.173222288 -1.218440056 1.105265737 -0.018474517 -0.002467787 0.001612859 0.999825001
1341839851.736883 0.171090558 -1.252502203 1.119790435 -0.024711300 -0.003422591 0.000632203 0.999688566
1341839851.768951 0.176309720 -1.248897433 1.123866200 -0.020886753 -0.004767529 0.003320934 0.999764979
1341839851.804954 0.182664379 -1.257439137 1.129529476 -0.022509042 -0.005487967 0.003411873 0.999725759
1341839851.837032 0.199301019 -1.295202971 1.143067241 -0.027015395 -0.006784434 0.002097058 0.999609768
1341839851.868921 0.189597636 -1.266606331 1.141836405 -0.018989045 -0.001432285 0.003063450 0.999813974
1341839851.904888 0.173166201 -1.280723572 1.152599573 -0.023085836 0.000993821 0.000635722 0.999732792
1341839851.936873 0.170403481 -1.323707819 1.168074012 -0.026021054 -0.003142842 0.003250936 0.999651194
1341839851.972969 0.208236158 -1.304717064 1.164111614 -0.018954966 -0.008510025 0.005432076 0.999769390
1341839852.004880 0.191261783 -1.310520053 1.174105644 -0.021451043 -0.001359919 0.002713985 0.999765277
1341839852.036887 0.185229689 -1.344196320 1.188868523 -0.025590109 0.000741055 0.004249026 0.999663234
1341839852.072836 0.187353075 -1.345953703 1.191734791 -0.021244885 0.001273291 0.008111034 0.999740601
1341839852.104917 0.191192389 -1.345948458 1.196358562 -0.018654134 0.001340734 0.009133532 0.999783397
1341839852.140937 0.186142057 -1.357859373 1.202929139 -0.019941391 0.002354630 0.008698105 0.999760568
1341839852.172894 0.182141766 -1.376554489 1.211971521 -0.022063067 0.002733502 0.010399043 0.999698758
1341839852.234030 0.203844771 -1.386414170 1.223103523 -0.015691251 -0.003403404 0.011147747 0.999808908
1341839852.265924 0.194984645 -1.398104191 1.233752489 -0.019038232 0.002697841 0.010129842 0.999763787
1341839852.301932 0.173876807 -1.425215840 1.241383791 -0.022155445 0.006162061 0.010936012 0.999675691
1341839852.334063 0.177752778 -1.428972006 1.249144912 -0.015561317 -0.001960776 0.014185496 0.999776363
1341839852.365960 0.200706810 -1.435101748 1.254440904 -0.015940612 -0.006177885 0.013822004 0.999758303
1341839852.402082 0.218554944 -1.481462955 1.268797398 -0.021302124 -0.005082798 0.012497787 0.999682009
1341839852.433897 0.193637356 -1.446928382 1.264977694 -0.010352805 0.003006890 0.014016906 0.999843657
1341839852.469906 0.191441566 -1.461510777 1.271001816 -0.014044527 0.003248741 0.014151443 0.999795914
1341839852.501863 0.188365236 -1.494075894 1.283043742 -0.017449820 0.003465807 0.015730137 0.999717951
1341839852.533949 0.191221744 -1.488394737 1.284919858 -0.011995379 0.002110987 0.019016486 0.999744952
1341839852.569896 0.191914722 -1.492081881 1.289004087 -0.011287368 0.001637416 0.019235816 0.999749899
1341839852.601883 0.196543530 -1.506912351 1.296661615 -0.012407876 0.000522279 0.018262777 0.999756098
1341839852.634062 0.207896978 -1.509798050 1.303263307 -0.010978677 -0.000204507 0.018419404 0.999770045
1341839852.669878 0.216433093 -1.510160208 1.309200525 -0.009966232 0.001941676 0.017411768 0.999796808
1341839852.701915 0.183399022 -1.501847625 1.314757228 -0.009443871 0.008711751 0.016986907 0.999773145
1341839852.737942 0.167427301 -1.517203927 1.321114779 -0.013587621 0.006910553 0.018055560 0.999720752
1341839852.769982 0.175656602 -1.526415467 1.333493233 -0.013539583 -0.001197491 0.018823506 0.999730408
1341839852.801999 0.192762777 -1.513405442 1.335648775 -0.012300585 -0.007427083 0.021937793 0.999656081
1341839852.838034 0.203043878 -1.549716234 1.349231482 -0.020756183 -0.009029103 0.020226708 0.999539137
1341839852.869909 0.194544226 -1.547569633 1.355505705 -0.017107818 -0.006276676 0.018754950 0.999658048
1341839852.901899 0.183123559 -1.531530976 1.356166124 -0.015274446 -0.005141856 0.017521348 0.999716580
1341839852.937980 0.191428080 -1.571396828 1.373612761 -0.024382379 -0.007564442 0.016759206 0.999533594
1341839852.969844 0.195460781 -1.582205296 1.379671931 -0.021287721 -0.008607871 0.017707953 0.999579489
1341839853.005873 0.196536943 -1.557106972 1.378884435 -0.015547231 -0.009166413 0.016782232 0.999696255
1341839853.037853 0.206620753 -1.587176561 1.388540626 -0.023015581 -0.009519365 0.013776694 0.999594867
1341839853.069999 0.202919334 -1.593776822 1.397486448 -0.020431535 -0.004936588 0.013611158 0.999686420
1341839853.105921 0.200690180 -1.572224259 1.397616029 -0.016854873 -0.003435086 0.014590922 0.999745548
1341839853.137883 0.213650331 -1.610354900 1.408140898 -0.025134027 -0.003547476 0.015390716 0.999559343
1341839853.170078 0.208477348 -1.616012573 1.417052507 -0.022477333 0.000248617 0.015483677 0.999627411
1341839853.205871 0.205418691 -1.617707491 1.421408176 -0.021666789 0.001234165 0.015960909 0.999637067
1341839853.237899 0.201999590 -1.632855058 1.432783604 -0.024122769 0.002142944 0.015836010 0.999581277
1341839853.273915 0.191606432 -1.653873444 1.439702511 -0.025070300 0.002481477 0.016745020 0.999542356
1341839853.305981 0.203506619 -1.656122684 1.444159031 -0.021637639 -0.002884809 0.016233666 0.999629915
1341839853.337978 0.218847096 -1.657736897 1.450645447 -0.019075502 -0.005382749 0.013656198 0.999710321
1341839853.373951 0.206605837 -1.650278926 1.455233455 -0.017317204 -0.001654587 0.014583206 0.999742329
1341839853.442054 0.195172220 -1.673359632 1.470003843 -0.016039753 -0.008440308 0.016478395 0.999699950
1341839853.505922 0.226391613 -1.717862010 1.483530402 -0.024317430 -0.011808070 0.012104128 0.999561250
1341839853.542097 0.216109753 -1.737329006 1.496320367 -0.021972701 -0.006611725 0.014388832 0.999633133
1341839853.573956 0.218274042 -1.729149103 1.497139215 -0.016685894 -0.008355347 0.014608994 0.999719143
1341839853.606086 0.221957147 -1.750124097 1.509376764 -0.018213572 -0.009537248 0.014287230 0.999686539
1341839853.641956 0.221754849 -1.745557666 1.511606336 -0.013596545 -0.009841413 0.015532776 0.999738514
1341839853.710154 0.232104883 -1.769905925 1.526380420 -0.014753640 -0.013589902 0.013669007 0.999705315
1341839853.742061 0.242196798 -1.772342682 1.529346824 -0.012961376 -0.014582383 0.012401517 0.999732733
1341839853.774203 0.248908103 -1.784645796 1.535969734 -0.013804742 -0.012433761 0.010171157 0.999775648
1341839853.809870 0.235250473 -1.782385945 1.540799141 -0.010989509 -0.007025901 0.010564627 0.999859095
1341839853.841862 0.233421743 -1.785299063 1.547123909 -0.012018373 -0.006637210 0.011061279 0.999844551
1341839853.874056 0.231350213 -1.806702137 1.557510495 -0.014765535 -0.006745973 0.011466557 0.999802470
1341839853.910043 0.233959451 -1.797736049 1.559976459 -0.010915234 -0.009002834 0.012608686 0.999820411
1341839853.941919 0.243468091 -1.810626745 1.566479564 -0.013799213 -0.010271104 0.012166247 0.999778032
1341839853.977952 0.247920126 -1.817013144 1.576685071 -0.013499896 -0.008952447 0.010626021 0.999812305
1341839854.017422 0.239574775 -1.813804150 1.581938505 -0.012815733 -0.006233924 0.011587399 0.999831319
1341839854.049528 0.230734557 -1.827070951 1.591225147 -0.015719822 -0.006099104 0.010678085 0.999800801
1341839854.080991 0.235095471 -1.829761863 1.597317934 -0.015470688 -0.009026646 0.011354689 0.999775112
1341839854.116931 0.245832354 -1.837904692 1.602916121 -0.017346619 -0.011062923 0.013486937 0.999697387
1341839854.148886 0.273358524 -1.862544060 1.609869480 -0.020530473 -0.012474622 0.011740159 0.999642432
1341839854.184921 0.253651708 -1.825059891 1.607946873 -0.011903663 -0.002750866 0.009571968 0.999879539
1341839854.216976 0.234189868 -1.828918576 1.612927437 -0.017529588 0.001853765 0.008935604 0.999804676
1341839854.248759 0.233527362 -1.874583125 1.632273436 -0.027444521 -0.000455926 0.010609126 0.999566913
1341839854.284863 0.247296900 -1.867105365 1.631605625 -0.021990538 -0.005148273 0.013515687 0.999653518
1341839854.316904 0.265526891 -1.856888175 1.632683277 -0.021387905 -0.007554987 0.014433931 0.999638498
1341839854.352954 0.265121698 -1.895083904 1.640066624 -0.028243396 -0.003185036 0.011853984 0.999525726
1341839854.385229 0.275459558 -1.878800631 1.646078587 -0.021632239 0.001262073 0.011430479 0.999699831
1341839854.417199 0.229708672 -1.872452497 1.642984986 -0.022962989 0.013199905 0.008522496 0.999612868
1341839854.452925 0.211672753 -1.889474750 1.662264824 -0.028339369 0.012517328 0.008760628 0.999481618
1341839854.484956 0.232212529 -1.931785822 1.666108251 -0.033038128 0.002933767 0.015052332 0.999336421
1341839854.520956 0.251833886 -1.912526369 1.674129367 -0.027610285 -0.002375924 0.017177535 0.999468327
1341839854.553347 0.265731424 -1.915679812 1.682587504 -0.028033003 -0.004032773 0.015742078 0.999474883
1341839854.621017 0.250686884 -1.939787269 1.696763754 -0.029330932 0.004867518 0.015203705 0.999442279
1341839854.682031 0.248200715 -1.955211639 1.708615422 -0.028788764 0.003933773 0.018146159 0.999413073
1341839854.713930 0.265235573 -1.970778227 1.717914343 -0.029908137 0.002229460 0.020969784 0.999330163
1341839854.745858 0.258540601 -1.981328845 1.724946499 -0.028746717 0.005943883 0.022309890 0.999320030
1341839854.781934 0.257822752 -1.978551507 1.728347540 -0.024936326 0.007043691 0.023889517 0.999378741
1341839854.813894 0.272453755 -1.973319054 1.731778264 -0.023519699 0.005152554 0.024651440 0.999406099
1341839854.845894 0.270520002 -2.008914948 1.745760918 -0.029109610 0.010104953 0.024261644 0.999230623
1341839854.882028 0.250086725 -1.995806694 1.747600436 -0.022065897 0.015762480 0.026309106 0.999285996
1341839854.913923 0.237170175 -1.991961479 1.751832604 -0.022484303 0.014431675 0.028202379 0.999245167
1341839854.950288 0.272260308 -2.055374146 1.772317410 -0.035091270 0.005363707 0.029187255 0.998943448
1341839854.982075 0.280605555 -2.038190126 1.772135735 -0.021859059 0.009524582 0.033686429 0.999148011
1341839855.013812 0.272228420 -2.010136127 1.769168019 -0.015512280 0.013338313 0.032550555 0.999260724
1341839855.050129 0.270190328 -2.042737484 1.782515407 -0.023457304 0.011859934 0.031164335 0.999168575
1341839855.081800 0.268824309 -2.089591265 1.794404507 -0.028472442 0.009177075 0.035225887 0.998931587
1341839855.114073 0.276979506 -2.079831362 1.796089292 -0.021867633 0.007325504 0.035888754 0.999089718
1341839855.150030 0.290873528 -2.084187269 1.800223947 -0.018171756 0.007236492 0.034485891 0.999213755
1341839855.182071 0.280776173 -2.068792343 1.795172453 -0.011660080 0.011454052 0.032882888 0.999325573
1341839855.217767 0.288180649 -2.089109898 1.800347567 -0.013980330 0.012400253 0.033054490 0.999278843
1341839855.249960 0.271919370 -2.111502886 1.813966036 -0.014170034 0.016649792 0.034907661 0.999151349
1341839855.281992 0.217430770 -2.117309570 1.810385466 -0.010432744 0.021204403 0.034786042 0.999115348
1341839855.317935 0.277426869 -2.112074614 1.816257715 -0.009910109 0.001677878 0.033727799 0.999380529
1341839855.349844 0.328807682 -2.154922009 1.821498156 -0.014549838 -0.004900860 0.028621610 0.999472380
1341839855.381947 0.310950994 -2.080962658 1.818418860 0.002024574 0.009203480 0.025617233 0.999627411
1341839855.417890 0.263793230 -2.111111164 1.833462715 -0.006309998 0.019780612 0.024343142 0.999487996
1341839855.449975 0.228450790 -2.164851904 1.831466675 -0.012885552 0.017271476 0.023742437 0.999485850
1341839855.485969 0.267423093 -2.121736765 1.843717456 -0.004524868 0.003745631 0.027100094 0.999615431
1341839855.517935 0.279432029 -2.158324242 1.857980132 -0.012842543 0.002704230 0.026150268 0.999571860
1341839855.549932 0.270744294 -2.146368265 1.859846115 -0.005956050 0.008080002 0.025184559 0.999632418
1341839855.585931 0.275908142 -2.114717722 1.861748695 -0.002963349 0.008140559 0.022516167 0.999708951
1341839855.617868 0.259046972 -2.174629927 1.883880258 -0.021959173 0.011732440 0.021332303 0.999462366
1341839855.653959 0.239521325 -2.232601166 1.908152699 -0.033629466 0.012759706 0.023466161 0.999077380
1341839855.686629 0.271805584 -2.178128481 1.903923273 -0.020962425 0.001724805 0.026357889 0.999431252
1341839855.717974 0.263270289 -2.132736206 1.888571501 -0.013508177 0.003265251 0.023192912 0.999634385
1341839855.754217 0.265577585 -2.181090593 1.909837842 -0.026023017 0.003720846 0.022411941 0.999403179
1341839855.785976 0.252922326 -2.176241159 1.910932422 -0.023288298 0.005257014 0.022054918 0.999471664
1341839855.817884 0.257076085 -2.173649073 1.916086912 -0.024133703 0.001302357 0.023539847 0.999430716
1341839855.853954 0.251451522 -2.187976599 1.925668955 -0.026912311 -0.003260417 0.022896012 0.999370217
1341839855.885819 0.256193340 -2.180347919 1.925404549 -0.023842527 -0.006887948 0.021726593 0.999455869
1341839855.921856 0.275636137 -2.207685947 1.944157362 -0.031967916 -0.007674917 0.016636070 0.999320984
1341839855.953959 0.249056950 -2.226106167 1.952505946 -0.035618145 0.001356111 0.013879740 0.999268174
1341839855.985984 0.209165365 -2.209407091 1.964018822 -0.031995766 0.005082597 0.009004110 0.999434531
1341839856.021829 0.253637671 -2.238067627 1.968561530 -0.038750630 -0.009622714 0.011287571 0.999138832
1341839856.053782 0.276374936 -2.240536928 1.975293875 -0.038392339 -0.014053537 0.010931010 0.999104142
1341839856.086616 0.265417337 -2.241031170 1.980269074 -0.038328547 -0.010590021 0.007883443 0.999177992
1341839856.121800 0.252787143 -2.249024391 1.988136172 -0.039929371 -0.007774428 0.004603999 0.999161661
1341839856.153957 0.247034445 -2.242353201 1.989826798 -0.038933653 -0.005678264 0.004121805 0.999217153
1341839856.190048 0.241144449 -2.251046181 1.998742342 -0.042476166 -0.006780433 0.002744601 0.999070704
1341839856.222015 0.232971072 -2.264503717 2.001180410 -0.044686861 -0.009990284 0.001340058 0.998950183
1341839856.253873 0.250165254 -2.261971951 2.007864952 -0.043222994 -0.015441976 0.001431635 0.998945057
1341839856.289840 0.251879752 -2.279100180 2.019016266 -0.045247756 -0.014761415 0.000630932 0.998866558
1341839856.321942 0.248222917 -2.300403118 2.029502153 -0.045344178 -0.013924124 -0.000223100 0.998874366
1341839856.353811 0.249046639 -2.274435997 2.020020008 -0.036931101 -0.015159158 -0.004224848 0.999193907
1341839856.390102 0.240467072 -2.297993183 2.027551651 -0.043519482 -0.015931813 -0.007152125 0.998899937
1341839856.422082 0.251663566 -2.338544130 2.049631596 -0.050755762 -0.020117572 -0.007303324 0.998481750
1341839856.457814 0.253319502 -2.331372738 2.046768665 -0.042701274 -0.019812776 -0.009571958 0.998845577
1341839856.489904 0.260707617 -2.303788900 2.040649414 -0.035449184 -0.019518258 -0.013140539 0.999094486
1341839856.521972 0.257048756 -2.334764242 2.054984570 -0.042580523 -0.016420824 -0.015850849 0.998832345
1341839856.557920 0.237992242 -2.336413860 2.058944464 -0.041563932 -0.012574714 -0.017410791 0.998905003
1341839856.589888 0.238890424 -2.331177473 2.059920788 -0.039883438 -0.016713971 -0.015086622 0.998950660
1341839856.622023 0.243178204 -2.354546547 2.071429491 -0.045242984 -0.020429369 -0.014158924 0.998666704
1341839856.657871 0.256274223 -2.358082056 2.079205036 -0.045821294 -0.022075573 -0.016165625 0.998574853
1341839856.689931 0.255807877 -2.359308004 2.086547852 -0.046812482 -0.020869303 -0.019037090 0.998504221
1341839856.725899 0.243776917 -2.370196819 2.093295097 -0.050305087 -0.019798424 -0.022855209 0.998276055
1341839856.757992 0.238919690 -2.389809132 2.107390881 -0.055847097 -0.021203166 -0.023601573 0.997935116
1341839856.790085 0.245709538 -2.408028126 2.121208668 -0.058386367 -0.022616167 -0.022401750 0.997786403
1341839856.839656 0.253258675 -2.397681236 2.122964621 -0.054498408 -0.023035506 -0.023039831 0.997982204
1341839856.894594 0.254683971 -2.412129164 2.138533592 -0.058558453 -0.023487456 -0.024770327 0.997700214
1341839856.926373 0.246558249 -2.428907871 2.148532867 -0.062680878 -0.022072250 -0.025079640 0.997474253
1341839856.958224 0.252053291 -2.439296007 2.157938004 -0.063296400 -0.023868218 -0.023539122 0.997431636
1341839857.004395 0.256898612 -2.425406933 2.162256718 -0.059316181 -0.025275927 -0.026563063 0.997565627
1341839857.058153 0.250690222 -2.450737953 2.183324337 -0.065556847 -0.022963269 -0.028244300 0.997184694
1341839857.094172 0.248988166 -2.441696882 2.184287071 -0.061872762 -0.024706190 -0.027881293 0.997388601
1341839857.127349 0.246943504 -2.444646597 2.185890675 -0.063472435 -0.027339237 -0.028777143 0.997193933
1341839857.161937 0.254450560 -2.465118885 2.200187206 -0.070207298 -0.030164005 -0.029338446 0.996644557
1341839857.193984 0.257767141 -2.485927105 2.214759827 -0.073738456 -0.030574400 -0.030246476 0.996349871
1341839857.226017 0.263423622 -2.466537952 2.210038662 -0.065855354 -0.029567851 -0.029420793 0.996957004
1341839857.261913 0.260614902 -2.454460621 2.207332373 -0.065071963 -0.027451836 -0.030971289 0.997021973
1341839857.294048 0.258603454 -2.489851475 2.226709843 -0.075236298 -0.028086236 -0.030599451 0.996300340
1341839857.325950 0.264170974 -2.504143000 2.239789248 -0.073492505 -0.030990751 -0.026327679 0.996466398
1341839857.361866 0.264115036 -2.467803955 2.222967148 -0.062841460 -0.031123372 -0.026957644 0.997173786
1341839857.394079 0.272145063 -2.496364117 2.242481470 -0.073431849 -0.032803200 -0.028984433 0.996339083
1341839857.429949 0.271546692 -2.516020775 2.258018732 -0.076973394 -0.031686030 -0.028116491 0.996132791
1341839857.461927 0.267345369 -2.510175228 2.255624294 -0.071705468 -0.032759283 -0.028636074 0.996476352
1341839857.494284 0.267720014 -2.520115852 2.263340950 -0.073691241 -0.034364581 -0.029658137 0.996247470
1341839857.529868 0.272388101 -2.532591820 2.273271799 -0.076803766 -0.033864170 -0.029044643 0.996047616
1341839857.561886 0.269899130 -2.553251505 2.284070015 -0.079521798 -0.033742201 -0.025573868 0.995933592
1341839857.594054 0.270391226 -2.548126221 2.286788940 -0.073077120 -0.036416501 -0.026582198 0.996306658
1341839857.629788 0.285520017 -2.562856436 2.293087959 -0.074747331 -0.037482440 -0.025931098 0.996160388
1341839857.661962 0.316998959 -2.597157955 2.316488266 -0.079605512 -0.037634470 -0.022447325 0.995862782
1341839857.697990 0.272841841 -2.578062773 2.306671381 -0.069147468 -0.025231389 -0.023961335 0.996999443
1341839857.729964 0.274449825 -2.582760334 2.309426308 -0.067926586 -0.027628707 -0.022638330 0.997050703
1341839857.762022 0.305335790 -2.616473675 2.335671186 -0.073778749 -0.032219455 -0.019525789 0.996562779
1341839857.798680 0.275136888 -2.637910604 2.334171772 -0.071003564 -0.017669404 -0.021244382 0.997093260
1341839857.829963 0.297615498 -2.591604710 2.330627203 -0.056783944 -0.017836872 -0.016089026 0.998097479
1341839857.865820 0.291757286 -2.611648798 2.338072300 -0.061684523 -0.016728941 -0.017275926 0.997805953
1341839857.897849 0.299593359 -2.650248766 2.351378441 -0.068480819 -0.019904489 -0.011350829 0.997389257
1341839857.929959 0.277063787 -2.656043053 2.365093708 -0.066061139 -0.018849153 -0.009488917 0.997592390
1341839857.965946 0.326467454 -2.658510923 2.379937887 -0.062483452 -0.030100666 -0.005842834 0.997574866
1341839857.997930 0.331497580 -2.642114878 2.376887083 -0.054719768 -0.027858900 -0.003794185 0.998105824
1341839858.030063 0.328604698 -2.661219597 2.386888742 -0.056833822 -0.024674961 -0.003529099 0.998072445
1341839858.065790 0.326380789 -2.688233376 2.405960560 -0.057547964 -0.021523204 -0.004039543 0.998102546
1341839858.097903 0.358751953 -2.642663717 2.393333435 -0.043460261 -0.025120988 -0.000427159 0.998739183
1341839858.134029 0.335619688 -2.680082083 2.400394917 -0.051768389 -0.018009420 -0.002864774 0.998492599
1341839858.198009 0.327582121 -2.704213142 2.422462702 -0.048383888 -0.021606442 0.004614113 0.998584449
1341839858.233911 0.333688915 -2.759149551 2.427071810 -0.056862388 -0.019832458 -0.001604102 0.998183727
1341839858.265831 0.313002199 -2.736426830 2.428735018 -0.046637490 -0.009482846 -0.002660571 0.998863339
1341839858.297894 0.332770109 -2.731326342 2.436203480 -0.044039425 -0.013830600 0.006453362 0.998913229
1341839858.334040 0.326632082 -2.748850584 2.457002640 -0.044447415 -0.015027005 0.007682510 0.998869181
1341839858.365902 0.323056400 -2.751050949 2.463157177 -0.041260537 -0.015726577 0.012491884 0.998946548
1341839858.401915 0.343186021 -2.755629539 2.466597319 -0.039826494 -0.021584215 0.017100679 0.998827100
1341839858.433884 0.403976500 -2.750606060 2.480492115 -0.035024181 -0.033074643 0.020458207 0.998629451
1341839858.465923 0.337954283 -2.761967182 2.460276842 -0.035715416 -0.013911429 0.009890635 0.999216199
1341839858.501898 0.357088149 -2.783507824 2.469408989 -0.041396722 -0.016633095 0.015268416 0.998887658
1341839858.533842 0.315996796 -2.807189226 2.491521597 -0.043158162 -0.010873173 0.014572587 0.998902798
1341839858.565881 0.362790972 -2.787595272 2.489083767 -0.037139043 -0.022394763 0.018985197 0.998878717
1341839858.601865 0.381008536 -2.774467468 2.488754272 -0.036214232 -0.024272174 0.017085230 0.998903155
1341839858.633984 0.362358063 -2.819128275 2.511513233 -0.045938585 -0.017181594 0.020264851 0.998590887
1341839858.669940 0.394479394 -2.822241783 2.512280464 -0.040415786 -0.023949655 0.025878256 0.998560607
1341839858.702025 0.415554613 -2.794269800 2.505309820 -0.034548793 -0.026814232 0.027818756 0.998655856
1341839858.733908 0.408817559 -2.816205740 2.515116453 -0.039199710 -0.023885984 0.027454229 0.998568535
1341839858.769859 0.400494874 -2.837515116 2.520761728 -0.038667832 -0.022268403 0.028660232 0.998592794
1341839858.801885 0.430278599 -2.810445070 2.527844906 -0.031976823 -0.028835580 0.031471737 0.998576760
1341839858.833866 0.446947813 -2.828671932 2.540470839 -0.036035914 -0.030088129 0.029663125 0.998456895
1341839858.869844 0.435193717 -2.864329100 2.540776968 -0.040377848 -0.024755126 0.031056438 0.998394847
1341839858.901863 0.404832482 -2.845616579 2.550147295 -0.035351016 -0.020205624 0.032205369 0.998651505
1341839858.937959 0.424177229 -2.861438274 2.562323332 -0.037765991 -0.026589140 0.034578331 0.998334169
1341839858.969922 0.443924785 -2.854075193 2.567080498 -0.034321010 -0.031998783 0.031453293 0.998403132
1341839859.001906 0.465092540 -2.872274637 2.570835114 -0.039166652 -0.033824880 0.033309747 0.998104334
1341839859.037871 0.457670212 -2.912400246 2.582698345 -0.044418089 -0.029607981 0.029567134 0.998136342
1341839859.069857 0.441657722 -2.871948481 2.606040716 -0.033663716 -0.023373354 0.028328273 0.998758197
1341839859.105853 0.449183941 -2.906717539 2.600782871 -0.038410656 -0.022560004 0.028268119 0.998607337
1341839859.137820 0.461498469 -2.929402351 2.609247446 -0.039268874 -0.021774385 0.029045740 0.998569071
1341839859.169829 0.451318800 -2.932556629 2.616555929 -0.036139805 -0.018334659 0.029139359 0.998753548
1341839859.205812 0.453348070 -2.934761763 2.619569063 -0.034047756 -0.018792441 0.030277882 0.998784661
1341839859.237948 0.444162756 -2.953914165 2.626184702 -0.036181949 -0.018584248 0.032779068 0.998634577
1341839859.269941 0.463429868 -2.967924833 2.633143425 -0.035912976 -0.025931995 0.029270986 0.998589516
1341839859.305936 0.509028316 -2.998126984 2.637818575 -0.038246091 -0.032344442 0.022280613 0.998496175
1341839859.338106 0.533422351 -2.990496397 2.636761665 -0.036598478 -0.026717171 0.018331273 0.998804629
1341839859.373933 0.501227617 -2.915023327 2.699741125 -0.021449603 -0.015537404 0.019429253 0.999460340
1341839859.405964 0.458551735 -2.974934578 2.648731470 -0.028656134 -0.005285392 0.017524125 0.999421716
1341839859.437999 0.444150120 -3.068412304 2.629318714 -0.046154749 -0.007354616 0.016248206 0.998775065
1341839859.473899 0.469558895 -3.118850708 2.624390602 -0.057528540 -0.015731454 0.013933521 0.998122633
1341839859.505881 0.483164042 -3.117391348 2.623378038 -0.055803631 -0.020797485 0.011651254 0.998157144
1341839859.537923 0.509545922 -3.147213221 2.622127295 -0.061924502 -0.024918407 0.011367464 0.997704983
1341839859.573971 0.489060581 -3.187447786 2.655550718 -0.066860430 -0.021760348 0.008328734 0.997490287
1341839859.606042 0.484553844 -3.164212704 2.657148838 -0.060314681 -0.020843588 0.009774256 0.997913897
1341839859.641861 0.474993050 -3.143861055 2.670950413 -0.058753259 -0.021938182 0.009914660 0.997982204
1341839859.673839 0.504042268 -3.220029831 2.675489187 -0.071075849 -0.028022770 0.008265634 0.997042954
1341839859.706001 0.539830744 -3.141035795 2.705044508 -0.050964981 -0.032354735 0.012378590 0.998099446
1341839859.741952 0.572301269 -3.141284466 2.721485615 -0.048071079 -0.034798108 0.009781811 0.998189628
1341839859.774014 0.533878028 -3.099703789 2.731088638 -0.041358467 -0.023729835 0.009085785 0.998821259
1341839859.805853 0.583050370 -3.126210213 2.699246645 -0.049157191 -0.025064768 0.005812744 0.998459578
1341839859.842082 0.636893034 -2.982812405 2.767718077 -0.024210403 -0.040748309 0.006922255 0.998852074
1341839859.910357 0.716268778 -2.912224293 2.803686857 -0.008233128 -0.055078745 0.009122094 0.998406410
1341839859.941846 0.629218400 -3.096961498 2.751997948 -0.042204682 -0.041301899 0.011836318 0.998184800
1341839859.974055 0.643055797 -3.035701036 2.763871193 -0.024257258 -0.041800778 0.011538832 0.998764813
1341839860.010232 0.645084679 -3.064560890 2.770789146 -0.031938314 -0.038240302 0.010102859 0.998706937
1341839860.041967 0.593570352 -3.146635294 2.756455421 -0.051728956 -0.033300135 0.010892509 0.998046398
1341839860.077894 0.583219647 -3.174771786 2.735887527 -0.054546699 -0.036292538 0.014392063 0.997747660
1341839860.109987 0.562907040 -3.197233200 2.750861883 -0.055982303 -0.036941703 0.012936801 0.997664213
1341839860.141917 0.542197943 -3.234107018 2.735373735 -0.064544111 -0.033288885 0.009932999 0.997309983
1341839860.177902 0.571830630 -3.223183155 2.757186890 -0.062519535 -0.034395669 0.006432455 0.997430146
1341839860.209829 0.578220248 -3.193839550 2.770031214 -0.057200488 -0.035190333 0.005316739 0.997728169
1341839860.242114 0.580751538 -3.177367449 2.778791904 -0.052962519 -0.038665075 0.005047830 0.997834921
1341839860.278013 0.586089849 -3.174239635 2.768627882 -0.052745141 -0.042274117 0.005412576 0.997698128
1341839860.310067 0.597779512 -3.160190821 2.792425871 -0.050849792 -0.044481598 0.003808527 0.997707963
1341839860.345859 0.585330307 -3.175540686 2.789577484 -0.053679701 -0.042543173 0.002092780 0.997649312
1341839860.378795 0.589930058 -3.168168783 2.774906397 -0.052992679 -0.043338038 0.003008090 0.997649550
1341839860.446011 0.569064975 -3.206530333 2.780406952 -0.061526548 -0.042047389 0.002314548 0.997216702
1341839860.477890 0.613038540 -3.154693604 2.821428061 -0.050484009 -0.050728127 -0.001470199 0.997434616
1341839860.545831 0.574336648 -3.206383228 2.800941944 -0.062235858 -0.044499174 -0.000426509 0.997068882
1341839860.577976 0.592888355 -3.164071560 2.814225435 -0.051782344 -0.046921581 -0.000707344 0.997555256
1341839860.614165 0.579763472 -3.149984360 2.821090221 -0.047969904 -0.043662403 -0.000622992 0.997893810
1341839860.645895 0.605950356 -3.153289080 2.802971601 -0.051442046 -0.046853192 -0.002480848 0.997573197
1341839860.678150 0.593635440 -3.191638947 2.805429459 -0.054989945 -0.045204353 -0.002902729 0.997458875
1341839860.713931 0.548146069 -3.202720165 2.787368298 -0.054210372 -0.037968427 -0.002545618 0.997804165
1341839860.745925 0.567813337 -3.183537960 2.781962395 -0.054235052 -0.039328925 -0.001807184 0.997751713
1341839860.777879 0.545435429 -3.238005877 2.769698143 -0.063241199 -0.036100402 -0.002822451 0.997341096
1341839860.813880 0.609055996 -3.151983261 2.771521568 -0.044443630 -0.044445343 -0.003928405 0.998014987
1341839860.881962 0.548391461 -3.237958908 2.770326376 -0.060143661 -0.035085641 -0.002687275 0.997569323
1341839860.913833 0.547386289 -3.216290474 2.738528252 -0.054578874 -0.031926457 -0.002669291 0.997995317
1341839860.945899 0.531602681 -3.200862169 2.744623184 -0.053756762 -0.028899128 -0.002662833 0.998132229
1341839860.981862 0.512538433 -3.244764566 2.742817402 -0.062817000 -0.028243681 -0.002900933 0.997621119
1341839861.014122 0.524970651 -3.244545698 2.728913784 -0.060044240 -0.031115456 0.000493509 0.997710526
1341839861.045923 0.547639608 -3.208682299 2.737782717 -0.054024309 -0.034745768 0.000791881 0.997934580
1341839861.082003 0.604169428 -3.156912565 2.750788450 -0.047022369 -0.043154061 -0.001419125 0.997960210
