0.000000 0.000000000 0.000000000 0.000000000 0.000000000 0.000000000 0.000000000 1.000000000
1.000000 0.000029484 0.001485928 0.001865854 0.000119244 -0.000569819 0.000078907 0.999999821
2.000000 -0.001053850 -0.000832021 0.000543872 0.000422037 -0.001145914 0.000582083 0.999999106
3.000000 -0.000792622 -0.000342475 0.000397799 0.001053418 -0.002416991 0.000235820 0.999996483
4.000000 -0.001426611 -0.000199712 0.000460021 0.001090869 -0.002344925 -0.000016236 0.999996662
5.000000 -0.001950959 -0.001550527 0.000771392 0.001148989 -0.002657583 -0.000071622 0.999995828
6.000000 -0.002322600 -0.001899874 0.001945687 0.000858814 -0.002670094 0.000089126 0.999996066
7.000000 -0.000922966 -0.000099596 0.000616793 0.001135846 -0.002918386 0.000151407 0.999995112
8.000000 -0.003152000 -0.000708515 0.000112550 0.000939289 -0.002717175 -0.000123819 0.999995887
9.000000 -0.002284269 -0.001360146 0.002275024 0.000682608 -0.003064123 -0.000336590 0.999994993
10.000000 -0.001713430 -0.000988590 0.000786686 0.000755650 -0.003404036 -0.000735109 0.999993622
11.000000 -0.002624822 0.000114328 0.000041996 0.000553686 -0.003343654 -0.001533658 0.999993086
12.000000 -0.005034811 0.000194485 0.001810004 0.000250212 -0.002494190 -0.002175993 0.999994516
13.000000 -0.002747834 -0.001249985 0.002398842 -0.000400001 -0.002805112 -0.002409989 0.999993086
14.000000 -0.009283695 -0.004021470 0.004162032 -0.000310401 -0.001904070 -0.002574504 0.999994814
15.000000 -0.010930518 -0.001916907 0.003703583 0.000381215 -0.001713110 -0.002536541 0.999995232
16.000000 -0.012153053 -0.002321051 0.000619570 -0.000357536 -0.001009157 -0.003108807 0.999994576
17.000000 -0.011079855 0.002698552 0.000658847 -0.000864155 -0.000534398 -0.003218123 0.999994278
18.000000 -0.013301509 0.003591957 0.000622303 -0.001818252 0.000046753 -0.003208958 0.999993205
19.000000 -0.015523221 0.004485257 0.000586653 -0.002772347 0.000627905 -0.003199789 0.999990821
20.000000 -0.017744988 0.005378454 0.000551898 -0.003726438 0.001209056 -0.003190616 0.999987245
21.000000 -0.019966811 0.006271550 0.000518038 -0.004680525 0.001790205 -0.003181439 0.999982357
22.000000 -0.022188688 0.007164546 0.000485073 -0.005634606 0.002371352 -0.003172257 0.999976277
23.000000 -0.024410611 0.008057444 0.000453004 -0.006588679 0.002952496 -0.003163072 0.999968946
24.000000 -0.026632583 0.008950244 0.000421831 -0.007542745 0.003533637 -0.003153883 0.999960303
25.000000 -0.028854603 0.009842950 0.000391554 -0.008496801 0.004114773 -0.003144690 0.999950469
26.000000 -0.031076675 0.010735563 0.000362173 -0.009450846 0.004695904 -0.003135493 0.999939382
27.000000 -0.033298794 0.011628086 0.000333688 -0.010404879 0.005277030 -0.003126292 0.999927044
28.000000 -0.035520956 0.012520521 0.000306101 -0.011358900 0.005858148 -0.003117087 0.999913454
29.000000 -0.037743170 0.013412865 0.000279410 -0.012312907 0.006439260 -0.003107878 0.999898612
30.000000 -0.039965428 0.014305123 0.000253617 -0.013266898 0.007020363 -0.003098666 0.999882519
31.000000 -0.042187732 0.015197298 0.000228720 -0.014220872 0.007601458 -0.003089449 0.999865234
32.000000 -0.044410080 0.016089391 0.000204722 -0.015174828 0.008182543 -0.003080229 0.999846637
33.000000 -0.046632469 0.016981404 0.000181621 -0.016128767 0.008763620 -0.003071005 0.999826789
34.000000 -0.048854895 0.017873339 0.000159419 -0.017082684 0.009344684 -0.003061778 0.999805748
35.000000 -0.051077355 0.018765192 0.000138115 -0.018036580 0.009925737 -0.003052546 0.999783397
36.000000 -0.053299844 0.019656969 0.000117709 -0.018990453 0.010506777 -0.003043311 0.999759853
37.000000 -0.055522375 0.020548671 0.000098202 -0.019944305 0.011087804 -0.003034072 0.999734998
38.000000 -0.057744939 0.021440301 0.000079593 -0.020898132 0.011668818 -0.003024829 0.999708951
39.000000 -0.059967548 0.022331860 0.000061884 -0.021851933 0.012249817 -0.003015583 0.999681592
40.000000 -0.062190190 0.023223346 0.000045074 -0.022805708 0.012830800 -0.003006332 0.999653041
41.000000 -0.064412855 0.024114762 0.000029163 -0.023759451 0.013411768 -0.002997078 0.999623239
42.000000 -0.066635557 0.025006110 0.000014152 -0.024713164 0.013992720 -0.002987820 0.999592185
43.000000 -0.068858281 0.025897393 0.000000040 -0.025666846 0.014573655 -0.002978558 0.999559879
44.000000 -0.071081020 0.026788615 -0.000013172 -0.026620496 0.015154571 -0.002969292 0.999526322
45.000000 -0.073303796 0.027679777 -0.000025483 -0.027574113 0.015735470 -0.002960023 0.999491513
46.000000 -0.075526617 0.028570879 -0.000036895 -0.028527694 0.016316347 -0.002950751 0.999455452
47.000000 -0.077749453 0.029461930 -0.000047407 -0.029481240 0.016897203 -0.002941474 0.999418199
48.000000 -0.079972312 0.030352924 -0.000057019 -0.030434750 0.017478038 -0.002932194 0.999379635
49.000000 -0.082195185 0.031243864 -0.000065731 -0.031388219 0.018058849 -0.002922910 0.999339819
50.000000 -0.084418096 0.032134749 -0.000073542 -0.032341652 0.018639641 -0.002913622 0.999298811
51.000000 -0.086641021 0.033025581 -0.000080453 -0.033295043 0.019220404 -0.002904331 0.999256492
52.000000 -0.088863984 0.033916365 -0.000086462 -0.034248393 0.019801147 -0.002895036 0.999212980
53.000000 -0.091086961 0.034807108 -0.000091570 -0.035201702 0.020381862 -0.002885737 0.999168217
54.000000 -0.093309976 0.035697814 -0.000095778 -0.036154963 0.020962553 -0.002876435 0.999122202
55.000000 -0.095532998 0.036588475 -0.000099085 -0.037108187 0.021543220 -0.002867129 0.999074876
56.000000 -0.097756043 0.037479095 -0.000101490 -0.038061365 0.022123858 -0.002857820 0.999026358
57.000000 -0.099979103 0.038369667 -0.000102993 -0.039014492 0.022704471 -0.002848507 0.998976588
58.000000 -0.102202177 0.039260197 -0.000103596 -0.039967570 0.023285054 -0.002839191 0.998925567
59.000000 -0.104425251 0.040150702 -0.000103298 -0.040920604 0.023865605 -0.002829871 0.998873353
60.000000 -0.106648341 0.041041166 -0.000102096 -0.041873585 0.024446126 -0.002820548 0.998819828
61.000000 -0.108871438 0.041931596 -0.000099993 -0.042826515 0.025026619 -0.002811221 0.998765051
62.000000 -0.111094549 0.042822000 -0.000096990 -0.043779396 0.025607081 -0.002801890 0.998709083
63.000000 -0.113317668 0.043712374 -0.000093085 -0.044732217 0.026187509 -0.002792556 0.998651803
64.000000 -0.115540795 0.044602718 -0.000088277 -0.045684982 0.026767906 -0.002783218 0.998593330
65.000000 -0.117763937 0.045493033 -0.000082566 -0.046637692 0.027348269 -0.002773877 0.998533547
66.000000 -0.119987085 0.046383329 -0.000075953 -0.047590341 0.027928600 -0.002764533 0.998472571
67.000000 -0.122210220 0.047273602 -0.000068438 -0.048542928 0.028508894 -0.002755185 0.998410344
68.000000 -0.124433368 0.048163857 -0.000060020 -0.049495455 0.029089157 -0.002745834 0.998346865
69.000000 -0.126656502 0.049054086 -0.000050700 -0.050447918 0.029669380 -0.002736480 0.998282135
70.000000 -0.128879651 0.049944300 -0.000040477 -0.051400315 0.030249568 -0.002727122 0.998216152
71.000000 -0.131102800 0.050834499 -0.000029350 -0.052352648 0.030829718 -0.002717760 0.998148978
72.000000 -0.133325934 0.051724687 -0.000017324 -0.053304918 0.031409830 -0.002708394 0.998080492
73.000000 -0.135549098 0.052614864 -0.000004396 -0.054257117 0.031989902 -0.002699025 0.998010814
74.000000 -0.137772277 0.053505030 0.000009434 -0.055209249 0.032569930 -0.002689653 0.997939825
75.000000 -0.139995456 0.054395188 0.000024167 -0.056161311 0.033149917 -0.002680278 0.997867644
76.000000 -0.142218634 0.055285327 0.000039803 -0.057113297 0.033729862 -0.002670899 0.997794211
77.000000 -0.144441783 0.056175467 0.000056342 -0.058065217 0.034309771 -0.002661518 0.997719467
78.000000 -0.146664917 0.057065610 0.000073785 -0.059017066 0.034889638 -0.002652132 0.997643530
79.000000 -0.066175744 -0.038297802 -0.033421308 -0.068701446 0.024895761 0.016792851 0.997185171
80.000000 -0.151268721 0.058921713 0.002460509 -0.057872839 0.038466103 -0.001856213 0.997580886
81.000000 -0.054326266 -0.041770156 -0.021069542 -0.068340905 0.031427357 0.017597789 0.997011602
82.000000 -0.095695123 -0.039671920 -0.040425491 -0.067078345 0.038220722 0.018124552 0.996850669
83.000000 -0.107611947 -0.040925849 -0.042273343 -0.067405425 0.043031447 0.018139565 0.996632218
84.000000 -0.126195177 -0.045123383 -0.045908719 -0.068699196 0.049298033 0.017921431 0.996257484
85.000000 -0.142116442 -0.043067642 -0.043609269 -0.068904616 0.056004267 0.018378744 0.995880485
86.000000 -0.151349738 -0.042862222 -0.045053400 -0.069578640 0.059715431 0.019991778 0.995586872
87.000000 -0.163298354 -0.045695879 -0.052412033 -0.070666119 0.063460447 0.021305561 0.995251298
88.000000 -0.172009796 -0.042578027 -0.051628396 -0.070859507 0.066691890 0.022809681 0.994992912
89.000000 -0.184364349 -0.047058340 -0.054411400 -0.071751676 0.070255771 0.024010416 0.994655371
90.000000 -0.197088942 -0.046314232 -0.054907631 -0.072922535 0.074009687 0.025181230 0.994268954
91.000000 -0.216545194 -0.047478631 -0.053630281 -0.074322604 0.078706235 0.025256861 0.993802607
92.000000 -0.218872696 -0.046300799 -0.059642568 -0.074011110 0.080423102 0.025611943 0.993679285
93.000000 -0.227801278 -0.046323039 -0.060410488 -0.074606515 0.083076045 0.025564702 0.993417680
94.000000 -0.243582636 -0.046525672 -0.058481082 -0.075607136 0.086436763 0.025901530 0.993046522
95.000000 -0.250220597 -0.048056122 -0.061210897 -0.075708754 0.089144267 0.026269447 0.992789745
96.000000 -0.258121550 -0.050656334 -0.062186264 -0.076437801 0.091025643 0.025935918 0.992571890
97.000000 -0.271421075 -0.042939216 -0.059677605 -0.077133097 0.094901562 0.025832646 0.992157698
98.000000 -0.278819829 -0.044745333 -0.057498980 -0.078239985 0.096807867 0.025712326 0.991889954
99.000000 -0.286658198 -0.044741988 -0.055791527 -0.078265890 0.099000573 0.025472520 0.991677582
100.000000 -0.300606996 -0.037718929 -0.049278796 -0.077615492 0.102461748 0.024084365 0.991411805
101.000000 -0.305622160 -0.036411174 -0.051025793 -0.077840574 0.103353016 0.023391213 0.991318226
102.000000 -0.324935496 -0.033093039 -0.041134790 -0.078204893 0.107989207 0.022708325 0.990811110
103.000000 -0.333113372 -0.033237550 -0.035587452 -0.078539759 0.111367226 0.023049127 0.990402758
104.000000 -0.335011125 -0.037500441 -0.035796545 -0.080211148 0.113360554 0.023617052 0.990029216
105.000000 -0.338602334 -0.032202676 -0.028327823 -0.079814516 0.115866356 0.023691265 0.989769340
106.000000 -0.342318118 -0.033195980 -0.034625791 -0.079368398 0.117250845 0.024965623 0.989610851
107.000000 -0.364826500 -0.032676294 -0.029762626 -0.080332875 0.121621229 0.023753284 0.989035249
108.000000 -0.362534642 -0.037700556 -0.029107854 -0.082193069 0.123293228 0.024092199 0.988667130
109.000000 -0.375190437 -0.030129883 -0.020416006 -0.082230419 0.127969921 0.023897480 0.988074303
110.000000 -0.376782000 -0.027067430 -0.014009215 -0.083333671 0.130901203 0.024507010 0.987582803
111.000000 -0.386120200 -0.038399205 -0.012401864 -0.086337708 0.135302767 0.024959343 0.986719847
112.000000 -0.397830397 -0.028776921 -0.009427577 -0.086156249 0.139497906 0.025237801 0.986144245
113.000000 -0.407948077 -0.031524986 0.001006365 -0.087991916 0.144508332 0.025578532 0.985251486
114.000000 -0.409355938 -0.026132517 0.001762941 -0.089118659 0.147584707 0.025153564 0.984705031
115.000000 -0.417926311 -0.024513898 0.011249676 -0.090422727 0.152200088 0.026018590 0.983860731
116.000000 -0.418193221 -0.024701480 0.023801297 -0.091428474 0.155454487 0.024241824 0.983304143
117.000000 -0.436370343 -0.024451334 0.024392277 -0.089562565 0.159749091 0.025869286 0.982745945
118.000000 -0.443904608 -0.024406265 0.028825313 -0.090102382 0.163325176 0.024970165 0.982131839
119.000000 -0.455847561 -0.026378419 0.035138443 -0.091029830 0.167568743 0.024017641 0.981354892
120.000000 -0.468783647 -0.023263143 0.052186638 -0.091256924 0.172048166 0.023127362 0.980579793
121.000000 -0.472717911 -0.027600914 0.051813841 -0.093198352 0.174361035 0.022056406 0.980013192
122.000000 -0.474498510 -0.024347819 0.060936727 -0.092802607 0.176738679 0.021972261 0.979626596
123.000000 -0.489700973 -0.027026281 0.072602116 -0.091680408 0.181644797 0.021686850 0.978840947
124.000000 -0.496772766 -0.028090253 0.077987857 -0.091169044 0.185698837 0.021858117 0.978123903
125.000000 -0.498138934 -0.024887465 0.083481126 -0.090274714 0.188087538 0.021951944 0.977748275
126.000000 -0.513594687 -0.023339188 0.098425686 -0.089989752 0.193643898 0.021007946 0.976710081
127.000000 -0.522930682 -0.020070285 0.104677081 -0.089688256 0.197971031 0.019941824 0.975892305
128.000000 -0.529313505 -0.022464601 0.109367087 -0.090669207 0.201388821 0.019331349 0.975114286
129.000000 -0.539551973 -0.024708446 0.123275816 -0.091425665 0.206017941 0.020243553 0.974057555
130.000000 -0.545646787 -0.021599276 0.125834793 -0.091623887 0.209763542 0.020215645 0.973239779
131.000000 -0.545667529 -0.020735491 0.126862273 -0.091943055 0.213448778 0.020909851 0.972393394
132.000000 -0.572038472 -0.009959945 0.144907892 -0.090966940 0.221144319 0.019314075 0.970797181
133.000000 -0.585462689 -0.010804985 0.160749406 -0.091735467 0.228547648 0.019228108 0.969010234
134.000000 -0.591947973 -0.007924749 0.160086155 -0.091228284 0.233527854 0.018692663 0.967880547
135.000000 -0.595012367 -0.005745389 0.174458191 -0.090176061 0.238639042 0.020459061 0.966695964
136.000000 -0.605267704 -0.005567620 0.181328744 -0.089901380 0.242833719 0.021191800 0.965660632
137.000000 -0.612614036 -0.005281718 0.183252290 -0.089404918 0.247504011 0.022018859 0.964501798
138.000000 -0.617813110 -0.000400728 0.188065320 -0.089568615 0.252641112 0.022492422 0.963142812
139.000000 -0.632359147 -0.000398438 0.200724155 -0.091137193 0.259779811 0.023534108 0.961069524
140.000000 -0.647168219 -0.000105601 0.208275035 -0.092842773 0.266192973 0.023612527 0.959147513
141.000000 -0.659535408 0.000646602 0.220765188 -0.093830906 0.272624552 0.024166815 0.957229137
142.000000 -0.664017916 0.007253770 0.228635862 -0.094305940 0.276573330 0.023959285 0.956054151
143.000000 -0.673774838 0.005986512 0.235542312 -0.094108872 0.281690121 0.024766771 0.954557896
144.000000 -0.679918885 0.007908929 0.240468696 -0.093060791 0.285717130 0.025113955 0.953454077
145.000000 -0.693437457 -0.000109289 0.249616966 -0.093494438 0.291420192 0.026176991 0.951655328
146.000000 -0.710346162 0.004202358 0.269497752 -0.093115933 0.299113184 0.025081849 0.949332178
147.000000 -0.708521128 0.006268293 0.268759221 -0.093485504 0.302159429 0.024725338 0.948340058
148.000000 -0.716150880 0.005075853 0.280131638 -0.094335116 0.307134897 0.024545057 0.946660757
149.000000 -0.723896384 0.010673989 0.288911104 -0.094124772 0.311553806 0.023760581 0.945256710
150.000000 -0.725925684 0.010756318 0.298468590 -0.095305718 0.315161228 0.023341108 0.943952024
151.000000 -0.730923533 0.013004825 0.309521973 -0.095630124 0.319552571 0.022917684 0.942452013
152.000000 -0.737130046 0.017097574 0.318188161 -0.095445186 0.323704153 0.022484858 0.941063344
153.000000 -0.742530048 0.016174700 0.328555286 -0.096577823 0.327781409 0.023429507 0.939512193
154.000000 -0.745110989 0.019880444 0.331956744 -0.097014286 0.330831587 0.024912989 0.938359261
155.000000 -0.754176199 0.021793760 0.346584678 -0.098195918 0.335918188 0.025946513 0.936399102
156.000000 -0.765752316 0.019577578 0.360232711 -0.098943792 0.341834426 0.027220082 0.934140444
157.000000 -0.770291686 0.025601607 0.376191735 -0.098468453 0.346908033 0.027959546 0.932296634
158.000000 -0.774084389 0.025541667 0.383184135 -0.098647647 0.351410806 0.028860299 0.930562317
159.000000 -0.779515743 0.024651922 0.398556828 -0.099173494 0.356821209 0.029664155 0.928419769
160.000000 -0.781775892 0.027117770 0.406580627 -0.098161057 0.361165136 0.029496185 0.926851749
161.000000 -0.785262108 0.030245971 0.417818308 -0.097738929 0.366555780 0.028540909 0.924807787
162.000000 -0.788599372 0.035109736 0.431892097 -0.097719207 0.372063190 0.027218303 0.922647893
163.000000 -0.792132139 0.027861342 0.446307391 -0.098844610 0.377325386 0.027120071 0.920391083
164.000000 -0.794450581 0.031491917 0.463631094 -0.098050497 0.381988317 0.025824390 0.918588102
165.000000 -0.797681212 0.035620041 0.476694703 -0.097361453 0.386201113 0.023205345 0.916968346
166.000000 -0.798360586 0.033438575 0.483235180 -0.097096369 0.388532460 0.021916006 0.916042864
167.000000 -0.802494287 0.034267716 0.496632695 -0.095819637 0.391894102 0.020475943 0.914777756
168.000000 -0.804875255 0.040908985 0.509958267 -0.095176876 0.394832313 0.019248785 0.913607299
169.000000 -0.808893859 0.045312427 0.528160572 -0.096136190 0.399048150 0.018853685 0.911681354
170.000000 -0.813812673 0.041115142 0.542762637 -0.097411998 0.402899444 0.019094933 0.909845233
171.000000 -0.816837668 0.041193813 0.556676745 -0.096975543 0.406034768 0.018952740 0.908500016
172.000000 -0.820867360 0.041414417 0.569440782 -0.096510977 0.408676296 0.018798409 0.907367587
173.000000 -0.824420452 0.040932022 0.581957400 -0.095820770 0.410798579 0.018762190 0.906482697
174.000000 -0.824859619 0.043497298 0.591749191 -0.094463415 0.411874235 0.018897906 0.906134188
175.000000 -0.830994725 0.046878926 0.607531786 -0.093814410 0.412869126 0.017946128 0.905768156
176.000000 -0.833087742 0.049575947 0.614088655 -0.093956947 0.412638515 0.016765118 0.905881047
177.000000 -0.832727969 0.048726127 0.619500577 -0.096489578 0.412884891 0.016347893 0.905510128
178.000000 -0.835339367 0.051548626 0.640793204 -0.099043213 0.415767789 0.015628396 0.903926611
179.000000 -0.836545110 0.051496428 0.655685484 -0.100050747 0.418096095 0.015332136 0.902746081
180.000000 -0.836547017 0.052567672 0.666248560 -0.100187667 0.420174181 0.014638499 0.901777029
181.000000 -0.840531766 0.057812829 0.680888414 -0.099915370 0.423611283 0.013363304 0.900217593
182.000000 -0.849869668 0.055692360 0.693233788 -0.100575112 0.426241368 0.012883849 0.898908734
183.000000 -0.849357903 0.058464438 0.703831613 -0.101092063 0.428258002 0.012519970 0.897896826
184.000000 -0.851781547 0.062688574 0.719454467 -0.101863697 0.431802064 0.011883902 0.896119177
185.000000 -0.854842842 0.065982401 0.736291051 -0.102669790 0.435929179 0.011712776 0.894028783
186.000000 -0.850555062 0.070761666 0.752119839 -0.104241192 0.440608799 0.011287253 0.891554952
187.000000 -0.850631237 0.067519553 0.767833352 -0.105828524 0.445355028 0.011687362 0.889000893
188.000000 -0.853338122 0.067044146 0.787792087 -0.105261579 0.450876564 0.011037336 0.886289179
189.000000 -0.854196966 0.075367175 0.802873015 -0.103143953 0.455431670 0.009409887 0.884225547
190.000000 -0.855798304 0.081972666 0.817493677 -0.102299638 0.460331947 0.009173213 0.881785214
191.000000 -0.855271161 0.075079456 0.832871974 -0.102199078 0.464781195 0.009317182 0.879458368
192.000000 -0.867333412 0.076184615 0.857195616 -0.098794542 0.471373945 0.007729578 0.876348436
193.000000 -0.868914485 0.081612550 0.872170627 -0.097421214 0.476139933 0.006512458 0.873932183
194.000000 -0.862363994 0.087094814 0.883512139 -0.099016607 0.480133623 0.005663075 0.871570647
195.000000 -0.867032290 0.088551126 0.899740219 -0.101112746 0.484988511 0.006009055 0.868634641
196.000000 -0.870970011 0.085891068 0.914340138 -0.102264225 0.490218967 0.006478131 0.865554929
197.000000 -0.872784853 0.084058851 0.932543874 -0.102028012 0.495809078 0.007130148 0.862387836
198.000000 -0.874300122 0.091176346 0.948862910 -0.099170648 0.500867307 0.006683942 0.859797895
199.000000 -0.875983953 0.090478063 0.957570493 -0.097765155 0.504878998 0.008290796 0.857595742
200.000000 -0.880469441 0.094436280 0.979667306 -0.097812556 0.510789037 0.008374912 0.854082584
201.000000 -0.878432274 0.097890794 0.984022141 -0.097285151 0.513882637 0.008996771 0.852278888
202.000000 -0.880739093 0.098388784 1.006459236 -0.097606339 0.519192755 0.009372354 0.849013567
203.000000 -0.880813837 0.098570988 1.018474340 -0.097260438 0.522793889 0.009380644 0.846840560
204.000000 -0.886775255 0.103157245 1.044936419 -0.097827084 0.527629733 0.007697979 0.843787551
205.000000 -0.885806978 0.103184864 1.056243062 -0.099171214 0.529874086 0.008032524 0.842219651
206.000000 -0.883758307 0.104984134 1.071511745 -0.100142561 0.532509685 0.007907475 0.840441763
207.000000 -0.881674647 0.106763795 1.087143183 -0.099610999 0.535077274 0.008171366 0.838870227
208.000000 -0.880164027 0.107250117 1.101368546 -0.099002972 0.537644565 0.006968474 0.837310076
209.000000 -0.879396081 0.104027517 1.119577408 -0.098827712 0.541592658 0.005390498 0.834794283
210.000000 -0.873911142 0.108071305 1.127852082 -0.097349122 0.544149458 0.003774748 0.833312809
211.000000 -0.869754553 0.115455776 1.144192696 -0.096729092 0.547554672 0.002004218 0.831157863
212.000000 -0.868866801 0.110279091 1.155385375 -0.095981598 0.550165057 -0.000000319 0.829521537
213.000000 -0.861868203 0.111339509 1.168519974 -0.093583554 0.552494109 -0.002276786 0.828243434
214.000000 -0.852387369 0.112080932 1.171875715 -0.091208659 0.553284407 -0.003216675 0.827977657
215.000000 -0.847255528 0.112917975 1.191628814 -0.089419723 0.556671560 -0.002506100 0.825902283
216.000000 -0.841182292 0.112740770 1.213390589 -0.086467221 0.559588790 -0.004373993 0.824235797
217.000000 -0.835492969 0.118361592 1.228581190 -0.083497308 0.561941147 -0.006963076 0.822922766
218.000000 -0.826996922 0.108421400 1.240980029 -0.083086938 0.564071238 -0.006950501 0.821505845
219.000000 -0.814156651 0.107235834 1.248328209 -0.080906525 0.565915108 -0.008593179 0.820439160
220.000000 -0.809522986 0.120767623 1.266558766 -0.075940005 0.570135474 -0.012075744 0.817944288
221.000000 -0.804890692 0.108101100 1.290448666 -0.076127179 0.573587477 -0.013339901 0.815490067
222.000000 -0.798883080 0.103306182 1.302258492 -0.074648723 0.575906575 -0.013844633 0.813982487
223.000000 -0.783810616 0.101909630 1.307807088 -0.073148906 0.577791214 -0.015600647 0.812750399
224.000000 -0.770695806 0.100572675 1.311331034 -0.070469156 0.580135822 -0.014660683 0.811333179
225.000000 -0.762635231 0.091607884 1.321663618 -0.068835549 0.582489073 -0.014266728 0.809792936
226.000000 -0.751400948 0.088045746 1.344345570 -0.066004224 0.585832059 -0.014439365 0.807611108
227.000000 -0.740458071 0.092515454 1.364927411 -0.061299577 0.587960660 -0.016590621 0.806392789
228.000000 -0.731967330 0.087894514 1.368773460 -0.057150196 0.587585211 -0.018213026 0.806936026
229.000000 -0.722156823 0.076030478 1.379032135 -0.054684617 0.587985814 -0.019664744 0.806780994
230.000000 -0.714657307 0.082901455 1.392509818 -0.051206056 0.588573158 -0.026681002 0.806379378
231.000000 -0.711556494 0.081166409 1.410949469 -0.049517959 0.590531528 -0.030116118 0.804930747
232.000000 -0.702592552 0.087078251 1.421755910 -0.047187161 0.591305077 -0.034845468 0.804311812
233.000000 -0.693255961 0.080615036 1.414504051 -0.046209019 0.589676678 -0.037786022 0.805430532
234.000000 -0.681242824 0.085189074 1.444592476 -0.042843539 0.594533682 -0.038653653 0.801997542
235.000000 -0.673371434 0.086138517 1.458656669 -0.040809523 0.596026242 -0.041429725 0.800856352
236.000000 -0.659225583 0.070475027 1.448900700 -0.041388307 0.593469203 -0.041752350 0.802706718
237.000000 -0.651727796 0.068648458 1.467338324 -0.039614864 0.595609128 -0.043926887 0.801093578
238.000000 -0.644160092 0.075059772 1.478699446 -0.036149584 0.596534014 -0.047988433 0.800335824
239.000000 -0.643427730 0.078622662 1.507463455 -0.033786625 0.599597275 -0.053799070 0.797776401
240.000000 -0.640261948 0.074700497 1.521176934 -0.030889684 0.601264238 -0.055401940 0.796528637
241.000000 -0.629347265 0.071931764 1.524455547 -0.029237768 0.601320624 -0.057215545 0.796420097
242.000000 -0.621007740 0.069633663 1.540963173 -0.027742751 0.603737950 -0.059141710 0.794501781
243.000000 -0.601404071 0.061121486 1.538760066 -0.026103711 0.604430377 -0.059592117 0.793996990
244.000000 -0.595090151 0.067549244 1.563314795 -0.021629199 0.609709382 -0.063374087 0.789791346
245.000000 -0.588492632 0.065749973 1.563663483 -0.018325860 0.611283898 -0.065218128 0.788506627
246.000000 -0.578871250 0.066563353 1.583409429 -0.015278205 0.615550280 -0.066491939 0.785138965
247.000000 -0.570086598 0.066003107 1.596561670 -0.013782646 0.619266152 -0.067529209 0.782150388
248.000000 -0.561323822 0.074280791 1.609680176 -0.010186926 0.623575449 -0.068518944 0.778688014
249.000000 -0.558326244 0.075883992 1.619164944 -0.008538037 0.627145529 -0.071141496 0.775599420
250.000000 -0.548005700 0.062057193 1.615617990 -0.008400293 0.629227400 -0.069385767 0.774072289
251.000000 -0.541091800 0.060136210 1.621077538 -0.007168954 0.632438004 -0.069627620 0.771441936
252.000000 -0.538360119 0.066612482 1.632983923 -0.006416269 0.636167645 -0.069697447 0.768369555
253.000000 -0.530429840 0.073581301 1.648524404 -0.006120080 0.640884340 -0.067914426 0.764602780
254.000000 -0.518683374 0.073636159 1.665708423 -0.005644372 0.644882381 -0.067189746 0.761301756
255.000000 -0.510839045 0.067922227 1.679481745 -0.004488028 0.647637188 -0.066051252 0.759067237
256.000000 -0.503514171 0.068716332 1.687839985 -0.002825925 0.649637640 -0.066200279 0.757350862
257.000000 -0.494060487 0.068047844 1.700271845 -0.002513161 0.652614474 -0.067307018 0.754690468
258.000000 -0.485087216 0.063500822 1.714177251 -0.002055562 0.655976892 -0.069948405 0.751529932
259.000000 -0.476636350 0.069038272 1.728328705 -0.000185056 0.660138547 -0.072991610 0.747588933
260.000000 -0.468330383 0.072752066 1.737218022 0.000795214 0.663019419 -0.074914664 0.744843900
261.000000 -0.462178230 0.069653414 1.740226746 0.000103345 0.664876819 -0.075306870 0.743147135
262.000000 -0.452014506 0.072271526 1.747538090 0.000721789 0.667507291 -0.074585512 0.740857899
263.000000 -0.440527260 0.078657880 1.764076114 0.000903685 0.670979977 -0.076315679 0.737537086
264.000000 -0.431525975 0.077762187 1.774344325 0.000688053 0.672680080 -0.076505907 0.735967278
265.000000 -0.420687079 0.070784487 1.774459481 -0.000324921 0.672362864 -0.076285861 0.736280203
266.000000 -0.409960240 0.076411977 1.778298497 0.000305455 0.672772467 -0.078498289 0.735673249
267.000000 -0.397868514 0.079092570 1.791392207 -0.000021440 0.674880028 -0.079861000 0.733593285
268.000000 -0.384826124 0.085971370 1.799327850 -0.000507097 0.676267445 -0.083690710 0.731886566
269.000000 -0.359163940 0.085531913 1.829387665 -0.000852818 0.681248426 -0.084777310 0.727126300
270.000000 -0.346136034 0.081198260 1.826899767 0.000711686 0.679914773 -0.086568713 0.728162944
271.000000 -0.335857809 0.080266915 1.832365751 0.002978911 0.680181503 -0.088833325 0.727635086
272.000000 -0.320963830 0.089034714 1.842333078 0.005909001 0.682158053 -0.089949399 0.725627005
273.000000 -0.308563441 0.087826535 1.851622105 0.006473000 0.683583319 -0.091880597 0.724037230
274.000000 -0.297230184 0.083820403 1.857385278 0.006570534 0.684481919 -0.092273079 0.723136842
275.000000 -0.283520222 0.086540632 1.868789077 0.005871183 0.686109781 -0.094642498 0.721291661
276.000000 -0.268875510 0.084215745 1.868821144 0.005282040 0.685861766 -0.096159235 0.721331537
277.000000 -0.256076634 0.079621129 1.871789694 0.004430754 0.685557842 -0.099363796 0.721191823
278.000000 -0.240981519 0.085705951 1.881280422 0.006498535 0.686372519 -0.102097847 0.720018506
279.000000 -0.224849641 0.084760681 1.891451597 0.007434209 0.687387049 -0.103864066 0.718787909
280.000000 -0.214396685 0.081353463 1.894383430 0.007639455 0.687375247 -0.105113089 0.718615413
281.000000 -0.207946092 0.088565767 1.893673539 0.009567523 0.687402546 -0.105788887 0.718467057
282.000000 -0.196030572 0.085328318 1.902137280 0.008564393 0.689030290 -0.105647281 0.716939747
283.000000 -0.181128412 0.090625226 1.913481355 0.009856340 0.690799356 -0.107503779 0.714941978
284.000000 -0.169306844 0.090847097 1.920265198 0.011325507 0.691031873 -0.108751528 0.714506626
285.000000 -0.158647358 0.093403243 1.932061672 0.012393461 0.691727459 -0.109620430 0.713682652
286.000000 -0.151497334 0.093928702 1.930800676 0.012257782 0.689549565 -0.109460071 0.715813994
287.000000 -0.144969583 0.094593666 1.929937482 0.011241810 0.687448800 -0.108881451 0.717936397
288.000000 -0.129063696 0.091848023 1.948374033 0.008090825 0.688327789 -0.109097682 0.717103302
289.000000 -0.128406003 0.096955433 1.946927428 0.007991436 0.685752392 -0.108605981 0.719641924
290.000000 -0.120097004 0.100342542 1.956905246 0.007221394 0.685608149 -0.107883334 0.719896197
291.000000 -0.113328293 0.101072483 1.963573217 0.007073026 0.684507489 -0.107348792 0.721024096
292.000000 -0.115826391 0.102839082 1.961977601 0.008751931 0.682357728 -0.105409309 0.723325849
293.000000 -0.108695142 0.108243205 1.981454015 0.008804080 0.684436858 -0.105476953 0.721348286
294.000000 -0.102093503 0.108731434 1.992036223 0.008174823 0.685534537 -0.104201861 0.720498204
295.000000 -0.100512996 0.106794640 1.996067643 0.006520160 0.686050534 -0.103268467 0.720158100
296.000000 -0.091089360 0.117286794 2.017291069 0.006304290 0.689854860 -0.104083352 0.716398835
297.000000 -0.095818087 0.113146707 2.010138035 0.005261616 0.688761950 -0.101891465 0.717772543
298.000000 -0.086106613 0.117975473 2.019490480 0.004160789 0.690387309 -0.103568345 0.715976059
299.000000 -0.076372594 0.119113080 2.043554306 0.002926953 0.694459617 -0.103689514 0.712015271
300.000000 -0.074355692 0.118062668 2.053845406 0.001981600 0.695775747 -0.103252739 0.710796118
301.000000 -0.075793758 0.120106801 2.055562973 0.001760848 0.695445657 -0.102724619 0.711196125
302.000000 -0.073327765 0.124538511 2.075123787 0.001587571 0.698750913 -0.101093546 0.708184063
303.000000 -0.071937062 0.127497345 2.083791733 0.001193992 0.699680865 -0.100254469 0.707385540
304.000000 -0.075905159 0.127664253 2.087497950 0.001531268 0.699288607 -0.098548293 0.708012283
305.000000 -0.070542559 0.131772444 2.108356714 0.001779198 0.701802254 -0.097935826 0.705605447
306.000000 -0.072131358 0.132579863 2.114833355 0.001138501 0.701643229 -0.096502759 0.705962300
307.000000 -0.072714292 0.132806897 2.128607988 0.000047972 0.703056693 -0.094685137 0.704802036
308.000000 -0.065844968 0.138282686 2.150497913 -0.001358989 0.706445277 -0.094641760 0.701410174
309.000000 -0.068383716 0.140539959 2.160521984 -0.002070045 0.707951188 -0.092520498 0.700172007
310.000000 -0.065647483 0.140834719 2.175494194 -0.002841947 0.710145593 -0.090371005 0.698225021
311.000000 -0.080130994 0.142366409 2.189157486 -0.001931248 0.709732234 -0.087060563 0.699068606
312.000000 -0.083485030 0.148841858 2.199433804 -0.000053198 0.709881246 -0.085460424 0.699117422
313.000000 -0.081130713 0.156755313 2.217496157 0.000278447 0.710624635 -0.085351147 0.698375165
314.000000 -0.100188993 0.147316679 2.209996700 -0.000431667 0.705998540 -0.081001610 0.703565598
315.000000 -0.095282219 0.149750814 2.233185530 -0.001715737 0.706405044 -0.080768138 0.703182399
316.000000 -0.084335491 0.161555260 2.259789705 -0.001632424 0.707206368 -0.082385622 0.702188790
317.000000 -0.094724923 0.158333436 2.263467073 -0.002434445 0.702825606 -0.080989584 0.706732512
318.000000 -0.095176518 0.157255977 2.279716015 -0.003615266 0.700772583 -0.080190651 0.708854139
319.000000 -0.090620801 0.161391303 2.297948599 -0.004717654 0.698716402 -0.081221737 0.710757434
320.000000 -0.091763169 0.175658956 2.307845116 -0.002098817 0.694892049 -0.082864597 0.714320719
321.000000 -0.096026830 0.177279532 2.316476822 -0.002627409 0.689784646 -0.083020501 0.719234169
322.000000 -0.097434357 0.174416378 2.324017525 -0.004086518 0.684138238 -0.082025707 0.724713743
323.000000 -0.101182535 0.181936100 2.333945274 -0.002718801 0.678615749 -0.081273764 0.729978025
324.000000 -0.102047175 0.187393740 2.347332001 -0.002591237 0.672974646 -0.081435375 0.735164404
325.000000 -0.106133610 0.179425880 2.349226475 -0.004025546 0.664987564 -0.078904226 0.742663801
326.000000 -0.105184034 0.177177936 2.360722303 -0.005599918 0.657781363 -0.077623188 0.749177516
327.000000 -0.114036351 0.179274887 2.363283873 -0.005233199 0.648980498 -0.076849386 0.756895661
328.000000 -0.114286274 0.182124719 2.371433973 -0.005823868 0.641328096 -0.076709650 0.763400257
329.000000 -0.119382024 0.183168352 2.381301403 -0.006816022 0.633958399 -0.077251762 0.769468904
330.000000 -0.119817913 0.173795164 2.396245480 -0.009463123 0.627980828 -0.074476302 0.774599135
331.000000 -0.122758120 0.172227696 2.402378321 -0.011291420 0.620662570 -0.072794519 0.780609667
332.000000 -0.125238150 0.179563791 2.412631750 -0.010554919 0.614262283 -0.072507918 0.785692692
333.000000 -0.128179550 0.177351668 2.422679424 -0.011191422 0.607576251 -0.071052648 0.790997684
334.000000 -0.130733013 0.186693668 2.435291767 -0.008691225 0.602225482 -0.070465170 0.795162559
335.000000 -0.134636819 0.179577842 2.431989908 -0.008699356 0.592450857 -0.067752324 0.802705348
336.000000 -0.137854278 0.186968654 2.452773094 -0.007867396 0.586649358 -0.070843659 0.806698084
337.000000 -0.137833714 0.188495040 2.458507776 -0.005627877 0.578508914 -0.071598940 0.812508106
338.000000 -0.142026901 0.179781154 2.464437008 -0.006177211 0.570677876 -0.070610180 0.818109274
339.000000 -0.135679543 0.191380352 2.461777687 -0.003164222 0.561664820 -0.072461136 0.824179590
340.000000 -0.149274230 0.186371237 2.475806236 -0.003407145 0.556241333 -0.070916094 0.827982426
341.000000 -0.138324797 0.184352860 2.465783119 -0.004443676 0.545420051 -0.069301002 0.835281134
342.000000 -0.140671372 0.191064537 2.473109245 -0.002295984 0.538980305 -0.069870256 0.839412332
343.000000 -0.138410985 0.190994501 2.476877689 -0.002155189 0.531194925 -0.068796873 0.844449103
344.000000 -0.131762803 0.195953369 2.482829332 -0.001077894 0.523857772 -0.067926876 0.849092364
345.000000 -0.139969707 0.196023226 2.494896173 0.000202660 0.517888308 -0.067915298 0.852747977
346.000000 -0.139442623 0.191611558 2.494538546 -0.000440226 0.510398805 -0.066233858 0.857383192
347.000000 -0.149832666 0.191583812 2.511978149 -0.000109356 0.507475138 -0.065935493 0.859139979
348.000000 -0.153896153 0.185776621 2.507034063 0.001855382 0.499430716 -0.065315060 0.863886237
349.000000 -0.151620150 0.184273809 2.510141373 0.001184312 0.489566416 -0.063316211 0.869663358
350.000000 -0.153445125 0.188995421 2.517108679 0.002265093 0.486393034 -0.063394018 0.871434391
351.000000 -0.158017039 0.194104880 2.532640457 0.003638758 0.485842884 -0.063603453 0.871721327
352.000000 -0.154249430 0.193841964 2.537053108 0.003179125 0.483503014 -0.063702002 0.873015940
353.000000 -0.153046608 0.197724044 2.539786816 0.003260222 0.480607986 -0.063840583 0.874602616
354.000000 -0.145395517 0.201124310 2.547446012 0.002572197 0.479238957 -0.060700659 0.875579119
355.000000 -0.144501090 0.202955157 2.548861980 0.001718249 0.475955188 -0.059675049 0.877440929
356.000000 -0.146321654 0.203673005 2.559922218 0.000905729 0.474141926 -0.059336074 0.878446281
357.000000 -0.144914865 0.205361143 2.563793898 0.001020081 0.471803546 -0.059628651 0.879684508
358.000000 -0.151247978 0.207495838 2.571264744 0.000349970 0.471624345 -0.058771864 0.879838765
359.000000 -0.161723137 0.210752964 2.571433306 0.000099381 0.469138831 -0.061125726 0.881006479
360.000000 -0.165797353 0.208047748 2.579348803 -0.001974340 0.469026148 -0.059914365 0.881147444
361.000000 -0.167839050 0.213575184 2.585210323 -0.001544487 0.468194723 -0.059342127 0.881629109
362.000000 -0.182271481 0.203115135 2.595016956 0.000870122 0.468303710 -0.056619734 0.881751120
363.000000 -0.181119323 0.205326319 2.601809502 0.001671743 0.467577547 -0.057552312 0.882074952
364.000000 -0.178880095 0.212229505 2.609310150 -0.000782516 0.467554420 -0.058313891 0.882038414
365.000000 -0.180099607 0.212587982 2.616323233 -0.001555633 0.467158437 -0.058351099 0.882244706
366.000000 -0.184007287 0.212519631 2.626055241 -0.001408166 0.468126297 -0.057819776 0.881766796
367.000000 -0.184995651 0.213294804 2.635617256 -0.001115910 0.469667763 -0.057369161 0.880976558
368.000000 -0.187619090 0.214725435 2.643250942 -0.001145886 0.471532434 -0.056314614 0.880048037
369.000000 -0.193977237 0.211127996 2.648172140 0.000814865 0.472860217 -0.054991741 0.879419386
370.000000 -0.198380232 0.212797225 2.655514717 0.000191925 0.475593179 -0.054559041 0.877971709
371.000000 -0.200271726 0.213680297 2.666521549 -0.001377680 0.479172438 -0.053806759 0.876068890
372.000000 -0.204408646 0.218763351 2.671296835 -0.002217018 0.483504772 -0.053676311 0.873691618
373.000000 -0.201879859 0.218762726 2.676848412 -0.004483834 0.487539619 -0.054278150 0.871400535
374.000000 -0.206625342 0.222515181 2.683480263 -0.006272924 0.493738770 -0.053693883 0.867928326
375.000000 -0.207359433 0.218599573 2.694750309 -0.010038034 0.500336885 -0.052574236 0.864174843
376.000000 -0.203113556 0.217105687 2.701863289 -0.015074191 0.511233926 -0.054717436 0.857565582
377.000000 -0.198984981 0.221078590 2.709030867 -0.018479563 0.518237412 -0.056757193 0.853151262
378.000000 -0.200678229 0.233940512 2.720566034 -0.017011592 0.525750518 -0.058749225 0.848437071
379.000000 -0.198146820 0.224804416 2.717648745 -0.020484213 0.530499578 -0.058629226 0.845407128
380.000000 -0.196736991 0.226541817 2.722980976 -0.020887759 0.536948800 -0.060256202 0.841200888
381.000000 -0.200570643 0.221567810 2.729200125 -0.022797460 0.544316769 -0.059777167 0.836436570
382.000000 -0.203255951 0.214472964 2.740359306 -0.022311678 0.551955163 -0.059038647 0.831481874
383.000000 -0.200974762 0.224279374 2.757112741 -0.024761476 0.562084377 -0.062440317 0.824347734
384.000000 -0.199712813 0.225032181 2.758177757 -0.023654856 0.569002092 -0.063706234 0.819523394
385.000000 -0.196510494 0.225059599 2.762500048 -0.022402022 0.576202035 -0.064799659 0.814426422
386.000000 -0.191892207 0.228146285 2.756740570 -0.019497180 0.583584130 -0.069002286 0.808880746
387.000000 -0.189651549 0.230683446 2.756405115 -0.017612744 0.592934370 -0.071160063 0.801907063
388.000000 -0.189009666 0.226798952 2.761128187 -0.019378452 0.602922618 -0.072403789 0.794271052
389.000000 -0.187353164 0.225254297 2.766119719 -0.019892305 0.612585366 -0.074013524 0.786680043
390.000000 -0.185172111 0.223208398 2.769821882 -0.020009959 0.620980203 -0.076397605 0.779837549
391.000000 -0.183090895 0.224155784 2.766898870 -0.020060413 0.628597379 -0.078018419 0.773547709
392.000000 -0.186919630 0.230691314 2.771689892 -0.017789979 0.638618946 -0.080036715 0.765142739
393.000000 -0.189389795 0.231227443 2.774763346 -0.018821701 0.648830473 -0.081161246 0.756358147
394.000000 -0.184117362 0.230737314 2.772683620 -0.018946595 0.657666147 -0.081105098 0.748691022
395.000000 -0.176959038 0.232151210 2.772070885 -0.021540688 0.666161478 -0.082466297 0.740921140
396.000000 -0.174486026 0.221698612 2.766864300 -0.021103416 0.675041676 -0.079860091 0.733140945
397.000000 -0.174151167 0.222883180 2.763649464 -0.021133972 0.683162510 -0.080258742 0.725534916
398.000000 -0.173423231 0.220208257 2.759734154 -0.022593766 0.690585315 -0.081237115 0.718318880
399.000000 -0.173531190 0.221472383 2.761168957 -0.022670019 0.698796093 -0.083594337 0.710057795
400.000000 -0.166624546 0.221998870 2.769332647 -0.023185372 0.708649933 -0.086172067 0.699894309
401.000000 -0.158348590 0.239014193 2.771595716 -0.018156245 0.718050718 -0.090166979 0.689886510
402.000000 -0.154808611 0.239896685 2.776427031 -0.018244019 0.726024449 -0.092050970 0.681235850
403.000000 -0.152378157 0.245607719 2.773792744 -0.017994663 0.732557237 -0.094643265 0.673853636
404.000000 -0.149236083 0.234487534 2.771003485 -0.022344368 0.739314795 -0.094373681 0.666339219
405.000000 -0.146259993 0.240086347 2.781367302 -0.022249548 0.748772264 -0.096628778 0.655368567
406.000000 -0.136179924 0.244858623 2.789555073 -0.022999121 0.758628488 -0.098459639 0.643629968
407.000000 -0.136243463 0.238311484 2.791036129 -0.025768718 0.767065763 -0.097868383 0.633535981
408.000000 -0.130422056 0.232572585 2.800657988 -0.028151086 0.776455283 -0.097841531 0.621893644
409.000000 -0.122860193 0.234314054 2.808165550 -0.027659949 0.785381615 -0.099829495 0.610282481
410.000000 -0.129713118 0.232677400 2.809186459 -0.029251622 0.793870330 -0.100604057 0.598993361
411.000000 -0.123724282 0.233463883 2.820289135 -0.030197179 0.804199398 -0.100207217 0.585072637
412.000000 -0.121551216 0.237522259 2.827045441 -0.029902793 0.813052177 -0.100561820 0.572659910
413.000000 -0.121913195 0.238962188 2.829612732 -0.030142099 0.821117163 -0.100786641 0.560981333
414.000000 -0.133159459 0.237873927 2.833670616 -0.030804936 0.828493893 -0.098745055 0.550361991
415.000000 -0.118498564 0.245772243 2.842333317 -0.032549512 0.836555541 -0.097974628 0.538067222
416.000000 -0.121022344 0.238213435 2.842210293 -0.034567103 0.842116773 -0.095017321 0.529732049
417.000000 -0.121249318 0.238238126 2.841947079 -0.036854222 0.847992718 -0.094325125 0.520243108
418.000000 -0.123304129 0.239804924 2.845643044 -0.039704036 0.853786588 -0.094106808 0.510505617
419.000000 -0.113270640 0.239630356 2.846380711 -0.042264078 0.859302938 -0.096091218 0.500578344
420.000000 -0.101870060 0.247242197 2.851696014 -0.042868234 0.864884496 -0.099040702 0.490232706
421.000000 -0.107085347 0.245952681 2.855159044 -0.046653252 0.873330116 -0.098347872 0.474811256
422.000000 -0.094687462 0.253402859 2.857005596 -0.047293991 0.878126979 -0.099465579 0.465578049
423.000000 -0.098030567 0.253128529 2.854311943 -0.048840169 0.881253481 -0.099439450 0.459476620
424.000000 -0.081761956 0.254732579 2.855241776 -0.050514303 0.885688663 -0.099692948 0.450627536
425.000000 -0.059810400 0.260178059 2.860908508 -0.050180655 0.890538812 -0.100854546 0.440739006
426.000000 -0.053202987 0.262148380 2.858768940 -0.050426137 0.893977344 -0.102150321 0.433390141
427.000000 -0.049428701 0.264834106 2.854992867 -0.051105704 0.896960855 -0.103190549 0.426850230
428.000000 -0.039883375 0.257896900 2.862656116 -0.053222422 0.900372207 -0.103349425 0.419304341
429.000000 -0.035706282 0.256872982 2.855499983 -0.053461134 0.902695537 -0.104050867 0.414072543
430.000000 -0.028605103 0.261964440 2.853880405 -0.054729320 0.905363083 -0.105786212 0.407592446
431.000000 -0.009424925 0.268946141 2.852655411 -0.054056317 0.908765554 -0.106128201 0.399949878
432.000000 0.002268195 0.267839968 2.850268364 -0.054280818 0.911248684 -0.105824880 0.394310236
433.000000 0.008792400 0.271478146 2.841553450 -0.052457467 0.913542449 -0.105567291 0.389286488
434.000000 0.023059726 0.272149652 2.837820530 -0.051126432 0.916268170 -0.104299724 0.383353889
435.000000 0.052878737 0.273560613 2.836903811 -0.048831645 0.919560969 -0.103859261 0.375814289
436.000000 0.070554137 0.265917838 2.834345102 -0.047137331 0.921331406 -0.104674585 0.371442795
437.000000 0.087034583 0.269173473 2.827751160 -0.042062122 0.922267079 -0.108670406 0.368571609
438.000000 0.103773832 0.273049772 2.816734314 -0.038684424 0.923371732 -0.113488272 0.364703327
439.000000 0.107001305 0.272647023 2.808666229 -0.036767881 0.924548209 -0.114341177 0.361641765
440.000000 0.119043946 0.285626888 2.801345587 -0.036428701 0.926320374 -0.115753099 0.356657714
441.000000 0.137705684 0.286345392 2.795002937 -0.037514701 0.928777516 -0.113377899 0.350870848
442.000000 0.162718892 0.278876066 2.780300617 -0.038137868 0.932322860 -0.111528583 0.341878504
443.000000 0.176356435 0.278516352 2.771185160 -0.037208524 0.934141517 -0.112667039 0.336602479
444.000000 0.194707751 0.284058660 2.767739296 -0.036212772 0.936372995 -0.114580885 0.329796076
445.000000 0.201338291 0.282963246 2.759073257 -0.036578145 0.937588155 -0.115006119 0.326135129
446.000000 0.211075902 0.284932226 2.750730991 -0.036672015 0.939006984 -0.116226435 0.321577996
447.000000 0.222233534 0.285925418 2.744782925 -0.035536971 0.940990448 -0.115384430 0.316165328
448.000000 0.238650084 0.289066494 2.742197990 -0.034897961 0.943581581 -0.115784258 0.308269322
449.000000 0.243298054 0.290937722 2.737478733 -0.034422379 0.945585907 -0.115184285 0.302349150
450.000000 0.257110476 0.293010592 2.732940674 -0.034627337 0.947710216 -0.114493199 0.295867592
451.000000 0.265264034 0.291858613 2.728167534 -0.036930267 0.949234903 -0.115064085 0.290429860
452.000000 0.276924133 0.295255244 2.723193169 -0.037289619 0.950924993 -0.115511984 0.284619212
453.000000 0.281850219 0.294426978 2.717833996 -0.037770610 0.952154875 -0.114302255 0.280908316
454.000000 0.301912427 0.299533606 2.716166019 -0.037696857 0.953878045 -0.114998937 0.274719656
455.000000 0.310062647 0.298838556 2.710776567 -0.038087919 0.954915345 -0.113889344 0.271505535
456.000000 0.319856763 0.303376257 2.707073450 -0.037861202 0.956127107 -0.112990849 0.267620176
457.000000 0.335400105 0.302259386 2.706729889 -0.038044699 0.957679629 -0.111256607 0.262724787
458.000000 0.349097371 0.301599324 2.702421188 -0.036581129 0.959049404 -0.110576183 0.258184105
459.000000 0.358991861 0.304100871 2.701529980 -0.033664517 0.960236788 -0.111142367 0.253888488
460.000000 0.371756673 0.307054639 2.700896263 -0.030869108 0.961742342 -0.110785045 0.248647094
461.000000 0.383989573 0.305488348 2.697027683 -0.028853476 0.962979734 -0.110271297 0.244290233
462.000000 0.395251751 0.308863193 2.693113327 -0.027691349 0.964083970 -0.111866370 0.239293009
463.000000 0.405119419 0.315195680 2.691895962 -0.026658932 0.965328813 -0.113353990 0.233624488
464.000000 0.413087428 0.316575050 2.689278603 -0.027310178 0.966944873 -0.112312697 0.227283016
465.000000 0.423954010 0.314718664 2.688606501 -0.029120743 0.968863368 -0.110439144 0.219679251
466.000000 0.435759008 0.317752719 2.688710213 -0.029551765 0.970565677 -0.110061452 0.212168574
467.000000 0.449697971 0.324218035 2.689540863 -0.028833520 0.972456992 -0.109415866 0.203774765
468.000000 0.460094690 0.325521857 2.692142010 -0.029246258 0.974354506 -0.107002325 0.195776388
469.000000 0.470117569 0.332525730 2.693492889 -0.028146636 0.976372480 -0.104994752 0.186763510
470.000000 0.479771316 0.331247747 2.695331335 -0.029993935 0.978362381 -0.101593286 0.177724943
471.000000 0.488354564 0.329746008 2.693866014 -0.031470321 0.980007052 -0.098410226 0.170032889
472.000000 0.499487162 0.329966515 2.692820549 -0.031753521 0.981469333 -0.096840106 0.162270129
473.000000 0.503628850 0.333084911 2.687186241 -0.031430610 0.982442081 -0.096358314 0.156635910
474.000000 0.515928984 0.335967422 2.687451363 -0.032493625 0.983787894 -0.096260138 0.147782043
475.000000 0.526961565 0.335142255 2.686145306 -0.032157704 0.985127270 -0.094732553 0.139699385
476.000000 0.536867738 0.337561458 2.680768967 -0.032182053 0.986062706 -0.094407707 0.133161157
477.000000 0.551145375 0.337453932 2.686327934 -0.030946560 0.987389445 -0.092804424 0.124465443
478.000000 0.557678103 0.340993166 2.687752247 -0.030865794 0.988158405 -0.092587821 0.118396677
479.000000 0.569074810 0.343928009 2.692010880 -0.032400943 0.989206970 -0.091158174 0.110044904
480.000000 0.578125536 0.341274559 2.686568737 -0.033911232 0.989942789 -0.089475177 0.104199164
481.000000 0.589193940 0.342025042 2.692506790 -0.033939898 0.990707219 -0.089205831 0.096899733
482.000000 0.599784136 0.348240852 2.692089319 -0.035046656 0.991216183 -0.090680405 0.089662254
483.000000 0.604253173 0.344813079 2.689355612 -0.034998648 0.991724312 -0.089050747 0.085603364
484.000000 0.613695979 0.344268322 2.687449455 -0.034447137 0.992202938 -0.088433392 0.080785535
485.000000 0.624032736 0.340569526 2.687818289 -0.033297155 0.992426455 -0.090189256 0.076465428
486.000000 0.631981432 0.345505178 2.685323477 -0.031671874 0.992484331 -0.093788557 0.071940430
487.000000 0.633657217 0.344423175 2.676906109 -0.030020250 0.992663443 -0.094481990 0.069218464
488.000000 0.637831330 0.344026953 2.673438311 -0.028687999 0.993118048 -0.094171226 0.063445434
489.000000 0.643658519 0.345432758 2.665606737 -0.027911339 0.993466735 -0.094916984 0.056881804
490.000000 0.648994088 0.347867012 2.661741972 -0.027733276 0.993783414 -0.095616102 0.049829405
491.000000 0.652705669 0.341763914 2.651856899 -0.028441023 0.994002521 -0.095251687 0.045576423
492.000000 0.655036330 0.341648489 2.638695240 -0.031142462 0.993930757 -0.097314835 0.040762849
493.000000 0.653591514 0.345185578 2.630906582 -0.033116110 0.993871272 -0.099192351 0.035834566
494.000000 0.662729919 0.344481319 2.620159626 -0.034927886 0.994069755 -0.098712496 0.029345991
495.000000 0.660872757 0.341301262 2.613217354 -0.037242696 0.994159043 -0.097694941 0.026767151
496.000000 0.665660799 0.345044732 2.607825041 -0.038190134 0.994154453 -0.098537914 0.022105891
497.000000 0.666833282 0.344346374 2.593184710 -0.038889620 0.994215608 -0.098314948 0.018895851
498.000000 0.672510147 0.346997619 2.590627432 -0.036927816 0.994378746 -0.098308384 0.013517031
499.000000 0.674325943 0.346587241 2.579410315 -0.036270112 0.994434595 -0.098552048 0.008474156
500.000000 0.677093029 0.343748599 2.569780588 -0.035776153 0.994479358 -0.098568283 0.003897381
501.000000 0.681539595 0.348878860 2.562884092 -0.035144936 0.994435012 -0.099308789 -0.001261076
502.000000 0.684737802 0.345929950 2.548820972 -0.036122244 0.994396508 -0.099193960 -0.005592577
503.000000 0.687473536 0.344669610 2.537600994 -0.036004800 0.994372845 -0.099211261 -0.009133288
504.000000 0.686094642 0.344736248 2.524175167 -0.035525911 0.994432986 -0.098444499 -0.012231193
505.000000 0.690453291 0.342607141 2.516000748 -0.034890622 0.994443476 -0.097795978 -0.017341258
506.000000 0.690662026 0.338184029 2.505304098 -0.034049939 0.994287193 -0.098940521 -0.021078283
507.000000 0.680160642 0.345066011 2.495019674 -0.031307857 0.994071424 -0.101584829 -0.022854509
508.000000 0.688096166 0.338229865 2.483341455 -0.030315436 0.994068265 -0.101003259 -0.026599750
509.000000 0.696512580 0.334214211 2.470325470 -0.028807558 0.994020700 -0.100535229 -0.031394638
510.000000 0.699978709 0.328560859 2.459813356 -0.026759008 0.993905246 -0.101034172 -0.035047777
511.000000 0.698511720 0.322068781 2.445495367 -0.026071988 0.993609786 -0.102762349 -0.038727414
512.000000 0.708537757 0.325915456 2.434161425 -0.024435952 0.993058026 -0.105705775 -0.045441486
513.000000 0.714381933 0.319706887 2.423041582 -0.024156930 0.992785692 -0.105867840 -0.050843280
514.000000 0.719384849 0.316480249 2.413422823 -0.023838500 0.992355645 -0.107473329 -0.055780333
515.000000 0.727754831 0.314917922 2.398926497 -0.023253880 0.991767585 -0.109831616 -0.061589662
516.000000 0.721133351 0.321794182 2.401078224 -0.023192124 0.991248965 -0.112574607 -0.064919800
517.000000 0.739856124 0.321159333 2.384078741 -0.023458036 0.990688682 -0.113296010 -0.071761362
518.000000 0.727799058 0.317153722 2.388459921 -0.023931360 0.990392923 -0.113672838 -0.075017706
519.000000 0.724635720 0.309063166 2.384477615 -0.025447207 0.989887178 -0.115125865 -0.078878790
520.000000 0.721516073 0.311775386 2.377612829 -0.026405687 0.989214480 -0.118178755 -0.082409009
521.000000 0.725936413 0.314425170 2.370526075 -0.027808897 0.988614440 -0.119681001 -0.086859412
522.000000 0.711894512 0.314557612 2.373749495 -0.029247554 0.988475144 -0.119234152 -0.088570431
523.000000 0.733594716 0.314208448 2.355635643 -0.030708637 0.987797260 -0.118850276 -0.095854916
524.000000 0.734494150 0.314094305 2.351831675 -0.030692933 0.987361848 -0.118766218 -0.100345142
525.000000 0.748577833 0.316008806 2.339641571 -0.031031005 0.986745596 -0.118383408 -0.106562406
526.000000 0.750028014 0.313597172 2.332747698 -0.031387441 0.986421227 -0.116672076 -0.111245900
527.000000 0.753099918 0.313870102 2.330070257 -0.031796075 0.985878587 -0.116576158 -0.115941189
528.000000 0.771174312 0.314696044 2.311611652 -0.032673504 0.984908819 -0.116459578 -0.123791166
529.000000 0.768265009 0.311177820 2.309062719 -0.033372115 0.984519064 -0.115093410 -0.127914101
530.000000 0.781418443 0.311320364 2.295155048 -0.033676170 0.983648300 -0.114923671 -0.134515703
531.000000 0.782578945 0.309651375 2.285973549 -0.033953711 0.983102262 -0.114163913 -0.139009893
532.000000 0.782575727 0.311993003 2.279650688 -0.033527300 0.982667029 -0.114133328 -0.142179370
533.000000 0.795674801 0.313791037 2.265587330 -0.032698717 0.981821895 -0.113695182 -0.148425236
534.000000 0.806168675 0.306212783 2.249911070 -0.032350659 0.981196105 -0.111981854 -0.153842911
535.000000 0.807200134 0.303884208 2.244370937 -0.031696018 0.980515778 -0.112181135 -0.158112630
536.000000 0.816263497 0.302545369 2.228494644 -0.031980045 0.979566038 -0.112051778 -0.163927004
537.000000 0.815245152 0.301340401 2.222605705 -0.032795012 0.979017854 -0.111568883 -0.167334646
538.000000 0.812189579 0.302687675 2.216334820 -0.033070017 0.978416264 -0.111788869 -0.170619994
539.000000 0.820083618 0.296732545 2.202585459 -0.033724509 0.977627933 -0.110715665 -0.175636888
540.000000 0.826249719 0.292995036 2.191172361 -0.033464763 0.976733804 -0.111174382 -0.180309132
541.000000 0.831156194 0.293392658 2.177435160 -0.033554047 0.975828350 -0.112681821 -0.184217080
542.000000 0.832866549 0.298944235 2.173042774 -0.032893285 0.975093842 -0.113171406 -0.187889144
543.000000 0.837444365 0.296402186 2.162399054 -0.034231219 0.974515259 -0.111913182 -0.191373155
544.000000 0.841925979 0.296312571 2.150987387 -0.035663046 0.973949671 -0.111150302 -0.194411546
545.000000 0.844024897 0.296025515 2.147492886 -0.037446134 0.973590672 -0.109417774 -0.196841821
546.000000 0.848218083 0.293085814 2.137255430 -0.039632384 0.973014832 -0.108037278 -0.199998513
547.000000 0.846308589 0.289343864 2.132667303 -0.040277161 0.972582340 -0.107490875 -0.202255055
548.000000 0.846950591 0.290725321 2.129364967 -0.040814307 0.971942067 -0.107313126 -0.205296591
549.000000 0.849230051 0.286964536 2.121738911 -0.040532578 0.971325517 -0.106846780 -0.208489031
550.000000 0.851641238 0.283308625 2.113128424 -0.040409006 0.970510185 -0.107022844 -0.212186515
551.000000 0.858614683 0.282991469 2.105208635 -0.039866306 0.969461441 -0.107749283 -0.216668546
552.000000 0.858202815 0.278654039 2.098933220 -0.038301319 0.968628168 -0.108456776 -0.220294312
553.000000 0.859415352 0.278124094 2.091325283 -0.037675258 0.967631161 -0.108879194 -0.224534631
554.000000 0.861439347 0.275246471 2.086400747 -0.036757726 0.966813922 -0.108164854 -0.228517115
555.000000 0.861102223 0.270634830 2.079323530 -0.036847137 0.965987086 -0.108948529 -0.231606230
556.000000 0.865155637 0.271444499 2.071282864 -0.035524558 0.964918673 -0.111150995 -0.235192165
557.000000 0.864343524 0.272532254 2.064698219 -0.034573246 0.964146852 -0.111329935 -0.238392830
558.000000 0.864928603 0.270633101 2.060255527 -0.033635732 0.963295758 -0.110372759 -0.242379308
559.000000 0.863604426 0.272776634 2.060304880 -0.031130444 0.962392092 -0.111428991 -0.245796457
560.000000 0.870077252 0.270001352 2.049102545 -0.029923704 0.960859776 -0.111805893 -0.251699239
561.000000 0.869539022 0.268868744 2.047107697 -0.029204981 0.959809780 -0.112162024 -0.255601108
562.000000 0.872422576 0.267356455 2.040643215 -0.029230336 0.958500087 -0.112767734 -0.260204911
563.000000 0.873899341 0.266751170 2.033841372 -0.029199775 0.957078397 -0.113418609 -0.265112311
564.000000 0.880623102 0.268327534 2.023382902 -0.029675744 0.955320418 -0.113333970 -0.271362484
565.000000 0.882686019 0.268119097 2.016661882 -0.029145973 0.953709841 -0.112585112 -0.277331173
566.000000 0.886060119 0.268084973 2.008815765 -0.028848920 0.952092707 -0.112228647 -0.283005178
567.000000 0.889892042 0.268789560 2.001617908 -0.029142542 0.950494289 -0.111594312 -0.288544625
568.000000 0.894474387 0.268976271 1.992522478 -0.028457001 0.949092627 -0.110594146 -0.293568254
569.000000 0.893874526 0.269235194 1.984344244 -0.026810169 0.947970927 -0.110367708 -0.297407538
570.000000 0.899166048 0.264129579 1.970984936 -0.026403356 0.946231186 -0.111378454 -0.302562833
571.000000 0.899515867 0.270983994 1.966565490 -0.027953241 0.944792807 -0.113142140 -0.306241721
572.000000 0.901038706 0.267563462 1.956742167 -0.029213207 0.943371952 -0.111675434 -0.311005771
573.000000 0.900033474 0.262831867 1.950035810 -0.030924313 0.942356229 -0.111036636 -0.314132571
574.000000 0.902680278 0.263648242 1.936905265 -0.031416353 0.941027224 -0.112084270 -0.317675710
575.000000 0.901074111 0.267911077 1.929635882 -0.032236062 0.940135300 -0.111597538 -0.320394069
576.000000 0.902516365 0.261674434 1.918335915 -0.032503888 0.939070463 -0.109359570 -0.324238569
577.000000 0.903073668 0.261525005 1.908422351 -0.032527570 0.937845647 -0.109675772 -0.327656448
578.000000 0.906612873 0.262272596 1.894947171 -0.031967968 0.936348259 -0.109542668 -0.332009614
579.000000 0.907703996 0.259858489 1.884858131 -0.031862468 0.935552001 -0.108373940 -0.334637582
580.000000 0.907745361 0.260652304 1.878845930 -0.031504981 0.934980273 -0.108327068 -0.336280584
581.000000 0.908925533 0.259990513 1.864035010 -0.030612839 0.934113145 -0.108702786 -0.338643193
582.000000 0.909354687 0.259459943 1.855942726 -0.031160425 0.933286667 -0.107318774 -0.341302902
583.000000 0.911027491 0.255305409 1.842620611 -0.030204481 0.932168543 -0.105303206 -0.345051676
584.000000 0.912531316 0.257445008 1.832541943 -0.029510232 0.930959702 -0.105006702 -0.348449141
585.000000 0.913260818 0.258533657 1.824004650 -0.028409136 0.929898441 -0.103834361 -0.351710379
586.000000 0.915455639 0.253279746 1.808343530 -0.026357289 0.928323567 -0.101050518 -0.356804460
587.000000 0.925739527 0.248541147 1.778616309 -0.021119446 0.924778044 -0.098533787 -0.366920441
588.000000 0.927500367 0.244361162 1.765899301 -0.018566303 0.923182070 -0.098607466 -0.371034741
589.000000 0.923843324 0.243859798 1.759355903 -0.016471352 0.922276199 -0.099922970 -0.373029143
590.000000 0.928327620 0.240902305 1.746639013 -0.016104391 0.920732498 -0.100930445 -0.376570493
591.000000 0.928119659 0.242025658 1.734498739 -0.015053745 0.919327736 -0.101195492 -0.379959792
592.000000 0.930129111 0.243442476 1.717904449 -0.014435988 0.917338312 -0.100781195 -0.384870380
593.000000 0.930421591 0.230271369 1.709912658 -0.013623503 0.916020334 -0.098057970 -0.388723254
594.000000 0.930234671 0.228017896 1.697315812 -0.013779306 0.914469242 -0.096990786 -0.392618030
595.000000 0.929290652 0.235653475 1.682847619 -0.013462365 0.912880480 -0.096836157 -0.396346778
596.000000 0.927479386 0.235353291 1.667035580 -0.012962786 0.911164165 -0.097604401 -0.400106549
597.000000 0.929308534 0.232825503 1.651463985 -0.012356701 0.909161866 -0.098026611 -0.404552609
598.000000 0.924836993 0.229902953 1.647726536 -0.011788785 0.908108890 -0.098318361 -0.406857103
599.000000 0.920900106 0.226206571 1.639233351 -0.012575524 0.906853497 -0.098888442 -0.409487039
600.000000 0.923986316 0.230245218 1.621076822 -0.014010428 0.904932082 -0.100460321 -0.413290888
601.000000 0.926198125 0.224217236 1.611535788 -0.014674793 0.903686881 -0.100302987 -0.416021675
602.000000 0.926624537 0.215153381 1.599447846 -0.015700411 0.902346134 -0.099146977 -0.419159681
603.000000 0.924484372 0.220588699 1.586747408 -0.017565725 0.900801182 -0.100165211 -0.422155887
604.000000 0.926294267 0.210785329 1.578369379 -0.016976004 0.899523556 -0.099760868 -0.424990505
605.000000 0.926934004 0.215752542 1.566137314 -0.017439060 0.897985339 -0.100625739 -0.428010195
606.000000 0.926880062 0.214412779 1.551977277 -0.017034700 0.896597922 -0.100129709 -0.431040674
607.000000 0.922874808 0.210576519 1.543967962 -0.016842501 0.895742774 -0.099447772 -0.432979703
608.000000 0.926535428 0.213431478 1.536427498 -0.017229130 0.894432724 -0.100412071 -0.435443133
609.000000 0.921494901 0.218502104 1.530242682 -0.018002735 0.893163145 -0.100218095 -0.438054591
610.000000 0.926673055 0.211893171 1.509815812 -0.016396141 0.891136587 -0.098103434 -0.442699045
611.000000 0.926105142 0.208552644 1.502248645 -0.014826152 0.889799535 -0.097108968 -0.445653290
612.000000 0.928514957 0.211777285 1.490021110 -0.013504297 0.888210058 -0.097721756 -0.448721588
613.000000 0.926324368 0.213124558 1.475290775 -0.011319543 0.886918306 -0.097882792 -0.451294571
614.000000 0.926134944 0.215879321 1.469706535 -0.009871843 0.885994077 -0.097556308 -0.453210533
615.000000 0.924553096 0.207942203 1.456858635 -0.007899365 0.884696901 -0.095654123 -0.456178963
616.000000 0.925293326 0.204781875 1.448257923 -0.006353105 0.883214831 -0.093745768 -0.459459394
617.000000 0.928394318 0.201542556 1.433429956 -0.005139568 0.881174326 -0.091579169 -0.463808805
618.000000 0.930093050 0.205821425 1.415145159 -0.003931480 0.878715396 -0.090472102 -0.468677461
619.000000 0.928965688 0.204035610 1.406283736 -0.002628585 0.876151800 -0.089021720 -0.473736465
620.000000 0.928939402 0.206653163 1.396895409 -0.001105180 0.873989165 -0.089208215 -0.477685660
621.000000 0.932773769 0.201490313 1.381204128 0.000291439 0.871484280 -0.087960415 -0.482470840
622.000000 0.929309487 0.195098087 1.375945091 0.001881795 0.869570911 -0.086054891 -0.486248374
623.000000 0.929028630 0.195499718 1.362373590 0.002101833 0.867054164 -0.085983515 -0.490733594
624.000000 0.927708268 0.193879262 1.352418900 0.002415569 0.864758372 -0.085739844 -0.494808882
625.000000 0.930333853 0.195717812 1.339883089 0.002264916 0.861971915 -0.085426450 -0.499701500
626.000000 0.927023649 0.194465667 1.334933996 -0.003868547 -0.859243929 0.084313922 0.504555285
627.000000 0.925365210 0.189814597 1.321543455 -0.005503142 -0.855784118 0.083290182 0.510554671
628.000000 0.925675452 0.190296993 1.314487100 -0.006727893 -0.852596343 0.083988637 0.515732765
629.000000 0.929482698 0.188645408 1.300190687 -0.008096335 -0.848597348 0.084107973 0.522247910
630.000000 0.922825038 0.186372221 1.298352957 -0.009643498 -0.845622957 0.084275343 0.526997626
631.000000 0.924858987 0.184602991 1.286709309 -0.011481808 -0.841866314 0.085154891 0.532802045
632.000000 0.920306444 0.184451997 1.281405687 -0.013165219 -0.838613570 0.085896321 0.537750661
633.000000 0.918488860 0.180078253 1.266780257 -0.014355924 -0.834945858 0.086325601 0.543329835
634.000000 0.911399961 0.179352552 1.264173985 -0.015189520 -0.832429647 0.087857775 0.546910524
635.000000 0.912929475 0.179138243 1.244995594 -0.014729331 -0.828064919 0.088880025 0.553346097
636.000000 0.911203623 0.174134016 1.237430215 -0.015240764 -0.824868619 0.088659264 0.558120966
637.000000 0.909095287 0.175760105 1.232076406 -0.014283720 -0.821702600 0.089348629 0.562687874
638.000000 0.905184507 0.178158015 1.222404122 -0.013360270 -0.818324804 0.089134023 0.567645252
639.000000 0.904734612 0.177133441 1.213241458 -0.012888037 -0.815007031 0.088360354 0.572529376
640.000000 0.897704959 0.173291028 1.210444927 -0.013027317 -0.812946081 0.086984597 0.575658441
641.000000 0.894823790 0.171660230 1.202966809 -0.013329344 -0.810719252 0.086202413 0.578900456
642.000000 0.892552495 0.178027213 1.193259835 -0.013448828 -0.808091283 0.086813837 0.582469702
643.000000 0.889984012 0.173309624 1.187885761 -0.014040558 -0.806203783 0.085488148 0.585260749
644.000000 0.880763531 0.179621339 1.180532932 -0.014845830 -0.804208100 0.086823739 0.587784410
645.000000 0.876567483 0.178425655 1.173301935 -0.015142099 -0.802423179 0.086017907 0.590329289
646.000000 0.869867086 0.171391606 1.169614673 -0.016860483 -0.800810635 0.085114554 0.592599034
647.000000 0.863359869 0.178252071 1.164218783 -0.017155418 -0.798983872 0.087280266 0.594737470
648.000000 0.856039524 0.178582817 1.160427332 -0.017099932 -0.797324479 0.087426178 0.596940517
649.000000 0.844227374 0.180156916 1.146602631 -0.020045759 -0.793237090 0.085957222 0.602481902
650.000000 0.829805970 0.177817643 1.131826282 -0.024284257 -0.789147019 0.083777830 0.607979059
651.000000 0.822532535 0.172885448 1.124483824 -0.026686201 -0.786621749 0.083152942 0.611227930
652.000000 0.811124682 0.171641588 1.122303128 -0.027893024 -0.784791112 0.084078394 0.613396764
653.000000 0.802783072 0.167680621 1.113104463 -0.028183239 -0.781896949 0.085661285 0.616850853
654.000000 0.790736794 0.172065049 1.101227641 -0.027027639 -0.779035807 0.086801253 0.620353341
655.000000 0.783465624 0.162817448 1.096347809 -0.027146056 -0.776492536 0.084660195 0.623822987
656.000000 0.774172008 0.160765946 1.093667865 -0.026088659 -0.774151266 0.083176956 0.626969516
657.000000 0.765150666 0.156800747 1.086201668 -0.025482552 -0.771332562 0.081479214 0.630680442
658.000000 0.752425253 0.154166192 1.082040310 -0.024013519 -0.768899679 0.080393963 0.633840263
659.000000 0.744544923 0.149553165 1.076861501 -0.023158668 -0.766005635 0.080614530 0.637338459
660.000000 0.730067492 0.143343866 1.068713188 -0.022213055 -0.763203502 0.080317542 0.640762091
661.000000 0.720249355 0.135849565 1.066936493 -0.021160731 -0.760976315 0.081127316 0.643339455
662.000000 0.706958830 0.135364085 1.062386751 -0.019464867 -0.758583724 0.084086813 0.645833790
663.000000 0.696899474 0.141360462 1.050088882 -0.018041514 -0.755084395 0.086871095 0.649596393
664.000000 0.687248409 0.144545734 1.046732068 -0.017638745 -0.752511203 0.087488279 0.652504086
665.000000 0.676026464 0.140733927 1.041333079 -0.017966215 -0.750028789 0.087840281 0.655300021
666.000000 0.665198684 0.136320531 1.037236571 -0.018679516 -0.748040080 0.089505851 0.657324731
667.000000 0.655962467 0.130379841 1.032101512 -0.018852197 -0.745935619 0.092009112 0.659362495
668.000000 0.646384120 0.123393156 1.029396772 -0.018872952 -0.743873954 0.095467255 0.661196947
669.000000 0.639506221 0.127352089 1.028947592 -0.017712502 -0.741778493 0.099336244 0.663010776
670.000000 0.628542542 0.119435385 1.021304727 -0.017737409 -0.739555538 0.100266755 0.665349185
671.000000 0.620419025 0.114248872 1.011884809 -0.016944785 -0.737020373 0.100633994 0.668121755
672.000000 0.612340450 0.114654794 1.013769865 -0.015338821 -0.735277057 0.101275466 0.669981778
673.000000 0.600929201 0.114360064 0.998804688 -0.014233224 -0.731465638 0.101885460 0.674073219
674.000000 0.593117237 0.102972701 0.993954480 -0.015118101 -0.728233099 0.100843526 0.677700877
675.000000 0.585511744 0.100116514 0.991427958 -0.015007343 -0.725282371 0.101629585 0.680743456
676.000000 0.578910828 0.096612304 0.991082788 -0.014234488 -0.722706378 0.103266321 0.683248818
677.000000 0.572815657 0.085832059 0.980854094 -0.014066453 -0.719161987 0.104763843 0.686755240
678.000000 0.563556254 0.083780736 0.976853490 -0.012833931 -0.716609836 0.107044406 0.689091563
679.000000 0.558817089 0.079547159 0.972726345 -0.011394294 -0.713968992 0.107774444 0.691739202
680.000000 0.550380111 0.077348799 0.968534052 -0.010638957 -0.711078823 0.107881375 0.694705188
681.000000 0.545446277 0.078090273 0.965876281 -0.009934266 -0.708191514 0.108483635 0.697565377
682.000000 0.540035307 0.075072542 0.963470101 -0.008832077 -0.705537260 0.109554075 0.700097859
683.000000 0.529306769 0.074038431 0.955222011 -0.007939233 -0.702449143 0.111739151 0.702863097
684.000000 0.521714211 0.074245192 0.943520963 -0.006551059 -0.699191391 0.113141023 0.705894887
685.000000 0.514525712 0.069880642 0.941207588 -0.006409090 -0.696691394 0.113776475 0.708261907
686.000000 0.504056990 0.059530891 0.929018736 -0.005930330 -0.692671955 0.114906445 0.712016046
687.000000 0.504033327 0.057844639 0.923718333 -0.003977788 -0.688962698 0.116829738 0.715307891
688.000000 0.495879322 0.053255066 0.916059613 -0.002549447 -0.684559882 0.118645698 0.719231904
689.000000 0.492753774 0.049456760 0.908158243 -0.000740164 -0.680177748 0.119346298 0.723266304
690.000000 0.488949746 0.045321859 0.905741990 0.000481650 -0.676269293 0.120664552 0.726704717
691.000000 0.480256915 0.040493511 0.901316166 0.002102103 -0.672002614 0.122833386 0.730287611
692.000000 0.472307205 0.037003860 0.887068629 0.003209978 -0.666685641 0.125913411 0.734619498
693.000000 0.467386484 0.033950385 0.874897778 0.003474311 -0.661713243 0.127382681 0.738848567
694.000000 0.456827700 0.031595260 0.866847932 0.002500587 -0.657039225 0.128352210 0.742845178
695.000000 0.448777348 0.027401928 0.852969527 0.000726979 -0.651290655 0.128360584 0.747892737
696.000000 0.444590539 0.025018208 0.848463178 -0.001188932 -0.646161437 0.128593773 0.752288222
697.000000 0.440077603 0.020067811 0.842529714 -0.002788532 -0.641015768 0.129157484 0.756577373
698.000000 0.434808731 0.008144911 0.836734533 -0.004320804 -0.635993183 0.129880875 0.760674000
699.000000 0.428615808 0.003918342 0.825984597 -0.004311897 -0.631001472 0.132265404 0.764411151
700.000000 0.420870572 0.001185890 0.817392468 -0.004063066 -0.625946045 0.134617358 0.768149197
701.000000 0.416710734 -0.002405640 0.808994353 -0.003748087 -0.620568037 0.136166811 0.772230446
702.000000 0.409426510 -0.002969928 0.804424226 -0.004170890 -0.615757287 0.137795731 0.775782108
703.000000 0.396253407 -0.009779120 0.794306934 -0.005269048 -0.610686064 0.139589936 0.779454529
704.000000 0.386629820 -0.020609073 0.787463367 -0.004491185 -0.606303394 0.141515404 0.782527566
705.000000 0.381904185 -0.020420302 0.786643982 -0.002834139 -0.602724969 0.143953204 0.784851611
706.000000 0.376610130 -0.022815295 0.783597529 -0.002042104 -0.598603427 0.145042211 0.787802339
707.000000 0.371668309 -0.031716526 0.780363679 -0.001102371 -0.594007254 0.144812718 0.791317523
708.000000 0.362312615 -0.033938926 0.769226491 0.000408493 -0.588405967 0.144705355 0.795511484
709.000000 0.357661694 -0.036308441 0.764192343 -0.001120446 -0.583839118 0.143111899 0.799155533
710.000000 0.350241721 -0.043414116 0.762272179 -0.002313333 -0.580768526 0.143002570 0.801406801
711.000000 0.343290180 -0.047180485 0.761484385 -0.000355185 -0.578220844 0.143371910 0.803184271
712.000000 0.335577607 -0.045901004 0.755805135 0.000526557 -0.575671911 0.142449319 0.805176854
713.000000 0.327711165 -0.053339615 0.756938696 -0.001108604 -0.573491991 0.139559075 0.807235420
714.000000 0.320459723 -0.061134670 0.757290006 0.000443294 -0.571166337 0.138908148 0.808995306
715.000000 0.312126249 -0.062606037 0.757505238 0.003486489 -0.569102526 0.140344337 0.810193598
716.000000 0.306443900 -0.065387890 0.760681808 0.005290523 -0.567769587 0.141083509 0.810990214
717.000000 0.294981301 -0.071177870 0.757630348 0.006615543 -0.565137208 0.141812101 0.812690258
718.000000 0.286720395 -0.073093563 0.756946564 0.009330682 -0.562331259 0.143171534 0.814369917
719.000000 0.281620294 -0.075946406 0.762900293 0.011980566 -0.560592353 0.144038811 0.815380573
720.000000 0.273636222 -0.078223750 0.767146111 0.013990794 -0.558201075 0.143918023 0.817008853
721.000000 0.263540715 -0.081637353 0.768942952 0.015406486 -0.555685520 0.143849760 0.818708420
722.000000 0.255659997 -0.082571477 0.775530934 0.016974520 -0.553975582 0.143627897 0.819874346
723.000000 0.247129649 -0.081850246 0.778473437 0.017577615 -0.551735938 0.143871158 0.821327925
724.000000 0.237279236 -0.086217180 0.783892453 0.018130327 -0.549556077 0.144357145 0.822690964
725.000000 0.225990653 -0.085921884 0.786512852 0.021062450 -0.547520161 0.146413237 0.823614717
726.000000 0.215380922 -0.089332335 0.792944193 0.023738507 -0.546321094 0.147569999 0.824131608
727.000000 0.203738198 -0.090512156 0.796681643 0.025930602 -0.544534504 0.149851292 0.824835956
728.000000 0.191465199 -0.092399999 0.802323103 0.027118405 -0.542512059 0.151238620 0.825876594
729.000000 0.184784934 -0.093856297 0.810502410 0.027447566 -0.540317655 0.151300296 0.827291787
730.000000 0.175144508 -0.095192999 0.815134406 0.027388407 -0.536881804 0.150890052 0.829602301
731.000000 0.162088275 -0.100748107 0.817640245 0.027552659 -0.532279849 0.151236773 0.832494140
732.000000 0.152256086 -0.101824224 0.826724648 0.029684022 -0.528488994 0.151326686 0.834816456
733.000000 0.139955983 -0.105988771 0.833899319 0.031237228 -0.524531186 0.150636017 0.837376893
734.000000 0.129427552 -0.105813257 0.843281329 0.034304794 -0.521093786 0.149823204 0.839545965
735.000000 0.119333953 -0.110342912 0.852620900 0.036413804 -0.517247140 0.148510009 0.842065454
736.000000 0.108744502 -0.118272588 0.859378576 0.038019504 -0.512675762 0.147679865 0.844931185
737.000000 0.100131005 -0.119423866 0.868023813 0.042081393 -0.508504152 0.148711354 0.847075939
738.000000 0.092767745 -0.120380372 0.878376663 0.046471529 -0.505058527 0.150829405 0.848532140
739.000000 0.081904262 -0.124214135 0.885327578 0.050080802 -0.501544595 0.153606221 0.849911809
740.000000 0.074274242 -0.129574358 0.892616034 0.054846577 -0.498834640 0.156745896 0.850638926
741.000000 0.071493953 -0.128236145 0.903590858 0.061005160 -0.497292280 0.159612790 0.850589514
742.000000 0.058326542 -0.131645590 0.908168197 0.065114737 -0.494264334 0.161367401 0.851717889
743.000000 0.055340320 -0.130360320 0.917947888 0.068377748 -0.493083000 0.160859719 0.852242827
744.000000 0.050235063 -0.131747842 0.924408317 0.071713239 -0.491790354 0.160047799 0.852868199
745.000000 0.037902266 -0.138330117 0.928693771 0.074639864 -0.489911109 0.159551814 0.853791118
746.000000 0.030798882 -0.141171753 0.934615612 0.079023436 -0.488561302 0.160091788 0.854068935
747.000000 0.025754929 -0.143219471 0.940227270 0.084738456 -0.487008750 0.161110371 0.854216218
748.000000 0.019478858 -0.145872593 0.945502400 0.090082951 -0.485078365 0.162156001 0.854569733
749.000000 0.013869911 -0.150680169 0.950024724 0.095066153 -0.483170480 0.163409933 0.854871869
750.000000 0.009580016 -0.153029352 0.952875018 0.100006871 -0.481285870 0.164599448 0.855143011
751.000000 0.006198585 -0.152907774 0.960153222 0.104922056 -0.480250537 0.165448129 0.854972303
752.000000 0.000776470 -0.156114846 0.962958932 0.109314129 -0.478591263 0.167063862 0.855038285
753.000000 -0.001570970 -0.158653036 0.967942595 0.113416828 -0.477507621 0.168689787 0.854790509
754.000000 -0.007650137 -0.156588405 0.973060131 0.118461721 -0.476372689 0.170861661 0.854307950
755.000000 -0.013831198 -0.162359729 0.974013090 0.121612214 -0.475313127 0.173747942 0.853873253
756.000000 -0.021692365 -0.165096566 0.974457741 0.125295445 -0.474081546 0.175877228 0.853589475
757.000000 -0.027044237 -0.165978968 0.979044676 0.129152820 -0.473597974 0.177648529 0.852915883
758.000000 -0.029573500 -0.169241801 0.981425166 0.133579805 -0.472999901 0.180413514 0.851985037
759.000000 -0.039219141 -0.175284714 0.984613001 0.139260367 -0.472084016 0.183383182 0.850948811
760.000000 -0.041613758 -0.177739859 0.988984108 0.144676656 -0.472119302 0.185241967 0.849621952
761.000000 -0.052458525 -0.181844458 0.990217745 0.149558678 -0.471480340 0.187447503 0.848647118
762.000000 -0.061301351 -0.187332243 0.992264867 0.153771907 -0.471117228 0.188667908 0.847824991
763.000000 -0.071269393 -0.192369387 0.992601335 0.157479554 -0.470219672 0.190376788 0.847260475
764.000000 -0.081131876 -0.197212964 0.993373990 0.161299467 -0.469242990 0.191667229 0.846792281
765.000000 -0.090086192 -0.201279148 0.994070411 0.164620444 -0.467968017 0.193257093 0.846497297
766.000000 -0.099270016 -0.205702096 0.995452285 0.167941093 -0.466719151 0.194225505 0.846312881
767.000000 -0.108897984 -0.210049182 0.996107697 0.170980439 -0.465006590 0.195926934 0.846254826
768.000000 -0.114620596 -0.212786600 0.997727990 0.173850596 -0.463718444 0.197778091 0.845946252
769.000000 -0.122839510 -0.217831492 0.999627769 0.177288100 -0.462227821 0.198487103 0.845882535
770.000000 -0.132356703 -0.223355979 0.999160588 0.179996580 -0.460214168 0.199262843 0.846226037
771.000000 -0.141441226 -0.225868687 1.000240922 0.182542026 -0.458192796 0.200386196 0.846512377
772.000000 -0.151067883 -0.230142862 1.001052976 0.184955463 -0.456136614 0.201224372 0.846899986
773.000000 -0.162053436 -0.234582365 1.002303600 0.187404633 -0.453827024 0.202026784 0.847411215
774.000000 -0.169187635 -0.238210082 1.003210545 0.188787356 -0.452434063 0.203104138 0.847591579
775.000000 -0.179615706 -0.240125492 1.001486540 0.191158906 -0.450619787 0.205598712 0.847425044
776.000000 -0.188054949 -0.244329229 1.001993060 0.194206506 -0.449298650 0.207593158 0.846947253
777.000000 -0.196894705 -0.248442709 1.003616691 0.197610244 -0.448053360 0.208964035 0.846482396
778.000000 -0.205759585 -0.249659508 1.005379081 0.200638667 -0.446611404 0.210080475 0.846255600
779.000000 -0.213888407 -0.255387574 1.002196312 0.201917753 -0.443833739 0.211762443 0.846993208
780.000000 -0.221266478 -0.257732123 1.002789378 0.203911513 -0.441894710 0.212431446 0.847361863
781.000000 -0.228365064 -0.259599894 1.002831101 0.205234304 -0.439569950 0.212706909 0.848182142
782.000000 -0.237727523 -0.261596203 1.001687646 0.206381604 -0.436435401 0.213031515 0.849440038
783.000000 -0.244483918 -0.262678206 1.001664042 0.208533511 -0.433558464 0.213025868 0.850388646
784.000000 -0.251817405 -0.264908314 1.003920078 0.210278109 -0.431089610 0.212339640 0.851385176
785.000000 -0.259133399 -0.264223963 1.004589796 0.212263495 -0.427910388 0.211510777 0.852701664
786.000000 -0.264684469 -0.267536074 1.005027056 0.213488579 -0.424729645 0.210434139 0.854251027
787.000000 -0.268471926 -0.269580543 1.005038261 0.214517698 -0.421395630 0.208936155 0.856010258
788.000000 -0.275309175 -0.269433856 1.004190445 0.215264887 -0.417122394 0.207705215 0.858212352
789.000000 -0.281165004 -0.269928306 1.003640413 0.215620488 -0.413032025 0.206848934 0.860305667
790.000000 -0.284515172 -0.269012213 1.005832434 0.216504350 -0.409133554 0.207023755 0.861903012
791.000000 -0.288659394 -0.267526209 1.005834937 0.217701390 -0.405430108 0.206703112 0.863427103
792.000000 -0.292780638 -0.267223239 1.006064296 0.218318745 -0.401792765 0.205635294 0.865224600
793.000000 -0.297459066 -0.267257601 1.005655050 0.218066439 -0.398395687 0.204129428 0.867213428
794.000000 -0.302063495 -0.267329961 1.006786108 0.217630401 -0.395707041 0.200836420 0.869320214
795.000000 -0.305094481 -0.266528130 1.006139398 0.216953740 -0.393194616 0.197919801 0.871296048
796.000000 -0.308253855 -0.265481025 1.007152557 0.215247363 -0.390946984 0.195043638 0.873376727
797.000000 -0.310541749 -0.263844103 1.007578373 0.212845713 -0.388551027 0.191713884 0.875768542
798.000000 -0.312640667 -0.262582451 1.006931901 0.209768310 -0.385961413 0.188870594 0.878270447
799.000000 -0.315970898 -0.259288132 1.006721377 0.206863329 -0.383764118 0.187356070 0.880244493
800.000000 -0.317223012 -0.257417411 1.008584380 0.204351380 -0.382552534 0.184466824 0.881967187
801.000000 -0.319381624 -0.256321400 1.009012580 0.202626392 -0.381093413 0.182508886 0.883403003
802.000000 -0.320976883 -0.255230993 1.011752486 0.202567384 -0.379952312 0.180115849 0.884398639
803.000000 -0.323704958 -0.254015476 1.012293577 0.202516109 -0.377711356 0.177365795 0.885924757
804.000000 -0.325005710 -0.252818823 1.015322089 0.202214733 -0.375937730 0.174032554 0.887407839
805.000000 -0.327742487 -0.248991758 1.016388535 0.201278120 -0.373438120 0.171588749 0.889150381
806.000000 -0.328877330 -0.248897538 1.018193603 0.199135154 -0.371342242 0.168455154 0.891107738
807.000000 -0.329740345 -0.243019581 1.019966483 0.197893322 -0.369219571 0.165815428 0.892759979
808.000000 -0.332478702 -0.237314731 1.020196557 0.196263000 -0.367127031 0.164475441 0.894229472
809.000000 -0.334067374 -0.235394418 1.021302819 0.193432763 -0.365277410 0.162146106 0.896027267
810.000000 -0.333897144 -0.230519891 1.024742723 0.191226855 -0.364534587 0.160448506 0.897108138
811.000000 -0.334242463 -0.227995530 1.024932384 0.188643038 -0.364093989 0.158891499 0.898110688
812.000000 -0.337653816 -0.224228740 1.025598645 0.186775491 -0.363278270 0.157974750 0.898992658
813.000000 -0.336807013 -0.222129971 1.028300166 0.184557408 -0.363282591 0.156065702 0.899782121
814.000000 -0.339401543 -0.214618564 1.030701160 0.182761744 -0.362364203 0.155240417 0.900661290
815.000000 -0.339590311 -0.213941395 1.034551501 0.178892761 -0.362176418 0.153467491 0.901816726
816.000000 -0.341033697 -0.206720516 1.037100554 0.176106259 -0.361585051 0.152618498 0.902746022
817.000000 -0.342271924 -0.204632491 1.039293528 0.172469765 -0.361444533 0.152087271 0.903593659
818.000000 -0.343431234 -0.201783881 1.045606732 0.170276448 -0.362022787 0.151039660 0.903953791
819.000000 -0.344486505 -0.197766274 1.048879743 0.167994976 -0.362061799 0.150123924 0.904517412
820.000000 -0.345709085 -0.192018002 1.052705050 0.166407302 -0.362125665 0.149235979 0.904932201
821.000000 -0.346137345 -0.186752558 1.058485866 0.165352747 -0.362012655 0.146164164 0.905671775
822.000000 -0.348768651 -0.184203699 1.062906384 0.162392333 -0.360620648 0.143842340 0.907133341
823.000000 -0.351293355 -0.182464838 1.068741560 0.159608901 -0.359159619 0.141880661 0.908514857
824.000000 -0.350345552 -0.180145755 1.074558616 0.157911256 -0.358076155 0.138806283 0.909713328
825.000000 -0.352797985 -0.177889138 1.081317663 0.156914338 -0.356704950 0.136215404 0.910815477
826.000000 -0.354032755 -0.174147308 1.086269498 0.155854896 -0.355447829 0.133286148 0.911921501
827.000000 -0.355970919 -0.173357442 1.090126634 0.152309686 -0.354051024 0.129876614 0.913554430
828.000000 -0.356772542 -0.166544303 1.097454906 0.148805082 -0.352568775 0.126012281 0.915244877
829.000000 -0.359110296 -0.162087008 1.101855993 0.144089282 -0.350539654 0.122911736 0.917198420
830.000000 -0.358785689 -0.156461403 1.108350992 0.138784185 -0.349385828 0.120440297 0.918783247
831.000000 -0.361613125 -0.146288067 1.114464998 0.134732202 -0.347865909 0.117965542 0.920282960
832.000000 -0.362493694 -0.141641110 1.121619940 0.130813077 -0.347360015 0.115702979 0.921326101
833.000000 -0.367106557 -0.134477288 1.125805020 0.127837375 -0.346669763 0.114266366 0.922182679
834.000000 -0.369319439 -0.133188367 1.130714417 0.123492599 -0.346212029 0.111704357 0.923259974
835.000000 -0.370986015 -0.131199241 1.137334943 0.119095244 -0.345713794 0.108338565 0.924424708
836.000000 -0.376635760 -0.124526441 1.141903996 0.115983918 -0.344245970 0.105919324 0.925647616
837.000000 -0.377359271 -0.121872187 1.148029089 0.111548103 -0.343235135 0.101783864 0.927031100
838.000000 -0.377919525 -0.114629582 1.154594898 0.107724480 -0.341252595 0.097870946 0.928635240
839.000000 -0.380647302 -0.111110032 1.154539585 0.103248455 -0.337908596 0.095501706 0.930611074
840.000000 -0.384526223 -0.105132654 1.160004735 0.100798070 -0.335141361 0.093257084 0.932106853
841.000000 -0.386033148 -0.101771966 1.164296508 0.098315261 -0.333372295 0.092151746 0.933115780
842.000000 -0.388581216 -0.101229072 1.168709517 0.094883464 -0.332049906 0.090428479 0.934110641
843.000000 -0.392354280 -0.094621390 1.173072338 0.092017114 -0.330643564 0.088079996 0.935120106
844.000000 -0.393694729 -0.090074852 1.178040266 0.088467240 -0.329174429 0.085416675 0.936227381
845.000000 -0.395156205 -0.087220147 1.180784106 0.084680058 -0.326821744 0.082683772 0.937646151
846.000000 -0.396626055 -0.081653953 1.185945392 0.081988037 -0.324840426 0.080236450 0.938785791
847.000000 -0.398120940 -0.079974413 1.188232183 0.078286193 -0.322655350 0.079210535 0.939941764
848.000000 -0.399606943 -0.078252256 1.190466046 0.074781448 -0.320680827 0.078496926 0.940962136
849.000000 -0.399340808 -0.072250247 1.194563150 0.072368927 -0.319384456 0.078441121 0.941596150
850.000000 -0.401670933 -0.067503318 1.196480036 0.070107132 -0.318204284 0.078285195 0.942179620
851.000000 -0.402098387 -0.061863869 1.201103091 0.067699529 -0.317673385 0.078161336 0.942545056
852.000000 -0.405725420 -0.051760182 1.201251626 0.065370142 -0.315765381 0.077309877 0.943420470
853.000000 -0.406265497 -0.048680082 1.206112862 0.062623195 -0.314403176 0.075426750 0.944213808
854.000000 -0.407110214 -0.047696888 1.208459973 0.060198519 -0.312178731 0.073395029 0.945269108
855.000000 -0.406683058 -0.044356227 1.208990335 0.058418848 -0.309667110 0.071899071 0.946321309
856.000000 -0.407544613 -0.044572294 1.212845683 0.057440370 -0.307829231 0.070536561 0.947083056
857.000000 -0.412571549 -0.037457332 1.212457180 0.058049910 -0.306306452 0.070768453 0.947522223
858.000000 -0.412428349 -0.036294028 1.212729692 0.056690380 -0.305760950 0.070033655 0.947835267
859.000000 -0.412636846 -0.029864535 1.216125011 0.054877158 -0.305094272 0.069458902 0.948199034
860.000000 -0.412744761 -0.023927227 1.216992259 0.052998088 -0.304550886 0.069125563 0.948504925
861.000000 -0.413840950 -0.020951226 1.215662479 0.050799116 -0.303878099 0.068667263 0.948874235
862.000000 -0.416549057 -0.014807001 1.214360952 0.048610725 -0.302835703 0.068171971 0.949357748
863.000000 -0.415887058 -0.013041109 1.217883706 0.045479693 -0.302291751 0.067229860 0.949753344
864.000000 -0.416964561 -0.008459181 1.218358755 0.043450236 -0.300720811 0.066754274 0.950380445
865.000000 -0.421256930 -0.010638699 1.216284156 0.040868256 -0.299107254 0.067657344 0.950940132
866.000000 -0.416364372 -0.003225416 1.221694589 0.040625233 -0.300017834 0.067900285 0.950646341
867.000000 -0.423411667 0.001731187 1.220856905 0.039591629 -0.299393505 0.067402899 0.950922132
868.000000 -0.423235595 0.007624790 1.220945239 0.038094137 -0.299031615 0.066972427 0.951127529
869.000000 -0.422989279 0.006111592 1.221304774 0.035208721 -0.298044622 0.066027962 0.951614439
870.000000 -0.421730816 0.008757725 1.221286297 0.033471871 -0.297494471 0.065751970 0.951868355
871.000000 -0.423116356 0.007831983 1.221571207 0.031404406 -0.297080189 0.064960249 0.952122509
872.000000 -0.422764242 0.013571978 1.223156214 0.029943062 -0.297176719 0.064771339 0.952152371
873.000000 -0.425921589 0.015819214 1.224109888 0.028253552 -0.296902925 0.064373672 0.952316344
874.000000 -0.430611610 0.017565198 1.223150492 0.026920874 -0.296387255 0.064040788 0.952538013
875.000000 -0.426812440 0.013160385 1.227567434 0.025624419 -0.297445983 0.062963642 0.952315509
876.000000 -0.429998368 0.020365536 1.226251721 0.025817061 -0.297242552 0.063311808 0.952350736
877.000000 -0.428103209 0.013807729 1.227799892 0.024732511 -0.297658056 0.063147552 0.952260673
878.000000 -0.434647083 0.022219539 1.228183627 0.025866466 -0.297018945 0.063388258 0.952414095
879.000000 -0.435876131 0.021622695 1.229503155 0.025676155 -0.296893805 0.063594759 0.952444494
880.000000 -0.434166014 0.016744643 1.230481386 0.025600899 -0.297081083 0.063706033 0.952380657
