0.000000 0.000000000 0.000000000 0.000000000 0.000000000 0.000000000 0.000000000 1.000000000
1.000000 -0.000817778 0.001419147 0.000126127 0.002059963 -0.000413102 0.000427802 0.999997675
2.000000 -0.001117625 0.000943714 -0.000370120 0.002531523 -0.000510190 0.000300973 0.999996603
3.000000 -0.001127228 0.001920710 -0.000837411 0.000692892 -0.000810823 0.000156759 0.999999404
4.000000 -0.000823651 0.001836804 -0.000466856 0.000426426 -0.000254272 -0.000189950 0.999999881
5.000000 -0.000749218 0.002284418 -0.000485431 0.000438888 0.000180595 -0.000433657 0.999999762
6.000000 -0.000865036 0.000387163 -0.000977205 -0.001274313 0.000347000 -0.000773284 0.999998808
7.000000 -0.001070280 0.001156967 -0.000512720 -0.001965707 0.000531376 -0.000448884 0.999997854
8.000000 -0.001794535 0.000865299 -0.000304832 -0.001228783 0.000542843 -0.000451488 0.999998987
9.000000 -0.000522860 0.001761441 -0.000843122 -0.000744719 0.000235226 -0.000685564 0.999999464
10.000000 -0.000659556 0.000453985 -0.000252783 -0.001660646 0.000340118 -0.000415922 0.999998450
11.000000 -0.000391179 0.000306431 0.000224772 -0.001229592 0.000307212 -0.000367736 0.999999106
12.000000 0.000435241 -0.000828449 0.000582957 -0.000296211 0.000094772 -0.000051034 0.999999940
13.000000 0.000192529 0.000222893 0.000207624 0.001006089 0.000095051 0.000447942 0.999999404
14.000000 -0.001348649 -0.000185553 0.000564732 0.001629759 0.000232271 0.000975709 0.999998152
15.000000 0.000129175 0.000446782 0.001023692 0.002508577 -0.000428010 0.001134591 0.999996126
16.000000 -0.000951982 0.001346031 0.000810164 0.002934007 -0.000320753 0.001127366 0.999994993
17.000000 0.000013039 0.000204577 -0.000392730 0.002789314 -0.000814753 0.001008119 0.999995291
18.000000 0.000321043 0.000563997 -0.000532907 0.002430880 -0.001011220 0.000365260 0.999996483
19.000000 -0.000906724 -0.000461140 -0.000167495 0.001787647 -0.000650618 -0.000361802 0.999998093
20.000000 -0.000526811 0.000246361 0.000042789 0.001211026 -0.000586775 -0.001042865 0.999998569
21.000000 -0.000282372 0.000594020 -0.000436789 0.000723614 -0.000439802 -0.001425838 0.999998629
22.000000 0.001141328 0.001009476 -0.000890127 0.000557231 -0.000912335 -0.002057909 0.999997318
23.000000 0.000560824 0.000522494 -0.000873288 -0.000051958 -0.000949989 -0.002437578 0.999996603
24.000000 -0.000026112 0.000771032 -0.000533533 -0.000113804 -0.000849294 -0.002571724 0.999996305
25.000000 -0.001256263 0.001040543 -0.000832754 0.000002780 -0.001024780 -0.002506000 0.999996305
26.000000 0.000549869 -0.000342000 -0.000544510 0.000002864 -0.001498793 -0.002759205 0.999995053
27.000000 -0.000184329 0.001408487 -0.001465225 0.000479843 -0.001296332 -0.003036717 0.999994457
28.000000 0.000231014 -0.001228299 -0.000209505 -0.000275329 -0.001301116 -0.003368776 0.999993443
29.000000 -0.001043327 0.000143974 -0.000589254 0.000077655 -0.001084193 -0.003451852 0.999993443
30.000000 -0.000036415 -0.000674761 -0.000639525 0.000307666 -0.001268514 -0.003923146 0.999991417
31.000000 -0.001319937 -0.000022593 -0.000599693 0.000423715 -0.000831558 -0.003943345 0.999991775
32.000000 -0.001044419 -0.001189289 -0.000401770 -0.000650563 -0.001022704 -0.004413145 0.999989510
33.000000 -0.000408020 0.000055139 -0.000181176 -0.000212493 -0.001213134 -0.004633978 0.999988496
34.000000 -0.002316251 0.001657008 -0.000994156 -0.000032262 -0.000660790 -0.005032963 0.999987125
35.000000 -0.001430862 -0.000357762 0.000062803 -0.001209265 -0.000340307 -0.005430259 0.999984443
36.000000 -0.001446091 -0.000182152 0.000417028 -0.001529847 0.000664964 -0.005445594 0.999983788
37.000000 -0.002696061 0.000158240 0.000467753 -0.001421220 0.001855515 -0.005372867 0.999982834
38.000000 -0.004748166 0.001055070 -0.000259038 -0.001695681 0.003502235 -0.005126275 0.999979317
39.000000 -0.005626241 0.003429078 -0.000027294 -0.003106607 0.004468638 -0.004441875 0.999975324
40.000000 -0.004940557 0.001995451 0.000145145 -0.004241538 0.004525612 -0.003436025 0.999974847
41.000000 -0.004275146 -0.000754339 0.001357444 -0.004218887 0.004650315 -0.002674871 0.999976695
42.000000 -0.005257734 0.000464454 0.001365533 -0.003883153 0.005075184 -0.001850158 0.999977887
43.000000 -0.004544035 0.000232614 0.001818020 -0.003698856 0.005274980 -0.001652917 0.999977887
44.000000 -0.003939874 0.001173382 0.002713657 -0.002630847 0.005905871 -0.002145337 0.999976814
45.000000 -0.004992631 0.000485066 0.003387208 -0.002640173 0.006917747 -0.003153336 0.999967635
46.000000 -0.008069251 0.005016854 0.003996511 -0.002687571 0.008607370 -0.004248249 0.999950290
47.000000 -0.009268627 0.006153260 0.005175271 -0.003258337 0.009851703 -0.005740372 0.999929667
48.000000 -0.008498025 0.005386664 0.006597910 -0.004023121 0.009920796 -0.007648836 0.999913454
49.000000 -0.009508335 0.005221325 0.008330444 -0.006093591 0.010471624 -0.009430588 0.999882162
50.000000 -0.008468056 0.007361661 0.010217556 -0.007049870 0.010573969 -0.011304731 0.999855340
51.000000 -0.008832294 0.006970713 0.012122584 -0.007830438 0.010531718 -0.012945132 0.999830127
52.000000 -0.004888231 0.002301655 0.014069929 -0.009477415 0.009338208 -0.013999439 0.999813497
53.000000 -0.007153579 0.008824470 0.014998895 -0.009474146 0.009778244 -0.015151610 0.999792516
54.000000 -0.005217708 0.008724104 0.017432019 -0.011032448 0.009120212 -0.016168948 0.999766827
55.000000 -0.005713071 0.005342989 0.020456966 -0.012452197 0.008079365 -0.016646175 0.999751270
56.000000 -0.005262606 0.010445897 0.022705134 -0.011126752 0.006168584 -0.017491816 0.999766111
57.000000 -0.002546956 0.000323616 0.025164003 -0.013335045 0.004306824 -0.018719511 0.999726534
58.000000 -0.000402972 0.006868744 0.027167663 -0.010003055 0.002341481 -0.020293364 0.999741316
59.000000 0.001719183 0.006734333 0.030032571 -0.008762231 0.000481181 -0.022765016 0.999702334
60.000000 0.003090291 0.003299218 0.033984806 -0.009580252 -0.001072512 -0.025201906 0.999635875
61.000000 0.004841564 0.004084345 0.035841051 -0.008990774 -0.002895399 -0.027463017 0.999578178
62.000000 0.004107661 0.006569638 0.037700657 -0.007960508 -0.004491057 -0.029819626 0.999513507
63.000000 0.005832118 0.003196509 0.041615784 -0.008744416 -0.007156851 -0.032055575 0.999422193
64.000000 0.009365721 0.005944870 0.044787981 -0.007813985 -0.010506791 -0.034396552 0.999322474
65.000000 0.008855504 0.005164998 0.048381235 -0.008545944 -0.012622522 -0.037948422 0.999163389
66.000000 0.009964556 0.005092717 0.050797332 -0.009717801 -0.015086822 -0.040545512 0.999016523
67.000000 0.008180073 0.005111497 0.053700455 -0.007812439 -0.016684452 -0.044571511 0.998836339
68.000000 0.013559158 0.005851346 0.055699695 -0.005869149 -0.020693604 -0.047615293 0.998634160
69.000000 0.016944058 0.006065066 0.058103975 -0.005548934 -0.024085149 -0.050005589 0.998443067
70.000000 0.016898528 0.003424992 0.061213203 -0.006634909 -0.026874287 -0.051515277 0.998288512
71.000000 0.017701346 0.006348061 0.064474121 -0.005369804 -0.030125447 -0.052587129 0.998147428
72.000000 0.020339107 0.007095932 0.066792533 -0.005514081 -0.033361267 -0.053763896 0.997981012
73.000000 0.020481303 0.004554384 0.068856589 -0.006755518 -0.036512278 -0.055389281 0.997774124
74.000000 0.020699264 0.003749835 0.072007865 -0.006016722 -0.039932963 -0.057331547 0.997538090
75.000000 0.023819882 0.004232973 0.074999347 -0.004664379 -0.044283010 -0.060067806 0.997200668
76.000000 0.028350472 0.005187446 0.077161595 -0.005092639 -0.048645668 -0.062993452 0.996814668
77.000000 0.028117131 0.006884527 0.079912886 -0.006020891 -0.052013148 -0.066371426 0.996420205
78.000000 0.029634645 0.008839363 0.082576737 -0.005488861 -0.055197027 -0.069593020 0.996032119
79.000000 0.031606119 0.008148082 0.084494248 -0.005152230 -0.059063226 -0.072784021 0.995584011
80.000000 0.028509172 0.005619506 0.086330682 -0.006719094 -0.062625878 -0.075624652 0.995145082
81.000000 0.032647688 0.008559963 0.089529440 -0.006606034 -0.067681998 -0.079024650 0.994550467
82.000000 0.032036930 0.007652128 0.091245160 -0.007685304 -0.071934365 -0.082167529 0.993989348
83.000000 0.031107867 0.008234860 0.093122326 -0.009551817 -0.075670667 -0.084823631 0.993472517
84.000000 0.034594089 0.009140566 0.097516567 -0.011027341 -0.080739215 -0.087368704 0.992837489
85.000000 0.031941932 0.008148298 0.098894708 -0.011850814 -0.084496066 -0.089814641 0.992296934
86.000000 0.034913078 0.005146605 0.103030533 -0.012868024 -0.089860633 -0.092338353 0.991581082
87.000000 0.035125248 0.010292716 0.105141871 -0.011402123 -0.093871973 -0.094980940 0.990977645
88.000000 0.037574261 0.003620196 0.108460531 -0.013165521 -0.098181255 -0.097918697 0.990252018
89.000000 0.039164402 0.004246800 0.111609243 -0.012561151 -0.101946861 -0.101003475 0.989569247
90.000000 0.041462548 0.006114022 0.114604704 -0.011246697 -0.106112115 -0.104141884 0.988821626
91.000000 0.040637027 0.003249077 0.117037639 -0.012019381 -0.109207928 -0.107012957 0.988168716
92.000000 0.040074203 0.003087488 0.120207816 -0.012454740 -0.112460338 -0.109092548 0.987570941
93.000000 0.042117447 0.004877971 0.123865992 -0.012958249 -0.116694652 -0.110330686 0.986935437
94.000000 0.041736275 0.007661118 0.126596779 -0.012783108 -0.120896742 -0.111874938 0.986257851
95.000000 0.044027157 0.006416686 0.130149782 -0.014296210 -0.126303196 -0.113802448 0.985338628
96.000000 0.042780571 0.001773575 0.132795244 -0.015898451 -0.130982354 -0.116668873 0.984367430
97.000000 0.045454968 0.005861412 0.135638699 -0.013309234 -0.135770425 -0.119996667 0.983356535
98.000000 0.044245001 0.002182081 0.140367687 -0.013780194 -0.139741004 -0.123291671 0.982385755
99.000000 0.049286086 0.005432379 0.144070059 -0.012327350 -0.145195350 -0.126403034 0.981217921
100.000000 0.048031330 0.004565886 0.146196544 -0.009912178 -0.149103209 -0.129088283 0.980309188
101.000000 0.047991000 0.003015089 0.149830356 -0.007999114 -0.153330818 -0.130831346 0.979443133
102.000000 0.050433196 0.006165711 0.152524292 -0.005286099 -0.158502996 -0.133166477 0.978322804
103.000000 0.050257277 0.004521862 0.156178027 -0.002627484 -0.163434789 -0.134735256 0.977306783
104.000000 0.050425611 0.004388713 0.157961249 -0.000483264 -0.167533025 -0.136593372 0.976357877
105.000000 0.050078694 0.005399751 0.160950795 0.002240227 -0.171366498 -0.138144955 0.975471377
106.000000 0.052380029 0.002345975 0.164689496 0.003923254 -0.176024795 -0.139536455 0.974438012
107.000000 0.053663101 0.003944858 0.167738155 0.005488684 -0.180372700 -0.140562996 0.973487318
108.000000 0.052165408 -0.000749632 0.170397475 0.006185970 -0.184424967 -0.141718194 0.972555935
109.000000 0.051436514 -0.003525228 0.172772869 0.008193874 -0.189585641 -0.141881704 0.971524417
110.000000 0.051301714 -0.001633231 0.175598592 0.011269202 -0.195508957 -0.141481131 0.970377445
111.000000 0.052284710 -0.003423687 0.178404123 0.013102650 -0.201968178 -0.141353756 0.969049156
112.000000 0.050909594 -0.002237157 0.179181129 0.015286726 -0.207519516 -0.141270936 0.967855632
113.000000 0.051859271 -0.004286322 0.182523653 0.017234636 -0.213911295 -0.141383603 0.966413796
114.000000 0.053325541 -0.004531352 0.185799122 0.018754037 -0.220153049 -0.141641468 0.964944899
115.000000 0.052808337 -0.004414873 0.187843934 0.020393629 -0.225572273 -0.142817050 0.963485599
116.000000 0.051458299 -0.004868204 0.189980179 0.021896252 -0.230801702 -0.143173367 0.962160349
117.000000 0.052278705 -0.003868077 0.192500651 0.023233790 -0.237450168 -0.143543318 0.960454583
118.000000 0.050910011 -0.005399567 0.195108980 0.024630090 -0.244433582 -0.143391281 0.958688974
119.000000 0.054820083 -0.005094166 0.199302465 0.026641766 -0.251612157 -0.144214347 0.956652403
120.000000 0.057313874 -0.006063308 0.203905463 0.027439488 -0.258935124 -0.144915089 0.954567611
121.000000 0.056280442 -0.007776411 0.207091212 0.028639909 -0.265594989 -0.146495357 0.952458978
122.000000 0.056907423 -0.007114749 0.211711511 0.030027786 -0.272417784 -0.147234276 0.950373054
123.000000 0.056129843 -0.006632441 0.212670982 0.031381164 -0.278324544 -0.147872075 0.948517025
124.000000 0.054169275 -0.010858273 0.214910537 0.031545337 -0.284588754 -0.147909716 0.946645081
125.000000 0.055310197 -0.007101107 0.219998688 0.034464296 -0.291333675 -0.149014547 0.944315434
126.000000 0.056374013 -0.007523252 0.223221660 0.035280753 -0.297739178 -0.150802106 0.942000687
127.000000 0.058129884 -0.007496048 0.227500975 0.036525026 -0.304197550 -0.152525663 0.939609289
128.000000 0.058221050 -0.006417013 0.228663892 0.038255598 -0.309779823 -0.153370023 0.937576950
129.000000 0.058051407 -0.008199529 0.233385473 0.038063444 -0.315702170 -0.154108241 0.935485959
130.000000 0.058424927 -0.009639230 0.235919684 0.036651291 -0.321538687 -0.154832736 0.933432579
131.000000 0.057894051 -0.010384154 0.238792270 0.036090251 -0.327621281 -0.155700102 0.931192338
132.000000 0.060430847 -0.010512782 0.242669195 0.036336806 -0.334458917 -0.156827450 0.928559124
133.000000 0.058713824 -0.010547478 0.242792055 0.035819143 -0.340076715 -0.158475056 0.926256180
134.000000 0.059245065 -0.010611625 0.245242506 0.036924768 -0.346340775 -0.160343900 0.923566163
135.000000 0.060676135 -0.009057948 0.249823004 0.037659816 -0.353654146 -0.161751702 0.920514464
136.000000 0.060814358 -0.008647150 0.251570672 0.036891926 -0.360531628 -0.162652224 0.917714655
137.000000 0.061510518 -0.008692859 0.253541589 0.036006868 -0.367121100 -0.162833825 0.915101469
138.000000 0.063153908 -0.009836759 0.257333994 0.035794254 -0.374778837 -0.162480593 0.912063420
139.000000 0.064210892 -0.003982260 0.256887615 0.037361246 -0.382310003 -0.161449328 0.909052968
140.000000 0.065369427 -0.007009405 0.265934527 0.034278370 -0.398479134 -0.160795435 0.902321577
141.000000 0.064475715 -0.007932233 0.265489995 0.033483826 -0.406073362 -0.159523413 0.899186075
142.000000 0.063957609 -0.006475603 0.267724186 0.032466844 -0.413689166 -0.158182055 0.895983100
143.000000 0.064434618 -0.005984327 0.270834953 0.031342387 -0.421290040 -0.157169014 0.892653525
144.000000 0.062593088 -0.006828548 0.269778222 0.030627578 -0.427671194 -0.156117409 0.889823973
145.000000 0.061932273 -0.006894788 0.273830712 0.031219307 -0.435111254 -0.154874384 0.886407018
146.000000 0.062295370 -0.006077705 0.272143722 0.032569412 -0.442102849 -0.153591484 0.883116066
147.000000 0.059304260 -0.003970740 0.270847976 0.032732219 -0.448022723 -0.153839901 0.880078137
148.000000 0.060053945 -0.005158033 0.275044590 0.031862974 -0.455480218 -0.153881356 0.876266539
149.000000 0.059057184 -0.002912199 0.276640773 0.031933043 -0.462241441 -0.153749615 0.872739494
150.000000 0.057501666 -0.003804106 0.278378904 0.031527117 -0.468492776 -0.153694391 0.869424284
151.000000 0.057303958 -0.001519939 0.277816027 0.031795867 -0.474706024 -0.153060481 0.866149962
152.000000 0.055054136 -0.005169497 0.282106578 0.031497836 -0.481787473 -0.152846605 0.862279892
153.000000 0.055082411 -0.000260395 0.283489138 0.033315878 -0.488314480 -0.152035654 0.858675838
154.000000 0.052710213 -0.004544942 0.288372248 0.032768540 -0.494615287 -0.152590409 0.854984224
155.000000 0.050634407 -0.005792262 0.296558321 0.032311112 -0.505330205 -0.151639923 0.848883152
156.000000 0.048504718 -0.002930402 0.295026690 0.031660169 -0.510439038 -0.150917456 0.845974922
157.000000 0.047558025 -0.004700794 0.297715038 0.031105276 -0.516623616 -0.150467008 0.842313588
158.000000 0.046123952 -0.004054872 0.301970899 0.030584548 -0.522799194 -0.151300356 0.838363767
159.000000 0.044782318 -0.001484269 0.301310122 0.030738881 -0.528065443 -0.151842654 0.834952593
160.000000 0.043593243 -0.003973367 0.304512382 0.030594777 -0.534252107 -0.152242944 0.830939651
161.000000 0.041022241 0.000724952 0.304102868 0.031571753 -0.538790405 -0.154343307 0.827578545
162.000000 0.039403312 0.000077541 0.302576989 0.030165620 -0.543622255 -0.155072317 0.824328482
163.000000 0.037215695 0.000089632 0.307374597 0.030111836 -0.549908400 -0.155611172 0.820048273
164.000000 0.037498370 -0.000081788 0.310100138 0.029398872 -0.556407928 -0.155995488 0.815604925
165.000000 0.034551986 0.000719663 0.309222579 0.028417485 -0.561415136 -0.156572938 0.812090158
166.000000 0.034747273 0.000253978 0.313269675 0.027762214 -0.567812443 -0.155689433 0.807823718
167.000000 0.031525306 -0.001329229 0.314374417 0.027556570 -0.573080719 -0.155561909 0.804126680
168.000000 0.031358160 -0.000000002 0.318367213 0.026933178 -0.578589737 -0.156128019 0.800082862
169.000000 0.030449629 0.002163056 0.319063634 0.026867131 -0.583731592 -0.155131906 0.796536088
170.000000 0.026992969 0.000063261 0.316666335 0.026251653 -0.588707328 -0.154622585 0.792985737
171.000000 0.026938096 0.001958588 0.318293333 0.025151771 -0.593951762 -0.154542074 0.789116919
172.000000 0.025299139 0.000689118 0.321876049 0.022945609 -0.599349260 -0.154658660 0.785069883
173.000000 0.025228851 0.001168516 0.325095534 0.021290218 -0.605124652 -0.153049961 0.780990779
174.000000 0.023602352 0.000705038 0.324807078 0.019387331 -0.610902667 -0.151220620 0.776887596
175.000000 0.022527881 0.000921822 0.322086483 0.017135033 -0.615727544 -0.149545759 0.773448110
176.000000 0.021961436 0.000865379 0.326596349 0.015174474 -0.622429848 -0.147576123 0.768486917
177.000000 0.021271292 -0.001121615 0.324733675 0.012729375 -0.628314912 -0.146300346 0.763972878
178.000000 0.020296589 0.000848867 0.327584833 0.011452573 -0.634774745 -0.144485429 0.758982062
179.000000 0.019496396 0.002918420 0.323728323 0.010428064 -0.640473127 -0.142180040 0.754632473
180.000000 0.019600239 0.000596622 0.325250894 0.008344412 -0.646752119 -0.140587032 0.749584794
181.000000 0.018547803 0.004115200 0.324107230 0.006998974 -0.652607620 -0.138101265 0.744971395
182.000000 0.018092386 0.003356074 0.324832112 0.005894963 -0.658978879 -0.136394873 0.739667833
183.000000 0.017501466 0.006285293 0.325131476 0.004072058 -0.672484159 -0.131986499 0.728236258
184.000000 0.017795635 0.009274716 0.326952666 0.004785183 -0.679804265 -0.129489064 0.721855819
185.000000 0.017040037 0.006202247 0.326947778 0.004614976 -0.686429977 -0.129107088 0.715628386
186.000000 0.016294464 0.007644949 0.330648690 0.003807640 -0.693196714 -0.128741518 0.709146917
187.000000 0.017228523 0.007636487 0.327661306 0.003139653 -0.698867857 -0.128605276 0.703586936
188.000000 0.017003926 0.008822897 0.331377864 0.002028998 -0.705391705 -0.129626170 0.696861148
189.000000 0.015709316 0.002833913 0.337453067 0.000051378 -0.712130368 -0.132259578 0.689476430
190.000000 0.018274378 0.010659086 0.331114143 0.002157902 -0.717290819 -0.131468296 0.684255302
191.000000 0.017431568 0.008340228 0.330857486 0.003514911 -0.723275185 -0.131885618 0.677839816
192.000000 0.018677551 0.008291405 0.331432581 0.003368465 -0.728753746 -0.132605031 0.671805561
193.000000 0.018371282 0.010250961 0.331159860 0.003157257 -0.733848751 -0.132724449 0.666213393
194.000000 0.018132024 0.010282932 0.332546562 0.002813087 -0.739257276 -0.132543832 0.660244644
195.000000 0.019524299 0.009693935 0.332105935 0.002453056 -0.743999362 -0.132362291 0.654934525
196.000000 0.018922955 0.009536152 0.335265875 0.001415906 -0.749166787 -0.131627798 0.649169683
197.000000 0.019628763 0.009794900 0.335204661 0.000465046 -0.753979266 -0.131340608 0.643634081
198.000000 0.022380840 0.017956264 0.334627062 0.001375326 -0.758402705 -0.129441947 0.638802111
199.000000 0.020749703 0.011946508 0.339760959 0.000184189 -0.763439000 -0.129365429 0.632791817
200.000000 0.022021756 0.018221192 0.335225612 -0.000493992 -0.767111599 -0.127528429 0.628709853
201.000000 0.023200128 0.020846725 0.337148607 -0.001020349 -0.771584928 -0.126221985 0.623477042
202.000000 0.023685969 0.020358980 0.335085928 -0.001635469 -0.775489926 -0.125050738 0.618849635
203.000000 0.021379754 0.013461122 0.337510288 -0.002977455 -0.780078053 -0.124792308 0.613103807
204.000000 0.021334797 0.021215858 0.342139632 -0.002224194 -0.784575224 -0.121944427 0.607919574
205.000000 0.023692235 0.014352107 0.337403774 -0.003814399 -0.787894607 -0.121414229 0.603710294
206.000000 0.021998934 0.014526218 0.341190457 -0.003749652 -0.792511880 -0.118932225 0.598135412
207.000000 0.024704583 0.013630915 0.338652700 -0.004020729 -0.795915067 -0.116159476 0.594146430
208.000000 0.023052871 0.015893389 0.336679965 -0.004286118 -0.799489379 -0.113558307 0.589832962
209.000000 0.022732705 0.014039909 0.338514090 -0.005891683 -0.803224146 -0.112177484 0.584989369
210.000000 0.024189927 0.014764596 0.336987436 -0.007023324 -0.806370497 -0.110856779 0.580885649
211.000000 0.023060843 0.012841217 0.337109923 -0.007975958 -0.809697628 -0.109935619 0.576402962
212.000000 0.023487292 0.013910370 0.337395012 -0.008592837 -0.813036561 -0.107901312 0.572062075
213.000000 0.023661427 0.015193261 0.335161895 -0.009582724 -0.815831959 -0.106099129 0.568391919
214.000000 0.023405306 0.014332222 0.336689711 -0.010249028 -0.818758726 -0.105025753 0.564356863
215.000000 0.022706866 0.014109656 0.338279426 -0.010618741 -0.821795404 -0.103110686 0.560274661
216.000000 0.026088305 0.017938668 0.332995147 -0.010496432 -0.824133039 -0.100550227 0.557300866
217.000000 0.021919169 0.013561210 0.336902022 -0.011338947 -0.827682376 -0.098810554 0.552313089
218.000000 0.021730840 0.012303852 0.337859213 -0.011928803 -0.830571353 -0.096548043 0.548349679
219.000000 0.022560932 0.012534376 0.337632239 -0.010969662 -0.833392978 -0.094659530 0.544403613
220.000000 0.021206871 0.013611648 0.337430388 -0.010138906 -0.836210668 -0.092219129 0.540503919
221.000000 0.021083534 0.012877351 0.335859269 -0.008882275 -0.838662744 -0.090480559 0.537009418
222.000000 0.021380268 0.007397799 0.332149744 -0.008351768 -0.840546429 -0.088927798 0.534325480
223.000000 0.022102140 0.013964403 0.335702717 -0.006891922 -0.843097746 -0.085589044 0.530860960
224.000000 0.025007956 0.014283929 0.329265684 -0.007099917 -0.844724178 -0.082971886 0.528683662
225.000000 0.023214333 0.014680201 0.329280257 -0.006684112 -0.847399116 -0.080029130 0.524848044
226.000000 0.023787409 0.016731858 0.329509795 -0.006029813 -0.849929988 -0.077416681 0.521142304
227.000000 0.022132374 0.013295308 0.327812225 -0.005706709 -0.852290690 -0.075315684 0.517586172
228.000000 0.023999080 0.015722893 0.327563763 -0.005391955 -0.854089677 -0.071767479 0.515122354
229.000000 0.022771388 0.011685070 0.327824712 -0.006026475 -0.855837584 -0.070304200 0.512408972
230.000000 0.020743847 0.012602376 0.326326042 -0.005653344 -0.857731998 -0.068030871 0.509544611
231.000000 0.021181315 0.010357494 0.323630154 -0.005943751 -0.859290063 -0.065579668 0.507232308
232.000000 0.018060416 0.008632777 0.325404376 -0.005154363 -0.861342669 -0.062894575 0.504089713
233.000000 0.018491253 0.009717312 0.322814226 -0.003604788 -0.862550437 -0.059964560 0.502392471
234.000000 0.016296536 0.009701004 0.323749602 -0.002180729 -0.863921046 -0.057675198 0.500309169
235.000000 0.016488150 0.007684940 0.323005319 0.000613220 0.864755988 0.055951238 -0.499065250
236.000000 0.018089712 0.011065003 0.322314620 -0.000946469 0.865645409 0.053177036 -0.497824579
237.000000 0.016806558 0.008614465 0.317723840 -0.003805239 0.867046535 0.049332786 -0.495764196
238.000000 0.013580695 0.009828983 0.317474067 -0.005934207 0.868243933 0.046190713 -0.493947089
239.000000 0.016583771 0.005227184 0.312064767 -0.007787055 0.868859529 0.044005878 -0.493037552
240.000000 0.014782697 0.006888811 0.312652916 -0.010095881 0.870127678 0.039602265 -0.491128832
241.000000 0.014110863 0.004250210 0.310183436 -0.012703691 0.870973885 0.036149003 -0.489833027
242.000000 0.014388472 0.003199982 0.308512092 -0.014968093 0.871540844 0.032550734 -0.489012271
243.000000 0.013153285 0.000777332 0.308320761 -0.016309153 0.872233510 0.028935067 -0.487960517
244.000000 0.012565300 0.001314738 0.306681454 -0.017492717 0.872634768 0.025431115 -0.487397015
245.000000 0.009444609 0.001493983 0.308494300 -0.017708035 0.873557508 0.022540247 -0.485876203
246.000000 0.010276556 0.002415716 0.304515362 -0.018230168 0.874089360 0.018878406 -0.485055685
247.000000 0.007741556 0.004717129 0.301385105 -0.019931046 0.874826789 0.015100950 -0.483790040
248.000000 0.005094245 -0.001989505 0.300011724 -0.020006752 0.875600815 0.012042997 -0.482470691
249.000000 0.003667355 -0.002067692 0.300484151 -0.020918434 0.876395106 0.008457231 -0.481063932
250.000000 0.002485693 -0.004672810 0.297288775 -0.021812251 0.877187312 0.005058294 -0.479626000
251.000000 0.001722395 -0.004639801 0.296699375 -0.023683229 0.878313363 0.001211985 -0.477496862
252.000000 0.002163008 -0.004929893 0.296569526 -0.025440777 0.879380643 -0.002284806 -0.475433677
253.000000 0.000107706 -0.009522722 0.293634802 -0.027189637 0.880592585 -0.005098017 -0.473066032
254.000000 -0.002530009 -0.006851393 0.292395532 -0.030135458 0.881789804 -0.009166040 -0.470589608
255.000000 -0.003524885 -0.005197365 0.291672111 -0.032637816 0.882866740 -0.013204363 -0.468301922
256.000000 -0.003503770 -0.008322925 0.289435297 -0.034189668 0.883912206 -0.016431572 -0.466111898
257.000000 -0.006031662 -0.008874242 0.286933094 -0.036122508 0.885000169 -0.019204449 -0.463789880
258.000000 -0.002663687 -0.013677118 0.284055680 -0.037050974 0.885901928 -0.020469800 -0.461937249
259.000000 -0.003409788 -0.013937945 0.281442642 -0.038029231 0.887153566 -0.023461016 -0.459305853
260.000000 -0.005445912 -0.013693646 0.281544894 -0.039992116 0.888664365 -0.026876327 -0.456019610
261.000000 -0.007161811 -0.015430680 0.279788285 -0.041364178 0.889878273 -0.029467087 -0.453362256
262.000000 -0.007278010 -0.017146450 0.278466314 -0.042664140 0.891226292 -0.031258635 -0.450464547
263.000000 -0.007785559 -0.013603685 0.276830971 -0.043860283 0.892711937 -0.034144353 -0.447186559
264.000000 -0.008949250 -0.017110836 0.276910663 -0.045191135 0.894506693 -0.036639508 -0.443252861
265.000000 -0.010609701 -0.015738705 0.275332093 -0.047293305 0.895900667 -0.038890965 -0.440014482
266.000000 -0.010492466 -0.018785540 0.272700250 -0.047753964 0.897136867 -0.039515194 -0.437382609
267.000000 -0.011990532 -0.015447808 0.268667102 -0.049355607 0.898416221 -0.041646827 -0.434370637
268.000000 -0.014150783 -0.017980112 0.270091653 -0.050734390 0.900033653 -0.043126594 -0.430703461
269.000000 -0.013887055 -0.020353600 0.267112017 -0.052361630 0.900963306 -0.045101903 -0.428356379
270.000000 -0.015556172 -0.016367737 0.264869809 -0.053999200 0.901765645 -0.047577735 -0.426191419
271.000000 -0.018238686 -0.019385036 0.265071332 -0.053542897 0.903328598 -0.048333220 -0.422841012
272.000000 -0.013011672 -0.021957532 0.261227667 -0.053144999 0.904367030 -0.050208196 -0.420446187
273.000000 -0.014369354 -0.022656299 0.260215759 -0.053718697 0.905913651 -0.052065689 -0.416801959
274.000000 -0.014421411 -0.022911821 0.258204222 -0.054068942 0.907100439 -0.053335033 -0.414005727
275.000000 -0.015701257 -0.021721972 0.255888432 -0.054756138 0.908418953 -0.054447293 -0.410867631
276.000000 -0.016382262 -0.021906797 0.253738463 -0.055441439 0.909653127 -0.055916503 -0.407836705
277.000000 -0.017141066 -0.022421062 0.253431857 -0.056669429 0.910756886 -0.057429560 -0.404984355
278.000000 -0.016972966 -0.022252155 0.251977503 -0.057641961 0.911725640 -0.058412161 -0.402519256
279.000000 -0.017009757 -0.021743059 0.247790381 -0.057845801 0.912533104 -0.059005670 -0.400569022
280.000000 -0.018676296 -0.020861052 0.247029811 -0.058250856 0.913779199 -0.059887480 -0.397527188
281.000000 -0.023749389 -0.026613306 0.248750865 -0.058182456 0.915615499 -0.059626319 -0.393329084
282.000000 -0.020383038 -0.020897096 0.243003637 -0.059068277 0.916665792 -0.061088230 -0.390516430
283.000000 -0.026358932 -0.024865055 0.246551827 -0.058274064 0.918995798 -0.060685851 -0.385185748
284.000000 -0.028101966 -0.025983691 0.245097950 -0.057907194 0.920957327 -0.060546514 -0.380550236
285.000000 -0.027238756 -0.028225448 0.241406232 -0.057460971 0.922679186 -0.060037471 -0.376506150
286.000000 -0.029734686 -0.025160104 0.241653591 -0.056889098 0.924617648 -0.060388248 -0.371751338
287.000000 -0.025357306 -0.021362878 0.235504717 -0.055645682 0.926033378 -0.061211102 -0.368264794
288.000000 -0.031423323 -0.027490478 0.238949820 -0.052957568 0.928673923 -0.059780378 -0.362196863
289.000000 -0.033143774 -0.026301265 0.235195622 -0.051064294 0.930399954 -0.059814934 -0.358009130
290.000000 -0.031628750 -0.027368158 0.232703358 -0.049015384 0.932020307 -0.060628302 -0.353920758
291.000000 -0.034415357 -0.028368911 0.231793746 -0.047754001 0.933941662 -0.060531091 -0.349010795
292.000000 -0.033851109 -0.027950026 0.228531986 -0.046528403 0.935448527 -0.059190437 -0.345351517
293.000000 -0.034564599 -0.024619145 0.225595564 -0.045070790 0.936860025 -0.059343286 -0.341672748
294.000000 -0.035153843 -0.024743721 0.224099904 -0.043620992 0.938308954 -0.060060684 -0.337736845
295.000000 -0.036238410 -0.024657216 0.222254544 -0.042694550 0.939795554 -0.060189642 -0.333674610
296.000000 -0.036909990 -0.025006400 0.220129773 -0.042290218 0.941157877 -0.060085852 -0.329883426
297.000000 -0.037342146 -0.025443852 0.218314067 -0.042005751 0.942530930 -0.059000164 -0.326174796
298.000000 -0.038483188 -0.025810266 0.215538919 -0.040854536 0.943964779 -0.057649598 -0.322394043
299.000000 -0.038340047 -0.025889032 0.214382678 -0.039492548 0.945408583 -0.056821160 -0.318456084
300.000000 -0.039595500 -0.025851311 0.212240875 -0.037885062 0.946822822 -0.055757489 -0.314614594
301.000000 -0.053804323 -0.028936014 0.216135934 -0.035981223 0.948961437 -0.054204032 -0.308608979
302.000000 -0.051554598 -0.028738799 0.212491110 -0.034785584 0.950252116 -0.053403936 -0.304891676
303.000000 -0.057375431 -0.026303874 0.212029785 -0.034908615 0.951788604 -0.052595783 -0.300189227
304.000000 -0.059813447 -0.024719790 0.208410800 -0.035051677 0.953113735 -0.051589504 -0.296115071
305.000000 -0.061088525 -0.024442116 0.206804216 -0.035408407 0.954585493 -0.050758976 -0.291438401
306.000000 -0.062115632 -0.024304805 0.204781651 -0.036294401 0.955910385 -0.050620791 -0.286976725
307.000000 -0.063654676 -0.025004636 0.203543723 -0.036944151 0.957209766 -0.050310053 -0.282583535
308.000000 -0.063532360 -0.024929756 0.201218694 -0.037537556 0.958429575 -0.048978657 -0.278576314
309.000000 -0.065155655 -0.023118392 0.200156271 -0.037987959 0.959693909 -0.048052877 -0.274290830
310.000000 -0.070619702 -0.023052853 0.201449469 -0.037924081 0.961207747 -0.047765400 -0.268998057
311.000000 -0.070324898 -0.029163446 0.198238224 -0.037198413 0.962460458 -0.046780188 -0.264759779
312.000000 -0.078981079 -0.022652660 0.197853237 -0.037015203 0.964017034 -0.047117732 -0.258999854
313.000000 -0.079280943 -0.020363875 0.197234392 -0.036237508 0.965437293 -0.047177706 -0.253755659
314.000000 -0.080598302 -0.023528848 0.195977747 -0.035083067 0.966963589 -0.046004180 -0.248262286
315.000000 -0.082069688 -0.023363184 0.194840789 -0.034614600 0.968380034 -0.044971056 -0.242939368
316.000000 -0.081836030 -0.023418449 0.194105685 -0.034824234 0.969478726 -0.043792844 -0.238705799
317.000000 -0.092680179 -0.021467671 0.195362896 -0.034712810 0.970855117 -0.041862097 -0.233415842
318.000000 -0.093052432 -0.020132124 0.193698958 -0.034261998 0.971708298 -0.040344149 -0.230176926
319.000000 -0.098455347 -0.019001607 0.193241715 -0.033287972 0.972655714 -0.040003326 -0.226345852
320.000000 -0.106454588 -0.017316632 0.193543732 -0.032496065 0.973613918 -0.039854728 -0.222331956
321.000000 -0.099095121 -0.018805202 0.190093666 -0.031049514 0.974039972 -0.038560886 -0.220896184
322.000000 -0.097937614 -0.021097504 0.187843651 -0.029648792 0.974656224 -0.036591288 -0.218694553
323.000000 -0.099891856 -0.019704131 0.188561276 -0.028767329 0.975460291 -0.035775401 -0.215336442
324.000000 -0.101185367 -0.020058092 0.186927497 -0.028592119 0.976215363 -0.034803964 -0.212072402
325.000000 -0.100991711 -0.019465230 0.185122252 -0.028010376 0.976883471 -0.033624165 -0.209245101
326.000000 -0.101644978 -0.019521337 0.182031587 -0.027283175 0.977540731 -0.032270987 -0.206466153
327.000000 -0.108965337 -0.016666465 0.179700956 -0.027134988 0.978139997 -0.031868029 -0.203691587
328.000000 -0.107570648 -0.015690580 0.178047433 -0.026404750 0.978385568 -0.030829517 -0.202766061
329.000000 -0.098422691 -0.020983530 0.174065977 -0.024759104 0.978409410 -0.029177023 -0.203102887
330.000000 -0.099119283 -0.021316644 0.172314376 -0.023789393 0.978707850 -0.027972322 -0.201946884
331.000000 -0.100134432 -0.020777225 0.170151174 -0.023451524 0.978971422 -0.026677292 -0.200881273
332.000000 -0.100125223 -0.021368761 0.167056769 -0.022939837 0.979176700 -0.025091073 -0.200142905
333.000000 -0.107060589 -0.018378872 0.166935682 -0.023382008 0.979560614 -0.024517613 -0.198275566
334.000000 -0.105801046 -0.016430426 0.164510444 -0.023934782 0.979602218 -0.023418700 -0.198136851
335.000000 -0.106438093 -0.018522125 0.162117213 -0.023584548 0.979661763 -0.020023564 -0.198256642
336.000000 -0.107644036 -0.021439943 0.159487069 -0.023660861 0.979768038 -0.017086053 -0.197996974
337.000000 -0.112297006 -0.012235641 0.156800389 -0.023997668 0.980028570 -0.016785866 -0.196688458
338.000000 -0.117452368 -0.009787142 0.154828757 -0.024427522 0.980419993 -0.015116946 -0.194811240
339.000000 -0.116875067 -0.012674802 0.150555953 -0.023170803 0.980685592 -0.014220241 -0.193692192
340.000000 -0.127276748 -0.009509876 0.150209785 -0.023399273 0.981219113 -0.014522689 -0.190920576
341.000000 -0.127564996 -0.009713609 0.147944823 -0.023742536 0.981437266 -0.014482928 -0.189756274
342.000000 -0.127921402 -0.009923513 0.145352840 -0.024203345 0.981533229 -0.014112577 -0.189228863
343.000000 -0.128170580 -0.010061081 0.143283695 -0.023841230 0.981626868 -0.012648197 -0.188892439
344.000000 -0.128869578 -0.010484544 0.137766734 -0.023343369 0.981754899 -0.011473903 -0.188363463
345.000000 -0.129261762 -0.010716193 0.134733707 -0.023365382 0.981942952 -0.011103338 -0.187400118
346.000000 -0.129492059 -0.010859063 0.132991612 -0.023225589 0.982068419 -0.011144237 -0.186756805
347.000000 -0.129836410 -0.011064610 0.130345941 -0.023107003 0.982115805 -0.010700978 -0.186548114
348.000000 -0.131179363 -0.010727915 0.125306815 -0.022663616 0.982125461 -0.010053887 -0.186587393
349.000000 -0.130594462 -0.011193725 0.124374554 -0.021638036 0.982124448 -0.008847493 -0.186775506
350.000000 -0.131436005 -0.012053914 0.121560633 -0.020514281 0.982166231 -0.007660898 -0.186735079
351.000000 -0.131447867 -0.010931413 0.117344394 -0.019724097 0.982189000 -0.006452817 -0.186745957
352.000000 -0.132249922 -0.011928918 0.114890419 -0.018875446 0.982276082 -0.005173184 -0.186415374
353.000000 -0.131972030 -0.011746898 0.111931011 -0.017721824 0.982422292 -0.004393936 -0.185776800
354.000000 -0.133082837 -0.010575937 0.109658226 -0.017179329 0.982583821 -0.004665949 -0.184965283
355.000000 -0.133258894 -0.012160716 0.107232369 -0.016195031 0.982802510 -0.004585739 -0.183891073
356.000000 -0.134376362 -0.010890324 0.104483351 -0.014753049 0.983149469 -0.005148357 -0.182134509
357.000000 -0.134583369 -0.010145922 0.101490811 -0.013980350 0.983518541 -0.006155804 -0.180161044
358.000000 -0.139809668 -0.004735170 0.099812701 -0.013514189 0.983989716 -0.008180506 -0.177523792
359.000000 -0.137454242 -0.007876473 0.099336468 -0.012770561 0.984309971 -0.007165069 -0.175839394
360.000000 -0.138808906 -0.005993198 0.096139088 -0.011465090 0.984848857 -0.005746547 -0.172939911
361.000000 -0.133626744 -0.009820658 0.091780104 -0.010409313 0.985339642 -0.004287802 -0.170232117
362.000000 -0.134073183 -0.008821514 0.088981137 -0.010246594 0.986008465 -0.004016450 -0.166331530
363.000000 -0.136076480 -0.012633115 0.088293120 -0.010364428 0.986714542 -0.002296291 -0.162116349
364.000000 -0.133011624 -0.011041190 0.084161758 -0.010319161 0.987250507 -0.001722524 -0.158830225
365.000000 -0.135956064 -0.010715057 0.082821526 -0.010826635 0.987861335 -0.002808617 -0.154935151
366.000000 -0.133056536 -0.008420526 0.079173282 -0.011460782 0.988309920 -0.003976663 -0.151974753
367.000000 -0.135829002 -0.010293207 0.078015730 -0.011787578 0.989011288 -0.002611550 -0.147346273
368.000000 -0.138737574 -0.012559171 0.076155707 -0.011982973 0.989754021 -0.001328222 -0.142273068
369.000000 -0.142050922 -0.013419847 0.076953143 -0.011847169 0.990492463 -0.000798823 -0.137053430
370.000000 -0.143126041 -0.007822013 0.071920477 -0.011704112 0.991183341 -0.001993958 -0.131964609
371.000000 -0.145884380 -0.010587981 0.070340708 -0.011635541 0.991882205 -0.002952135 -0.126592085
372.000000 -0.145279333 -0.010775333 0.067317367 -0.011077389 0.992511094 -0.004141393 -0.121580906
373.000000 -0.149083823 -0.010700193 0.065867923 -0.010949348 0.993158281 -0.006483867 -0.116080515
374.000000 -0.146931127 -0.007618625 0.060254395 -0.010513464 0.993649542 -0.009297772 -0.111640237
375.000000 -0.148271635 -0.007528120 0.060218289 -0.009738910 0.994126022 -0.010180608 -0.107307702
376.000000 -0.149957687 -0.005209358 0.057225797 -0.008091452 0.994536400 -0.011019685 -0.103491299
377.000000 -0.151084989 -0.011082455 0.055406533 -0.006902850 0.994884908 -0.012584802 -0.099990025
378.000000 -0.151255742 -0.013361163 0.053503972 -0.006341964 0.995278478 -0.013471529 -0.095911928
379.000000 -0.148086160 -0.003900480 0.049290221 -0.006747048 0.995621860 -0.014731637 -0.092057571
380.000000 -0.149858922 -0.011067330 0.048209667 -0.006081743 0.996030986 -0.014405004 -0.087622911
381.000000 -0.152523428 -0.006278513 0.045854025 -0.005537991 0.996319473 -0.015529792 -0.084116757
382.000000 -0.155726060 -0.000702014 0.044458333 -0.004198905 0.996632218 -0.016481133 -0.080218427
383.000000 -0.154086366 -0.004425379 0.040642396 -0.002947009 0.996906221 -0.016368175 -0.076820813
384.000000 -0.152869403 -0.001400153 0.038904876 -0.001550901 0.997136533 -0.017654283 -0.073516630
385.000000 -0.157040358 -0.003427103 0.037511680 -0.000718025 0.997406006 -0.018045612 -0.069678232
386.000000 -0.158505067 -0.008166055 0.033287205 -0.000123497 0.997645497 -0.017697372 -0.066259123
387.000000 -0.157404333 -0.008417011 0.032628380 0.000493362 0.997857094 -0.018739730 -0.062688410
388.000000 -0.161012113 -0.005092097 0.030717520 0.000174407 0.998023987 -0.020872580 -0.059265748
389.000000 -0.162042439 -0.007136152 0.027247686 -0.000074251 0.998165309 -0.021838410 -0.056472383
390.000000 -0.159139439 -0.006618489 0.026346538 -0.000006735 0.998249769 -0.022820638 -0.054558720
391.000000 -0.158298790 -0.006748446 0.021219170 0.000149524 0.998304069 -0.024764990 -0.052684937
392.000000 -0.168460056 -0.007377973 0.019828601 0.000230117 0.998391628 -0.026541287 -0.050096791
393.000000 -0.164854243 -0.009006955 0.016775524 0.001093111 0.998405397 -0.027708335 -0.049169231
394.000000 -0.166099504 -0.008090629 0.014628771 0.002063218 0.998447120 -0.029104777 -0.047455434
395.000000 -0.167611182 -0.007363189 0.012152404 0.002338683 0.998424828 -0.030664198 -0.046925839
396.000000 -0.174527943 -0.008609504 0.011263320 0.002605734 0.998458743 -0.032672826 -0.044787083
397.000000 -0.172269493 -0.012089169 0.008661551 0.002672576 0.998443782 -0.034622822 -0.043635856
398.000000 -0.173277810 -0.008501462 0.006273561 0.002158409 0.998459637 -0.036238097 -0.041957937
399.000000 -0.174806237 -0.009981024 0.003349739 0.001804249 0.998540521 -0.036694661 -0.039585475
400.000000 -0.174926564 -0.008380788 0.001763817 0.001434917 0.998539627 -0.039054461 -0.037299886
401.000000 -0.177159056 -0.011144286 -0.002022493 0.001119311 0.998599172 -0.040211812 -0.034372617
402.000000 -0.177210510 -0.014086775 -0.002014741 0.001290638 0.998611808 -0.041714851 -0.032135364
403.000000 -0.176614895 -0.017463148 -0.009355392 0.001700451 0.998559833 -0.044232827 -0.030311286
404.000000 -0.176835686 -0.017819405 -0.010997640 0.001226116 0.998508692 -0.047199186 -0.027406912
405.000000 -0.177214012 -0.018093592 -0.014626643 -0.000237287 0.998482525 -0.048797160 -0.025523193
406.000000 -0.177155539 -0.018015025 -0.014457559 -0.000672751 0.998379469 -0.051629078 -0.023925263
407.000000 -0.177854434 -0.018275967 -0.018072374 -0.000894782 0.998296380 -0.053892482 -0.022342283
408.000000 -0.178124711 -0.018578205 -0.019955985 -0.001262987 0.998279870 -0.054874811 -0.020603679
409.000000 -0.178316563 -0.018670756 -0.022110455 -0.000637945 0.998267472 -0.055744011 -0.018823162
410.000000 -0.178467274 -0.018750673 -0.023897301 -0.000095894 0.998167694 -0.058113370 -0.016856739
411.000000 -0.178909764 -0.019040827 -0.026773753 -0.000352470 0.998061955 -0.060310494 -0.015323293
412.000000 -0.179253221 -0.019244803 -0.030223150 -0.000307890 0.997973859 -0.062059972 -0.014025074
413.000000 -0.179196462 -0.019274293 -0.030195057 0.000469663 0.997930706 -0.063052386 -0.012590949
414.000000 -0.179367825 -0.019410897 -0.032289017 0.001665628 0.997914553 -0.063547567 -0.011198919
415.000000 -0.183206514 -0.020344466 -0.035834264 0.003174764 0.997861624 -0.064673789 -0.008910756
416.000000 -0.183492318 -0.020417362 -0.037424650 0.005031146 0.997784793 -0.066019587 -0.006451937
417.000000 -0.183838263 -0.020752877 -0.040195994 0.006040807 0.997667849 -0.067886487 -0.003722562
418.000000 -0.184149265 -0.020894006 -0.043279316 0.006401937 0.997480154 -0.070636556 -0.001705123
419.000000 -0.188478485 -0.021877211 -0.046542276 0.005644995 0.997265339 -0.073686719 0.000461183
420.000000 -0.188521609 -0.023133187 -0.046846155 0.005040695 0.997178793 -0.074878693 0.001515741
421.000000 -0.186339453 -0.022322716 -0.050713703 0.004923920 0.997054517 -0.076526910 0.001312654
422.000000 -0.189762324 -0.023538185 -0.054905731 0.004499997 0.996954978 -0.077825770 0.001935452
423.000000 -0.190966278 -0.027566051 -0.057203170 0.004213770 0.996894896 -0.078617215 0.001489931
424.000000 -0.188616425 -0.021948185 -0.059838369 0.003571084 0.996582389 -0.082527250 0.000022014
425.000000 -0.188019544 -0.021621892 -0.063248001 0.001864391 0.996430755 -0.084381238 -0.001473101
426.000000 -0.189878523 -0.027072087 -0.064174846 0.000222224 0.996453464 -0.084106602 -0.002540324
427.000000 -0.186949372 -0.029023904 -0.068417244 -0.001616902 0.996458590 -0.083897159 -0.005381777
428.000000 -0.187800705 -0.027201019 -0.069913812 -0.002954493 0.996381581 -0.084682830 -0.006626071
429.000000 -0.188923687 -0.028742641 -0.074007675 -0.003740261 0.996349335 -0.084992111 -0.007096299
430.000000 -0.184266672 -0.027442336 -0.078892924 -0.003695426 0.996299565 -0.085412510 -0.008844385
431.000000 -0.186711922 -0.029242001 -0.080632225 -0.003299080 0.996221364 -0.086341687 -0.008783001
432.000000 -0.186010763 -0.028455989 -0.084047168 -0.003198559 0.996052802 -0.088209227 -0.009367257
433.000000 -0.186484113 -0.026941950 -0.088238448 -0.002610676 0.995915413 -0.089626163 -0.010622938
434.000000 -0.186198041 -0.030624662 -0.089525133 -0.001897732 0.995905399 -0.089673840 -0.011289002
435.000000 -0.186904341 -0.029754236 -0.095401153 -0.001361995 0.995655358 -0.092375070 -0.011632150
436.000000 -0.186039582 -0.029583953 -0.099094123 -0.002082654 0.995359242 -0.095382415 -0.012561999
437.000000 -0.184972674 -0.030062959 -0.101811960 -0.003486312 0.995188773 -0.096904263 -0.014022478
438.000000 -0.184687480 -0.031979807 -0.102438979 -0.005461146 0.995024502 -0.098284833 -0.015377648
439.000000 -0.182211250 -0.028886227 -0.107738003 -0.006122447 0.994710684 -0.101194128 -0.016517866
440.000000 -0.180981696 -0.032658372 -0.106630675 -0.007654746 0.994524777 -0.102686986 -0.017812531
441.000000 -0.181148738 -0.034229524 -0.109661281 -0.008302171 0.994255364 -0.105001196 -0.019028505
442.000000 -0.180457830 -0.034604706 -0.112322271 -0.008514291 0.994025350 -0.106924832 -0.020204762
443.000000 -0.181967884 -0.035723526 -0.114112914 -0.008623161 0.993916929 -0.107663482 -0.021525504
444.000000 -0.179318920 -0.034187425 -0.119324498 -0.007675619 0.993838549 -0.108189479 -0.022825599
445.000000 -0.181783542 -0.037037238 -0.118517987 -0.008040500 0.993966401 -0.107024923 -0.022622162
446.000000 -0.182134822 -0.035606772 -0.123166025 -0.008097487 0.994044542 -0.106295109 -0.022610843
447.000000 -0.181552678 -0.036120176 -0.125504434 -0.008190815 0.993970156 -0.106884561 -0.023063576
448.000000 -0.180536494 -0.034102958 -0.128033474 -0.008612026 0.993812859 -0.108167507 -0.023698702
449.000000 -0.182147220 -0.033307675 -0.133451223 -0.007310625 0.993824840 -0.108075164 -0.024050228
450.000000 -0.180412561 -0.034598812 -0.137169227 -0.006156988 0.993585527 -0.110182516 -0.024692671
451.000000 -0.179696932 -0.034573860 -0.138249710 -0.005536345 0.993338406 -0.112248093 -0.025464989
452.000000 -0.181407869 -0.032354254 -0.140473887 -0.004796782 0.993040085 -0.114694834 -0.026333608
453.000000 -0.180535927 -0.036562920 -0.142876580 -0.004681063 0.992951512 -0.115170553 -0.027588712
454.000000 -0.183354869 -0.035537783 -0.147479430 -0.003946294 0.992905080 -0.115546644 -0.027799873
455.000000 -0.184263110 -0.035154719 -0.149670869 -0.003368398 0.992834568 -0.116139121 -0.027926782
456.000000 -0.184666127 -0.036327951 -0.151593238 -0.003452634 0.992590606 -0.118085615 -0.028421165
457.000000 -0.184497073 -0.036905475 -0.154320300 -0.003403792 0.992410839 -0.119470850 -0.028911192
458.000000 -0.185893163 -0.036814686 -0.157254174 -0.003186431 0.992074907 -0.122317024 -0.028560773
459.000000 -0.185478732 -0.035924785 -0.160856679 -0.004039642 0.991773248 -0.124768972 -0.028323285
460.000000 -0.188793361 -0.037010726 -0.163269013 -0.004536307 0.991617680 -0.126130626 -0.027655479
461.000000 -0.187106341 -0.035788994 -0.166589469 -0.004641245 0.991179824 -0.129362747 -0.028394274
462.000000 -0.187993497 -0.036271468 -0.168840185 -0.005240711 0.990877986 -0.131627649 -0.028416203
463.000000 -0.189018518 -0.037296511 -0.169049561 -0.006668850 0.990658700 -0.133123457 -0.028793707
464.000000 -0.189547971 -0.034745112 -0.174009308 -0.007856598 0.990316033 -0.135306373 -0.030076073
465.000000 -0.189292580 -0.035502415 -0.177661315 -0.008299661 0.990186393 -0.136039630 -0.030907009
466.000000 -0.193357632 -0.034549467 -0.180102915 -0.009097395 0.990144968 -0.136226654 -0.031185193
467.000000 -0.191632941 -0.034920327 -0.184931502 -0.008805367 0.990004539 -0.136886105 -0.032797575
468.000000 -0.191639811 -0.038145974 -0.187039047 -0.008459771 0.989800036 -0.138034701 -0.034216207
469.000000 -0.193467766 -0.039204195 -0.192376927 -0.008085057 0.989703536 -0.138733238 -0.034272812
470.000000 -0.195328206 -0.038231321 -0.193499103 -0.009270019 0.989134073 -0.142417982 -0.035284385
471.000000 -0.195060521 -0.039806038 -0.197094813 -0.010433541 0.988228440 -0.148054242 -0.037090067
472.000000 -0.198794097 -0.039332666 -0.199820399 -0.012554193 0.987355351 -0.153221875 -0.038662948
473.000000 -0.197076470 -0.040337976 -0.203475863 -0.013263585 0.986987174 -0.155026630 -0.040585663
474.000000 -0.198987409 -0.043273684 -0.204121277 -0.014349554 0.986763179 -0.155958995 -0.042063326
475.000000 -0.200420722 -0.043546557 -0.205452323 -0.014688059 0.986210465 -0.159163609 -0.042897392
476.000000 -0.201976046 -0.046722401 -0.208394989 -0.015837064 0.985901237 -0.160688043 -0.043901630
477.000000 -0.202737898 -0.047112022 -0.209948152 -0.015988898 0.985720098 -0.161541373 -0.044773985
478.000000 -0.204334691 -0.049129792 -0.213041067 -0.015741684 0.985510349 -0.162980527 -0.044259291
479.000000 -0.206338644 -0.051203378 -0.214848459 -0.015706133 0.985278547 -0.164664507 -0.043186624
480.000000 -0.203747451 -0.050339438 -0.218558580 -0.015278568 0.984999716 -0.166507855 -0.042628672
481.000000 -0.208079576 -0.052506372 -0.220719963 -0.015703119 0.984851897 -0.167857900 -0.040544927
482.000000 -0.210960105 -0.052953795 -0.222228229 -0.016060095 0.984406829 -0.170759425 -0.039070874
483.000000 -0.208040208 -0.050702836 -0.226743653 -0.016243620 0.984072447 -0.172796413 -0.038458038
484.000000 -0.209362432 -0.052006904 -0.226501688 -0.016726268 0.984028220 -0.173284069 -0.037165832
485.000000 -0.208061635 -0.052845471 -0.229220971 -0.017012518 0.983967543 -0.173795432 -0.036244474
486.000000 -0.209745273 -0.054274850 -0.232111990 -0.016245311 0.983858943 -0.174875632 -0.034295876
487.000000 -0.209893033 -0.054398790 -0.233182430 -0.015660068 0.983696878 -0.176195875 -0.032407477
488.000000 -0.210333645 -0.054693907 -0.236620754 -0.015321231 0.983412504 -0.178240076 -0.029926937
489.000000 -0.210344180 -0.054865219 -0.236924618 -0.015501107 0.983256459 -0.179478392 -0.027459560
490.000000 -0.210990801 -0.054767117 -0.239399076 -0.014559533 0.983278394 -0.179917529 -0.024111249
491.000000 -0.210982099 -0.055025753 -0.240509391 -0.014004900 0.983322322 -0.180176288 -0.020435702
492.000000 -0.211493894 -0.055413634 -0.243820846 -0.013762862 0.983207047 -0.181285098 -0.015816582
493.000000 -0.209862366 -0.055911694 -0.245264277 -0.013463426 0.983185649 -0.181702480 -0.012202832
494.000000 -0.208571434 -0.057386473 -0.246799871 -0.012848944 0.982984185 -0.183075741 -0.007764485
495.000000 -0.212057635 -0.056026265 -0.249693498 -0.012003784 0.982679963 -0.184903234 -0.002609239
496.000000 -0.212970495 -0.056017775 -0.252493948 -0.011745264 0.982449651 -0.186152250 0.001442288
497.000000 -0.212436095 -0.054489192 -0.254779875 -0.011591545 0.982231736 -0.187275112 0.003810298
498.000000 -0.213388339 -0.054027077 -0.256769121 -0.011617845 0.982206166 -0.187328979 0.006631562
499.000000 -0.211812094 -0.053071178 -0.258728623 -0.011631346 0.982168436 -0.187458977 0.008310029
500.000000 -0.212169513 -0.051563703 -0.262317926 -0.010793584 0.981622756 -0.190187126 0.011365358
501.000000 -0.213367179 -0.051037211 -0.264328480 -0.009778096 0.981075406 -0.192824081 0.014641177
502.000000 -0.209095851 -0.052271314 -0.267300308 -0.010132620 0.980930507 -0.193395391 0.016460186
503.000000 -0.209717646 -0.053361874 -0.268905342 -0.010154964 0.980880976 -0.193382457 0.019304685
504.000000 -0.211884648 -0.052083127 -0.274558485 -0.009689800 0.980770946 -0.193588421 0.022758896
505.000000 -0.214917034 -0.057056505 -0.274943620 -0.008419806 0.980868757 -0.192648992 0.026681816
506.000000 -0.212727800 -0.054466147 -0.278268725 -0.006833703 0.980541646 -0.193847537 0.030241797
507.000000 -0.210339785 -0.055969097 -0.278733850 -0.006369101 0.980372190 -0.194178432 0.033535123
508.000000 -0.211181358 -0.053637907 -0.282015055 -0.005369755 0.979920745 -0.195846811 0.037019983
509.000000 -0.212581888 -0.053170253 -0.283100605 -0.003561600 0.979363978 -0.197802514 0.041323446
510.000000 -0.209592357 -0.055953134 -0.287969977 -0.002332664 0.979217052 -0.197847381 0.044552945
511.000000 -0.208258986 -0.053836972 -0.290760279 -0.001302280 0.978946924 -0.198544174 0.047343988
512.000000 -0.205217928 -0.054620013 -0.293922395 0.000861856 0.978774309 -0.199174985 0.048263907
513.000000 -0.206570894 -0.058226954 -0.294600368 0.002041030 0.978630781 -0.199288592 0.050613049
514.000000 -0.206458896 -0.056425989 -0.298087776 0.003673779 0.978295743 -0.200471729 0.052297086
515.000000 -0.205584541 -0.058712594 -0.300373584 0.005536125 0.978071272 -0.201268747 0.053261783
516.000000 -0.200341225 -0.055025645 -0.305842459 0.007307933 0.977695227 -0.202846467 0.053962495
517.000000 -0.200065225 -0.059098724 -0.304928511 0.008230028 0.977593422 -0.203023657 0.054997817
518.000000 -0.195428342 -0.055116232 -0.308376521 0.010449971 0.977102101 -0.205046177 0.055842284
519.000000 -0.197672933 -0.061154138 -0.308799893 0.010119380 0.977036715 -0.204910174 0.057521734
520.000000 -0.198021457 -0.061126407 -0.310121566 0.011166764 0.976804852 -0.205462784 0.059267540
521.000000 -0.198400751 -0.061432596 -0.312537909 0.012505946 0.976538837 -0.205955312 0.061627299
522.000000 -0.196289167 -0.065746278 -0.316077590 0.013185917 0.976475894 -0.205536425 0.063841797
523.000000 -0.196183085 -0.062514111 -0.319201201 0.013954108 0.976292908 -0.205542177 0.066406593
524.000000 -0.195451200 -0.062893420 -0.322638988 0.014756804 0.976283073 -0.204644069 0.069096737
525.000000 -0.196341991 -0.067478374 -0.321919918 0.015204033 0.976509452 -0.202407107 0.072315171
526.000000 -0.191641524 -0.065411046 -0.324329019 0.017014498 0.976413190 -0.201740608 0.075023726
527.000000 -0.194485858 -0.065174311 -0.325388819 0.018985942 0.976456940 -0.199694395 0.079331495
528.000000 -0.193376198 -0.067365624 -0.326842993 0.021597065 0.976585150 -0.197438553 0.082662344
529.000000 -0.193404496 -0.064220503 -0.329636961 0.022932069 0.976488411 -0.196086332 0.086571909
530.000000 -0.192302153 -0.063322842 -0.332313240 0.024396757 0.976568401 -0.193990618 0.089925133
531.000000 -0.191208690 -0.063961908 -0.334094107 0.025496148 0.976887882 -0.190989107 0.092537269
532.000000 -0.190564394 -0.062414214 -0.335055918 0.026475510 0.977008939 -0.188720405 0.095588535
533.000000 -0.189595759 -0.062812135 -0.337103605 0.027881270 0.976914525 -0.187426671 0.098650143
534.000000 -0.190202221 -0.062123481 -0.339679450 0.029426245 0.976836681 -0.185925409 0.101763844
535.000000 -0.190950796 -0.063290924 -0.340044409 0.030792607 0.976809919 -0.183904380 0.105229907
536.000000 -0.190955073 -0.060484342 -0.342245638 0.031433459 0.976623237 -0.182807684 0.108628921
537.000000 -0.189008951 -0.060292140 -0.343129635 0.032158639 0.976776063 -0.180129915 0.111479126
538.000000 -0.188808516 -0.058944248 -0.344299555 0.031774271 0.976941884 -0.177281380 0.114657134
539.000000 -0.189514697 -0.060940538 -0.343505502 0.031678502 0.977154434 -0.174102396 0.117702961
540.000000 -0.191143006 -0.061236992 -0.347229332 0.031680662 0.976984859 -0.172150850 0.121905468
541.000000 -0.187500536 -0.059100524 -0.345883012 0.031959627 0.976816535 -0.170441896 0.125529155
542.000000 -0.190509528 -0.060212914 -0.347425371 0.031688768 0.976589739 -0.167987108 0.130570352
543.000000 -0.190944895 -0.057149239 -0.350271285 0.031783570 0.976016104 -0.167275786 0.135651022
544.000000 -0.190277338 -0.054218207 -0.351714909 0.032942947 0.975333929 -0.166629434 0.140972182
545.000000 -0.191755533 -0.052287214 -0.352868259 0.032678522 0.974804044 -0.164594382 0.146962211
546.000000 -0.189975590 -0.057105105 -0.351132423 0.032729734 0.974771619 -0.159850329 0.152305380
547.000000 -0.190198779 -0.049724746 -0.355533123 0.032472808 0.974021971 -0.158462554 0.158481285
548.000000 -0.190591305 -0.046675958 -0.356575310 0.034976039 0.973503768 -0.155766770 0.163718641
549.000000 -0.191492915 -0.043124903 -0.357992232 0.035147555 0.972841918 -0.153676525 0.169489667
550.000000 -0.194723338 -0.052619532 -0.356215715 0.035315853 0.972331882 -0.150519967 0.175120518
551.000000 -0.192215353 -0.047160197 -0.357591689 0.036231332 0.971532285 -0.150024399 0.179735750
552.000000 -0.197164029 -0.048218876 -0.357422411 0.036466517 0.970946491 -0.147714525 0.184698328
553.000000 -0.194163144 -0.039395709 -0.359861314 0.037207160 0.970250785 -0.146772251 0.188909724
554.000000 -0.194034606 -0.038611200 -0.360686064 0.036291257 0.969582558 -0.145260632 0.193628237
555.000000 -0.195582986 -0.039893020 -0.360815406 0.037336178 0.968826175 -0.143972501 0.198125631
556.000000 -0.195323527 -0.035737060 -0.363701403 0.038231011 0.967883527 -0.144229680 0.202330485
557.000000 -0.194552928 -0.038873527 -0.363462269 0.037673648 0.967519045 -0.141823485 0.205848649
558.000000 -0.194866985 -0.039242420 -0.363923877 0.036983717 0.967123151 -0.139853537 0.209155515
559.000000 -0.196128055 -0.038186964 -0.366282791 0.035863221 0.966580808 -0.138756186 0.212560728
560.000000 -0.196348414 -0.038761333 -0.365776420 0.035412364 0.966144800 -0.136805147 0.215857804
561.000000 -0.194768578 -0.036484934 -0.367571414 0.035274595 0.965645075 -0.135887712 0.218677372
562.000000 -0.193569168 -0.040491901 -0.366518617 0.034742486 0.965401888 -0.133752897 0.221138656
563.000000 -0.193035588 -0.035966858 -0.366558075 0.033611685 0.964891553 -0.132722646 0.224140987
564.000000 -0.195825696 -0.040486667 -0.364103645 0.032649692 0.964581668 -0.129461676 0.227499276
565.000000 -0.196841896 -0.037734184 -0.368334174 0.031915944 0.963890910 -0.128366858 0.231122687
566.000000 -0.197081774 -0.037628427 -0.368273526 0.031977776 0.963312268 -0.126660407 0.234444037
567.000000 -0.196848273 -0.037525874 -0.369560719 0.031661484 0.962744117 -0.125120118 0.237626210
568.000000 -0.196290582 -0.037485696 -0.370373577 0.032051645 0.962309539 -0.122673020 0.240591884
569.000000 -0.196001053 -0.036392469 -0.371826053 0.032567985 0.961738408 -0.120867282 0.243699998
570.000000 -0.195636794 -0.034640223 -0.370923489 0.034582369 0.961171508 -0.118227959 0.246932313
571.000000 -0.194539085 -0.036653504 -0.371354818 0.034323264 0.960562825 -0.115521930 0.250590712
572.000000 -0.196756408 -0.035959892 -0.372407973 0.035763204 0.959469378 -0.113621309 0.255401105
573.000000 -0.196792871 -0.037774842 -0.371780694 0.036751639 0.958618820 -0.110984854 0.259579748
574.000000 -0.196200311 -0.039391749 -0.372995079 0.037196085 0.957701802 -0.108367294 0.263970256
575.000000 -0.195885360 -0.033111654 -0.373781949 0.038132176 0.956614137 -0.106829569 0.268370628
576.000000 -0.199473441 -0.024290543 -0.381285131 0.039013516 0.955061436 -0.106339373 0.273911417
577.000000 -0.197311684 -0.027785189 -0.377601862 0.039353058 0.954475582 -0.102614366 0.277304918
578.000000 -0.199951559 -0.023010820 -0.383121699 0.039362516 0.953163087 -0.101136446 0.282315761
579.000000 -0.199064672 -0.024791684 -0.382489264 0.038248833 0.952384531 -0.098379657 0.286045730
580.000000 -0.198753744 -0.024223603 -0.381809771 0.037475031 0.951461315 -0.096177503 0.289942950
581.000000 -0.198421776 -0.026154011 -0.381930649 0.035621539 0.950474620 -0.093787014 0.294165075
582.000000 -0.199019268 -0.024653427 -0.382337034 0.035188802 0.949317038 -0.091522262 0.298634559
583.000000 -0.197102502 -0.026423384 -0.381505340 0.034711961 0.948407114 -0.089247219 0.302248269
584.000000 -0.199626625 -0.022836260 -0.385849178 0.033151526 0.947323918 -0.087253183 0.306374401
585.000000 -0.197963253 -0.026921105 -0.383982450 0.032326911 0.946457803 -0.083397031 0.310189426
586.000000 -0.199591607 -0.022862241 -0.384613752 0.031957585 0.945220649 -0.081597880 0.314449370
587.000000 -0.196919113 -0.027133321 -0.382137179 0.031365719 0.944450617 -0.078404874 0.317619085
588.000000 -0.195689082 -0.025526637 -0.382661164 0.030765118 0.943367362 -0.076417089 0.321359426
589.000000 -0.195653528 -0.027525276 -0.381985158 0.030351195 0.942332506 -0.073641382 0.325061858
590.000000 -0.196627259 -0.025491154 -0.382198513 0.030649940 0.941214085 -0.071898945 0.328644454
591.000000 -0.196843714 -0.021408929 -0.383325875 0.030794991 0.940075517 -0.069771677 0.332327545
592.000000 -0.195835292 -0.026956851 -0.383162141 0.030335821 0.939271450 -0.066323116 0.335335910
593.000000 -0.195109874 -0.027187491 -0.382932305 0.029799977 0.938296437 -0.064586364 0.338438213
594.000000 -0.193162084 -0.024680091 -0.382302135 0.029796308 0.937397361 -0.062907353 0.341234565
595.000000 -0.194006696 -0.023112584 -0.381881803 0.029527182 0.936375260 -0.060998410 0.344396263
596.000000 -0.193122014 -0.023138722 -0.381403059 0.030003758 0.935568452 -0.059086248 0.346872091
597.000000 -0.193935871 -0.022950249 -0.383055687 0.029821996 0.934482992 -0.057773132 0.350020617
598.000000 -0.192400306 -0.024720298 -0.381455451 0.030194107 0.933542371 -0.056060143 0.352766514
599.000000 -0.192375064 -0.022570912 -0.379800856 0.030325862 0.932425857 -0.055216923 0.355827957
600.000000 -0.192115217 -0.021737754 -0.380563796 0.030741809 0.931239069 -0.053895850 0.359087646
601.000000 -0.192521662 -0.022512443 -0.380190253 0.030743022 0.930121601 -0.051633727 0.362301826
602.000000 -0.192851275 -0.017572083 -0.381092846 0.031001855 0.928971231 -0.050026376 0.365443170
603.000000 -0.198150516 -0.020197505 -0.381945908 0.030238776 0.927511454 -0.047084175 0.369582564
604.000000 -0.199155629 -0.018385643 -0.386333913 0.030329093 0.925717950 -0.046026610 0.374176383
605.000000 -0.198703766 -0.018863233 -0.383064061 0.030059505 0.924586654 -0.044966318 0.377112657
606.000000 -0.197287589 -0.019531902 -0.382833958 0.029886309 0.923407555 -0.043969449 0.380120993
607.000000 -0.197530746 -0.020248547 -0.383933604 0.029305233 0.922134399 -0.043167226 0.383335352
608.000000 -0.198843867 -0.017852241 -0.383742511 0.029187774 0.920921504 -0.042609643 0.386310875
609.000000 -0.195331275 -0.021470129 -0.380916059 0.028888488 0.920060575 -0.040283676 0.388627350
610.000000 -0.195655763 -0.015881315 -0.383495867 0.029267879 0.918493390 -0.040240403 0.392293274
611.000000 -0.195815384 -0.017735081 -0.381959140 0.029024964 0.917052448 -0.038452532 0.395845652
612.000000 -0.194694489 -0.018590985 -0.381564438 0.029151198 0.915831089 -0.037367649 0.398757130
613.000000 -0.194263056 -0.016453639 -0.381362379 0.030949188 0.914147556 -0.037872337 0.402420312
614.000000 -0.194888145 -0.019027421 -0.382205248 0.032777175 0.911829770 -0.036693413 0.407609701
615.000000 -0.193805933 -0.016939953 -0.381523967 0.033868879 0.909731627 -0.035193577 0.412313789
616.000000 -0.193967462 -0.020925879 -0.383944601 0.033194311 0.907910824 -0.032491907 0.416581750
617.000000 -0.193413809 -0.019473093 -0.382921934 0.033478897 0.906402409 -0.030563993 0.419975847
618.000000 -0.194718391 -0.016839596 -0.383132011 0.032482959 0.904563665 -0.028126651 0.424167842
619.000000 -0.193741202 -0.016260989 -0.383017331 0.031557284 0.902528703 -0.026036829 0.428681880
620.000000 -0.192451745 -0.016460666 -0.381943643 0.031069294 0.900658131 -0.025218287 0.432681948
621.000000 -0.191244334 -0.012272150 -0.380101204 0.031230433 0.898994744 -0.025667455 0.436089844
622.000000 -0.191579729 -0.014664833 -0.381438404 0.030403227 0.897416949 -0.024836285 0.439433336
623.000000 -0.190858454 -0.016895894 -0.381917238 0.029182673 0.895760477 -0.024031043 0.442926735
624.000000 -0.188300505 -0.016316507 -0.381013870 0.028244387 0.894556820 -0.023201801 0.445457160
625.000000 -0.188560337 -0.015639246 -0.384747118 0.027733099 0.892521441 -0.023329267 0.449546456
626.000000 -0.188069656 -0.011960340 -0.384715348 0.028828910 0.890510917 -0.023501705 0.453438997
627.000000 -0.188338608 -0.017034844 -0.383062989 0.028023684 0.889014840 -0.021633424 0.456507713
628.000000 -0.186959863 -0.017502557 -0.385900050 0.027596252 0.887056470 -0.021280929 0.460343808
629.000000 -0.187024906 -0.017644737 -0.388360947 0.027940039 0.885201812 -0.022656169 0.463814408
630.000000 -0.183028132 -0.013236331 -0.385921717 0.027870815 0.884051561 -0.023913158 0.465944409
631.000000 -0.183016598 -0.014780253 -0.389066875 0.026734157 0.882050753 -0.024010299 0.469782114
632.000000 -0.181640938 -0.013564331 -0.389809281 0.026505947 0.880169451 -0.024130993 0.473304242
633.000000 -0.177103803 -0.013612622 -0.385887027 0.026870480 0.878704667 -0.025145521 0.475945145
634.000000 -0.175224125 -0.016139967 -0.384968489 0.027250586 0.876853585 -0.025474858 0.479308009
635.000000 -0.174526542 -0.013869656 -0.386482596 0.027247123 0.874607623 -0.026839765 0.483320504
636.000000 -0.170656919 -0.016055234 -0.384207249 0.027560422 0.872943103 -0.026952302 0.486296594
637.000000 -0.169508025 -0.011631342 -0.385276049 0.027854253 0.870986164 -0.029021814 0.489658087
638.000000 -0.165795013 -0.010234134 -0.384697616 0.027872741 0.869407296 -0.029187683 0.492445081
639.000000 -0.164072663 -0.013067953 -0.382815003 0.027514776 0.867866099 -0.029116515 0.495180368
640.000000 -0.163485065 -0.016306072 -0.386832625 0.027121723 0.865977526 -0.029169381 0.498494208
641.000000 -0.159016386 -0.011718599 -0.383828521 0.027734166 0.864616096 -0.030739078 0.500724494
642.000000 -0.159473002 -0.013183333 -0.386037022 0.026997009 0.862915456 -0.030910416 0.503679156
643.000000 -0.155246690 -0.012691446 -0.383766860 0.027547648 0.861980915 -0.031437330 0.505214334
644.000000 -0.151394099 -0.009791254 -0.380070478 0.028146887 0.861196220 -0.031791981 0.506495953
645.000000 -0.150520176 -0.006996317 -0.382334501 0.027942166 0.859670877 -0.031732064 0.509095550
646.000000 -0.147588819 -0.014099969 -0.380850047 0.027144903 0.858859897 -0.030502075 0.510580540
647.000000 -0.148303002 -0.010279808 -0.386576295 0.027753942 0.857177854 -0.031909302 0.513281286
648.000000 -0.142535925 -0.012835059 -0.381265134 0.027464360 0.856585681 -0.031108391 0.514333427
649.000000 -0.141138375 -0.006777444 -0.381330222 0.026754150 0.855701089 -0.032108899 0.515779853
650.000000 -0.137367681 -0.014028394 -0.379774839 0.025629891 0.855159760 -0.030574160 0.516827106
651.000000 -0.133575648 -0.017408630 -0.379638672 0.024688404 0.854380906 -0.030258346 0.518177748
652.000000 -0.131173640 -0.013688523 -0.377944112 0.024612738 0.853839755 -0.031012226 0.519028127
653.000000 -0.127626151 -0.015146952 -0.378429472 0.023370448 0.853899896 -0.030608919 0.519010425
654.000000 -0.124321461 -0.010930603 -0.376277506 0.024465336 0.853913367 -0.031096540 0.518908739
655.000000 -0.122695602 -0.015332749 -0.377429098 0.023179211 0.853936732 -0.030506704 0.518964529
656.000000 -0.120467082 -0.014922988 -0.376666456 0.023325142 0.854050696 -0.030360682 0.518778920
657.000000 -0.118857577 -0.013996877 -0.377975225 0.023653181 0.853460729 -0.030195348 0.519743741
658.000000 -0.114887506 -0.016818700 -0.373351544 0.023874531 0.853351951 -0.028876219 0.519987047
659.000000 -0.112028755 -0.012616792 -0.374389946 0.024463974 0.852884471 -0.029691087 0.520680368
660.000000 -0.109598696 -0.015217185 -0.372984350 0.024249073 0.853070259 -0.028909339 0.520430028
661.000000 -0.104541577 -0.017082848 -0.369820297 0.023996038 0.853326142 -0.027351417 0.520106316
662.000000 -0.103030279 -0.012761069 -0.368155837 0.023573585 0.853429973 -0.028207114 0.519909620
663.000000 -0.101714231 -0.014548223 -0.370938659 0.022268692 0.853794098 -0.027809015 0.519390404
664.000000 -0.098148525 -0.011673644 -0.368576854 0.021755846 0.854497850 -0.026873900 0.518302977
665.000000 -0.094590284 -0.012943070 -0.366181076 0.020194819 0.855007648 -0.024750400 0.517630637
666.000000 -0.093388215 -0.011056895 -0.367523849 0.018901585 0.854718745 -0.023600437 0.518210173
667.000000 -0.089216262 -0.011763113 -0.364066273 0.017125200 0.855095863 -0.022130888 0.517714202
668.000000 -0.087881811 -0.011072222 -0.364916652 0.015097329 0.854850590 -0.021206871 0.518220901
669.000000 -0.083948031 -0.010822764 -0.364559174 0.012239359 0.855012059 -0.019300006 0.518104315
670.000000 -0.083186127 -0.008135583 -0.367712289 0.009708750 0.854872644 -0.018862898 0.518403947
671.000000 -0.080190964 -0.010485625 -0.366783857 0.007735676 0.855079770 -0.017846022 0.518131435
672.000000 -0.079859048 -0.005563018 -0.367106527 0.005987226 0.855074465 -0.016782992 0.518199027
673.000000 -0.074304871 -0.008152870 -0.364768147 0.004580237 0.855267823 -0.013939842 0.517978430
674.000000 -0.072145790 -0.008582775 -0.366498023 0.004390564 0.854719162 -0.012930291 0.518911064
675.000000 -0.069581404 -0.008992493 -0.365062743 0.004336013 0.854659081 -0.012101152 0.519030452
676.000000 -0.068041608 -0.006403361 -0.369344085 0.003612939 0.853897154 -0.011282940 0.520306885
677.000000 -0.065619633 -0.003515488 -0.369753689 0.003455697 0.853392601 -0.010826708 0.521144867
678.000000 -0.062711067 -0.005381254 -0.370840579 0.003385490 0.852344453 -0.009071270 0.522891283
679.000000 -0.059026912 -0.002199465 -0.370367944 0.004801651 0.851285458 -0.007781300 0.524623156
680.000000 -0.056164198 -0.006806695 -0.369674176 0.005535365 0.849929273 -0.006998104 0.526821196
681.000000 -0.053143196 -0.000724166 -0.370367199 0.007942510 0.848036110 -0.007082390 0.529831588
682.000000 -0.054840975 -0.005510196 -0.380944580 0.008222928 0.845576882 -0.005837040 0.533758461
683.000000 -0.051388808 -0.005085725 -0.380371511 0.009853940 0.844646573 -0.005563337 0.535204649
684.000000 -0.049995773 -0.000998857 -0.382929206 0.011288151 0.844072461 -0.006051911 0.536076128
685.000000 -0.047197230 -0.002796533 -0.384692967 0.010033827 0.844067693 -0.004396547 0.536124825
686.000000 -0.043031029 -0.002130122 -0.386379153 0.008788782 0.844239652 -0.002438531 0.535888195
687.000000 -0.040693402 -0.004002168 -0.388968498 0.007790907 0.844710767 -0.000416601 0.535166264
688.000000 -0.038689874 -0.003585352 -0.390946746 0.006786800 0.845223427 0.001280288 0.534368455
689.000000 -0.036563568 -0.003685549 -0.393475205 0.005609333 0.845608592 0.003380987 0.533763349
690.000000 -0.033009961 -0.004960646 -0.396506578 0.004892329 0.845697820 0.003875450 0.533625603
691.000000 -0.028609753 -0.004537288 -0.397067219 0.004679742 0.846171618 0.002552151 0.532883823
692.000000 -0.025481954 -0.004900027 -0.400842518 0.003490376 0.846539795 0.001263650 0.532312572
693.000000 -0.023259357 -0.005793371 -0.402306437 0.002429508 0.847176969 0.001621662 0.531302810
694.000000 -0.019658178 -0.002398471 -0.402477682 0.001778539 0.847660422 0.001668382 0.530533552
695.000000 -0.017306566 0.001109455 -0.403391451 0.000900503 0.847975016 0.002048848 0.530031383
696.000000 -0.010344133 -0.003234349 -0.409204245 -0.000540727 0.848072946 0.003997392 0.529864073
697.000000 -0.009926647 0.000800205 -0.413010240 0.000465408 0.848515272 0.003322328 0.529160202
698.000000 -0.004886374 -0.001882723 -0.416987836 -0.001309678 0.849651694 0.006726068 0.527299643
699.000000 -0.002643421 0.002030198 -0.418822706 -0.001129196 0.850039780 0.007136835 0.526668966
700.000000 -0.000089511 0.000657526 -0.421319544 -0.001775349 0.850422502 0.008630298 0.526026487
701.000000 0.001803905 0.005877775 -0.422268003 -0.001980112 0.850620389 0.010260151 0.525676370
702.000000 0.003182217 0.000779485 -0.424086869 -0.003170725 0.850876510 0.014468263 0.525157034
703.000000 0.006986558 0.002347714 -0.422602415 -0.003091993 0.851727128 0.016358303 0.523720980
704.000000 0.007710457 0.003797544 -0.425527185 -0.003008917 0.852324545 0.017910538 0.522697866
705.000000 0.010915175 0.001242553 -0.425940186 -0.004315743 0.852996707 0.020748140 0.521485746
706.000000 0.011909440 0.001376395 -0.426488817 -0.005614806 0.853397667 0.022747250 0.520733595
707.000000 0.015739441 0.000048095 -0.428986669 -0.006076912 0.853698492 0.023277244 0.520211637
708.000000 0.017387792 0.002507833 -0.430489957 -0.005598907 0.854173243 0.022756137 0.519460261
709.000000 0.020928785 0.000248575 -0.428451598 -0.006328315 0.855229139 0.024491319 0.517632365
710.000000 0.024104968 -0.000232772 -0.428235859 -0.006640189 0.856209815 0.025963152 0.515932679
711.000000 0.024862796 0.003471044 -0.429335177 -0.006036267 0.857353210 0.025416821 0.514065325
712.000000 0.027204350 0.000917339 -0.431715548 -0.007632812 0.858468831 0.026614908 0.512117922
713.000000 0.029376984 0.004402864 -0.432142437 -0.009039098 0.859719992 0.027392723 0.509950399
714.000000 0.030793026 0.000671108 -0.437487692 -0.010900659 0.860620260 0.028457215 0.508334696
715.000000 0.033583984 0.001168712 -0.435062706 -0.010974375 0.862590849 0.027376771 0.505041718
716.000000 0.036162615 0.001309467 -0.437344253 -0.011018987 0.864344478 0.026259921 0.502093256
717.000000 0.038790077 0.001733624 -0.438871562 -0.010708177 0.866219938 0.025876151 0.498877496
718.000000 0.038487777 0.000309187 -0.438416719 -0.011034194 0.868143141 0.025982158 0.495510578
719.000000 0.044294506 0.001915038 -0.438135684 -0.011475126 0.870154977 0.027054086 0.491901189
720.000000 0.046154410 -0.000911614 -0.438394904 -0.012130584 0.872056901 0.029144561 0.488385260
721.000000 0.051342696 0.003495163 -0.433523178 -0.010711464 0.874556124 0.028672900 0.483957291
722.000000 0.054961786 -0.002373958 -0.431947351 -0.010560764 0.876624465 0.029868513 0.480131060
723.000000 0.058199659 -0.001232233 -0.432880580 -0.010070958 0.878394365 0.029977271 0.476889193
724.000000 0.061495051 0.001506932 -0.435293645 -0.009974566 0.880049467 0.029624268 0.473852128
725.000000 0.065474689 0.000986328 -0.432049334 -0.010413010 0.881951153 0.030574659 0.470232785
726.000000 0.067518771 0.001689374 -0.433563769 -0.011273719 0.883710027 0.031711590 0.466823190
727.000000 0.075532198 0.001426382 -0.428910494 -0.010336647 0.885990918 0.032303892 0.462460548
728.000000 0.077756792 0.000505058 -0.425504506 -0.008639680 0.888276875 0.032548316 0.458072275
729.000000 0.081347451 0.001799772 -0.423503816 -0.007156496 0.890361965 0.034468185 0.453890204
730.000000 0.083532810 0.001469309 -0.425956637 -0.006475698 0.892306149 0.036575403 0.449900091
731.000000 0.085110709 0.003049705 -0.427469462 -0.005494334 0.894380748 0.037508555 0.445697218
732.000000 0.092978373 -0.000758678 -0.421356201 -0.005100395 0.897141457 0.039410248 0.439952254
733.000000 0.093867943 -0.001428487 -0.421217144 -0.004529056 0.899417341 0.040173806 0.435217172
734.000000 0.093434617 -0.003997020 -0.427905798 -0.004520668 0.900913298 0.040901035 0.432043940
735.000000 0.102942333 -0.001752639 -0.415064454 -0.004101558 0.904154718 0.040722031 0.425240099
736.000000 0.102779344 0.001163358 -0.419284284 -0.004335559 0.905753434 0.041153189 0.421779931
737.000000 0.109965831 -0.001365397 -0.415338546 -0.005014462 0.908297420 0.042295367 0.416151136
738.000000 0.109724358 0.002598651 -0.413550526 -0.004580069 0.910394192 0.041577686 0.411622047
739.000000 0.112745836 0.004196130 -0.411742568 -0.004934171 0.912269235 0.042599302 0.407339901
740.000000 0.113544255 0.003119867 -0.412880927 -0.006602433 0.913814783 0.045228738 0.403550863
741.000000 0.119364843 0.003590979 -0.409249008 -0.008107611 0.915873408 0.047131505 0.398608625
742.000000 0.116899759 0.001148656 -0.410293937 -0.010169397 0.917172909 0.048596784 0.395384312
743.000000 0.122094214 -0.001850490 -0.409200966 -0.011845078 0.918742478 0.049970292 0.391503394
744.000000 0.118363306 0.003770549 -0.412911326 -0.013069552 0.919395804 0.049666878 0.389966339
745.000000 0.132354960 0.001788367 -0.400767148 -0.013257594 0.921235204 0.049301501 0.385641426
746.000000 0.129836544 -0.001504436 -0.403867811 -0.013432371 0.921417773 0.048228487 0.385334641
747.000000 0.143747807 0.003487460 -0.392136604 -0.015389627 0.923694134 0.050353736 0.379495472
748.000000 0.135373458 -0.002212722 -0.402765393 -0.017685575 0.923557520 0.050631613 0.379690886
749.000000 0.138830334 -0.000286434 -0.401247799 -0.017428413 0.924349546 0.049941186 0.377862394
750.000000 0.140932500 -0.001076177 -0.398614883 -0.017604504 0.925148487 0.050093204 0.375873655
751.000000 0.137374848 -0.001198541 -0.405440241 -0.017332572 0.925360501 0.048745662 0.375541389
752.000000 0.143743366 0.000991087 -0.398197591 -0.015514023 0.927159786 0.047161344 0.371362150
753.000000 0.144098908 -0.001327582 -0.399363041 -0.014616212 0.928309798 0.047818940 0.368429959
754.000000 0.144834012 0.000178937 -0.400452644 -0.013089621 0.929761171 0.047103893 0.364902794
755.000000 0.149061292 0.004478127 -0.396628141 -0.011696930 0.931654572 0.046356551 0.360186100
756.000000 0.151149660 0.001551758 -0.398014456 -0.012479639 0.933253765 0.048772965 0.355672389
757.000000 0.153594285 0.005109355 -0.395929843 -0.013225580 0.935208738 0.051261760 0.350117028
758.000000 0.157580942 0.002136968 -0.393862695 -0.014331632 0.937264264 0.054564834 0.344024748
759.000000 0.154401571 0.002735510 -0.399211556 -0.014151325 0.938588202 0.056406185 0.340103388
760.000000 0.159696341 0.003081724 -0.395479441 -0.013178405 0.940473437 0.058987748 0.334449500
761.000000 0.165033460 0.004422061 -0.391810805 -0.011912550 0.942533195 0.061928809 0.328106880
762.000000 0.161622435 0.006248280 -0.395938516 -0.010345876 0.943984568 0.064145133 0.323529810
763.000000 0.172370464 0.005155567 -0.388487428 -0.008207748 0.946385384 0.067026712 0.315903068
764.000000 0.171410203 0.003637955 -0.393560678 -0.007364307 0.947765946 0.070683978 0.310948849
765.000000 0.173287898 0.000566829 -0.393062592 -0.007886402 0.949499309 0.073711641 0.304885983
766.000000 0.180429325 0.003737438 -0.388392627 -0.006432687 0.951646864 0.074686170 0.297907293
767.000000 0.178146064 0.001966812 -0.391199529 -0.004957028 0.952751458 0.076366216 0.293952852
768.000000 0.184254944 -0.000041462 -0.388934582 -0.004381616 0.954189837 0.078551248 0.288673252
769.000000 0.179140285 0.006126527 -0.393653810 -0.001726952 0.954787612 0.078359500 0.286770701
770.000000 0.189513639 0.006372068 -0.390639424 0.001268987 0.955903351 0.078441083 0.283009171
771.000000 0.187473446 0.002390228 -0.394073665 0.002382859 0.955911636 0.080790080 0.282312244
772.000000 0.190423772 0.000503778 -0.393650115 0.004765514 0.955970287 0.082770184 0.281508684
773.000000 0.190055117 0.002508804 -0.393359214 0.006157775 0.955937088 0.082711779 0.281611711
774.000000 0.191717297 0.001868062 -0.395270735 0.005930042 0.955803990 0.083140254 0.281942010
775.000000 0.193268746 0.001309335 -0.395693064 0.005712440 0.955557227 0.082014404 0.283110261
776.000000 0.197514281 -0.001335643 -0.393566459 0.003839171 0.955476820 0.081558190 0.283544570
777.000000 0.195723742 -0.001693495 -0.397330761 0.001322803 0.954989552 0.081025608 0.285355866
778.000000 0.198510677 -0.007969812 -0.397456557 -0.000786358 0.954634964 0.079166427 0.287061304
779.000000 0.195682243 0.002050120 -0.398891270 -0.001447994 0.954076409 0.073080875 0.290508538
780.000000 0.198188916 0.001531523 -0.398883939 -0.003253074 0.953583539 0.068426199 0.293233097
781.000000 0.203981057 -0.001654182 -0.394428372 -0.004833908 0.953172982 0.065324418 0.295246691
782.000000 0.203331172 0.000002708 -0.393088251 -0.006490198 0.952816129 0.060922097 0.297300965
783.000000 0.205098420 -0.005864907 -0.396874607 -0.007432026 0.952382922 0.058716934 0.299105227
784.000000 0.207052588 -0.003634598 -0.395290256 -0.006629777 0.952142119 0.057200268 0.300182492
785.000000 0.206832826 -0.007612489 -0.397274494 -0.007632192 0.951595187 0.057416815 0.301847011
786.000000 0.203035980 -0.004888814 -0.398073494 -0.007399097 0.950938225 0.054999210 0.304362953
787.000000 0.208791971 -0.007405192 -0.396090448 -0.005656421 0.951013148 0.053487267 0.304435790
788.000000 0.209101975 -0.003531631 -0.396995008 -0.005713442 0.950846732 0.050477736 0.305466563
789.000000 0.205220595 -0.003450762 -0.398970962 -0.005266171 0.950634360 0.046065774 0.306829810
790.000000 0.207660556 -0.002984840 -0.398788393 -0.003354183 0.950836837 0.041653864 0.306859851
791.000000 0.206460804 -0.003365986 -0.401455909 -0.001915517 0.950609744 0.038870260 0.307939142
792.000000 0.205525935 -0.005570870 -0.399887741 -0.001137275 0.950200796 0.036379546 0.309505433
793.000000 0.206838459 -0.003714412 -0.402141929 0.000179997 0.949675024 0.032217979 0.311575532
794.000000 0.207070857 -0.004607592 -0.401363581 0.001183298 0.949308932 0.028117498 0.313082397
795.000000 0.208345830 -0.003267406 -0.400493085 0.002132650 0.948885024 0.023644166 0.314727783
796.000000 0.210808977 -0.001635971 -0.400589108 0.002627508 0.948238015 0.016587660 0.317116022
797.000000 0.208865345 -0.004904373 -0.401711315 0.002254396 0.947189093 0.009669397 0.320521742
798.000000 0.209797040 -0.009206923 -0.401125014 0.001931557 0.946457028 0.004962157 0.322786003
799.000000 0.206799015 -0.004931872 -0.404434383 0.002035945 0.945327818 0.000559238 0.326114863
800.000000 0.209982425 -0.006744136 -0.400398731 0.002424852 0.944603682 -0.001219546 0.328201830
801.000000 0.210378930 -0.007957956 -0.399000973 0.002649605 0.943395019 -0.003077654 0.331646442
802.000000 0.210257351 -0.007687140 -0.400405228 0.003788297 0.941958606 -0.004548136 0.335676908
803.000000 0.210991442 -0.009380086 -0.399449319 0.004085596 0.940531909 -0.005965123 0.339628398
804.000000 0.214793846 -0.007911056 -0.398589760 0.005343831 0.939350963 -0.007902675 0.342824578
805.000000 0.212657154 -0.009779948 -0.398594171 0.005683758 0.937746644 -0.009280714 0.347149581
806.000000 0.215335995 -0.008956602 -0.397806585 0.005650975 0.936613679 -0.010061337 0.350173771
807.000000 0.213635206 -0.008983365 -0.398086637 0.004314922 0.935119510 -0.011032454 0.354134440
808.000000 0.216366619 -0.007471733 -0.397927403 0.004171204 0.933939874 -0.012305015 0.357193947
809.000000 0.214499921 -0.011569079 -0.401923001 0.003463019 0.932062149 -0.012713819 0.362058789
810.000000 0.214195818 -0.011488853 -0.399715245 0.002677515 0.930566907 -0.012992679 0.365881532
811.000000 0.216305524 -0.011533187 -0.393706918 0.001939644 0.929068089 -0.012602301 0.369688958
812.000000 0.209116757 -0.007670457 -0.402805954 0.001355108 0.926463008 -0.012808337 0.376165479
813.000000 0.219756752 -0.009031465 -0.390946060 0.001107218 0.925831616 -0.010840576 0.377779156
814.000000 0.220840991 -0.005032948 -0.390392303 0.000338505 0.924087167 -0.009794662 0.382056147
815.000000 0.219488025 -0.008298907 -0.393842041 -0.000779352 0.921949148 -0.007127754 0.387244552
816.000000 0.225100949 -0.009144176 -0.387007654 -0.001037776 0.920763135 -0.004824282 0.390090823
817.000000 0.220682174 -0.007183232 -0.393545568 -0.001786413 0.918378115 -0.003118545 0.395687580
818.000000 0.220195442 -0.007864621 -0.390349746 -0.002519028 0.916770339 -0.000981448 0.399405688
819.000000 0.226573706 -0.008338308 -0.384934485 -0.003445793 0.915407598 0.001274415 0.402511388
820.000000 0.220376253 -0.008051595 -0.392911285 -0.004694002 0.912846565 0.003380795 0.408261806
821.000000 0.223420113 -0.008361900 -0.384473830 -0.004917820 0.911725342 0.005769901 0.410730332
822.000000 0.225234956 -0.007832666 -0.383320451 -0.005442379 0.910160005 0.008870857 0.414126128
823.000000 0.227546811 -0.008526090 -0.380310953 -0.006281060 0.908716261 0.011851236 0.417198807
824.000000 0.223146260 -0.007199431 -0.380807459 -0.007780002 0.907005012 0.014469862 0.420799196
825.000000 0.224592820 -0.008403119 -0.378140599 -0.009642702 0.905597329 0.017644942 0.423661560
826.000000 0.225724787 -0.007956443 -0.376906544 -0.011179741 0.904203594 0.020131318 0.426480561
827.000000 0.223235875 -0.009354800 -0.377360553 -0.013152657 0.902734578 0.022884946 0.429387480
828.000000 0.225295454 -0.009310437 -0.376236916 -0.015097748 0.901420951 0.025803572 0.431910306
829.000000 0.223021835 -0.009329332 -0.375917763 -0.016391734 0.900274992 0.027584981 0.434137434
830.000000 0.220241502 -0.010248570 -0.377613157 -0.019555168 0.897452533 0.029675130 0.439677060
831.000000 0.221881911 -0.007464601 -0.375265718 -0.019678680 0.896559536 0.029935244 0.441472143
832.000000 0.220772028 -0.004073074 -0.372557849 -0.020303132 0.895030856 0.030106872 0.444523513
833.000000 0.223238200 -0.006811015 -0.367853463 -0.021672579 0.893632889 0.031768460 0.447147995
834.000000 0.221176833 -0.006575797 -0.375806332 -0.021774296 0.890993476 0.031981446 0.452364624
835.000000 0.216995090 -0.007865014 -0.370833755 -0.022877928 0.889088690 0.032279100 0.456021875
836.000000 0.218967929 -0.004827617 -0.366838276 -0.023992190 0.887396038 0.032564163 0.459230095
837.000000 0.214555264 -0.005699571 -0.371121854 -0.026218681 0.885011911 0.033284221 0.463636398
838.000000 0.216800064 -0.008036543 -0.369024664 -0.028839415 0.883532941 0.034000169 0.466242224
839.000000 0.213075727 -0.006089482 -0.371424258 -0.030537523 0.881866276 0.034119491 0.469270885
840.000000 0.213161737 -0.000846434 -0.363452137 -0.032279968 0.881042719 0.034967419 0.470636815
841.000000 0.212799400 -0.000211790 -0.364219457 -0.035401940 0.879155993 0.037462167 0.473738402
842.000000 0.210645229 0.000394017 -0.363924742 -0.038050167 0.877089858 0.039161757 0.477212697
843.000000 0.210171521 -0.000475846 -0.361545265 -0.039895955 0.875052929 0.040509511 0.480676293
844.000000 0.210349366 0.000496466 -0.361696005 -0.041408215 0.872551739 0.042508122 0.484904021
845.000000 0.209025621 0.002007645 -0.360429287 -0.043127608 0.870130479 0.043773711 0.488975257
846.000000 0.206532389 0.000072662 -0.359605461 -0.044219229 0.867549241 0.044952430 0.493337959
847.000000 0.206036657 -0.000000209 -0.360440254 -0.044385083 0.864503920 0.045280363 0.498610705
848.000000 0.207378566 0.000105955 -0.357131481 -0.044293005 0.861669660 0.045044642 0.503522158
849.000000 0.202739149 0.000312667 -0.361262590 -0.043903146 0.857675493 0.043906759 0.510428846
850.000000 0.204014242 -0.000617411 -0.357008755 -0.043411702 0.854059219 0.043588221 0.516525328
851.000000 0.202710897 -0.002232850 -0.355084598 -0.044278312 0.849864602 0.042762630 0.523393691
852.000000 0.199761733 0.001100231 -0.357142657 -0.044999193 0.845729172 0.041555636 0.530085266
853.000000 0.202197492 -0.005192623 -0.353660882 -0.047039341 0.842468381 0.041798487 0.535058081
854.000000 0.200676292 -0.003085233 -0.353325307 -0.048206151 0.838952243 0.040937815 0.540517688
855.000000 0.200609341 -0.006464358 -0.351322621 -0.051098879 0.835812449 0.042943250 0.544942558
856.000000 0.200825214 -0.006750394 -0.351542473 -0.053663459 0.832636237 0.044869076 0.549385071
857.000000 0.199308589 -0.007628702 -0.349556595 -0.054437142 0.829886913 0.045933951 0.553366423
858.000000 0.195768222 -0.002860628 -0.346997857 -0.054424208 0.827130854 0.046388648 0.557441115
859.000000 0.199707687 -0.004270289 -0.343976140 -0.055270318 0.824464977 0.047545735 0.561197102
860.000000 0.194379687 -0.001996189 -0.342356205 -0.054740760 0.821810246 0.047249816 0.565153778
861.000000 0.194715858 -0.005680796 -0.342893183 -0.055320956 0.819481373 0.047645487 0.568436265
862.000000 0.190612108 -0.002300274 -0.340597570 -0.054906197 0.817603171 0.046953179 0.571231782
863.000000 0.189111456 -0.006029230 -0.337024957 -0.054507732 0.815817654 0.047154609 0.573800385
864.000000 0.185453415 -0.007326715 -0.339312971 -0.053663030 0.813433051 0.046225581 0.577330232
865.000000 0.186443806 -0.000291228 -0.331614822 -0.051911518 0.812030613 0.045651212 0.579506159
866.000000 0.183029085 0.001822427 -0.329934388 -0.051975798 0.809807420 0.045638289 0.582604110
867.000000 0.181628779 0.000762243 -0.326866090 -0.051688895 0.808130562 0.044464003 0.585043669
868.000000 0.179543644 0.000329349 -0.324510038 -0.050623316 0.806469083 0.043448173 0.587500691
869.000000 0.176913634 0.002374768 -0.320557356 -0.048917774 0.805216610 0.041027699 0.589533687
870.000000 0.173578694 -0.001955979 -0.319778323 -0.048294026 0.803517461 0.039344583 0.592013061
871.000000 0.170218349 0.000348229 -0.319925964 -0.047674291 0.801635265 0.039324857 0.594610333
872.000000 0.167673960 0.002967384 -0.318307340 -0.047938429 0.800200820 0.040330049 0.596451223
873.000000 0.165275127 -0.000912756 -0.311712384 -0.047028769 0.799622476 0.039594736 0.597347856
874.000000 0.162658095 -0.003405290 -0.313741624 -0.044365700 0.798401892 0.038027473 0.599282920
875.000000 0.157808453 -0.003754163 -0.312004268 -0.042976085 0.797712266 0.035419501 0.600461185
876.000000 0.152617097 0.002618203 -0.308847904 -0.040571522 0.797149241 0.032665249 0.601531327
877.000000 0.153034955 -0.002654828 -0.306694299 -0.040555198 0.796287298 0.030961661 0.602762997
878.000000 0.148627311 -0.001078643 -0.303265333 -0.040647335 0.795102000 0.029391568 0.604397833
879.000000 0.145440966 -0.000103682 -0.302600503 -0.040127542 0.793543041 0.026564516 0.606608212
880.000000 0.143398672 -0.000785990 -0.298704445 -0.039350547 0.792216420 0.022788618 0.608543634
881.000000 0.140058875 -0.002167186 -0.295179307 -0.039235391 0.790838122 0.021176962 0.610399127
882.000000 0.136025548 -0.003357720 -0.295373261 -0.039840344 0.788661480 0.020334577 0.613198519
883.000000 0.135198146 0.000481511 -0.290044904 -0.039678816 0.786984921 0.019178543 0.615396261
884.000000 0.129859656 -0.001050504 -0.294478834 -0.040132560 0.784168899 0.018187979 0.618981123
885.000000 0.129408732 -0.001096512 -0.287474513 -0.040530108 0.782680571 0.017344743 0.620860338
886.000000 0.126440853 -0.009198296 -0.289507926 -0.041851483 0.779770792 0.017989175 0.624405563
887.000000 0.122435644 -0.003971601 -0.289108008 -0.040879402 0.776822627 0.017687146 0.628142178
888.000000 0.118453354 -0.003146065 -0.283658057 -0.040444441 0.773890853 0.018748488 0.631748140
889.000000 0.114858530 -0.003707071 -0.284973621 -0.040268674 0.769593060 0.019057836 0.636978626
890.000000 0.111384042 -0.009433714 -0.285649329 -0.040755033 0.764864028 0.019475766 0.642606199
891.000000 0.116980001 -0.006849325 -0.261662096 -0.038085591 0.763210833 0.019906126 0.644718945
892.000000 0.112622887 -0.006302163 -0.263040751 -0.036006391 0.757938385 0.019805180 0.651030481
893.000000 0.109706238 -0.004117309 -0.260412455 -0.034058996 0.753176391 0.018855466 0.656665683
894.000000 0.107246041 -0.004622114 -0.263227373 -0.032634154 0.748185635 0.018422762 0.662430286
895.000000 0.106164671 -0.006037156 -0.258443534 -0.031599917 0.744292617 0.018325735 0.666853845
896.000000 0.102079079 -0.006492049 -0.263264149 -0.031520803 0.739126027 0.017857928 0.672592103
897.000000 0.098861031 -0.006557762 -0.260640085 -0.030728387 0.734758496 0.017393967 0.677409172
898.000000 0.095254570 -0.003581552 -0.262340903 -0.028571013 0.729326844 0.016342269 0.683373213
899.000000 0.090856165 -0.002182374 -0.264997929 -0.026737280 0.723867893 0.016222881 0.689229429
900.000000 0.088842511 -0.006081341 -0.267600983 -0.027068140 0.718771040 0.017603524 0.694496632
901.000000 0.088180445 -0.006620808 -0.263469517 -0.027007423 0.714967191 0.018128125 0.698400974
902.000000 0.086836815 -0.001969120 -0.257560551 -0.026287736 0.711484253 0.017255718 0.701998115
903.000000 0.089469641 -0.012119263 -0.242014304 -0.027803514 0.709772766 0.018775847 0.703631341
904.000000 0.084249362 -0.013045684 -0.235673666 -0.027853902 0.706683874 0.018579340 0.706736743
905.000000 0.082757950 -0.012209771 -0.246657044 -0.027963795 0.700866759 0.017172983 0.712536931
906.000000 0.079527132 -0.006143558 -0.246898890 -0.027311830 0.696735442 0.014985513 0.716651440
907.000000 0.075467773 -0.008911938 -0.246624500 -0.027603922 0.692702651 0.015572805 0.720526576
908.000000 0.073496580 -0.007795103 -0.244393721 -0.028242845 0.689355552 0.015262927 0.723711550
909.000000 0.069498926 -0.006469179 -0.247766539 -0.027830632 0.685651541 0.014940185 0.727244258
910.000000 0.066201396 -0.005767711 -0.247947454 -0.027074497 0.682463229 0.014523818 0.730273843
911.000000 0.065235108 -0.007648485 -0.249589011 -0.027677119 0.679252684 0.014685296 0.733235419
912.000000 0.061816841 -0.007048078 -0.250758499 -0.027406499 0.676221728 0.014192307 0.736051381
913.000000 0.058677826 -0.005337308 -0.249732584 -0.026864121 0.673374057 0.012927484 0.738700569
914.000000 0.058910888 -0.013523570 -0.243608505 -0.027675394 0.671113253 0.012922434 0.740725398
915.000000 0.057807717 -0.012559572 -0.245357916 -0.027145613 0.667939961 0.012603769 0.743613124
916.000000 0.055461936 -0.014072401 -0.239533097 -0.026892094 0.666031599 0.013072715 0.745324016
917.000000 0.053422399 -0.014564469 -0.237940192 -0.027228577 0.663858593 0.013663739 0.747237384
918.000000 0.050211973 -0.012775812 -0.240333363 -0.026761731 0.661185265 0.013510273 0.749623477
919.000000 0.048693802 -0.012852158 -0.240862355 -0.025877919 0.658865154 0.013067164 0.751702309
920.000000 0.045322023 -0.009122072 -0.240918592 -0.024336137 0.656756282 0.012340442 0.753609121
921.000000 0.045401741 -0.012500631 -0.240626946 -0.023253482 0.655021846 0.012317725 0.755151629
922.000000 0.042721175 -0.007560280 -0.245368615 -0.020135887 0.652685463 0.010786079 0.757284582
923.000000 0.041442588 -0.011400715 -0.243657932 -0.018844044 0.651293159 0.009666365 0.758530617
924.000000 0.039869063 -0.010359962 -0.242595345 -0.017135900 0.650303364 0.009033663 0.759427607
925.000000 0.038846545 -0.010485709 -0.242330298 -0.016536664 0.648999214 0.008917342 0.760557055
926.000000 0.034357101 -0.006678813 -0.246981204 -0.015680432 0.646445155 0.007379738 0.762763619
927.000000 0.036638927 -0.011023758 -0.241168037 -0.015062386 0.645932078 0.007074375 0.763213515
928.000000 0.033174273 -0.009413932 -0.242435887 -0.013114592 0.644152403 0.005116513 0.764767647
929.000000 0.032711260 -0.007682567 -0.241862416 -0.011753131 0.642772615 0.003328724 0.765959620
930.000000 0.032191172 -0.010582825 -0.240058050 -0.011293238 0.642210662 0.002154002 0.766442001
931.000000 0.031830437 -0.007819161 -0.242310882 -0.009833107 0.641438961 0.000520508 0.767110825
932.000000 0.032571867 -0.012705331 -0.239945441 -0.009576868 0.641749084 0.000002976 0.766854882
933.000000 0.031491939 -0.010519517 -0.240656912 -0.007671503 0.641264081 -0.001599825 0.767280221
934.000000 0.030591719 -0.012385342 -0.239655137 -0.005839448 0.641469419 -0.003284388 0.767119348
935.000000 0.031129401 -0.010571422 -0.237949163 -0.003538732 0.641809165 -0.004697225 0.766841829
936.000000 0.031352643 -0.013102330 -0.239466906 -0.002803186 0.641523123 -0.005580697 0.767078280
937.000000 0.031272188 -0.011056080 -0.241382241 -0.001520203 0.641109347 -0.006856017 0.767417431
938.000000 0.030777276 -0.012276636 -0.237601653 -0.000644561 0.641768217 -0.007133598 0.766865194
939.000000 0.030413548 -0.010329110 -0.238585442 -0.000093558 0.642077625 -0.008080618 0.766597092
940.000000 0.031737223 -0.012019919 -0.237448007 0.000375750 0.643035054 -0.008861294 0.765785396
941.000000 0.030881908 -0.012300557 -0.237763420 0.001603535 0.643748581 -0.009932329 0.765170932
942.000000 0.031766731 -0.014686494 -0.236420736 0.002510182 0.644372940 -0.011052119 0.764627397
943.000000 0.031414311 -0.014162110 -0.238809988 0.003393175 0.644455731 -0.012649657 0.764529467
944.000000 0.032349627 -0.015496868 -0.237561852 0.004550165 0.645047486 -0.013673491 0.764006615
945.000000 0.030868923 -0.013672402 -0.237354606 0.006204058 0.645490527 -0.015304536 0.763589740
946.000000 0.032863889 -0.017406145 -0.241531789 0.006472091 0.645462394 -0.015824776 0.763600647
947.000000 0.033400860 -0.014762374 -0.237151638 0.008317774 0.646962523 -0.017246811 0.762281358
948.000000 0.032372151 -0.014379799 -0.237716660 0.009796532 0.647450924 -0.018471938 0.761820316
949.000000 0.032158770 -0.015151639 -0.238002643 0.010552946 0.647769213 -0.019147310 0.761522889
950.000000 0.033001240 -0.016271574 -0.240074977 0.010643815 0.647590876 -0.020106720 0.761648536
951.000000 0.032730069 -0.018169357 -0.240548059 0.011636698 0.647821903 -0.021018721 0.761412859
952.000000 0.032590188 -0.015105624 -0.239903033 0.013310449 0.648237467 -0.022115786 0.761000574
953.000000 0.032850284 -0.017882753 -0.241889551 0.013226147 0.648135185 -0.022179672 0.761087298
954.000000 0.034091301 -0.017428944 -0.242231071 0.014447711 0.648526967 -0.022697501 0.760716021
955.000000 0.033395052 -0.017763177 -0.242460713 0.015363259 0.648862600 -0.022868259 0.760406673
956.000000 0.033506140 -0.017837480 -0.243400380 0.016415639 0.649034202 -0.023039546 0.760233045
957.000000 0.033921357 -0.018411005 -0.242305815 0.017529545 0.649777770 -0.022487635 0.759589314
958.000000 0.034813639 -0.017876359 -0.242210180 0.018508699 0.650023639 -0.022330986 0.759360254
959.000000 0.034320388 -0.016298151 -0.242073759 0.019701883 0.650632322 -0.022054628 0.758816838
960.000000 0.034663696 -0.019393105 -0.241894558 0.019840589 0.650991321 -0.021217594 0.758529186
961.000000 0.034281112 -0.016241048 -0.241583169 0.021469289 0.651465833 -0.021071350 0.758081317
962.000000 0.033970270 -0.018222379 -0.245341852 0.021876192 0.651482403 -0.020794805 0.758063138
963.000000 0.035940122 -0.015560067 -0.240564972 0.023416789 0.652719140 -0.020882534 0.756949961
964.000000 0.035580970 -0.017046571 -0.242426455 0.024024658 0.653197825 -0.020977821 0.756515265
965.000000 0.035808541 -0.017594028 -0.242131114 0.024875503 0.654000938 -0.021049330 0.755791605
