0.000000 0.000000000 0.000000000 0.000000000 0.000000000 0.000000000 0.000000000 1.000000000
1.000000 -0.000109777 -0.001078056 -0.000455940 0.001425806 -0.000655178 0.000250057 0.999998748
2.000000 -0.000349797 0.001906030 -0.001292806 0.002776795 -0.000777604 0.000022080 0.999995828
3.000000 -0.000377679 0.002397702 -0.000655599 0.000784885 -0.001005229 0.000124593 0.999999166
4.000000 -0.000333427 0.002040749 -0.000748715 0.000437219 -0.000424378 -0.000170024 0.999999821
5.000000 0.000322071 0.002744417 -0.000782339 0.000513950 -0.000091739 -0.000478142 0.999999762
6.000000 -0.000437412 0.003159770 -0.001456056 -0.000631869 0.000249505 -0.000815059 0.999999464
7.000000 -0.000233866 0.000230322 -0.000587803 -0.002197235 0.000284180 -0.000541495 0.999997377
8.000000 0.001665442 0.001169073 -0.000540646 -0.001188669 -0.000302398 -0.000570331 0.999999106
9.000000 0.000289814 0.004009075 -0.001254559 -0.000175572 -0.000010428 -0.000733768 0.999999702
10.000000 0.001217858 0.002206763 -0.000643893 -0.001191592 -0.000117233 -0.000641764 0.999999106
11.000000 0.000123225 0.001240330 -0.000648008 -0.000971414 0.000115261 -0.000531361 0.999999404
12.000000 0.000521040 -0.000429285 0.000315702 -0.000183569 0.000101755 -0.000127547 0.999999940
13.000000 0.000532195 0.000502525 -0.000054507 0.001038347 0.000024067 0.000222488 0.999999404
14.000000 0.000215343 0.000667423 0.000502709 0.001833798 -0.000152903 0.000672826 0.999998093
15.000000 0.000981874 0.000254278 0.000335425 0.002443618 -0.000621676 0.000858093 0.999996424
16.000000 0.001209539 0.001364683 0.000153815 0.002947483 -0.000835810 0.000932403 0.999994874
17.000000 0.002410299 0.001656386 0.000083341 0.003145525 -0.001392250 0.000864882 0.999993682
18.000000 0.001901021 0.001797435 -0.000279188 0.002669760 -0.001440314 0.000180174 0.999995351
19.000000 0.000595347 0.001698874 -0.000523572 0.002289515 -0.001041669 -0.000554139 0.999996662
20.000000 0.001437909 0.001800194 -0.000588411 0.001500987 -0.001093422 -0.001355198 0.999997377
21.000000 0.001157651 0.001309712 -0.000189643 0.000836891 -0.000819998 -0.001886719 0.999997556
22.000000 -0.000662584 0.003455950 -0.000117693 0.001090062 -0.000457809 -0.002105721 0.999997079
23.000000 -0.000689543 0.000557453 -0.001100452 -0.000100948 -0.000606169 -0.002371436 0.999997020
24.000000 -0.000443759 -0.000606319 -0.000669429 -0.000426763 -0.000779080 -0.002658413 0.999996066
25.000000 -0.000258789 0.000737361 -0.000350873 -0.000101468 -0.001348728 -0.002541185 0.999995828
26.000000 -0.000173938 0.002540832 -0.000670564 0.000650640 -0.001386765 -0.002719845 0.999995112
27.000000 -0.001898566 0.004341151 -0.001277651 0.001200929 -0.000941032 -0.002957145 0.999994457
28.000000 -0.000607252 0.002381997 -0.000461004 0.000526092 -0.001112215 -0.003165220 0.999994218
29.000000 -0.001884013 0.001376596 -0.000384186 0.000363936 -0.000911314 -0.003488432 0.999993443
30.000000 -0.001907452 0.000163055 -0.000252670 0.000486815 -0.000763266 -0.003910688 0.999991953
31.000000 -0.002069911 0.001455183 -0.000337410 0.000799710 -0.000646079 -0.004026475 0.999991357
32.000000 -0.000514631 0.001355376 0.000115903 -0.000115024 -0.001158761 -0.004508309 0.999989152
33.000000 -0.002201629 0.002862772 -0.000559852 0.000460568 -0.000790750 -0.004839344 0.999987841
34.000000 -0.002897428 0.000712089 -0.000306134 -0.000334701 -0.000434424 -0.004970061 0.999987483
35.000000 -0.003931516 0.001290969 0.000032185 -0.000891751 0.000296704 -0.005113479 0.999986470
36.000000 -0.001242883 0.002414334 0.000532491 -0.001054828 0.000529263 -0.005462826 0.999984384
37.000000 -0.002186748 0.001937214 0.000172855 -0.001022391 0.001748175 -0.005587101 0.999982357
38.000000 -0.003482960 0.004972010 -0.000213762 -0.000809497 0.003171724 -0.005110176 0.999981582
39.000000 -0.003042534 0.003027076 0.000588469 -0.003286917 0.003772290 -0.004353476 0.999978006
40.000000 -0.003566108 0.003169781 0.000843657 -0.004028527 0.004193942 -0.003240261 0.999977827
41.000000 -0.003025386 0.002662881 0.001215232 -0.003419088 0.004377564 -0.002606345 0.999981165
42.000000 -0.003059145 0.003485205 0.001396619 -0.003160410 0.004523163 -0.001996078 0.999982774
43.000000 -0.005019240 0.000769879 0.002320717 -0.003706544 0.005343744 -0.001435386 0.999977827
44.000000 -0.005834504 0.002472280 0.003245320 -0.002388144 0.006239077 -0.001981378 0.999975741
45.000000 -0.004307101 0.004173251 0.003620518 -0.001819200 0.006706799 -0.002976214 0.999971449
46.000000 -0.005254301 0.004112203 0.004757217 -0.002896256 0.007928330 -0.004368559 0.999954820
47.000000 -0.006022487 0.002923346 0.006517809 -0.004068835 0.009003907 -0.006010295 0.999933124
48.000000 -0.005386053 0.006404839 0.007437355 -0.003783092 0.009224931 -0.007962843 0.999918580
49.000000 -0.006095319 0.008219878 0.008108617 -0.005338770 0.009659777 -0.009695986 0.999892056
50.000000 -0.005585520 0.004943101 0.010715424 -0.007713844 0.009889682 -0.011465374 0.999855638
51.000000 -0.005011939 0.005694542 0.012573379 -0.008153129 0.009670789 -0.013053155 0.999834776
52.000000 -0.002895526 0.008987835 0.014119321 -0.007827184 0.008811099 -0.014427208 0.999826431
53.000000 -0.003740639 0.009910719 0.016050370 -0.009214800 0.008955520 -0.015428405 0.999798417
54.000000 -0.004418510 0.009702262 0.018417243 -0.010788233 0.008917506 -0.016267784 0.999769688
55.000000 -0.003729590 0.008233207 0.020622222 -0.011710564 0.007617898 -0.016613068 0.999764383
56.000000 -0.002313261 0.008201438 0.022991210 -0.011637217 0.005543246 -0.017572725 0.999762475
57.000000 -0.001547247 0.009348587 0.025066480 -0.011126086 0.004106841 -0.018773537 0.999753416
58.000000 -0.000137515 0.006938973 0.028606396 -0.010018204 0.002302301 -0.020262856 0.999741852
59.000000 -0.000125252 0.009669362 0.030671861 -0.008123442 0.001086932 -0.022717124 0.999708295
60.000000 -0.000362226 0.008907294 0.033867616 -0.008288956 -0.000078920 -0.025090070 0.999650836
61.000000 0.005307029 0.008955809 0.037093718 -0.007806192 -0.002903350 -0.027608890 0.999584079
62.000000 0.005283374 0.010706627 0.038899753 -0.007026048 -0.004787230 -0.029996421 0.999513865
63.000000 0.007716718 0.007005401 0.042298295 -0.007871852 -0.007585449 -0.031838004 0.999433219
64.000000 0.009824058 0.007793178 0.044841520 -0.007446368 -0.010429655 -0.034423675 0.999325156
65.000000 0.011857039 0.007958064 0.047808401 -0.007888330 -0.013159073 -0.037654173 0.999173045
66.000000 0.013120010 0.002620499 0.052033368 -0.010324457 -0.015815366 -0.040826701 0.998987734
67.000000 0.012829311 0.008379756 0.053557370 -0.006881927 -0.017842412 -0.044496950 0.998826444
68.000000 0.017088084 0.007812172 0.056440216 -0.005340808 -0.021389032 -0.047621541 0.998622119
69.000000 0.016550982 0.010378630 0.058963124 -0.004563246 -0.023845751 -0.049953166 0.998456419
70.000000 0.017243948 0.006292359 0.061527424 -0.005983248 -0.026806589 -0.051501486 0.998295128
71.000000 0.018881463 0.008912992 0.065119855 -0.004762766 -0.030272853 -0.052396074 0.998156071
72.000000 0.019460250 0.006033852 0.068037242 -0.005873177 -0.033052683 -0.053422689 0.998007536
73.000000 0.023405544 0.008685794 0.070398122 -0.005790054 -0.037157092 -0.055219665 0.997765839
74.000000 0.025254158 0.008616149 0.072965547 -0.004739149 -0.040903274 -0.057356235 0.997504234
75.000000 0.025707528 0.008706156 0.075120337 -0.003519796 -0.044600047 -0.060381856 0.997172236
76.000000 0.027805876 0.009528486 0.076984830 -0.004005965 -0.048556656 -0.063149855 0.996814072
77.000000 0.029438067 0.008443891 0.081264429 -0.005724288 -0.052414145 -0.066302754 0.996405482
78.000000 0.030461185 0.009850819 0.084051363 -0.005173643 -0.055422932 -0.069699824 0.996013820
79.000000 0.031549357 0.012538445 0.085315257 -0.004063823 -0.058969092 -0.072646469 0.995604634
80.000000 0.034376211 0.008463951 0.087946199 -0.005869051 -0.064129964 -0.075951077 0.995029807
81.000000 0.035458334 0.008189986 0.090563394 -0.006611419 -0.068380900 -0.079202354 0.994488478
82.000000 0.035357878 0.011393446 0.092058271 -0.006613812 -0.072757997 -0.082603186 0.993901014
83.000000 0.037074678 0.011577128 0.095312722 -0.008518440 -0.077189416 -0.085699245 0.993289888
84.000000 0.037201345 0.011638504 0.098018564 -0.010242768 -0.081377760 -0.087773629 0.992758036
85.000000 0.037988745 0.008836318 0.101238757 -0.011550524 -0.086093470 -0.090300843 0.992119074
86.000000 0.040089719 0.008019078 0.104508974 -0.011955112 -0.091112234 -0.092886448 0.991427124
87.000000 0.040777922 0.007597602 0.107460991 -0.011891456 -0.095421456 -0.095623307 0.990762055
88.000000 0.039999492 0.008381134 0.109882742 -0.012004262 -0.098739453 -0.098150693 0.990188301
89.000000 0.041966848 0.010945241 0.112527229 -0.010787381 -0.102545902 -0.101172976 0.989510953
90.000000 0.043728419 0.012665350 0.116013318 -0.009483823 -0.106631964 -0.104591139 0.988736749
91.000000 0.040394671 0.010979314 0.117706887 -0.010140564 -0.108885862 -0.107236937 0.988201022
92.000000 0.043709319 0.011562085 0.121372946 -0.010209121 -0.113134347 -0.109183818 0.987509608
93.000000 0.045276850 0.012311250 0.124894641 -0.010938783 -0.117256008 -0.110484548 0.986876130
94.000000 0.046203222 0.009359585 0.128388822 -0.012305985 -0.121922649 -0.111971475 0.986126661
95.000000 0.043530937 0.009399693 0.130309433 -0.013465199 -0.126022011 -0.113749176 0.985392451
96.000000 0.045513220 0.008246826 0.133893937 -0.014270512 -0.131459981 -0.117027879 0.984286070
97.000000 0.050025996 0.007821109 0.138550177 -0.012750809 -0.136889607 -0.120285273 0.983173490
98.000000 0.049323294 0.007347215 0.141797870 -0.012382342 -0.140870526 -0.123797163 0.982179403
99.000000 0.049640924 0.005924683 0.145398498 -0.012235252 -0.145231172 -0.126765147 0.981167078
100.000000 0.052414693 0.004447615 0.148850709 -0.009909898 -0.150281131 -0.129441991 0.980082750
101.000000 0.050832599 0.008884898 0.151108265 -0.006504045 -0.153955981 -0.131395519 0.979280591
102.000000 0.050754376 0.006743775 0.154179394 -0.005217658 -0.158563927 -0.133139327 0.978317022
103.000000 0.053687349 0.004750079 0.158910930 -0.002555299 -0.164300874 -0.135113582 0.977109551
104.000000 0.052658249 0.007379366 0.160063550 0.000329693 -0.168113053 -0.137025669 0.976197660
105.000000 0.051656105 0.007040415 0.163132921 0.002667394 -0.171780258 -0.138538972 0.975341678
106.000000 0.055299401 0.006590543 0.166569680 0.005149987 -0.176716775 -0.139579892 0.974300861
107.000000 0.055130206 0.004322178 0.169264019 0.005577387 -0.180731669 -0.141031459 0.973352492
108.000000 0.054938633 0.004714012 0.171806216 0.007638341 -0.185008749 -0.142473280 0.972324431
109.000000 0.055506743 0.003014510 0.175355390 0.010068690 -0.190461189 -0.142626137 0.971226513
110.000000 0.056612283 0.005813056 0.177317962 0.013325672 -0.196618661 -0.142237201 0.970016539
111.000000 0.056398787 0.006157834 0.179087341 0.015599604 -0.202609450 -0.141635284 0.968837202
112.000000 0.056246739 0.004389651 0.181010023 0.017154714 -0.208573014 -0.141951278 0.967498243
113.000000 0.055895239 0.004486471 0.184114635 0.019513326 -0.214707360 -0.141899407 0.966118276
114.000000 0.056573551 0.003054516 0.186865270 0.020882338 -0.220853448 -0.142239586 0.964653075
115.000000 0.058995031 0.002669437 0.190612942 0.022473551 -0.226993680 -0.143296883 0.963034213
116.000000 0.057807565 0.000520044 0.192390591 0.023559703 -0.232136473 -0.143535286 0.961745918
117.000000 0.058330886 0.003081983 0.194748104 0.025272885 -0.238791406 -0.144052744 0.959994137
118.000000 0.058177248 0.002455937 0.198635131 0.026785463 -0.245927796 -0.143933386 0.958167672
119.000000 0.060206652 0.003490322 0.202328116 0.028748862 -0.252678603 -0.144270733 0.956301689
120.000000 0.059980445 0.001859047 0.205184430 0.029415129 -0.259192467 -0.145127863 0.954406619
121.000000 0.059447199 -0.000148397 0.208387941 0.030608585 -0.265990347 -0.146700799 0.952255785
122.000000 0.060011826 0.003100418 0.211175978 0.032694113 -0.272511601 -0.147690848 0.950187325
123.000000 0.061550476 0.004488435 0.216138601 0.034388583 -0.279147714 -0.148228094 0.948115230
124.000000 0.060873255 0.004045120 0.219477117 0.035650067 -0.285670549 -0.148328707 0.946107805
125.000000 0.059919588 0.003299632 0.222169012 0.037140120 -0.291985095 -0.149785623 0.943890631
126.000000 0.062367350 0.002822781 0.226449490 0.038051765 -0.298629940 -0.151053429 0.941570520
127.000000 0.061624944 0.000776560 0.228567496 0.038690288 -0.304613322 -0.153338596 0.939255595
128.000000 0.061902538 0.000605822 0.231298059 0.040289041 -0.310344368 -0.154357895 0.937142909
129.000000 0.062548853 0.001536136 0.233489975 0.040769059 -0.315914303 -0.155311167 0.935101330
130.000000 0.062588640 0.000249885 0.237667158 0.039480247 -0.321805656 -0.156213641 0.932995021
131.000000 0.062750071 0.000391176 0.240835518 0.039008364 -0.328155994 -0.156436488 0.930762947
132.000000 0.064443789 -0.000017792 0.245565146 0.039160192 -0.334887207 -0.157724649 0.928137898
133.000000 0.064150073 0.001052650 0.246921957 0.039019864 -0.340867341 -0.159587353 0.925645053
134.000000 0.065006956 -0.000841452 0.248890594 0.039672147 -0.347316891 -0.160717860 0.923020482
135.000000 0.066246055 0.001413815 0.252047241 0.040502355 -0.354315430 -0.162138447 0.920071304
136.000000 0.065882400 0.000801342 0.253112257 0.039512791 -0.361143559 -0.163344949 0.917241812
137.000000 0.068189397 0.000081883 0.257507771 0.038652532 -0.368256330 -0.163698539 0.914382875
138.000000 0.067440733 -0.000760282 0.259418786 0.038221590 -0.375277191 -0.163082033 0.911652565
139.000000 0.067465141 0.002613237 0.259701163 0.039094083 -0.382829219 -0.162114054 0.908643246
140.000000 0.066981576 0.001884164 0.265321821 0.036664955 -0.398096025 -0.161741361 0.902227819
141.000000 0.066145070 0.002208610 0.265510321 0.035951637 -0.405714899 -0.160263285 0.899121046
142.000000 0.068491951 0.002212402 0.269051790 0.034850504 -0.414288938 -0.159233943 0.895429909
143.000000 0.068918124 0.001587031 0.271347135 0.033407580 -0.421757191 -0.158018112 0.892208040
144.000000 0.067436405 0.002240759 0.272120416 0.033071287 -0.428310722 -0.157240793 0.889230907
145.000000 0.066222332 0.002449449 0.274003088 0.033767853 -0.435508668 -0.155893013 0.885939777
146.000000 0.065879211 0.001912522 0.277625024 0.034901343 -0.442935586 -0.154608607 0.882431924
147.000000 0.063901775 0.003882605 0.277234077 0.035056662 -0.449092716 -0.154756382 0.879282236
148.000000 0.065780751 0.003569209 0.281153858 0.034344953 -0.456961840 -0.155245155 0.875160098
149.000000 0.064340532 0.003345493 0.282650948 0.033921577 -0.463625371 -0.155171230 0.871678114
150.000000 0.063795596 0.002448704 0.285878986 0.033437878 -0.470307112 -0.155306533 0.868085802
151.000000 0.062344514 0.003657556 0.286043197 0.033624861 -0.476386696 -0.154684812 0.864868581
152.000000 0.060968079 0.002005087 0.290094793 0.033893455 -0.483426064 -0.154136494 0.861041427
153.000000 0.059804715 0.005810243 0.290926516 0.035201374 -0.489661813 -0.153380081 0.857593596
154.000000 0.057581544 0.003270323 0.292366982 0.034885067 -0.495376408 -0.153450921 0.854305565
155.000000 0.052682228 0.004418807 0.296281338 0.034803841 -0.505104840 -0.153030798 0.848669171
156.000000 0.049917683 0.004133289 0.298692137 0.033710696 -0.510738075 -0.152077809 0.845507264
157.000000 0.051905051 0.001343429 0.300395191 0.032839522 -0.517252088 -0.152343079 0.841524422
158.000000 0.049641632 0.001326746 0.302012384 0.032032050 -0.523130357 -0.152753383 0.837839425
159.000000 0.048168868 0.006024247 0.305525571 0.032800969 -0.528702736 -0.153160691 0.834229767
160.000000 0.046597987 0.007763417 0.306738555 0.033640292 -0.534367025 -0.153735533 0.830473125
161.000000 0.044884726 0.008393213 0.308925688 0.033630472 -0.539622962 -0.155492529 0.826739430
162.000000 0.042546146 0.005407135 0.310695350 0.032151040 -0.544743657 -0.156616449 0.823220432
163.000000 0.040916808 0.006831504 0.313263535 0.032167088 -0.550775766 -0.156957939 0.819130957
164.000000 0.039185546 0.005491205 0.314499378 0.031220507 -0.556895733 -0.157632425 0.814889252
165.000000 0.037314840 0.005296084 0.317089051 0.030084752 -0.562637269 -0.158099204 0.810887694
166.000000 0.036050521 0.005641025 0.318429947 0.029308470 -0.568345189 -0.157521501 0.807038844
167.000000 0.032949828 0.004655787 0.319620371 0.029266387 -0.573613942 -0.157062039 0.803394079
168.000000 0.033616774 0.007750073 0.321975708 0.029051609 -0.578785300 -0.158217087 0.799456596
169.000000 0.031861447 0.007015049 0.322982371 0.028344663 -0.583939910 -0.157625034 0.795842350
170.000000 0.029652201 0.006274644 0.326892346 0.028112089 -0.589710653 -0.156787694 0.791750371
171.000000 0.028761387 0.008879363 0.325768590 0.027169848 -0.594648778 -0.156532735 0.788132012
172.000000 0.028498761 0.009231186 0.327189296 0.025044151 -0.599726319 -0.156104743 0.784431279
173.000000 0.026519343 0.007181135 0.327584267 0.022461725 -0.605199456 -0.154544115 0.780605674
174.000000 0.024872508 0.007630657 0.327669263 0.020590410 -0.611017227 -0.152531758 0.776510179
175.000000 0.024384517 0.007960242 0.329425514 0.018607510 -0.616632044 -0.150949389 0.772420228
176.000000 0.023476355 0.008981738 0.329561770 0.016670352 -0.622639477 -0.148584157 0.768091738
177.000000 0.022847917 0.008835858 0.329036415 0.014752141 -0.628577590 -0.147147849 0.763557494
178.000000 0.022064038 0.008833754 0.330194801 0.013058606 -0.634868920 -0.145812780 0.758623421
179.000000 0.021231294 0.008991897 0.331281930 0.011808960 -0.641268849 -0.143697038 0.753648460
180.000000 0.020751193 0.010517541 0.331652552 0.010078228 -0.647369981 -0.141530991 0.748852134
181.000000 0.020429222 0.011974721 0.333349794 0.008688950 -0.653582036 -0.139538676 0.743830621
182.000000 0.019604534 0.011117211 0.330520004 0.007626870 -0.659477353 -0.137691513 0.738967121
183.000000 0.019500080 0.008779442 0.332540184 0.005086134 -0.673401594 -0.134370536 0.726944923
184.000000 0.018677657 0.010812918 0.332984239 0.005629019 -0.680437863 -0.132184029 0.720763445
185.000000 0.017692080 0.009309512 0.333911091 0.005163596 -0.687284529 -0.131191775 0.714424253
186.000000 0.017124884 0.008627947 0.335741222 0.004289589 -0.693826437 -0.131214246 0.708074391
187.000000 0.016808670 0.009429602 0.338504314 0.003564329 -0.700358212 -0.131036133 0.701651752
188.000000 0.017187281 0.010942518 0.338695586 0.002287009 -0.706296265 -0.131765217 0.695541680
189.000000 0.016781271 0.010100067 0.341984302 0.001064157 -0.712564170 -0.133652672 0.688758373
190.000000 0.017863570 0.012249645 0.343043119 0.002583073 -0.718709528 -0.133830085 0.682304561
191.000000 0.018378399 0.009732573 0.343598992 0.003706303 -0.724796593 -0.134235412 0.675749242
192.000000 0.018056050 0.014599809 0.344841540 0.004210264 -0.730348587 -0.133982092 0.669792533
193.000000 0.017762143 0.011755696 0.346148580 0.003386098 -0.735642493 -0.134973139 0.663777828
194.000000 0.019012837 0.012624389 0.345721990 0.003229912 -0.740694225 -0.134560034 0.658221304
195.000000 0.018740933 0.012692123 0.350292265 0.002951394 -0.746181667 -0.134314805 0.652045846
196.000000 0.019228660 0.013217478 0.348893374 0.002001288 -0.750710964 -0.133646816 0.646968007
197.000000 0.017993838 0.011819232 0.352064848 0.000960196 -0.755971074 -0.133754134 0.640793800
198.000000 0.018640593 0.012560032 0.353315145 0.000701174 -0.760636389 -0.132807747 0.635447741
199.000000 0.020779926 0.013533559 0.350846469 0.000181116 -0.764665246 -0.131554097 0.630857050
200.000000 0.022256505 0.016475931 0.347402185 -0.000919955 -0.768450558 -0.130374372 0.626486599
201.000000 0.023273431 0.020542488 0.350057125 -0.001160007 -0.773050845 -0.128901273 0.621108234
202.000000 0.021333598 0.015559060 0.353118658 -0.002420283 -0.777599454 -0.128462061 0.615492165
203.000000 0.019649841 0.017250657 0.358976364 -0.002688341 -0.782576501 -0.126688555 0.609521806
204.000000 0.018902533 0.017625842 0.358730584 -0.002820590 -0.786554039 -0.125083089 0.604714036
205.000000 0.020563453 0.018641002 0.359535217 -0.003155665 -0.790352821 -0.123247683 0.600118756
206.000000 0.017889202 0.015799230 0.361428171 -0.003693417 -0.794803023 -0.121143788 0.594641685
207.000000 0.019078657 0.015905729 0.359655142 -0.003532079 -0.798421025 -0.118481107 0.590316594
208.000000 0.019981846 0.018961648 0.358724624 -0.003882530 -0.801952541 -0.115620941 0.586079299
209.000000 0.017120764 0.012129147 0.359522581 -0.005880971 -0.805670083 -0.115348965 0.580995500
210.000000 0.017307356 0.012225008 0.359022290 -0.007321641 -0.808978438 -0.113965258 0.576638758
211.000000 0.018649049 0.016044749 0.358337164 -0.007796096 -0.812089860 -0.111926764 0.572644532
212.000000 0.018665217 0.012359528 0.358058751 -0.009201363 -0.815403998 -0.110554971 0.568163097
213.000000 0.018390775 0.015480263 0.356732160 -0.009809316 -0.818300128 -0.108563334 0.564360440
214.000000 0.018721767 0.012883512 0.359852612 -0.010655301 -0.821333051 -0.107767619 0.560075521
215.000000 0.019521303 0.013446828 0.357841104 -0.011108300 -0.823872685 -0.105692685 0.556722045
216.000000 0.018694498 0.010157784 0.355862796 -0.011618806 -0.826657474 -0.104234807 0.552845001
217.000000 0.017332330 0.012908529 0.356326878 -0.011862040 -0.829720080 -0.101517491 0.548742294
218.000000 0.015869692 0.009334821 0.359095693 -0.012344924 -0.832960904 -0.099725038 0.544131100
219.000000 0.020253278 0.014921073 0.355533361 -0.011203772 -0.835343719 -0.096898168 0.541004658
220.000000 0.019845776 0.015132222 0.355739892 -0.010307853 -0.838072717 -0.094638228 0.537188530
221.000000 0.018799752 0.010687687 0.357921124 -0.010021686 -0.840810239 -0.092749149 0.533230960
222.000000 0.017122462 0.011247579 0.358174741 -0.008462239 -0.843114555 -0.090574592 0.529983521
223.000000 0.018107712 0.012322292 0.356764883 -0.007955026 -0.845149815 -0.087798148 0.527209520
224.000000 0.016791597 0.012149248 0.354255915 -0.007859843 -0.847361743 -0.085741475 0.523989141
225.000000 0.018239722 0.013092786 0.352211803 -0.007326439 -0.849773049 -0.082773507 0.520558059
226.000000 0.014898181 0.012925724 0.354673028 -0.007010962 -0.852621019 -0.080537178 0.516238391
227.000000 0.015178472 0.010417098 0.352096051 -0.006608541 -0.854785144 -0.078181989 0.513016939
228.000000 0.015587777 0.011060188 0.350340933 -0.006350448 -0.856581807 -0.075145178 0.510470748
229.000000 0.013417706 0.009224871 0.351350307 -0.006692817 -0.858417869 -0.073228553 0.507652998
230.000000 0.015143245 0.010712845 0.348829359 -0.006714481 -0.860038221 -0.070654325 0.505269408
231.000000 0.013992220 0.010280782 0.347567141 -0.006363615 -0.861776710 -0.068173744 0.502645731
232.000000 0.014220089 0.007913940 0.346021891 -0.005653609 -0.863386810 -0.065674379 0.500218093
233.000000 0.011335865 0.009170936 0.348033816 0.004135133 0.865107179 0.062630683 -0.497644365
234.000000 0.011729240 0.010441350 0.345142394 0.002285981 0.866085052 0.060209215 -0.496252269
235.000000 0.011452913 0.008351067 0.344833791 0.000867885 0.867092848 0.058401208 -0.494710475
236.000000 0.010724187 0.005034564 0.343359768 0.000288803 0.867904484 0.056616813 -0.493493944
237.000000 0.008997500 0.006833468 0.340875268 -0.003526568 0.869524598 0.052345622 -0.491095185
238.000000 0.006872118 0.006551120 0.340963215 -0.005311752 0.870645583 0.049412806 -0.489393950
239.000000 0.006670177 0.004908733 0.337554812 -0.007285427 0.871633828 0.046562254 -0.487886608
240.000000 0.004723117 0.006246116 0.337792307 -0.009938602 0.872859120 0.042441327 -0.486021489
241.000000 0.004105926 0.004942338 0.336399674 -0.012325609 0.873838425 0.038522705 -0.484531194
242.000000 0.004273817 0.005707303 0.335320622 -0.014813601 0.874484539 0.034728851 -0.483581692
243.000000 0.001956552 0.001998386 0.333520889 -0.016196707 0.875108659 0.031397503 -0.482635081
244.000000 0.000166744 0.002047252 0.332442194 -0.017342608 0.875612020 0.027989211 -0.481891513
245.000000 0.000980914 0.000513180 0.330737859 -0.017065920 0.876138985 0.025065601 -0.481103897
246.000000 0.000860348 0.000354760 0.329390347 -0.017521260 0.876859725 0.021718545 -0.479935765
247.000000 -0.002296552 -0.002681732 0.328494549 -0.018061379 0.877756238 0.018454101 -0.478411108
248.000000 -0.002797544 -0.000722497 0.325684607 -0.019814231 0.878293991 0.014480631 -0.477490693
249.000000 -0.003012583 -0.002207426 0.323777914 -0.020310950 0.878907442 0.010924286 -0.476434499
250.000000 -0.001923114 -0.004083413 0.320794463 -0.021119509 0.879595160 0.007374749 -0.475196689
251.000000 -0.004350364 -0.005105067 0.319841146 -0.022656331 0.880775094 0.003499407 -0.472979605
252.000000 -0.003659457 -0.005931429 0.317503691 -0.024630768 0.881717145 0.000257905 -0.471134961
253.000000 -0.004509360 -0.004392465 0.316985518 -0.027018880 0.882921696 -0.003444513 -0.468729556
254.000000 -0.008918703 -0.008576607 0.316917062 -0.028922418 0.884356797 -0.006632177 -0.465867519
255.000000 -0.008353293 -0.009901957 0.313462406 -0.031182282 0.885258496 -0.010131265 -0.463942319
256.000000 -0.012540370 -0.011645733 0.314951897 -0.033246465 0.886731923 -0.013481833 -0.460889816
257.000000 -0.011246368 -0.012462612 0.310786545 -0.034824718 0.887546539 -0.016295001 -0.459110975
258.000000 -0.012382418 -0.012297477 0.309949696 -0.036225472 0.888745189 -0.018383019 -0.456598043
259.000000 -0.011021808 -0.011903309 0.305914521 -0.037383813 0.889757991 -0.021394381 -0.454395682
260.000000 -0.015363023 -0.016410142 0.307762086 -0.038789984 0.891553521 -0.024161573 -0.450603873
261.000000 -0.015398934 -0.015418343 0.305045873 -0.040496450 0.892613053 -0.027087331 -0.448183328
262.000000 -0.014785126 -0.016275512 0.303534806 -0.041516740 0.893902183 -0.029153852 -0.445382178
263.000000 -0.015850857 -0.016196443 0.302164108 -0.042508725 0.895466387 -0.031463061 -0.441976309
264.000000 -0.017666832 -0.016553881 0.300516933 -0.044008430 0.897110999 -0.034557912 -0.438247442
265.000000 -0.016601309 -0.017708067 0.298837125 -0.046009287 0.898405910 -0.036359373 -0.435233176
266.000000 -0.018750310 -0.017670758 0.297354132 -0.047084276 0.899759352 -0.037385307 -0.432225108
267.000000 -0.017667592 -0.017470896 0.294233948 -0.048135206 0.901017904 -0.038941499 -0.429340601
268.000000 -0.018365532 -0.019361820 0.292248666 -0.049363684 0.902369440 -0.040731326 -0.426184833
269.000000 -0.018002942 -0.019432399 0.293859184 -0.051234562 0.903484702 -0.043063186 -0.423362702
270.000000 -0.016847447 -0.021253074 0.290298194 -0.052116338 0.904197156 -0.044602484 -0.421570837
271.000000 -0.018794879 -0.022512725 0.288958341 -0.051835369 0.905535042 -0.045711920 -0.418604583
272.000000 -0.019839317 -0.020264806 0.289170891 -0.052424025 0.907014310 -0.048238587 -0.415029883
273.000000 -0.022469193 -0.021847386 0.284573734 -0.052766569 0.908412576 -0.050057687 -0.411699533
274.000000 -0.025169760 -0.022051170 0.284433037 -0.053410396 0.909847617 -0.051128440 -0.408301979
275.000000 -0.024185479 -0.022692760 0.281334817 -0.053612892 0.911047280 -0.052017573 -0.405478358
276.000000 -0.025636449 -0.023160368 0.280348182 -0.054302432 0.912368536 -0.053451639 -0.402216107
277.000000 -0.026998296 -0.021099634 0.278847724 -0.055826686 0.913381279 -0.055394519 -0.399436474
278.000000 -0.027165614 -0.021970788 0.276791453 -0.056617148 0.914348781 -0.056292620 -0.396978468
279.000000 -0.028062664 -0.020925436 0.275292575 -0.057255078 0.915324509 -0.056648046 -0.394580603
280.000000 -0.029874206 -0.023122339 0.274295717 -0.057117622 0.916576684 -0.057176381 -0.391606420
281.000000 -0.030204400 -0.024137935 0.271957815 -0.057098217 0.917882323 -0.057907730 -0.388430804
282.000000 -0.029659577 -0.025310636 0.270356387 -0.057283916 0.919422686 -0.058195900 -0.384699374
283.000000 -0.031400762 -0.024721442 0.270015806 -0.057063494 0.921252191 -0.058407985 -0.380298138
284.000000 -0.033122227 -0.025530180 0.268825889 -0.056738161 0.923189402 -0.058294307 -0.375637889
285.000000 -0.034098350 -0.024217935 0.265172690 -0.056641929 0.924869359 -0.058423679 -0.371476799
286.000000 -0.035474345 -0.023034897 0.263982624 -0.055692259 0.926721036 -0.058523640 -0.366962463
287.000000 -0.034281336 -0.023668395 0.261581361 -0.054286737 0.928500891 -0.058447540 -0.362660915
288.000000 -0.035787582 -0.025236582 0.259932578 -0.051956430 0.930598021 -0.057889558 -0.357682377
289.000000 -0.036951609 -0.022725776 0.257992327 -0.050255008 0.932356238 -0.058025658 -0.353297740
290.000000 -0.038763985 -0.022444066 0.256532609 -0.048355218 0.934119523 -0.059046775 -0.348706067
291.000000 -0.040535204 -0.022015661 0.253938556 -0.047309685 0.935841441 -0.059110261 -0.344192713
292.000000 -0.041813903 -0.024239475 0.253958464 -0.045802910 0.937603176 -0.057372123 -0.339868844
293.000000 -0.043731108 -0.023334486 0.254588366 -0.044013198 0.939196587 -0.057111423 -0.335724443
294.000000 -0.043273710 -0.024431612 0.251239181 -0.042254090 0.940542817 -0.057741739 -0.332053632
295.000000 -0.046857007 -0.023192346 0.251362026 -0.041603133 0.942152798 -0.058015395 -0.327492684
296.000000 -0.052491769 -0.021833312 0.247045904 -0.041313950 0.943558872 -0.058234174 -0.323417008
297.000000 -0.056351453 -0.020818828 0.247515321 -0.041336380 0.945143580 -0.057230305 -0.318935007
298.000000 -0.053016171 -0.024343604 0.242388070 -0.039795358 0.946314037 -0.055493068 -0.315953493
299.000000 -0.057806954 -0.021298736 0.242062733 -0.038868114 0.947897971 -0.055065881 -0.311362326
300.000000 -0.059841231 -0.022727493 0.240202576 -0.037223641 0.949350297 -0.053679414 -0.307354778
301.000000 -0.063091420 -0.026058188 0.240064859 -0.035208378 0.950887680 -0.052147657 -0.303073466
302.000000 -0.062167771 -0.023167906 0.238680512 -0.034241103 0.952180207 -0.051804926 -0.299159795
303.000000 -0.066019006 -0.021820558 0.237709284 -0.034261942 0.953629494 -0.050827742 -0.294675052
304.000000 -0.067474239 -0.021913031 0.237163574 -0.034299918 0.955063641 -0.049350023 -0.290243924
305.000000 -0.074188001 -0.023822678 0.233655632 -0.034347225 0.956655443 -0.048440088 -0.285103798
306.000000 -0.073354095 -0.021769544 0.230904311 -0.035160750 0.957865000 -0.048772827 -0.280855000
307.000000 -0.075879350 -0.019902801 0.230304018 -0.036224864 0.959140003 -0.048750374 -0.276336044
308.000000 -0.080185235 -0.019018587 0.228951037 -0.037050750 0.960491240 -0.047499858 -0.271712333
309.000000 -0.080931053 -0.019046182 0.226571232 -0.037188318 0.961707592 -0.046292450 -0.267567754
310.000000 -0.085252710 -0.018672083 0.227749109 -0.037396464 0.963086426 -0.046105988 -0.262564778
311.000000 -0.086936787 -0.019546093 0.225888401 -0.037217837 0.964340150 -0.045784142 -0.258005142
312.000000 -0.086049139 -0.017494861 0.223490745 -0.036384791 0.965574086 -0.045513030 -0.253518045
313.000000 -0.089215323 -0.017066482 0.223027468 -0.035350081 0.967079401 -0.045312796 -0.247900307
314.000000 -0.092165068 -0.017528858 0.221733391 -0.034540746 0.968574703 -0.044455700 -0.242267758
315.000000 -0.098861240 -0.015463503 0.220579356 -0.034222450 0.970123947 -0.043710262 -0.236173123
316.000000 -0.101668812 -0.014054456 0.219061732 -0.034741517 0.971233666 -0.042801064 -0.231659666
317.000000 -0.105952397 -0.012907072 0.220203668 -0.034393873 0.972371757 -0.040753081 -0.227264807
318.000000 -0.105383947 -0.011903834 0.216829687 -0.033832930 0.973152399 -0.039156400 -0.224268809
319.000000 -0.106998265 -0.012923647 0.216865033 -0.032701813 0.973966897 -0.038299225 -0.221025318
320.000000 -0.108179152 -0.009805356 0.213886529 -0.031952832 0.974638343 -0.038357154 -0.218146309
321.000000 -0.109425150 -0.009724736 0.213551253 -0.030540138 0.975337207 -0.037473302 -0.215360746
322.000000 -0.113119826 -0.010740031 0.212204009 -0.028995797 0.976115882 -0.035871178 -0.212297589
323.000000 -0.109834284 -0.012337996 0.209339827 -0.027990920 0.976727724 -0.034567833 -0.209819928
324.000000 -0.114304572 -0.009702593 0.208783120 -0.027789498 0.977560043 -0.033911675 -0.206044182
325.000000 -0.114507481 -0.008911897 0.206268311 -0.027378133 0.978184938 -0.032852180 -0.203286633
326.000000 -0.117070094 -0.008070503 0.205154151 -0.026939617 0.978887558 -0.031607337 -0.200135931
327.000000 -0.117902912 -0.006999728 0.203440696 -0.026392903 0.979335248 -0.030759856 -0.198140636
328.000000 -0.120682076 -0.005388918 0.203242362 -0.025968103 0.979717553 -0.029774845 -0.196450099
329.000000 -0.121033087 -0.006869359 0.200824067 -0.025086651 0.979939342 -0.028404044 -0.195659965
330.000000 -0.122445144 -0.003520018 0.199429363 -0.024329869 0.980218709 -0.027767865 -0.194443420
331.000000 -0.122971088 -0.002324014 0.197327569 -0.024171390 0.980445921 -0.026559740 -0.193484172
332.000000 -0.124504194 -0.001332803 0.192424610 -0.023319615 0.980710983 -0.025207696 -0.192423314
333.000000 -0.124388635 -0.004221087 0.191442966 -0.023190476 0.980919063 -0.023637053 -0.191575795
334.000000 -0.128153592 -0.000858262 0.189435989 -0.024258170 0.981072962 -0.022730483 -0.190763608
335.000000 -0.127324745 -0.002082234 0.186132699 -0.023983127 0.981066465 -0.019429568 -0.191196129
336.000000 -0.129742861 -0.002044788 0.182403848 -0.023969932 0.981211603 -0.017116351 -0.190673441
337.000000 -0.129314855 -0.001406315 0.180550635 -0.024050552 0.981375873 -0.015536277 -0.189951509
338.000000 -0.132618889 -0.003226603 0.177429155 -0.023834061 0.981717050 -0.013500034 -0.188364804
339.000000 -0.135516927 -0.003604564 0.174898028 -0.023262935 0.982035100 -0.012728478 -0.186826020
340.000000 -0.134866670 -0.003300433 0.173044115 -0.022939363 0.982266128 -0.012801708 -0.185642853
341.000000 -0.136113018 0.000527044 0.170668542 -0.023352848 0.982499182 -0.013422020 -0.184309185
342.000000 -0.136742637 0.001515508 0.166674763 -0.023905791 0.982571661 -0.013206713 -0.183867022
343.000000 -0.136415869 0.001374632 0.164267808 -0.023602096 0.982646465 -0.011797172 -0.183602169
344.000000 -0.136896595 0.001579646 0.160418138 -0.023157053 0.982800007 -0.010607422 -0.182908326
345.000000 -0.137364119 -0.003858822 0.156929493 -0.022972977 0.982976079 -0.009492062 -0.182044640
346.000000 -0.139145106 -0.003345574 0.154265031 -0.022726251 0.983139992 -0.009693839 -0.181177720
347.000000 -0.137372017 -0.003395460 0.150592610 -0.022748157 0.983122706 -0.009362761 -0.181286067
348.000000 -0.140752718 -0.001444469 0.148447439 -0.022076083 0.983213246 -0.008832291 -0.180904463
349.000000 -0.141365662 -0.003531585 0.145059407 -0.021061739 0.983223259 -0.007488470 -0.181031406
350.000000 -0.144742832 -0.003433045 0.143608749 -0.020022484 0.983335614 -0.006445649 -0.180578589
351.000000 -0.146439806 -0.002096228 0.140374511 -0.019160347 0.983411491 -0.005228848 -0.180298120
352.000000 -0.145530000 -0.002875000 0.138333142 -0.017851751 0.983488500 -0.003969661 -0.180044204
353.000000 -0.145981684 -0.003242374 0.134485245 -0.016888803 0.983635008 -0.003097839 -0.179352492
354.000000 -0.145814538 -0.004035174 0.131860167 -0.016464250 0.983737826 -0.003173309 -0.178825945
355.000000 -0.146640033 -0.006185783 0.130583435 -0.015540729 0.983968437 -0.002966468 -0.177639544
356.000000 -0.146347433 -0.004414571 0.125966400 -0.014156963 0.984255254 -0.003462556 -0.176151156
357.000000 -0.149019226 -0.002976908 0.124615453 -0.013198799 0.984690309 -0.004644184 -0.173750430
358.000000 -0.145566702 -0.001713580 0.121212259 -0.012753621 0.984921932 -0.006028781 -0.172423229
359.000000 -0.153148055 -0.002603753 0.119415395 -0.011862265 0.985461652 -0.005264755 -0.169401705
360.000000 -0.150029778 0.000224574 0.116918325 -0.010624469 0.985883713 -0.004053736 -0.167044818
361.000000 -0.148702562 0.001945907 0.113635883 -0.009895761 0.986437559 -0.003491000 -0.163801268
362.000000 -0.152133763 0.000979268 0.111413330 -0.009568570 0.987182736 -0.002983736 -0.159279034
363.000000 -0.152626991 -0.000738541 0.110283867 -0.009603708 0.987823188 -0.001536937 -0.155276313
364.000000 -0.152070999 0.000415722 0.106399052 -0.009689836 0.988378227 -0.000959021 -0.151702553
365.000000 -0.151833832 -0.001634402 0.104463801 -0.010214474 0.988898158 -0.001690265 -0.148233786
366.000000 -0.151200086 0.000154122 0.101305157 -0.010949004 0.989371836 -0.002821686 -0.144967571
367.000000 -0.155141219 -0.000118272 0.099764898 -0.011049551 0.990064502 -0.001813985 -0.140167519
368.000000 -0.155158058 -0.000625493 0.098025478 -0.011177007 0.990717888 -0.000631655 -0.135472178
369.000000 -0.154527247 0.002696412 0.095009357 -0.011463622 0.991332591 -0.000730895 -0.130872831
370.000000 -0.155164376 -0.000015673 0.091806680 -0.011138231 0.991978884 -0.000597417 -0.125910878
371.000000 -0.156797305 0.003451158 0.089469433 -0.011170865 0.992622972 -0.002378314 -0.120702736
372.000000 -0.154906929 -0.000304202 0.087127335 -0.010238236 0.993213892 -0.003130234 -0.115808181
373.000000 -0.156570524 0.003448858 0.083983898 -0.010169936 0.993795097 -0.005826096 -0.110606916
374.000000 -0.159823358 0.001066248 0.082698978 -0.009790738 0.994349003 -0.008058864 -0.105400868
375.000000 -0.158310428 -0.001225516 0.078982234 -0.008868936 0.994741321 -0.008571783 -0.101674005
376.000000 -0.161557272 0.000766584 0.078605540 -0.007828337 0.995155811 -0.009231188 -0.097562164
377.000000 -0.161365107 0.001420837 0.074870177 -0.006498311 0.995447278 -0.011790074 -0.094358414
378.000000 -0.160248101 0.001855525 0.071562782 -0.005625155 0.995804071 -0.013127426 -0.090389587
379.000000 -0.159782603 0.001816080 0.069354266 -0.005539978 0.996192813 -0.013004288 -0.086023338
380.000000 -0.163316011 0.001742514 0.067592934 -0.005152076 0.996578157 -0.013694685 -0.081350058
381.000000 -0.160782561 0.000065838 0.064521670 -0.004427491 0.996802211 -0.013923969 -0.078561679
382.000000 -0.162045628 0.000172977 0.062613487 -0.003014080 0.997079313 -0.014043916 -0.075010382
383.000000 -0.163472369 0.003423258 0.058298022 -0.002174405 0.997347355 -0.014951210 -0.071203627
384.000000 -0.166240826 -0.001027953 0.058139049 -0.000831218 0.997612417 -0.015140989 -0.067376189
385.000000 -0.166800737 0.000277434 0.053369910 0.000090782 0.997810423 -0.016020266 -0.064169392
386.000000 -0.165803120 0.000637376 0.050149091 0.000775222 0.998006284 -0.016513316 -0.060911659
387.000000 -0.166927218 -0.002332254 0.046217315 0.001145154 0.998211384 -0.017183987 -0.057248931
388.000000 -0.170371234 0.000348815 0.047389276 0.001153622 0.998372972 -0.019064987 -0.053727288
389.000000 -0.169799596 -0.000444285 0.043692976 0.001241681 0.998487890 -0.020332448 -0.051058665
390.000000 -0.172181979 -0.003269697 0.041316204 0.001471664 0.998606682 -0.020892071 -0.048435703
391.000000 -0.173105538 0.000075708 0.039479218 0.001266908 0.998656690 -0.023317894 -0.046254184
392.000000 -0.173437431 -0.002882020 0.035941303 0.001704270 0.998679101 -0.024636064 -0.045057427
393.000000 -0.173854575 -0.004604159 0.033099882 0.002262237 0.998705387 -0.025967142 -0.043682810
394.000000 -0.175935835 -0.005535248 0.029837405 0.003109616 0.998745978 -0.027108720 -0.041975457
395.000000 -0.177135184 -0.006865565 0.028051984 0.003490638 0.998739421 -0.028327849 -0.041290388
396.000000 -0.180851445 -0.008685952 0.026063289 0.003723352 0.998741150 -0.030375423 -0.039744284
397.000000 -0.180304438 -0.008188739 0.022158839 0.003785623 0.998714626 -0.032846659 -0.038416702
398.000000 -0.181785300 -0.006364786 0.020608535 0.003182372 0.998742819 -0.034174491 -0.036534566
399.000000 -0.180546552 -0.004872710 0.017810555 0.003297637 0.998784781 -0.035010096 -0.034529720
400.000000 -0.186548620 -0.003782043 0.017634222 0.002949174 0.998814881 -0.037179396 -0.031270027
401.000000 -0.189886570 -0.005214261 0.014998791 0.002476154 0.998851717 -0.038597830 -0.028271953
402.000000 -0.188732356 -0.005892141 0.011929143 0.002614985 0.998830497 -0.040518694 -0.026249643
403.000000 -0.188762173 -0.005945260 0.008556849 0.003183666 0.998759747 -0.043407250 -0.024179401
404.000000 -0.186921716 -0.005623890 0.007053549 0.002440174 0.998679459 -0.046459343 -0.021792546
405.000000 -0.185962424 -0.009205183 0.003701065 0.001056048 0.998667121 -0.047591012 -0.019949021
406.000000 -0.187420413 -0.009641721 0.002956868 0.000511476 0.998567879 -0.050310422 -0.018187556
407.000000 -0.190063626 -0.009538644 0.000284315 0.000366441 0.998483181 -0.052578744 -0.016331848
408.000000 -0.192562476 -0.009375822 -0.000157052 0.000162492 0.998462200 -0.053604022 -0.014134273
409.000000 -0.194346175 -0.009215409 -0.002008231 0.000130922 0.998441994 -0.054497074 -0.011985195
410.000000 -0.189419702 -0.009073170 -0.007473392 0.001195235 0.998313427 -0.057016093 -0.010866631
411.000000 -0.191176623 -0.011440587 -0.008405351 0.000855348 0.998220801 -0.058904581 -0.009207689
412.000000 -0.192570046 -0.011784597 -0.009545319 0.000718834 0.998137295 -0.060508687 -0.007752246
413.000000 -0.193210661 -0.011903837 -0.011651035 0.001413045 0.998087883 -0.061478499 -0.006243786
414.000000 -0.191119596 -0.013759222 -0.016678484 0.002798014 0.998064697 -0.061900713 -0.005222485
415.000000 -0.191557303 -0.014146745 -0.019580401 0.004281955 0.997996867 -0.063024409 -0.003446631
416.000000 -0.193015784 -0.014350834 -0.021967242 0.006314453 0.997907996 -0.064336471 -0.000730736
417.000000 -0.193596303 -0.012192076 -0.023591392 0.007167580 0.997761309 -0.066459559 0.002034516
418.000000 -0.197177082 -0.016219690 -0.022900051 0.006723969 0.997625351 -0.068392232 0.004578711
419.000000 -0.197982177 -0.013587223 -0.028939921 0.006506100 0.997362196 -0.072034366 0.006114933
420.000000 -0.197919130 -0.013330296 -0.032251675 0.006228204 0.997228801 -0.073790215 0.007137302
421.000000 -0.196450472 -0.015983794 -0.034040041 0.006060584 0.997154951 -0.074806280 0.007021195
422.000000 -0.195658326 -0.014953613 -0.037682459 0.005708549 0.997029662 -0.076479405 0.007078336
423.000000 -0.199963495 -0.016012769 -0.041380070 0.005065645 0.996938169 -0.077725969 0.006879176
424.000000 -0.200519741 -0.015082803 -0.045150071 0.004393200 0.996698976 -0.080851808 0.005903800
425.000000 -0.197202116 -0.015906651 -0.049226455 0.002993798 0.996562660 -0.082689598 0.004042043
426.000000 -0.198361918 -0.017886844 -0.050833881 0.001055713 0.996562362 -0.082791530 0.002818288
427.000000 -0.197629943 -0.018008262 -0.054295011 -0.000527058 0.996552229 -0.082965143 0.000405746
428.000000 -0.195432127 -0.018330809 -0.056320198 -0.001777378 0.996502876 -0.083529726 -0.001270107
429.000000 -0.195479468 -0.021800920 -0.058297407 -0.002502426 0.996522725 -0.083265491 -0.001764871
430.000000 -0.195432588 -0.023426298 -0.061611935 -0.002771548 0.996525109 -0.083196506 -0.002885168
431.000000 -0.196476683 -0.022669060 -0.063500650 -0.002244451 0.996404111 -0.084642760 -0.003063057
432.000000 -0.195780694 -0.023223629 -0.068605140 -0.002095610 0.996252716 -0.086388268 -0.003646429
433.000000 -0.197606489 -0.019639585 -0.070313558 -0.001424940 0.996111214 -0.087976791 -0.004531623
434.000000 -0.197056457 -0.025652371 -0.074284129 -0.000687821 0.996120274 -0.087840751 -0.005282290
435.000000 -0.195109427 -0.023743749 -0.078684919 -0.000173817 0.995871305 -0.090576231 -0.006016464
436.000000 -0.194054484 -0.025180031 -0.080811560 -0.000908722 0.995617092 -0.093256310 -0.006999306
437.000000 -0.192296237 -0.025119536 -0.084474400 -0.002281860 0.995436370 -0.095008358 -0.008640778
438.000000 -0.193002626 -0.024126660 -0.085928008 -0.004225217 0.995246887 -0.096812867 -0.009646843
439.000000 -0.191963255 -0.024065956 -0.089473203 -0.005263142 0.995003343 -0.099129975 -0.010671995
440.000000 -0.188938662 -0.025500517 -0.092697665 -0.006410301 0.994759500 -0.101294257 -0.012327100
441.000000 -0.190375492 -0.026995162 -0.094171822 -0.007031759 0.994529009 -0.103389055 -0.013166910
442.000000 -0.190718591 -0.026285361 -0.096835256 -0.007384452 0.994285107 -0.105536871 -0.014305676
443.000000 -0.192766190 -0.024123063 -0.098390639 -0.007127092 0.994128942 -0.106855549 -0.015451017
444.000000 -0.189713180 -0.023696015 -0.103942163 -0.006592240 0.994082391 -0.107119702 -0.016795512
445.000000 -0.187391147 -0.025837481 -0.106141530 -0.006617063 0.994161844 -0.106280290 -0.017406337
446.000000 -0.188749313 -0.025849622 -0.108624853 -0.006789218 0.994264126 -0.105340563 -0.017209306
447.000000 -0.187421650 -0.024890637 -0.111208960 -0.006764283 0.994169831 -0.106139570 -0.017747425
448.000000 -0.190092206 -0.022368331 -0.116661474 -0.007293547 0.994011343 -0.107573755 -0.017778790
449.000000 -0.191245019 -0.024222000 -0.122854978 -0.005889104 0.994061053 -0.107132480 -0.018180897
450.000000 -0.190008759 -0.024987821 -0.125704020 -0.004737461 0.993822396 -0.109278440 -0.018783914
451.000000 -0.189599708 -0.020839836 -0.127407819 -0.004183571 0.993509293 -0.111997820 -0.019447170
452.000000 -0.192982391 -0.021078728 -0.128998816 -0.003595040 0.993275285 -0.113959156 -0.020113904
453.000000 -0.194032595 -0.022973483 -0.131644011 -0.003430533 0.993146122 -0.114935078 -0.020950446
454.000000 -0.192972317 -0.024432359 -0.131706804 -0.002793446 0.993172646 -0.114543855 -0.021909185
455.000000 -0.190193594 -0.026115784 -0.135236204 -0.001996710 0.993119359 -0.114877053 -0.022655124
456.000000 -0.187299386 -0.026381172 -0.138833866 -0.001983677 0.992853820 -0.116936937 -0.023729790
457.000000 -0.191342264 -0.026707284 -0.138701528 -0.001949506 0.992697775 -0.118299007 -0.023509249
458.000000 -0.192699850 -0.026843913 -0.143049479 -0.001754172 0.992351472 -0.121255040 -0.023080623
459.000000 -0.191626012 -0.027353056 -0.146495968 -0.002725188 0.992076933 -0.123484343 -0.022967959
460.000000 -0.191053808 -0.029268580 -0.148630053 -0.002949468 0.991924047 -0.124706529 -0.022939943
461.000000 -0.192451388 -0.025048479 -0.152183250 -0.003128870 0.991434097 -0.128521994 -0.023037935
462.000000 -0.194122374 -0.026416490 -0.153099507 -0.003961257 0.991175115 -0.130465552 -0.023128182
463.000000 -0.191183224 -0.024007453 -0.156464696 -0.004868804 0.990857482 -0.132642567 -0.024160022
464.000000 -0.195236564 -0.027128782 -0.160134390 -0.006094870 0.990672171 -0.133845925 -0.024833748
465.000000 -0.197909042 -0.028466268 -0.162402362 -0.006902562 0.990594864 -0.134322524 -0.025131455
466.000000 -0.196796581 -0.031044308 -0.165479839 -0.007230908 0.990610480 -0.133966967 -0.026296429
467.000000 -0.198845506 -0.030806277 -0.169109702 -0.007131132 0.990472019 -0.134791672 -0.027304906
468.000000 -0.199181557 -0.031311661 -0.172685251 -0.006939898 0.990204990 -0.136471242 -0.028661782
469.000000 -0.201572910 -0.033742785 -0.176328972 -0.006668158 0.990151525 -0.136892021 -0.028566752
470.000000 -0.203433707 -0.034394205 -0.180113301 -0.007607662 0.989623129 -0.140424058 -0.029483410
471.000000 -0.203602031 -0.035219114 -0.181881309 -0.009065334 0.988734245 -0.146100238 -0.031258278
472.000000 -0.203151241 -0.034367897 -0.186646074 -0.010658972 0.987832308 -0.151478663 -0.033584420
473.000000 -0.205677658 -0.035971884 -0.188487932 -0.011861835 0.987531483 -0.153073460 -0.034776449
474.000000 -0.206086591 -0.037065674 -0.190984085 -0.012485897 0.987261832 -0.154370844 -0.036438778
475.000000 -0.208791181 -0.039554544 -0.192513809 -0.013450609 0.986774921 -0.157161534 -0.037343279
476.000000 -0.208913371 -0.041131131 -0.195568055 -0.014467797 0.986424804 -0.158941120 -0.038658157
477.000000 -0.211826801 -0.043950826 -0.197304681 -0.014603497 0.986320078 -0.159494251 -0.038999852
478.000000 -0.211553305 -0.044209316 -0.200082377 -0.014306644 0.986056924 -0.161193877 -0.038776621
479.000000 -0.212788984 -0.047444530 -0.203121305 -0.014429287 0.985830367 -0.162756100 -0.037956320
480.000000 -0.212533742 -0.046798725 -0.205996335 -0.014696937 0.985563278 -0.164554715 -0.037023351
481.000000 -0.214205563 -0.049790677 -0.208649993 -0.014725440 0.985432327 -0.165703192 -0.035337318
482.000000 -0.215786442 -0.047339648 -0.210882917 -0.014775387 0.984886348 -0.169190735 -0.033985719
483.000000 -0.217403904 -0.048793655 -0.213562340 -0.014980828 0.984699965 -0.170537755 -0.032532908
484.000000 -0.217018634 -0.048358470 -0.215940461 -0.015185396 0.984568238 -0.171467051 -0.031525020
485.000000 -0.217824742 -0.049529098 -0.218796223 -0.015334996 0.984501779 -0.172050789 -0.030323599
486.000000 -0.217916489 -0.052148283 -0.220915139 -0.014648645 0.984447658 -0.172708213 -0.028637055
487.000000 -0.220066890 -0.051526904 -0.222674340 -0.014169563 0.984243870 -0.174258947 -0.026401432
488.000000 -0.217429101 -0.050747495 -0.222868085 -0.013730027 0.983939230 -0.176280126 -0.024502262
489.000000 -0.217219502 -0.050838266 -0.224336371 -0.014000130 0.983798146 -0.177372783 -0.022003299
490.000000 -0.218171969 -0.048484240 -0.226787373 -0.013077831 0.983710527 -0.178325430 -0.018509164
491.000000 -0.217364058 -0.051209904 -0.229102015 -0.012476283 0.983796775 -0.178217724 -0.015056370
492.000000 -0.218756720 -0.052052889 -0.230789006 -0.012619996 0.983714402 -0.178995937 -0.010350022
493.000000 -0.219160214 -0.054112103 -0.234302476 -0.012089748 0.983669996 -0.179463401 -0.006333547
494.000000 -0.219319910 -0.051534627 -0.235871151 -0.011560775 0.983307004 -0.181579560 -0.001606363
495.000000 -0.221558273 -0.052678585 -0.238054931 -0.010710969 0.983087897 -0.182789922 0.003360744
496.000000 -0.223048002 -0.053265471 -0.239516556 -0.010045912 0.982864261 -0.183910415 0.007341987
497.000000 -0.220471740 -0.050900269 -0.241859823 -0.009937254 0.982602477 -0.185213923 0.009457814
498.000000 -0.219546258 -0.050251927 -0.243378475 -0.009679852 0.982575178 -0.185229659 0.011930972
499.000000 -0.218025014 -0.051412337 -0.244200438 -0.009763418 0.982588708 -0.185028508 0.013731526
500.000000 -0.218153775 -0.047524773 -0.247583538 -0.008891579 0.981961429 -0.188130572 0.016720720
501.000000 -0.217836648 -0.046784870 -0.250181615 -0.008260828 0.981373847 -0.190908477 0.019774860
502.000000 -0.219076261 -0.048176143 -0.252554923 -0.008592246 0.981208742 -0.191425085 0.022628386
503.000000 -0.219883010 -0.048841704 -0.255562127 -0.008862176 0.981119394 -0.191524431 0.025387397
504.000000 -0.216653422 -0.049726836 -0.258597493 -0.007850328 0.981105447 -0.191297784 0.027850337
505.000000 -0.218279004 -0.051281434 -0.263559997 -0.006409977 0.981010437 -0.191251710 0.031626057
506.000000 -0.217392564 -0.049336977 -0.264715523 -0.005069851 0.980703354 -0.192203730 0.035396904
507.000000 -0.219961181 -0.050021477 -0.268261313 -0.004202916 0.980440259 -0.192775443 0.039456494
508.000000 -0.219460219 -0.049775090 -0.270247489 -0.003568571 0.980064034 -0.194007605 0.042693768
509.000000 -0.217934519 -0.050691631 -0.272646904 -0.001623450 0.979573905 -0.195638895 0.046450548
510.000000 -0.215803877 -0.051761389 -0.272195280 -0.000452247 0.979368985 -0.195813745 0.049932022
511.000000 -0.217826337 -0.053358264 -0.274933487 0.000308070 0.979229927 -0.195630983 0.053264242
512.000000 -0.216376945 -0.055709045 -0.278222322 0.002279286 0.979064643 -0.196121320 0.054438841
513.000000 -0.214670897 -0.055980295 -0.281046093 0.003776968 0.978764534 -0.197052106 0.056357324
514.000000 -0.213606030 -0.055197269 -0.283955425 0.005193130 0.978487611 -0.197948664 0.057890724
515.000000 -0.211649567 -0.054227151 -0.286905974 0.007090807 0.978173614 -0.199202254 0.058690041
516.000000 -0.209472686 -0.051748455 -0.290431619 0.008594934 0.977850020 -0.200401634 0.059788894
517.000000 -0.207786053 -0.053079717 -0.293017507 0.010103958 0.977571130 -0.201375127 0.060832564
518.000000 -0.205073327 -0.053753898 -0.296369493 0.011833594 0.977265954 -0.202520415 0.061617434
519.000000 -0.206170022 -0.053688899 -0.299183100 0.012062242 0.976929009 -0.203600392 0.063333519
520.000000 -0.205423295 -0.054692809 -0.300444484 0.013015701 0.976775646 -0.203817189 0.064795107
521.000000 -0.203955099 -0.056921378 -0.303303480 0.014697377 0.976551473 -0.204114333 0.066847421
522.000000 -0.201442957 -0.058584817 -0.303220510 0.015085888 0.976411879 -0.204062492 0.068925932
523.000000 -0.202031717 -0.054409053 -0.306652576 0.015748125 0.976144373 -0.204260677 0.071915366
524.000000 -0.200666904 -0.053035337 -0.309597909 0.016547002 0.976084709 -0.203608423 0.074353613
525.000000 -0.201191783 -0.055109560 -0.311922997 0.017369954 0.976125240 -0.202098355 0.077679828
526.000000 -0.199360535 -0.053110711 -0.312985867 0.019061634 0.976035535 -0.201119155 0.080884695
527.000000 -0.201010674 -0.057982486 -0.316816241 0.020593101 0.976202190 -0.198480159 0.084916450
528.000000 -0.198331296 -0.057001211 -0.319366336 0.023324806 0.976219952 -0.196712807 0.088060796
529.000000 -0.198228925 -0.056748003 -0.321514785 0.025067821 0.976211548 -0.194778368 0.091891222
530.000000 -0.197546363 -0.056428865 -0.323450089 0.026212636 0.976316214 -0.192440003 0.095322460
531.000000 -0.196707889 -0.054369591 -0.324650705 0.027611298 0.976497829 -0.189923957 0.098074012
532.000000 -0.196911544 -0.051880516 -0.326541960 0.028181167 0.976573169 -0.187821716 0.101161994
533.000000 -0.192933649 -0.049192764 -0.329416454 0.030088443 0.976362705 -0.187203169 0.103756905
534.000000 -0.191833079 -0.051309504 -0.325689107 0.031099528 0.976473153 -0.184917152 0.106483310
535.000000 -0.193465054 -0.048395850 -0.329606354 0.032723490 0.976230800 -0.183687940 0.110278286
536.000000 -0.193084434 -0.048279602 -0.331754327 0.033257768 0.976137340 -0.182074130 0.113572784
537.000000 -0.192706093 -0.051009160 -0.331802428 0.033599906 0.976379395 -0.178731143 0.116659664
538.000000 -0.192828000 -0.048983123 -0.334156573 0.033538844 0.976462066 -0.176115975 0.119917549
539.000000 -0.194735914 -0.048432052 -0.336885571 0.033188026 0.976498187 -0.173647463 0.123273648
540.000000 -0.193154663 -0.046374694 -0.339170098 0.033441465 0.976325274 -0.171920657 0.126940727
541.000000 -0.192141235 -0.043848112 -0.339341193 0.034240354 0.976038873 -0.170307413 0.131038591
542.000000 -0.195511669 -0.043170352 -0.340326399 0.033785831 0.975713670 -0.168383926 0.135971054
543.000000 -0.192945033 -0.041856248 -0.342177093 0.034178283 0.975231349 -0.167249516 0.140652850
544.000000 -0.193301171 -0.041501589 -0.343869686 0.035276536 0.974586248 -0.166161582 0.146039322
545.000000 -0.193700343 -0.038604941 -0.344604671 0.035213862 0.974018693 -0.164287046 0.151846409
546.000000 -0.190430075 -0.042380594 -0.340806127 0.034991920 0.973927438 -0.159883931 0.157092392
547.000000 -0.194382787 -0.037146777 -0.343447387 0.034573592 0.973168850 -0.157819882 0.163828865
548.000000 -0.195222318 -0.032137945 -0.345188111 0.036914203 0.972566247 -0.155354157 0.169166520
549.000000 -0.195879951 -0.035025638 -0.346240968 0.036865130 0.972058892 -0.152341694 0.174741179
550.000000 -0.195511043 -0.032737896 -0.346912324 0.037665188 0.971238375 -0.151358262 0.179911166
551.000000 -0.195041388 -0.030903462 -0.350671887 0.037985962 0.970462024 -0.150395170 0.184775159
552.000000 -0.195363760 -0.030171230 -0.350971848 0.039683376 0.969863355 -0.148337960 0.189172313
553.000000 -0.196229637 -0.028343342 -0.353084683 0.039459772 0.969251335 -0.146297157 0.193886355
554.000000 -0.196196049 -0.032032996 -0.353106439 0.038363170 0.968722999 -0.143792599 0.198564142
555.000000 -0.195926040 -0.031982414 -0.354386687 0.039697025 0.967911303 -0.142935932 0.202832773
556.000000 -0.197375834 -0.025977448 -0.357236803 0.040548336 0.966835380 -0.143479720 0.207361519
557.000000 -0.197702095 -0.031744137 -0.351463556 0.039306473 0.966596901 -0.140354395 0.210822329
558.000000 -0.200494021 -0.029621251 -0.354618073 0.038659040 0.965995371 -0.138730332 0.214737758
559.000000 -0.201700479 -0.029545594 -0.355376422 0.037612431 0.965507209 -0.137388587 0.217957526
560.000000 -0.199924618 -0.027935173 -0.356060326 0.037407909 0.965011299 -0.136067003 0.220996723
561.000000 -0.200673640 -0.028611172 -0.356140822 0.036706001 0.964537323 -0.134534806 0.224099994
562.000000 -0.198393464 -0.026457649 -0.359482288 0.036634926 0.964090407 -0.133640423 0.226556554
563.000000 -0.198401034 -0.025980935 -0.359729886 0.035191737 0.963629425 -0.132069021 0.229646802
564.000000 -0.200030506 -0.027997479 -0.358983248 0.034874562 0.963237584 -0.129387721 0.232843131
565.000000 -0.199975073 -0.027842559 -0.360877693 0.033823580 0.962674916 -0.127834603 0.236159533
566.000000 -0.198615581 -0.028124584 -0.360505462 0.033872254 0.962140024 -0.126068309 0.239261433
567.000000 -0.198711619 -0.027438756 -0.359686434 0.033499766 0.961650968 -0.124422908 0.242124245
568.000000 -0.196649313 -0.028057700 -0.359624386 0.033940535 0.961268604 -0.121823326 0.244887397
569.000000 -0.199832931 -0.026253976 -0.360072553 0.033969291 0.960509062 -0.119894601 0.248784393
570.000000 -0.201161385 -0.027166147 -0.360843420 0.035775881 0.959856927 -0.117036380 0.252383024
571.000000 -0.199896857 -0.026906069 -0.361649692 0.035898793 0.959166348 -0.114537477 0.256109983
572.000000 -0.201634586 -0.024156023 -0.362419248 0.037096821 0.958060563 -0.113088682 0.260681242
573.000000 -0.198105216 -0.027494889 -0.361796021 0.038326930 0.957293451 -0.110324219 0.264478445
574.000000 -0.198739707 -0.024900937 -0.365187854 0.038933307 0.956239879 -0.108549550 0.268898696
575.000000 -0.199045926 -0.024571089 -0.366102874 0.039964370 0.955226600 -0.106006615 0.273326933
576.000000 -0.199146569 -0.024107035 -0.367226899 0.040754598 0.954144239 -0.103443541 0.277933806
577.000000 -0.199193805 -0.022482984 -0.367934495 0.041057121 0.953212142 -0.100946799 0.281976432
578.000000 -0.198142409 -0.023561858 -0.367944300 0.041117620 0.952310264 -0.098017097 0.286019444
579.000000 -0.196269423 -0.022003511 -0.368640423 0.040454414 0.951424539 -0.095889464 0.289758503
580.000000 -0.200680032 -0.023033513 -0.368349791 0.038525928 0.950267851 -0.093427874 0.294580936
581.000000 -0.202344179 -0.018481476 -0.370474339 0.036933508 0.948998094 -0.092210248 0.299225390
582.000000 -0.201232150 -0.016308684 -0.372004509 0.036494371 0.947839022 -0.090290181 0.303507984
583.000000 -0.198375732 -0.015349211 -0.370788395 0.036132902 0.946951091 -0.088389322 0.306863755
584.000000 -0.198171392 -0.017004976 -0.370702624 0.034832988 0.946151912 -0.085241884 0.310349852
585.000000 -0.199660629 -0.016128302 -0.373018801 0.033856440 0.945040703 -0.082502671 0.314555407
586.000000 -0.198942244 -0.016919868 -0.371939242 0.033594675 0.943964660 -0.080010660 0.318434328
587.000000 -0.199543044 -0.016604271 -0.371953189 0.032818429 0.942888081 -0.077676699 0.322259694
588.000000 -0.197611392 -0.014307274 -0.372098207 0.032874804 0.941785276 -0.075474061 0.325980783
589.000000 -0.196970552 -0.014810895 -0.372410357 0.032629881 0.940704644 -0.073122181 0.329641104
590.000000 -0.196971178 -0.014344741 -0.371383011 0.032692697 0.939608932 -0.071153209 0.333171904
591.000000 -0.200900108 -0.014633988 -0.372853160 0.031904090 0.938297391 -0.068231672 0.337527126
592.000000 -0.200125158 -0.015586449 -0.373239994 0.031420734 0.937412918 -0.065812625 0.340497464
593.000000 -0.197449952 -0.015212644 -0.371447682 0.031574950 0.936531365 -0.063934475 0.343255669
594.000000 -0.199954122 -0.011525732 -0.374346584 0.031423274 0.935324550 -0.062634163 0.346781611
595.000000 -0.199828431 -0.013586692 -0.373092294 0.030886078 0.934512556 -0.060059719 0.349464148
596.000000 -0.198433459 -0.012847278 -0.372886240 0.031293869 0.933655024 -0.058392301 0.351993352
597.000000 -0.200398907 -0.012732121 -0.372808367 0.031689268 0.932508111 -0.056656994 0.355266660
598.000000 -0.199790433 -0.012273734 -0.373603046 0.031553291 0.931381762 -0.055780999 0.358358651
599.000000 -0.200392827 -0.012007080 -0.375366330 0.031300806 0.930122674 -0.054600153 0.361816049
600.000000 -0.197161198 -0.012141919 -0.371963680 0.031951562 0.929245412 -0.052879810 0.364260644
601.000000 -0.201662913 -0.008385498 -0.373715371 0.032086831 0.927718222 -0.051312722 0.368342727
602.000000 -0.202130675 -0.007352940 -0.374108911 0.032194283 0.926581204 -0.048974335 0.371500134
603.000000 -0.201171249 -0.008155835 -0.373724759 0.032079466 0.925398171 -0.046505619 0.374761671
604.000000 -0.200213224 -0.007975724 -0.373261988 0.032106392 0.924030125 -0.044960786 0.378306836
605.000000 -0.199937358 -0.006582217 -0.373281986 0.032098964 0.922672808 -0.044514295 0.381658345
606.000000 -0.197758257 -0.006747687 -0.373345315 0.031965982 0.921461105 -0.043576214 0.384693027
607.000000 -0.197733879 -0.008889314 -0.372773528 0.031255674 0.920298219 -0.042595573 0.387633681
608.000000 -0.197281063 -0.007091045 -0.370978922 0.031196840 0.919270992 -0.041898638 0.390143633
609.000000 -0.199006885 -0.008049945 -0.372271746 0.030520048 0.917820156 -0.040067300 0.393788308
610.000000 -0.197990566 -0.008232629 -0.370849222 0.030515568 0.916625798 -0.038859397 0.396681100
611.000000 -0.197429627 -0.002831683 -0.370588452 0.030923059 0.915043950 -0.038228869 0.400345922
612.000000 -0.197531193 -0.003959213 -0.371935964 0.030966856 0.913601577 -0.037143260 0.403724700
613.000000 -0.196331739 -0.003533799 -0.371397376 0.032698300 0.911976099 -0.037306972 0.407232851
614.000000 -0.192522764 -0.007275796 -0.371191949 0.035106041 0.909968793 -0.036018509 0.411615103
615.000000 -0.194127545 -0.003015781 -0.375023961 0.036165759 0.907459199 -0.034942023 0.417119712
616.000000 -0.192815140 -0.002893013 -0.373131633 0.035695110 0.905873954 -0.033032417 0.420745909
617.000000 -0.192389518 -0.004713221 -0.373566091 0.035577882 0.904277265 -0.030642059 0.424355835
618.000000 -0.191759467 -0.007305427 -0.373308897 0.034402583 0.902579427 -0.027165247 0.428285897
619.000000 -0.195211351 -0.003951851 -0.373707205 0.033171490 0.900228798 -0.025512431 0.433401436
620.000000 -0.193875343 -0.001975509 -0.372406274 0.032861609 0.898298621 -0.025290426 0.437424332
621.000000 -0.194327906 -0.000610947 -0.372572541 0.032428041 0.896444261 -0.025465438 0.441234231
622.000000 -0.193216339 -0.003829749 -0.373163283 0.031621609 0.894966900 -0.024461994 0.444337606
623.000000 -0.194658309 -0.001728992 -0.376742542 0.030719146 0.892884970 -0.024503810 0.448566943
624.000000 -0.190885991 -0.001569248 -0.374482542 0.029954631 0.891819477 -0.023504207 0.450786263
625.000000 -0.190795630 0.000843271 -0.373962104 0.029413147 0.890097737 -0.023845388 0.454194129
626.000000 -0.190372646 0.001810852 -0.374923229 0.030165439 0.888033926 -0.023653720 0.458177149
627.000000 -0.187926382 0.000749868 -0.373209774 0.029996030 0.886515200 -0.022364024 0.461184293
628.000000 -0.182987958 -0.000606022 -0.375475764 0.029682877 0.884896636 -0.022060782 0.464316964
629.000000 -0.182389766 0.001428510 -0.374681026 0.030185780 0.883334756 -0.023633953 0.467172295
630.000000 -0.181579903 0.002195886 -0.376170546 0.029728891 0.881721377 -0.024526499 0.470193714
631.000000 -0.179552630 0.004680017 -0.375690401 0.029129293 0.880089819 -0.024975849 0.473254323
632.000000 -0.178280920 0.000034841 -0.376179576 0.028402895 0.878190219 -0.024198068 0.476853997
633.000000 -0.174633071 0.001439669 -0.372591972 0.028908461 0.876620173 -0.025360560 0.479643941
634.000000 -0.176778480 0.000080507 -0.372977853 0.029230135 0.874407887 -0.025719561 0.483626932
635.000000 -0.175108939 -0.000925779 -0.373430908 0.029178331 0.872231364 -0.026414199 0.487507254
636.000000 -0.172795489 -0.001222592 -0.372893363 0.029284969 0.870363772 -0.027046122 0.490793049
637.000000 -0.171430513 0.001041320 -0.374747962 0.029626288 0.868351042 -0.028656596 0.494234294
638.000000 -0.168611526 -0.000770111 -0.371918529 0.029155012 0.866891325 -0.028340194 0.496836305
639.000000 -0.167618960 -0.000630554 -0.374083459 0.029047867 0.864950240 -0.028910615 0.500181556
640.000000 -0.164131731 -0.002514138 -0.371814430 0.028974902 0.863686800 -0.029064290 0.502355516
641.000000 -0.161050275 0.000014268 -0.371416926 0.029244347 0.862042606 -0.030403478 0.505077302
642.000000 -0.159376353 -0.000144514 -0.374108374 0.028718702 0.860408187 -0.030567862 0.507876635
643.000000 -0.156916380 -0.000177079 -0.372663319 0.029294057 0.859262943 -0.030974140 0.509754717
644.000000 -0.155077100 -0.000922767 -0.373917222 0.029361771 0.858022451 -0.031130312 0.511826575
645.000000 -0.149284884 -0.001640742 -0.367606193 0.029138146 0.857473075 -0.029965678 0.512828648
646.000000 -0.148291796 -0.002988890 -0.369833052 0.028920030 0.856127143 -0.029852215 0.515091121
647.000000 -0.146494091 0.000986366 -0.369285434 0.029241502 0.855094552 -0.031238660 0.516703427
648.000000 -0.143550858 -0.000219486 -0.368204147 0.028983541 0.854021370 -0.030898420 0.518510103
649.000000 -0.141580701 -0.000006494 -0.367225558 0.028207503 0.853314996 -0.030482296 0.519739270
650.000000 -0.138101533 -0.001390087 -0.364573091 0.027286889 0.852796972 -0.030348344 0.520645618
651.000000 -0.137030259 -0.001664691 -0.368062645 0.026336955 0.851578712 -0.030703556 0.522663772
652.000000 -0.134144932 -0.001979437 -0.367247432 0.026049474 0.851020455 -0.030773254 0.523582697
653.000000 -0.128695175 -0.002024881 -0.366410494 0.025135625 0.851221025 -0.030582609 0.523312211
654.000000 -0.126279086 -0.001418089 -0.364303052 0.025498040 0.851216197 -0.030656034 0.523298323
655.000000 -0.123295747 -0.002080899 -0.363580406 0.025031149 0.851395488 -0.030353282 0.523046732
656.000000 -0.119759023 -0.000562572 -0.360438555 0.025484461 0.851763129 -0.030286059 0.522429883
657.000000 -0.116793722 -0.001016815 -0.357545495 0.025686972 0.851604104 -0.029854400 0.522704005
658.000000 -0.114835650 -0.002290536 -0.359401047 0.025931709 0.850803196 -0.029060135 0.524039030
659.000000 -0.113237739 0.000575327 -0.358438492 0.026422322 0.850508094 -0.029355321 0.524477005
660.000000 -0.110449106 0.000686058 -0.358820707 0.026545219 0.850435317 -0.028966324 0.524610579
661.000000 -0.105100520 -0.002034219 -0.355373591 0.025765255 0.850783050 -0.027827751 0.524146914
662.000000 -0.106441692 0.001387747 -0.358585924 0.025182672 0.850364327 -0.028450105 0.524821043
663.000000 -0.103115931 0.000731865 -0.355747253 0.024215445 0.851336062 -0.027977692 0.523314357
664.000000 -0.102224953 0.002807911 -0.358335108 0.023471558 0.851419210 -0.026948716 0.523266852
665.000000 -0.095682025 0.004162073 -0.353113592 0.022188127 0.852307081 -0.025273029 0.521959484
666.000000 -0.096168816 0.003116188 -0.353403389 0.020601787 0.852083385 -0.023548918 0.522470176
667.000000 -0.092806369 0.004116677 -0.355298758 0.018797262 0.851854146 -0.022734001 0.522947788
668.000000 -0.089816064 0.004785396 -0.354156733 0.016789906 0.851921022 -0.021723475 0.522950113
669.000000 -0.087474160 0.006152435 -0.353610218 0.013823376 0.852045238 -0.020292131 0.522891998
670.000000 -0.083198637 0.004654177 -0.356118053 0.010847486 0.852167606 -0.019276073 0.522801161
671.000000 -0.082309656 0.004377516 -0.358695060 0.008984634 0.851925671 -0.018791901 0.523248196
672.000000 -0.080095001 0.005792414 -0.357982248 0.007157656 0.852061629 -0.016967058 0.523117304
673.000000 -0.077469341 0.008039711 -0.358339965 0.006215400 0.851978898 -0.014953455 0.523325622
674.000000 -0.075031050 0.008078886 -0.358864576 0.006104380 0.851506352 -0.013849056 0.524125814
675.000000 -0.073365800 0.008138322 -0.358212769 0.006232985 0.851314247 -0.012981729 0.524458528
676.000000 -0.071090981 0.008452324 -0.359572768 0.005252148 0.850802183 -0.011705627 0.525329530
677.000000 -0.068180703 0.008418153 -0.359282225 0.004890373 0.850386739 -0.010691872 0.526026726
678.000000 -0.066984713 0.008689577 -0.362169981 0.004871169 0.849067211 -0.009316523 0.528180122
679.000000 -0.065305218 0.005997626 -0.366650075 0.005303154 0.847542584 -0.007466969 0.530648351
680.000000 -0.060798116 0.006743117 -0.363428771 0.006947381 0.846420586 -0.007150330 0.532421708
681.000000 -0.059471525 0.008101610 -0.366280138 0.008794908 0.844288051 -0.006640987 0.535776317
682.000000 -0.056290068 0.007701180 -0.369362503 0.009974399 0.842556894 -0.005685027 0.538484991
683.000000 -0.053500004 0.009700353 -0.367949098 0.011690216 0.841673136 -0.005789539 0.539829731
684.000000 -0.050200909 0.012020661 -0.368722558 0.012932544 0.841324091 -0.006010421 0.540342927
685.000000 -0.047703572 0.012088135 -0.371458679 0.012081311 0.841220796 -0.004368302 0.540539205
686.000000 -0.045903951 0.009859563 -0.372545779 0.010624642 0.841392875 -0.001881256 0.540316343
687.000000 -0.040977076 0.011732454 -0.375767827 0.009508619 0.841838479 -0.000792285 0.539645314
688.000000 -0.038706735 0.012703917 -0.376335919 0.008719147 0.842505872 0.000937217 0.538615763
689.000000 -0.035324313 0.007616217 -0.377662539 0.007284881 0.843033552 0.003930071 0.537797391
690.000000 -0.032386929 0.011870513 -0.380508691 0.006866899 0.843128502 0.003275763 0.537658334
691.000000 -0.028496571 0.011096739 -0.384672701 0.006479396 0.843251050 0.002204837 0.537476301
692.000000 -0.027921900 0.011529291 -0.388035119 0.005789218 0.843578935 0.001043546 0.536973119
693.000000 -0.021949187 0.013060144 -0.387886703 0.004763480 0.844462395 0.000860466 0.535592914
694.000000 -0.020749539 0.013669562 -0.392523795 0.003681072 0.844489276 0.001079497 0.535558641
695.000000 -0.017402709 0.012414951 -0.392873108 0.002250929 0.844908893 0.002139840 0.534901261
696.000000 -0.012436464 0.012447756 -0.396344334 0.001305857 0.845169485 0.003382494 0.534486115
697.000000 -0.007584661 0.011975865 -0.398204923 0.001856374 0.845947206 0.003508149 0.533251882
698.000000 -0.005993038 0.013223825 -0.403394163 0.000568245 0.846849442 0.006426169 0.531793535
699.000000 0.000523224 0.016152017 -0.403001159 0.000596313 0.847665370 0.006906299 0.530485868
700.000000 0.001840502 0.015808206 -0.403860152 -0.000017055 0.848173261 0.008211882 0.529655159
701.000000 0.004694536 0.016273659 -0.405501664 -0.000669930 0.848299026 0.010624727 0.529410481
702.000000 0.007830128 0.018484503 -0.407425165 -0.001316508 0.848593414 0.013376255 0.528874815
703.000000 0.010602683 0.016134787 -0.410876662 -0.001604615 0.848996997 0.016021922 0.528152287
704.000000 0.012347266 0.017634641 -0.410564512 -0.001415336 0.849894941 0.017605189 0.526656151
705.000000 0.016318336 0.021196406 -0.408022225 -0.002113729 0.850989640 0.019423371 0.524819016
706.000000 0.014600083 0.018398650 -0.413261116 -0.003298079 0.850799263 0.022252779 0.525009155
707.000000 0.018262923 0.015568711 -0.414310783 -0.004066488 0.851270616 0.022942731 0.524209321
708.000000 0.021119818 0.021680849 -0.415187806 -0.003174043 0.851792276 0.021961749 0.523409426
709.000000 0.023411140 0.016585469 -0.416187525 -0.004413384 0.852591336 0.023923174 0.522011638
710.000000 0.024672464 0.016614808 -0.416204065 -0.004912820 0.853473425 0.025161071 0.520505548
711.000000 0.027999625 0.015592119 -0.416270494 -0.004606378 0.854749143 0.025462318 0.518395960
712.000000 0.030384496 0.019397926 -0.417664528 -0.005616002 0.855987430 0.025643701 0.516329825
713.000000 0.033294812 0.019672334 -0.416753054 -0.007411115 0.857382536 0.026987016 0.513918161
714.000000 0.032878712 0.019022701 -0.422300577 -0.008884203 0.858228505 0.027383836 0.512459636
715.000000 0.034564763 0.018851921 -0.425382078 -0.009166156 0.859687686 0.026410244 0.510054290
716.000000 0.040068045 0.021319341 -0.419692665 -0.008570476 0.862289310 0.025255596 0.505712986
717.000000 0.041040674 0.021060528 -0.421509117 -0.008625106 0.864125371 0.024684589 0.502597034
718.000000 0.043641165 0.017752254 -0.424768984 -0.009186843 0.865765631 0.025227405 0.499728978
719.000000 0.045752004 0.019582016 -0.425408661 -0.009795151 0.867621839 0.025830623 0.496456653
720.000000 0.050509125 0.017329916 -0.423215568 -0.010441512 0.869810224 0.027956534 0.492483139
721.000000 0.055064097 0.014042217 -0.422023863 -0.009917292 0.872032762 0.028492449 0.488516778
722.000000 0.059169963 0.016834419 -0.419038832 -0.008442113 0.874219716 0.028730035 0.484606236
723.000000 0.062706441 0.016555930 -0.418462873 -0.008152931 0.876126051 0.028999055 0.481139988
724.000000 0.067391306 0.016012775 -0.417094857 -0.008393030 0.878154993 0.029217483 0.477409393
725.000000 0.068264946 0.012841817 -0.418717980 -0.009357393 0.879601181 0.030529395 0.474638969
726.000000 0.072282895 0.015778374 -0.418035656 -0.009811675 0.881564319 0.031469498 0.470911622
727.000000 0.075622723 0.013853116 -0.413438141 -0.008914276 0.883734345 0.032318939 0.466786474
728.000000 0.082626030 0.014249342 -0.408903956 -0.006941978 0.886248112 0.032476291 0.462018907
729.000000 0.084588125 0.015585136 -0.407460868 -0.005634692 0.888288379 0.034252830 0.457972527
730.000000 0.087579504 0.012873518 -0.409072816 -0.005210634 0.890323162 0.036710355 0.453816980
731.000000 0.091776907 0.015867926 -0.404858232 -0.004227168 0.892916381 0.037504401 0.448637843
732.000000 0.094085023 0.013563187 -0.403506756 -0.003894825 0.895202756 0.038881604 0.443942726
733.000000 0.095709398 0.014612404 -0.407084584 -0.003039061 0.897161305 0.039442964 0.439927936
734.000000 0.098584145 0.013578038 -0.406047761 -0.003035117 0.899402380 0.039692372 0.435305297
735.000000 0.101934478 0.016037554 -0.406458408 -0.002450128 0.901472628 0.039616078 0.431012362
736.000000 0.105477840 0.009653158 -0.403673917 -0.003893549 0.903710067 0.041672561 0.426094294
737.000000 0.109296426 0.012498088 -0.402604938 -0.003852759 0.905990541 0.041917250 0.421199679
738.000000 0.111797780 0.012880320 -0.401822448 -0.003523756 0.908093870 0.042090897 0.416631043
739.000000 0.115573704 0.013114706 -0.397330701 -0.003819902 0.910200715 0.043576628 0.411850929
740.000000 0.115370616 0.010736680 -0.398217261 -0.005749121 0.911733091 0.046164468 0.408140361
741.000000 0.118294880 0.010411546 -0.398991764 -0.007614176 0.913442254 0.047999363 0.404056072
742.000000 0.119482413 0.010818288 -0.397548199 -0.009461623 0.915016174 0.049030244 0.400314748
743.000000 0.122125968 0.010102535 -0.395204425 -0.010882011 0.916592777 0.049885061 0.396548510
744.000000 0.121845946 0.014259972 -0.397929847 -0.012205837 0.917442322 0.050031312 0.394521832
745.000000 0.127240688 0.009812091 -0.394984186 -0.012861662 0.918410480 0.050011784 0.392244220
746.000000 0.130505979 0.013314091 -0.393242389 -0.012246925 0.919165492 0.047674153 0.390783787
747.000000 0.138651013 0.012186896 -0.386053562 -0.015149931 0.921045423 0.050491821 0.385870963
748.000000 0.139558047 0.011044167 -0.387465656 -0.016103351 0.921721578 0.050670236 0.384190768
749.000000 0.139677316 0.010764085 -0.388941884 -0.016634453 0.922274411 0.050098963 0.382914215
750.000000 0.141638696 0.011616660 -0.387749821 -0.016700696 0.922956884 0.049871210 0.381293297
751.000000 0.142611891 0.011547955 -0.387107849 -0.016305497 0.923779309 0.048645899 0.379472673
752.000000 0.142397821 0.010877550 -0.388635784 -0.014754802 0.924845517 0.047650348 0.377057701
753.000000 0.144448102 0.008184450 -0.389198601 -0.013873104 0.926107049 0.048224431 0.373908579
754.000000 0.148488984 0.008907326 -0.385335505 -0.012573572 0.927903175 0.047673576 0.369546801
755.000000 0.147268429 0.009653220 -0.387525797 -0.011604957 0.929341078 0.047319442 0.365993679
756.000000 0.150364339 0.009753818 -0.386198878 -0.011991915 0.931131661 0.049433734 0.361118227
757.000000 0.152487025 0.015271755 -0.384684920 -0.012514614 0.933070838 0.051714692 0.355735570
758.000000 0.157208979 0.012873562 -0.382097483 -0.013454763 0.935249388 0.055069182 0.349420875
759.000000 0.156367302 0.013260674 -0.384742200 -0.013549692 0.936810136 0.056831896 0.344925106
760.000000 0.159932524 0.016456531 -0.383275926 -0.012435413 0.938601315 0.058819447 0.339725107
761.000000 0.158986300 0.015697464 -0.384705722 -0.011662288 0.940181196 0.061940406 0.334793538
762.000000 0.159416318 0.012388289 -0.383537143 -0.010958306 0.941994667 0.065148905 0.329061627
763.000000 0.164315641 0.013120443 -0.383611619 -0.008446773 0.943915486 0.067693591 0.323063076
764.000000 0.171689287 0.015153211 -0.379188418 -0.007199006 0.946078241 0.070685424 0.316050082
765.000000 0.177626818 0.014163718 -0.377591014 -0.006774167 0.948051751 0.073686630 0.309390217
766.000000 0.180095837 0.008020028 -0.379936665 -0.006264465 0.949686348 0.076510020 0.303649068
767.000000 0.177846402 0.016139854 -0.380642086 -0.004382558 0.950985014 0.076225080 0.299663186
768.000000 0.182127357 0.019852072 -0.374010563 -0.003036585 0.952571273 0.077226877 0.294337898
769.000000 0.182141304 0.011614703 -0.380606264 -0.001664659 0.953152239 0.079632513 0.291816145
770.000000 0.186322227 0.011025399 -0.379448593 0.001441804 0.953912795 0.080145761 0.289179862
771.000000 0.189907834 0.014332287 -0.378732115 0.004281483 0.954402328 0.081470899 0.287159085
772.000000 0.189839661 0.015414383 -0.381102324 0.006127922 0.954333782 0.082624085 0.287023991
773.000000 0.193025768 0.014967032 -0.378162354 0.007577487 0.954447031 0.083288647 0.286420107
774.000000 0.193108380 0.009409487 -0.380093604 0.007075841 0.954160690 0.084439166 0.287049323
775.000000 0.192948878 0.014775299 -0.380505174 0.006833273 0.953928947 0.082320519 0.288437605
776.000000 0.197234824 0.012634888 -0.377737820 0.004909971 0.953895390 0.081787653 0.288739026
777.000000 0.198446900 0.011867948 -0.379796743 0.002720091 0.953533888 0.081132531 0.290143490
778.000000 0.197525352 0.014550537 -0.382337749 0.001219951 0.953100860 0.077755757 0.292491555
779.000000 0.204075575 0.008421313 -0.380805403 -0.000289625 0.952813685 0.074587584 0.294249296
780.000000 0.203751281 0.010764185 -0.382149011 -0.001595237 0.952133596 0.069758289 0.297612011
781.000000 0.205099791 0.011977796 -0.380302608 -0.003729496 0.951506674 0.065345384 0.300584525
782.000000 0.203225106 0.009835556 -0.384953648 -0.005513302 0.950883746 0.061613750 0.303304255
783.000000 0.205057874 0.011925835 -0.383869439 -0.005794562 0.950649798 0.058099765 0.304722518
784.000000 0.203995332 0.009075020 -0.384143412 -0.005940401 0.950121582 0.057388201 0.306496710
785.000000 0.203793377 0.009977702 -0.386419326 -0.006647837 0.949634671 0.056637321 0.308126688
786.000000 0.209772602 0.009462010 -0.382421166 -0.005644947 0.949617267 0.055040278 0.308489442
787.000000 0.206264198 0.006050784 -0.384234875 -0.005021865 0.949095309 0.053608887 0.310352862
788.000000 0.206141636 0.007646151 -0.386432350 -0.004980200 0.948867261 0.050927456 0.311500341
789.000000 0.205475003 0.006211512 -0.386179835 -0.003904412 0.948841989 0.046957433 0.312215716
790.000000 0.211239547 0.006035615 -0.383714229 -0.002031626 0.949281156 0.042660143 0.311514497
791.000000 0.209154189 0.004180962 -0.385745764 -0.000896867 0.948985338 0.040024158 0.312768579
792.000000 0.210823327 0.003877658 -0.383769929 0.000062441 0.948723495 0.037203047 0.313910306
793.000000 0.209755734 0.001325771 -0.385350943 0.001244464 0.948062360 0.033966813 0.316263258
794.000000 0.214666933 0.002574649 -0.381916046 0.002598059 0.948004663 0.029442206 0.316880912
795.000000 0.212789446 0.001727384 -0.383179188 0.003104639 0.947345793 0.025187992 0.319205076
796.000000 0.214841262 0.001237986 -0.383285046 0.003558787 0.946701944 0.018536771 0.321557373
797.000000 0.214901894 -0.000252764 -0.384480029 0.003563043 0.945728958 0.011485374 0.324733883
798.000000 0.218958884 -0.001642533 -0.379261047 0.003676240 0.945401788 0.006455350 0.325822413
799.000000 0.219218314 -0.001410362 -0.379461169 0.003787714 0.944521308 0.002837358 0.328415900
800.000000 0.219175205 -0.000670362 -0.378810018 0.003763864 0.943494260 0.000452913 0.331367284
801.000000 0.219955683 -0.000786641 -0.377415448 0.004218099 0.942332149 -0.001659234 0.334648430
802.000000 0.222683400 -0.000869439 -0.376055896 0.005322913 0.941071510 -0.003302415 0.338149607
803.000000 0.222027719 -0.002838656 -0.375947714 0.005612531 0.939550281 -0.004499455 0.342335343
804.000000 0.225006819 -0.005772659 -0.375196040 0.006038771 0.938298345 -0.005991290 0.345722318
805.000000 0.223058909 -0.004892376 -0.377347440 0.006681096 0.936611533 -0.007706523 0.350221008
806.000000 0.225985825 -0.002918486 -0.374955505 0.006615135 0.935490787 -0.008830383 0.353178859
807.000000 0.225846007 -0.004777882 -0.374819815 0.005601997 0.934114218 -0.009016636 0.356816381
808.000000 0.224089563 -0.003287691 -0.375152469 0.005305958 0.932653785 -0.010192652 0.360589564
809.000000 0.223763674 -0.000927007 -0.374295771 0.005131707 0.931151569 -0.011879414 0.364402652
810.000000 0.223830551 -0.000676152 -0.374433100 0.004315810 0.929488897 -0.012297058 0.368619770
811.000000 0.226228207 -0.003324649 -0.374700904 0.003676615 0.927715778 -0.011356507 0.373096496
812.000000 0.225035727 -0.002365548 -0.375754893 0.002717441 0.925804377 -0.011089648 0.377830446
813.000000 0.225330383 -0.003310525 -0.374383777 0.001734300 0.924112678 -0.009742879 0.381991923
814.000000 0.226365417 -0.002241408 -0.374303818 0.000754321 0.922361553 -0.007979397 0.386244684
815.000000 0.228052378 -0.002799168 -0.371442258 -0.000107151 0.920723140 -0.005863290 0.390172482
816.000000 0.226335824 -0.001588001 -0.372592032 -0.000527157 0.918737233 -0.004086860 0.394847900
817.000000 0.228103131 -0.002811656 -0.370771468 -0.001399504 0.917091072 -0.001771956 0.398671299
818.000000 0.227929860 -0.006142985 -0.370611042 -0.002437841 0.915211320 0.000737644 0.402966201
819.000000 0.227439061 -0.002908007 -0.369589686 -0.002951616 0.913313389 0.002441038 0.407239497
820.000000 0.230191946 -0.003082830 -0.367078185 -0.004252498 0.911759675 0.004615210 0.410676092
821.000000 0.230078638 -0.003165591 -0.366820425 -0.004581787 0.909959078 0.006921073 0.414614946
822.000000 0.226650953 -0.001168182 -0.368016452 -0.005221285 0.907998145 0.009466101 0.418834716
823.000000 0.227135003 -0.000732906 -0.367585450 -0.005632077 0.906343699 0.012441119 0.422320485
824.000000 0.230723858 0.000633785 -0.363339007 -0.006920263 0.905214667 0.015461047 0.424616873
825.000000 0.228502989 0.002317174 -0.363322288 -0.008490992 0.903496563 0.017949266 0.428135157
826.000000 0.227234140 0.002085952 -0.362666428 -0.010335873 0.901940644 0.020397414 0.431254208
827.000000 0.227752477 0.003120840 -0.362242579 -0.011715020 0.900639474 0.023005065 0.433799595
828.000000 0.228337109 0.000290692 -0.360919237 -0.014246153 0.899303019 0.026255123 0.436304718
829.000000 0.226827011 0.000730319 -0.359847486 -0.015569699 0.898245215 0.027801545 0.438337922
830.000000 0.223360837 0.003606936 -0.364004344 -0.018295184 0.895101964 0.029207813 0.444527477
831.000000 0.224631429 0.002200270 -0.359730273 -0.018806482 0.894333005 0.030201403 0.445985019
832.000000 0.224802107 0.006000465 -0.358234763 -0.019460741 0.892763972 0.030392189 0.449076921
833.000000 0.224249959 0.004323661 -0.356215745 -0.020832431 0.891023874 0.031682700 0.452370107
834.000000 0.221651509 0.006542418 -0.360190004 -0.020604698 0.888635039 0.031638514 0.457058221
835.000000 0.222023100 0.004146716 -0.356931567 -0.021362400 0.886678040 0.032383289 0.460756987
836.000000 0.219958752 0.005902655 -0.355273753 -0.022569571 0.884611487 0.032774776 0.464627802
837.000000 0.219318897 0.006809948 -0.356569111 -0.024824431 0.882621288 0.033164136 0.468255877
838.000000 0.219872445 0.006261703 -0.351427436 -0.027234264 0.881398022 0.033495009 0.470397651
839.000000 0.218725637 0.007056022 -0.351037145 -0.028819779 0.879964232 0.034066144 0.472939581
840.000000 0.217061579 0.008320279 -0.349390626 -0.031294007 0.878566682 0.035192639 0.475292325
841.000000 0.217315108 0.009182297 -0.347722322 -0.034364745 0.876900256 0.037586845 0.477966815
842.000000 0.213582128 0.009455599 -0.348531634 -0.037460167 0.874730885 0.039220348 0.481564522
843.000000 0.214071929 0.011444241 -0.346301794 -0.038984705 0.872731090 0.040155247 0.484982669
844.000000 0.211172968 0.011332082 -0.349870920 -0.040771626 0.869752347 0.042063732 0.489999145
845.000000 0.211643234 0.009523638 -0.345403075 -0.042802542 0.867595196 0.043997023 0.493468165
846.000000 0.211130679 0.009301499 -0.345849186 -0.043730639 0.864971936 0.044821784 0.497897714
847.000000 0.206197947 0.006194655 -0.352018237 -0.044299826 0.861177862 0.045331020 0.504336417
848.000000 0.205836639 0.007655725 -0.345069289 -0.043936234 0.858573496 0.045013782 0.508817136
849.000000 0.205781072 0.007376116 -0.344439983 -0.043013688 0.855175436 0.044690683 0.514613986
850.000000 0.203387007 0.009421343 -0.346882790 -0.042430602 0.850760877 0.043389097 0.522037208
851.000000 0.201372042 0.006970517 -0.345995218 -0.043252714 0.846425056 0.042821489 0.529018104
852.000000 0.202378601 0.007037722 -0.339584589 -0.044281118 0.843227863 0.042131774 0.534070134
853.000000 0.199552611 0.008566961 -0.342319727 -0.045504499 0.839208543 0.041088454 0.540342569
854.000000 0.199306160 0.009939833 -0.338853061 -0.046654504 0.835962296 0.040454403 0.545301557
855.000000 0.197459280 0.006680969 -0.343654931 -0.049808238 0.832125008 0.042249702 0.550728738
856.000000 0.196799517 0.006266180 -0.340786487 -0.052575946 0.829245269 0.043997340 0.554664075
857.000000 0.195369512 0.010674693 -0.339992821 -0.052841093 0.826420426 0.044033889 0.558836341
858.000000 0.195819333 0.012018640 -0.336678922 -0.052846335 0.823788047 0.045457158 0.562595844
859.000000 0.194555849 0.010221247 -0.334303468 -0.053935323 0.820917785 0.046465114 0.566591442
860.000000 0.193679929 0.010802237 -0.332878828 -0.053786859 0.818325877 0.046434298 0.570345104
861.000000 0.188387424 0.010556461 -0.335421681 -0.053393770 0.815537095 0.046519764 0.574355423
862.000000 0.192411095 0.015441790 -0.322596848 -0.052491114 0.814992428 0.046021059 0.575251341
863.000000 0.188663214 0.014774188 -0.323509634 -0.051820938 0.812685966 0.045593712 0.578599393
864.000000 0.187814057 0.016425319 -0.319880545 -0.050365519 0.811051607 0.044364292 0.581111312
865.000000 0.185714364 0.017117184 -0.317001522 -0.049898945 0.808868527 0.044251051 0.584194839
866.000000 0.185744479 0.017035190 -0.316112220 -0.050533898 0.806790471 0.044480309 0.586989701
867.000000 0.184079081 0.015375067 -0.315077394 -0.050091606 0.804804683 0.043720998 0.589803934
868.000000 0.180288672 0.016557798 -0.309779644 -0.048982177 0.803490579 0.042244285 0.591793120
869.000000 0.178554952 0.016563900 -0.307681322 -0.047645375 0.801948607 0.040078919 0.594139814
870.000000 0.175653934 0.011931341 -0.305004448 -0.047072321 0.800488174 0.038483523 0.596256554
871.000000 0.172507241 0.018224539 -0.304446191 -0.046147767 0.798666835 0.037570551 0.598824024
872.000000 0.168340921 0.007269610 -0.301722884 -0.047726687 0.797159314 0.040766675 0.600497425
873.000000 0.164210618 0.007843545 -0.299216896 -0.046143852 0.796076179 0.039661650 0.602129877
874.000000 0.161829829 0.014185016 -0.293211520 -0.042447966 0.795885324 0.036585975 0.602848411
875.000000 0.157700077 0.012605004 -0.292834520 -0.040785160 0.795148551 0.034580190 0.604052603
876.000000 0.156010613 0.010953464 -0.289139301 -0.039683640 0.794669747 0.032798946 0.604854822
877.000000 0.150456786 0.015319110 -0.289819598 -0.038291920 0.793401778 0.029730812 0.606764734
878.000000 0.149988711 0.009127546 -0.286348373 -0.039644945 0.792292655 0.029143451 0.608153999
879.000000 0.147326171 0.010210522 -0.281226158 -0.039375976 0.791267514 0.026112070 0.609642088
880.000000 0.145077616 0.012317346 -0.278345644 -0.037715103 0.789748967 0.022321770 0.611862600
881.000000 0.142839998 0.009785451 -0.277041674 -0.037893925 0.788090825 0.020775555 0.614040136
882.000000 0.138754621 0.013495862 -0.273257524 -0.037875611 0.786442280 0.019199260 0.616202354
883.000000 0.133568436 0.007403190 -0.276224405 -0.039574616 0.783550501 0.019078868 0.619772851
884.000000 0.131530493 0.006470356 -0.268042177 -0.039238486 0.782244802 0.018566981 0.621456802
885.000000 0.129966989 0.004241372 -0.266464174 -0.039862599 0.780162334 0.018014468 0.624045789
886.000000 0.126750156 0.006732042 -0.264031619 -0.039529640 0.777859271 0.017366076 0.626953483
887.000000 0.122033387 0.009780832 -0.263868243 -0.039057549 0.774828672 0.017151564 0.630730450
888.000000 0.119749308 0.009610692 -0.262563556 -0.039146706 0.771450877 0.018085901 0.634825945
889.000000 0.117394060 0.004119508 -0.260565013 -0.039615490 0.767568588 0.019250216 0.639451742
890.000000 0.114505365 0.006131167 -0.262441993 -0.038416188 0.762767315 0.019061189 0.645249486
891.000000 0.112955064 0.005411744 -0.257615745 -0.036654942 0.758498907 0.019392546 0.650353551
892.000000 0.108203694 0.005188242 -0.260313749 -0.034913421 0.753066778 0.019168796 0.656737387
893.000000 0.106607512 0.000708796 -0.257794380 -0.033673510 0.748167098 0.019387914 0.662371635
894.000000 0.104142323 0.002447767 -0.259368718 -0.032383680 0.743150055 0.018248335 0.668091536
895.000000 0.108204782 -0.004875757 -0.240814373 -0.031791046 0.741194963 0.019276995 0.670259476
896.000000 0.106941104 -0.005879988 -0.237867087 -0.031524241 0.737119615 0.019270619 0.674751461
897.000000 0.104026780 -0.004862266 -0.237310141 -0.030575614 0.732477963 0.018523021 0.679851532
898.000000 0.099505082 -0.004809366 -0.243257716 -0.029440882 0.726410866 0.017396804 0.686409354
899.000000 0.098174915 -0.006823264 -0.241531804 -0.027718000 0.721570969 0.018054377 0.691549718
900.000000 0.095548362 -0.006840032 -0.242445841 -0.027474513 0.716730952 0.019150360 0.696545184
901.000000 0.094202049 -0.008645710 -0.237622142 -0.027618669 0.712907493 0.019515907 0.700442195
902.000000 0.089887828 -0.004824551 -0.240001753 -0.027111411 0.708416641 0.018774861 0.705023527
903.000000 0.087447762 -0.003381987 -0.239221022 -0.027324168 0.704545140 0.018284719 0.708897173
904.000000 0.084751748 -0.005884151 -0.239867508 -0.027982103 0.700348496 0.018091060 0.713022947
905.000000 0.081858039 -0.003641036 -0.238065973 -0.027470170 0.696298003 0.016843596 0.717029095
906.000000 0.078031547 -0.002682489 -0.238214821 -0.027183393 0.692145884 0.015830832 0.721071839
907.000000 0.076691665 -0.002730465 -0.235810041 -0.027171757 0.688422680 0.015832730 0.724627614
908.000000 0.073393457 -0.002625185 -0.234919220 -0.027560642 0.684774876 0.015991293 0.728057683
909.000000 0.071927488 -0.005284294 -0.232900575 -0.027939515 0.681881249 0.016102824 0.730751693
910.000000 0.069963843 -0.006651304 -0.233583197 -0.027660454 0.678675056 0.015854605 0.733746409
911.000000 0.066789180 -0.002085307 -0.238059178 -0.027303951 0.675107956 0.015081703 0.737059176
912.000000 0.064465828 -0.002483854 -0.236063570 -0.027085725 0.672479510 0.014786119 0.739472151
913.000000 0.060709402 -0.001330221 -0.236281455 -0.026649181 0.669458270 0.013447524 0.742249668
914.000000 0.058537968 -0.001000198 -0.237578467 -0.025970750 0.666296721 0.012697064 0.745126188
915.000000 0.057103164 -0.000962771 -0.237496302 -0.025578478 0.663385093 0.012367659 0.747738600
916.000000 0.055600759 -0.003106331 -0.234769613 -0.025789799 0.660943270 0.012633375 0.749886155
917.000000 0.050597057 -0.000156044 -0.236806631 -0.025691474 0.658124983 0.012690505 0.752363205
918.000000 0.049044732 -0.003211360 -0.239757225 -0.025959874 0.655309439 0.013016180 0.754802108
919.000000 0.047125392 -0.001072558 -0.239801854 -0.024791496 0.652945340 0.012336019 0.756898642
920.000000 0.045338161 -0.000821636 -0.235624760 -0.023643138 0.651474893 0.012254272 0.758202672
921.000000 0.043563545 -0.001698320 -0.236468285 -0.022285784 0.649644792 0.011807716 0.759819448
922.000000 0.040848199 0.000864520 -0.239222676 -0.019603346 0.647455871 0.010403411 0.761779785
923.000000 0.040272418 0.001140526 -0.237701997 -0.017325792 0.646175623 0.009138441 0.762937367
924.000000 0.039933108 0.000309532 -0.236402318 -0.015946034 0.645219505 0.008687516 0.763781369
925.000000 0.037412953 0.000533090 -0.235739663 -0.015587035 0.643855035 0.008399881 0.764942586
926.000000 0.036568299 -0.003136897 -0.234448433 -0.014898154 0.642350137 0.008423996 0.766220152
927.000000 0.034963716 -0.002327111 -0.233937100 -0.013894266 0.640893042 0.007132923 0.767471313
928.000000 0.033017706 -0.002983374 -0.233410880 -0.012133272 0.639381707 0.005661393 0.768772900
929.000000 0.032675680 -0.001925946 -0.233896956 -0.011211608 0.637821853 0.003633807 0.770093739
930.000000 0.033512689 -0.003578301 -0.232414246 -0.010228029 0.637316525 0.002611079 0.770529866
931.000000 0.034295619 -0.006086832 -0.231823847 -0.009541807 0.636891007 0.001707983 0.770892918
932.000000 0.033471219 -0.006316665 -0.228506014 -0.008335273 0.637312353 0.000670463 0.770560205
933.000000 0.032498360 -0.009138513 -0.229593396 -0.007094987 0.636950791 -0.000316647 0.770871758
934.000000 0.028795039 -0.003393938 -0.234052777 -0.004295161 0.636218488 -0.003023297 0.771491051
935.000000 0.028280508 -0.004290887 -0.233319759 -0.002574536 0.636481702 -0.004294314 0.771275580
936.000000 0.029873498 -0.005162314 -0.231579974 -0.001290191 0.636577308 -0.005219062 0.771194160
937.000000 0.030027464 -0.003973738 -0.228846729 0.000101250 0.636993945 -0.006214706 0.770843744
938.000000 0.030776456 -0.004276874 -0.228503302 0.000678226 0.637035847 -0.006904703 0.770802975
939.000000 0.030318202 -0.001941058 -0.228994876 0.001433924 0.637460828 -0.007873693 0.770441175
940.000000 0.031529278 -0.005301140 -0.227184922 0.001499339 0.638472676 -0.008457795 0.769596577
941.000000 0.029833615 -0.002797216 -0.230586886 0.003062644 0.638861477 -0.009797180 0.769253314
942.000000 0.029691692 -0.003440268 -0.229445547 0.004296880 0.639498830 -0.011180948 0.768698752
943.000000 0.029733656 -0.002574072 -0.232184753 0.005250369 0.639499366 -0.012811281 0.768666923
944.000000 0.029309724 -0.004882141 -0.230393261 0.006348963 0.640120745 -0.013710290 0.768125772
945.000000 0.030511782 -0.004705843 -0.229518086 0.007830657 0.640713155 -0.014905470 0.767595708
946.000000 0.031068269 -0.004582456 -0.230334297 0.008597689 0.641057968 -0.016294040 0.767271340
947.000000 0.031369634 -0.006602101 -0.231512696 0.009381589 0.641679585 -0.017132562 0.766724050
948.000000 0.030292299 -0.004456696 -0.231764928 0.011307968 0.642252743 -0.018493066 0.766186357
949.000000 0.030565435 -0.006737242 -0.232699051 0.011681010 0.642547190 -0.019111944 0.765918672
950.000000 0.030865733 -0.006596040 -0.231790543 0.012385037 0.642843604 -0.019835545 0.765640378
951.000000 0.030747624 -0.004652923 -0.231473505 0.013779416 0.643215895 -0.021479741 0.765259504
952.000000 0.032696448 -0.005746777 -0.232391119 0.014554391 0.643331409 -0.021843344 0.765137732
953.000000 0.032200523 -0.005437907 -0.234922245 0.015105426 0.643275261 -0.022176791 0.765164673
954.000000 0.032154277 -0.004718198 -0.233039424 0.016449131 0.643898487 -0.022760479 0.764595449
955.000000 0.032595389 -0.005861107 -0.233365834 0.017309617 0.644223213 -0.022780089 0.764302194
956.000000 0.032284986 -0.005305575 -0.234600604 0.018248193 0.644363225 -0.023245035 0.764148355
957.000000 0.032609899 -0.007867277 -0.235143736 0.018889533 0.644671917 -0.022716200 0.763888240
958.000000 0.033178091 -0.008356505 -0.234247327 0.020218199 0.645119548 -0.022073152 0.763495088
959.000000 0.033783641 -0.008755073 -0.233783364 0.020838806 0.645738780 -0.021635430 0.762967288
960.000000 0.033883572 -0.008921599 -0.232622847 0.021758648 0.646265805 -0.020919528 0.762515247
961.000000 0.034519833 -0.008593851 -0.234209388 0.022527670 0.646500289 -0.020847604 0.762296021
962.000000 0.034903981 -0.009911021 -0.231043145 0.023772024 0.647539437 -0.020084009 0.761396229
963.000000 0.035194512 -0.007705901 -0.234369472 0.024863556 0.647650719 -0.020202875 0.761263549
964.000000 0.035342772 -0.006780709 -0.234887451 0.025864655 0.648322403 -0.020579932 0.760648131
965.000000 0.035942607 -0.007389505 -0.234533995 0.026559891 0.649169505 -0.020755403 0.759896517
