0.000000 0.000000000 0.000000000 0.000000000 0.000000000 0.000000000 0.000000000 1.000000000
1.000000 -0.001448519 -0.000766266 0.000573912 0.001724855 -0.000422485 0.000274544 0.999998391
2.000000 -0.001707972 0.009825619 -0.002529405 0.003158254 -0.000576648 -0.000031372 0.999994814
3.000000 0.000611740 0.004710204 -0.000786693 0.000556401 -0.001064072 0.000102692 0.999999285
4.000000 -0.000327728 0.005039926 -0.001395856 0.000425707 -0.000378536 -0.000078236 0.999999821
5.000000 -0.000039720 0.008161080 -0.001475993 0.000475376 0.000143494 -0.000477950 0.999999762
6.000000 -0.002847807 0.007796831 -0.002546499 -0.000857527 0.000741134 -0.000810685 0.999999046
7.000000 0.001895572 0.003482951 -0.001121127 -0.002043290 0.000056382 -0.000573183 0.999997735
8.000000 -0.001698013 0.004348538 -0.001748215 -0.001124415 0.000434686 -0.000536325 0.999999106
9.000000 0.001479605 0.006030270 -0.001703396 -0.000821789 -0.000052460 -0.000478602 0.999999523
10.000000 -0.001843471 0.006059221 -0.001770361 -0.001170038 0.000498525 -0.000607597 0.999998987
11.000000 0.001888488 0.002435536 -0.000870455 -0.001033205 -0.000095763 -0.000397828 0.999999404
12.000000 0.001048725 -0.001443511 0.000790809 -0.000277816 0.000130125 -0.000152889 0.999999940
13.000000 -0.000031382 -0.002601925 0.001655639 0.000525265 0.000235666 0.000303765 0.999999762
14.000000 0.002386842 -0.003060235 0.001170792 0.001143079 -0.000442927 0.000846941 0.999998868
15.000000 0.001126778 0.000086371 0.000946309 0.002374059 -0.000527164 0.000854675 0.999996662
16.000000 -0.001299144 0.000104041 0.000435723 0.002514708 -0.000190037 0.001106069 0.999996185
17.000000 -0.001024040 0.002111823 -0.000238354 0.002802768 -0.000536419 0.001042074 0.999995410
18.000000 -0.000140381 0.000389705 0.000030787 0.002014763 -0.000877145 0.000325616 0.999997556
19.000000 0.000457962 0.002813113 -0.000107034 0.001930709 -0.000879930 -0.000460210 0.999997616
20.000000 0.000437820 0.003560364 -0.001031815 0.001304298 -0.000701336 -0.001410692 0.999997914
21.000000 -0.000859407 0.000580856 -0.000627015 0.000343444 -0.000254990 -0.001721008 0.999998450
22.000000 -0.003260235 0.003548999 -0.000852990 0.000514148 0.000003588 -0.002205290 0.999997437
23.000000 -0.000692836 0.002795012 -0.000323417 -0.000069751 -0.000578003 -0.002399047 0.999996960
24.000000 -0.000840681 0.004352183 -0.000164290 0.000157403 -0.000740104 -0.002431920 0.999996781
25.000000 -0.001331131 0.001824411 -0.001001523 -0.000126826 -0.001008452 -0.002759224 0.999995649
26.000000 -0.003018060 0.002099554 -0.000314638 0.000171970 -0.000927158 -0.002668757 0.999996006
27.000000 -0.002420221 0.004204067 -0.000615205 0.000646851 -0.001005134 -0.003137836 0.999994338
28.000000 -0.003708182 0.002437502 0.000042325 0.000215581 -0.000746329 -0.003298553 0.999994278
29.000000 -0.002446613 0.001369550 0.000667185 0.000279643 -0.000894822 -0.003576369 0.999993145
30.000000 -0.004516717 0.001526197 0.000249008 0.000644593 -0.000528362 -0.003733982 0.999992669
31.000000 -0.004184167 0.003504782 -0.000388413 0.000797022 -0.000547742 -0.004100837 0.999991119
32.000000 -0.002868540 0.002183701 0.000872565 -0.000198556 -0.000888875 -0.004633107 0.999988854
33.000000 -0.005599628 0.001748531 0.000140522 -0.000168939 -0.000653776 -0.004849772 0.999988019
34.000000 -0.008741966 0.004426727 -0.000672069 -0.000197533 -0.000077698 -0.005174348 0.999986589
35.000000 -0.006286967 0.005807019 0.000754436 -0.000736174 -0.000136507 -0.005313410 0.999985576
36.000000 -0.010053366 0.003826863 0.000574225 -0.001303291 0.001442831 -0.005198017 0.999984622
37.000000 -0.007474214 0.005356597 0.000474874 -0.001055588 0.001892887 -0.005312221 0.999983549
38.000000 -0.006539128 0.010039020 0.000225019 -0.001379235 0.002694153 -0.005124144 0.999982297
39.000000 -0.012476531 0.008235114 0.001347940 -0.003576605 0.004248704 -0.003913719 0.999976933
40.000000 -0.010959475 0.004535190 0.003554243 -0.004521510 0.004097715 -0.002911634 0.999977171
41.000000 -0.015558222 0.005892317 0.002765330 -0.003709443 0.004795435 -0.002071888 0.999979496
42.000000 -0.013420099 0.006177492 0.004518630 -0.003650227 0.004617958 -0.001521952 0.999981523
43.000000 -0.016857432 0.007749422 0.006966843 -0.002982637 0.005382781 -0.001277257 0.999980271
44.000000 -0.015857309 0.004960305 0.009599021 -0.002798270 0.005890771 -0.001574000 0.999977469
45.000000 -0.017034708 0.009967842 0.012685139 -0.002040148 0.006848844 -0.002599674 0.999971092
46.000000 -0.016782736 0.011974897 0.015635289 -0.002845017 0.007903612 -0.003915564 0.999957025
47.000000 -0.018202411 0.011383926 0.019406941 -0.003742995 0.009066395 -0.005341970 0.999937594
48.000000 -0.017484546 0.013546341 0.022644551 -0.004333456 0.009386219 -0.007141473 0.999921083
49.000000 -0.017505132 0.014556238 0.028275693 -0.006183971 0.009835915 -0.008841928 0.999893427
50.000000 -0.020871183 0.015718987 0.032896016 -0.007428838 0.010841888 -0.010585784 0.999857605
51.000000 -0.018951833 0.017630108 0.039702483 -0.007709939 0.010737416 -0.012303040 0.999836922
52.000000 -0.014514815 0.017790059 0.046739407 -0.008542602 0.009957506 -0.013393916 0.999824226
53.000000 -0.010794973 0.018100418 0.052431393 -0.010081722 0.009564495 -0.014774669 0.999794304
54.000000 -0.013807917 0.017376816 0.059677225 -0.011638014 0.010172092 -0.015422564 0.999761581
55.000000 -0.009405563 0.016099688 0.067480803 -0.012219016 0.008461041 -0.016035730 0.999760985
56.000000 -0.009995696 0.016920323 0.074138068 -0.011868698 0.007247052 -0.017103236 0.999756992
57.000000 -0.004404375 0.012239451 0.084906794 -0.012023520 0.005303656 -0.018570714 0.999741197
58.000000 -0.002530531 0.010388941 0.093197390 -0.010457345 0.003999548 -0.019940805 0.999738455
59.000000 0.003848423 0.014485364 0.101506613 -0.008837418 0.002034026 -0.022529833 0.999705017
60.000000 0.003134440 0.015123279 0.110057786 -0.008578334 0.001566592 -0.025024185 0.999648809
61.000000 0.006840420 0.015020561 0.120841347 -0.008066982 0.000127823 -0.027668241 0.999584615
62.000000 0.011102457 0.016396143 0.129759982 -0.007459157 -0.001893685 -0.029942384 0.999521971
63.000000 0.016471278 0.015285466 0.140223071 -0.007388904 -0.004300578 -0.032441530 0.999437034
64.000000 0.021812901 0.016120763 0.150477767 -0.006959468 -0.006967967 -0.035241749 0.999330282
65.000000 0.029618325 0.013560182 0.158603847 -0.008100215 -0.009836297 -0.038639694 0.999171972
66.000000 0.029802991 0.009550609 0.167992800 -0.009191873 -0.011204970 -0.041622765 0.999028265
67.000000 0.035166666 0.008314153 0.178569153 -0.007130938 -0.013768294 -0.045722678 0.998833835
68.000000 0.036167413 0.011720004 0.186901733 -0.005059268 -0.015753472 -0.048789952 0.998672009
69.000000 0.041164305 0.016446918 0.194970384 -0.004127254 -0.018525885 -0.051349696 0.998500347
70.000000 0.047230318 0.010355627 0.206353426 -0.005131747 -0.021952450 -0.053270366 0.998325646
71.000000 0.053118993 0.008988689 0.215139076 -0.004834596 -0.025273392 -0.054629531 0.998175085
72.000000 0.056685656 0.014025633 0.223213688 -0.004380881 -0.027926343 -0.055934168 0.998034239
73.000000 0.061281521 0.006581302 0.233039692 -0.005872412 -0.031276245 -0.057710085 0.997826099
74.000000 0.065635018 0.003677315 0.241954908 -0.005061729 -0.034754097 -0.059769224 0.997594178
75.000000 0.070828229 0.011678960 0.248748258 -0.002765350 -0.038560580 -0.063158929 0.997254431
76.000000 0.074266672 0.013193099 0.256434649 -0.003441119 -0.041994818 -0.066129342 0.996921003
77.000000 0.079748303 0.009996357 0.266287535 -0.004896766 -0.045670960 -0.069851793 0.996499360
78.000000 0.081253484 0.005826000 0.275189489 -0.005204220 -0.048270240 -0.073111720 0.996141315
79.000000 0.083999738 0.008252840 0.281797379 -0.004606912 -0.051519454 -0.076329671 0.995740056
80.000000 0.089057088 0.007062012 0.291344374 -0.005564601 -0.056002144 -0.079726771 0.995226800
81.000000 0.089191832 0.010575214 0.299695402 -0.005510532 -0.059722617 -0.083208166 0.994725704
82.000000 0.090143546 0.010574093 0.306647927 -0.006528245 -0.063707948 -0.086961366 0.994151115
83.000000 0.097875834 0.008769907 0.317308336 -0.008601747 -0.068550549 -0.089789174 0.993561685
84.000000 0.093529828 0.010434693 0.325153649 -0.009828292 -0.071497940 -0.092587151 0.993085623
85.000000 0.100295894 0.005827400 0.334247142 -0.011030799 -0.076853663 -0.095462777 0.992400467
86.000000 0.104456946 0.005486869 0.343437612 -0.011224566 -0.081528306 -0.098305821 0.991747499
87.000000 0.107569426 0.003845919 0.352175415 -0.011316105 -0.085809939 -0.101220787 0.991091788
88.000000 0.110176980 0.001687783 0.362544477 -0.011691857 -0.089319393 -0.104060985 0.990483046
89.000000 0.110579669 -0.000022520 0.373518586 -0.011392298 -0.092491798 -0.107580863 0.989819109
90.000000 0.116323918 0.000259883 0.383040130 -0.010449921 -0.096500151 -0.111098014 0.989058018
91.000000 0.118301660 -0.001639085 0.393759876 -0.010756304 -0.099595696 -0.113801420 0.988440275
92.000000 0.117250629 0.003641961 0.402046859 -0.010222596 -0.102390766 -0.115921408 0.987913907
93.000000 0.117724061 -0.000717402 0.412453383 -0.011685121 -0.106120780 -0.117457159 0.987322450
94.000000 0.121584855 0.002115855 0.422352135 -0.011726540 -0.110601507 -0.119128533 0.986629725
95.000000 0.123625182 0.001184424 0.434645802 -0.012751502 -0.115427569 -0.121507697 0.985773683
96.000000 0.125464469 -0.002756722 0.445874125 -0.013410768 -0.120291881 -0.125360236 0.984700382
97.000000 0.125176966 0.002073172 0.456293702 -0.010885312 -0.124062464 -0.128939331 0.983801126
98.000000 0.128111750 -0.001369888 0.466571301 -0.010712873 -0.128138438 -0.132730335 0.982775867
99.000000 0.132913470 -0.007279327 0.478011817 -0.010398824 -0.133054376 -0.136048511 0.981671631
100.000000 0.132391796 -0.008224338 0.489088446 -0.007688805 -0.136669144 -0.139100179 0.980771959
101.000000 0.133819491 -0.008702224 0.500414848 -0.005455236 -0.140979886 -0.140773162 0.979937673
102.000000 0.131692827 -0.014709255 0.510019779 -0.004176084 -0.144922912 -0.143226728 0.979012787
103.000000 0.134439811 -0.018017950 0.519509792 -0.001357331 -0.150074214 -0.145576149 0.977897465
104.000000 0.137021467 -0.016982807 0.528140008 0.001329922 -0.154177472 -0.148102418 0.976879299
105.000000 0.143045187 -0.021584230 0.540719092 0.003385980 -0.159098133 -0.149924800 0.975806773
106.000000 0.140092522 -0.020682177 0.546113968 0.005662527 -0.162258774 -0.151101768 0.975093961
107.000000 0.139357179 -0.024013188 0.556336761 0.006776468 -0.166135058 -0.153243050 0.974099457
108.000000 0.141929075 -0.029544817 0.567286015 0.008157510 -0.171010301 -0.154846877 0.972990930
109.000000 0.144408450 -0.030958908 0.576094031 0.011155140 -0.176278397 -0.155389383 0.971933961
110.000000 0.145026505 -0.030658957 0.583673000 0.013766485 -0.182288259 -0.155230775 0.970816612
111.000000 0.146174729 -0.033827141 0.593166471 0.015564759 -0.188612714 -0.155634791 0.969515741
112.000000 0.146494195 -0.036020372 0.602649868 0.017629514 -0.194899380 -0.156006142 0.968176365
113.000000 0.137590215 -0.035004437 0.606524408 0.019859560 -0.199376673 -0.156283945 0.967176199
114.000000 0.147619531 -0.035257395 0.616788149 0.021988062 -0.206650421 -0.157329723 0.965432286
115.000000 0.146265402 -0.039859418 0.624052763 0.023023140 -0.211935475 -0.158810973 0.964018881
116.000000 0.148355633 -0.038734883 0.633922100 0.024984915 -0.217713177 -0.159478128 0.962571263
117.000000 0.141706720 -0.040950846 0.642000318 0.025693960 -0.223210767 -0.160204321 0.961171865
118.000000 0.146890968 -0.041757364 0.653843224 0.027656212 -0.230965346 -0.160782620 0.959186673
119.000000 0.141820922 -0.040609404 0.660856962 0.029307866 -0.236371353 -0.161242276 0.957742393
120.000000 0.144869924 -0.042640213 0.671385467 0.030450767 -0.243141308 -0.163122863 0.955691338
121.000000 0.145203680 -0.042151786 0.683358848 0.032339320 -0.249965146 -0.164978996 0.953547835
122.000000 0.148439109 -0.044659168 0.695203245 0.033486120 -0.257062107 -0.166597411 0.951337516
123.000000 0.153576702 -0.046298858 0.705869198 0.034968887 -0.264226824 -0.167752385 0.949115634
124.000000 0.154129416 -0.048229285 0.715839148 0.036316704 -0.270911604 -0.168524295 0.947041452
125.000000 0.156138867 -0.048908092 0.726525784 0.038035341 -0.277524799 -0.169915780 0.944807827
126.000000 0.155609727 -0.052960120 0.738698542 0.038559210 -0.283471376 -0.172202393 0.942604601
127.000000 0.155326337 -0.054338954 0.749595881 0.039627645 -0.288960338 -0.174284518 0.940508604
128.000000 0.160091698 -0.054875895 0.761354685 0.041383259 -0.295494020 -0.175470307 0.938179553
129.000000 0.159654498 -0.056215476 0.771702766 0.041429196 -0.300725341 -0.177336231 0.936162233
130.000000 0.161177754 -0.053137280 0.779710829 0.041101135 -0.306212813 -0.178550318 0.934164941
131.000000 0.161195904 -0.057549130 0.787193775 0.040110156 -0.312164396 -0.179437399 0.932065845
132.000000 0.162854791 -0.057128537 0.797811687 0.040343091 -0.318535358 -0.181061909 0.929582834
133.000000 0.164040118 -0.059390444 0.803734660 0.040006712 -0.324580520 -0.183564037 0.927011967
134.000000 0.165659815 -0.057165947 0.812581658 0.041527297 -0.330795765 -0.185336873 0.924391687
135.000000 0.165433586 -0.057390802 0.818287015 0.041494887 -0.337108910 -0.187404156 0.921691656
136.000000 0.172322333 -0.055791102 0.832627654 0.041297559 -0.345066875 -0.188965559 0.918430984
137.000000 0.172531843 -0.057667114 0.839105010 0.040148064 -0.351305276 -0.189736292 0.915954649
138.000000 0.167484403 -0.056639213 0.843562424 0.039979093 -0.357616037 -0.189561442 0.913552940
139.000000 0.170271188 -0.053601921 0.852834463 0.040838115 -0.366031319 -0.189362034 0.910217226
140.000000 0.169011384 -0.056944355 0.866895735 0.037659623 -0.381167471 -0.189965934 0.903994501
141.000000 0.167663515 -0.052375004 0.872893929 0.037801828 -0.388950974 -0.189013749 0.900867343
142.000000 0.165712684 -0.051119965 0.879438221 0.036512751 -0.397087127 -0.188212276 0.897532642
143.000000 0.164661288 -0.053784326 0.889850259 0.035017181 -0.405092269 -0.187841117 0.894086003
144.000000 0.161700189 -0.052362796 0.895671964 0.034822833 -0.411739707 -0.187479347 0.891128123
145.000000 0.160396099 -0.052670583 0.901879311 0.035477649 -0.419216454 -0.186526120 0.887810171
146.000000 0.154431581 -0.049566779 0.908117175 0.037017550 -0.425861478 -0.186409533 0.884603381
147.000000 0.152038813 -0.046932012 0.914489388 0.037049778 -0.432767779 -0.186940283 0.881131470
148.000000 0.149851769 -0.048723552 0.920329690 0.036200400 -0.439693838 -0.187704146 0.877568245
149.000000 0.144495934 -0.047297407 0.927315831 0.036020491 -0.446498960 -0.188203484 0.874025524
150.000000 0.140898645 -0.048659775 0.933895350 0.035431314 -0.452911347 -0.188737422 0.870628595
151.000000 0.136768430 -0.046630058 0.940495849 0.035551406 -0.459313512 -0.188247442 0.867369652
152.000000 0.132550508 -0.047956944 0.946327925 0.035787381 -0.466433585 -0.188245595 0.863552272
153.000000 0.126560539 -0.045792982 0.950191379 0.036737539 -0.472339213 -0.188433096 0.860255182
154.000000 0.123575896 -0.045199223 0.960925460 0.037137579 -0.478971243 -0.188310549 0.856590033
155.000000 0.112673938 -0.043367200 0.973358154 0.036872163 -0.488637477 -0.188158393 0.851158202
156.000000 0.107015371 -0.044505130 0.980547667 0.035747483 -0.494408458 -0.188161030 0.847866654
157.000000 0.103389710 -0.045762062 0.988499999 0.035408545 -0.500624716 -0.188486904 0.844152749
158.000000 0.097158134 -0.043380748 0.994483471 0.035061453 -0.506333232 -0.189267054 0.840580344
159.000000 0.091615558 -0.044414327 1.001421571 0.034575995 -0.512044072 -0.190347150 0.836889029
160.000000 0.085855037 -0.044429421 1.010849833 0.035206072 -0.517953873 -0.191946983 0.832850933
161.000000 0.080034226 -0.044589605 1.016238332 0.035228446 -0.522984326 -0.194291934 0.829154432
162.000000 0.074190170 -0.044941045 1.023162603 0.034065627 -0.528273344 -0.195436195 0.825573444
163.000000 0.068665922 -0.046643253 1.028596044 0.033492032 -0.533954799 -0.196457148 0.821690440
164.000000 0.062453449 -0.045688007 1.035207272 0.033145506 -0.540091336 -0.197625622 0.817402542
165.000000 0.057155639 -0.043989975 1.040225744 0.032006580 -0.545854151 -0.197526947 0.813635051
166.000000 0.053525597 -0.048656095 1.048171997 0.030871006 -0.552081764 -0.197565854 0.809456885
167.000000 0.044588745 -0.042969696 1.050244570 0.031745508 -0.556697965 -0.197446063 0.806284487
168.000000 0.040573865 -0.044052158 1.056278706 0.030529803 -0.562029183 -0.198480546 0.802369356
169.000000 0.037266552 -0.044507779 1.062878013 0.030045284 -0.567518055 -0.198260263 0.798569560
170.000000 0.031942308 -0.040909853 1.065980673 0.030490892 -0.572636664 -0.198232621 0.794897079
171.000000 0.028069854 -0.041028909 1.071477890 0.028691417 -0.578267217 -0.198678881 0.790765822
172.000000 0.024556369 -0.038804155 1.074710846 0.026586700 -0.583261907 -0.198278844 0.787263751
173.000000 0.020589083 -0.038131915 1.077751994 0.024568662 -0.588789105 -0.197282448 0.783456028
174.000000 0.019038141 -0.035324402 1.083009720 0.023170779 -0.595108569 -0.195616931 0.779129624
175.000000 0.015450567 -0.034928393 1.085188150 0.020863164 -0.600674450 -0.194625884 0.775161743
176.000000 0.012811869 -0.030394930 1.089145780 0.019295478 -0.607040048 -0.192485109 0.770765603
177.000000 0.009096161 -0.027374327 1.091581464 0.017599152 -0.613261700 -0.191510066 0.766109824
178.000000 0.005858958 -0.026823055 1.089587212 0.016264673 -0.618821144 -0.191077352 0.761764646
179.000000 0.002975494 -0.025323611 1.092950940 0.014468208 -0.625220537 -0.189101040 0.757053971
180.000000 0.002361506 -0.025626458 1.098921061 0.012491336 -0.632328808 -0.187528998 0.751556456
181.000000 -0.000419959 -0.024585564 1.098457932 0.010933314 -0.638239861 -0.186289117 0.746877968
182.000000 -0.001905456 -0.024812583 1.100553870 0.009689017 -0.645006299 -0.184731320 0.741449475
183.000000 -0.005126894 -0.022286534 1.102334976 0.007782695 -0.658684492 -0.182058081 0.730019867
184.000000 -0.006560259 -0.022337312 1.103196859 0.007961073 -0.665924788 -0.180701226 0.723759532
185.000000 -0.009563699 -0.020059159 1.106353402 0.007944372 -0.672783256 -0.179848969 0.717602909
186.000000 -0.011206530 -0.021388214 1.109705925 0.007295981 -0.679028928 -0.181064948 0.711394429
187.000000 -0.013380345 -0.018629098 1.115660548 0.006595072 -0.685765684 -0.180528373 0.705047131
188.000000 -0.014606506 -0.017470598 1.120660901 0.005416534 -0.691813409 -0.182283223 0.698668540
189.000000 -0.015168682 -0.018051498 1.125852942 0.004171939 -0.697786629 -0.184303924 0.692176640
190.000000 -0.015013611 -0.017083032 1.131400704 0.005417013 -0.704208970 -0.184905171 0.685470998
191.000000 -0.016308974 -0.018701099 1.135594487 0.006680156 -0.710252225 -0.185922205 0.678918362
192.000000 -0.015451318 -0.021159545 1.141737938 0.006212838 -0.715994000 -0.186925247 0.672586739
193.000000 -0.016986597 -0.020120854 1.145303488 0.005386433 -0.721163809 -0.187154204 0.666983545
194.000000 -0.016484592 -0.020109745 1.149298429 0.005187909 -0.726474583 -0.187232435 0.661174536
195.000000 -0.016624264 -0.018565793 1.152891755 0.004773375 -0.731553733 -0.187043533 0.655607402
196.000000 -0.016904585 -0.016632486 1.155511975 0.004109317 -0.736304998 -0.186599582 0.650398791
197.000000 -0.015597112 -0.019124804 1.157746434 0.002828561 -0.741148353 -0.187077940 0.644742548
198.000000 -0.016089723 -0.018197186 1.158833146 0.002392537 -0.745768011 -0.186632216 0.639525414
199.000000 -0.017196313 -0.015532807 1.161686182 0.002339273 -0.750548959 -0.185919553 0.634117246
200.000000 -0.016773552 -0.014873192 1.162520170 0.001372834 -0.754631877 -0.185859948 0.629273236
201.000000 -0.015086651 -0.018291991 1.164206147 -0.000341589 -0.759117246 -0.185505763 0.623961866
202.000000 -0.016729534 -0.016024724 1.166497231 -0.000482490 -0.763707280 -0.184350684 0.618680656
203.000000 -0.016885355 -0.016220942 1.167430758 -0.000831127 -0.767947376 -0.183452755 0.613678396
204.000000 -0.016937599 -0.016093578 1.170474529 -0.001262755 -0.772213519 -0.181847364 0.608782649
205.000000 -0.017619520 -0.015787855 1.168583274 -0.001490969 -0.775968134 -0.180713549 0.604329288
206.000000 -0.018165857 -0.017453745 1.174551487 -0.002274823 -0.780875683 -0.177902088 0.598814547
207.000000 -0.017219707 -0.019505166 1.172466040 -0.002144832 -0.784671843 -0.176071540 0.594377220
208.000000 -0.017929286 -0.016710855 1.173594832 -0.002489404 -0.788665593 -0.173661679 0.589781404
209.000000 -0.020056188 -0.015353791 1.169855714 -0.003329678 -0.791858613 -0.172878832 0.585714698
210.000000 -0.019662380 -0.016441062 1.170282125 -0.004653357 -0.795376956 -0.171985403 0.581183910
211.000000 -0.020330817 -0.017186664 1.167794704 -0.005844091 -0.798595965 -0.170883775 0.577069342
212.000000 -0.021093100 -0.018289290 1.166465521 -0.007018130 -0.802048147 -0.169317454 0.572713792
213.000000 -0.020503253 -0.018487014 1.166725636 -0.008139224 -0.805232882 -0.167855039 0.568646073
214.000000 -0.020911753 -0.018801168 1.165620089 -0.008885967 -0.808128119 -0.166554108 0.564898014
215.000000 -0.020792097 -0.018857718 1.162363768 -0.008862937 -0.810837805 -0.165020958 0.561454833
216.000000 -0.024862468 -0.018102907 1.161401987 -0.009216549 -0.814094663 -0.163194835 0.557254255
217.000000 -0.025881946 -0.019230194 1.157884836 -0.009575259 -0.817058504 -0.161513209 0.553386927
218.000000 -0.025540948 -0.019692272 1.156918645 -0.009572921 -0.820087850 -0.159469023 0.549485028
219.000000 -0.028031707 -0.020933345 1.157151699 -0.009446178 -0.823395312 -0.157418489 0.545114934
220.000000 -0.027440280 -0.020996481 1.154440880 -0.008425419 -0.826106191 -0.155370712 0.541606367
221.000000 -0.029388160 -0.022567891 1.152728796 -0.007352474 -0.828825653 -0.153782398 0.537907958
222.000000 -0.031154394 -0.021843322 1.150239468 -0.005519435 -0.831195831 -0.151661858 0.534866095
223.000000 -0.031606793 -0.024381593 1.151220202 -0.005630028 -0.833646834 -0.149175122 0.531740546
224.000000 -0.033328056 -0.025638528 1.149647951 -0.005822519 -0.836269557 -0.146853462 0.528254986
225.000000 -0.034495741 -0.028063260 1.145972967 -0.005666931 -0.838941038 -0.144652233 0.524615586
226.000000 -0.037021637 -0.027841136 1.140960097 -0.005433952 -0.841599882 -0.142536730 0.520925462
227.000000 -0.039454669 -0.028478049 1.139209151 -0.004968405 -0.844250977 -0.139933616 0.517333746
228.000000 -0.041124642 -0.026817411 1.135883808 -0.004252377 -0.846355498 -0.137043476 0.514668226
229.000000 -0.041424036 -0.028224088 1.131441236 -0.004284341 -0.847988367 -0.135199264 0.512463152
230.000000 -0.042895019 -0.030847721 1.127874613 -0.004781174 -0.849972785 -0.133117601 0.509708881
231.000000 -0.045865119 -0.032563448 1.124585986 -0.004617420 -0.851950765 -0.130794436 0.507002354
232.000000 -0.046275854 -0.032513127 1.122668266 -0.003046279 -0.853679776 -0.127982885 0.504818678
233.000000 -0.051328778 -0.033133522 1.118552208 -0.002289867 -0.855552971 -0.125364080 0.502302349
234.000000 -0.051666379 -0.033868082 1.116178751 -0.000568402 -0.856657743 -0.122979663 0.501012146
235.000000 -0.056183249 -0.035539471 1.112826467 -0.000776092 0.858090341 0.121305868 -0.498964131
236.000000 -0.058605045 -0.038466334 1.108762860 -0.001560523 0.859080553 0.119474597 -0.497698694
237.000000 -0.066349447 -0.043172546 1.103138685 -0.004508126 0.861083210 0.115498766 -0.495151877
238.000000 -0.068350881 -0.043289483 1.097456455 -0.006671035 0.862096906 0.112394810 -0.494076699
239.000000 -0.071283758 -0.046674021 1.094215751 -0.008990875 0.863526464 0.109488845 -0.492192417
240.000000 -0.075717360 -0.048087746 1.089914441 -0.011641010 0.865112305 0.105731420 -0.490169436
241.000000 -0.079002589 -0.056570128 1.085679173 -0.013389412 0.866273761 0.102791570 -0.488696635
242.000000 -0.079885155 -0.052957907 1.079123020 -0.016476871 0.867087185 0.098344661 -0.488074422
243.000000 -0.079207689 -0.056400068 1.072598815 -0.018645441 0.867556155 0.094978929 -0.487829566
244.000000 -0.090679079 -0.061044365 1.075268745 -0.018543310 0.868897140 0.091843084 -0.486044019
245.000000 -0.095862865 -0.058500156 1.069852829 -0.018856628 0.869869590 0.088303789 -0.484947234
246.000000 -0.093235582 -0.062494986 1.058446288 -0.019899294 0.870310128 0.085560590 -0.484606713
247.000000 -0.103085697 -0.065654844 1.058284044 -0.019938515 0.872009695 0.081943356 -0.482168853
248.000000 -0.098169357 -0.069763377 1.047701478 -0.021488834 0.872190058 0.078706600 -0.482315242
249.000000 -0.104596972 -0.069301702 1.042537570 -0.022489615 0.873281002 0.074985944 -0.480886310
250.000000 -0.108381003 -0.074424788 1.041238427 -0.023470057 0.874544382 0.071665876 -0.479046285
251.000000 -0.107899845 -0.075734079 1.032301426 -0.025514569 0.875433683 0.067798249 -0.477878958
252.000000 -0.114293665 -0.079694360 1.029288292 -0.026925156 0.877186298 0.064566270 -0.475026816
253.000000 -0.117863208 -0.082512222 1.023227215 -0.028952545 0.878607392 0.061372392 -0.472698927
254.000000 -0.122274220 -0.082418472 1.018395782 -0.031295475 0.880077302 0.057297092 -0.470320731
255.000000 -0.125990242 -0.088303387 1.011759162 -0.033589602 0.881452799 0.054530974 -0.467909247
256.000000 -0.127780795 -0.085630111 1.004661202 -0.035914358 0.882629037 0.050169542 -0.466003299
257.000000 -0.127727002 -0.088873491 0.997606158 -0.037988070 0.883626938 0.047786579 -0.464194775
258.000000 -0.131127536 -0.093307018 0.992431462 -0.038866822 0.884945571 0.046056591 -0.461778581
259.000000 -0.136517376 -0.094188757 0.990316033 -0.039571408 0.886706650 0.042879179 -0.458635867
260.000000 -0.141975850 -0.096269153 0.986388147 -0.041374180 0.888537586 0.039713625 -0.455205381
261.000000 -0.141787946 -0.097953841 0.980086982 -0.043275137 0.889644623 0.037267130 -0.453068256
262.000000 -0.145114660 -0.098934554 0.973969221 -0.044124030 0.891185820 0.034995131 -0.450129151
263.000000 -0.147743583 -0.099730246 0.968412876 -0.045168690 0.892826140 0.032673165 -0.446938187
264.000000 -0.151570469 -0.102422021 0.964261293 -0.046922307 0.894904017 0.030196669 -0.442756444
265.000000 -0.153966904 -0.106154457 0.956849158 -0.048516393 0.896293700 0.028781060 -0.439858466
266.000000 -0.159493387 -0.104632005 0.954115331 -0.049710806 0.897951484 0.027441112 -0.436416030
267.000000 -0.162385404 -0.107529283 0.946645737 -0.050547875 0.899473727 0.026339985 -0.433241427
268.000000 -0.163370669 -0.109734148 0.940286994 -0.052369185 0.900719166 0.024807781 -0.430519462
269.000000 -0.169783413 -0.110614762 0.938828349 -0.053853784 0.902314663 0.022505742 -0.427108318
270.000000 -0.169997156 -0.111079112 0.929909885 -0.054817550 0.903133273 0.020602245 -0.425347865
271.000000 -0.173061073 -0.114502586 0.924983799 -0.055019315 0.904454172 0.020081526 -0.422530740
272.000000 -0.173589051 -0.113194332 0.914896011 -0.054975610 0.905716419 0.017528273 -0.419938415
273.000000 -0.180424064 -0.113122553 0.911846042 -0.055644497 0.907664239 0.015543809 -0.415701389
274.000000 -0.184844077 -0.113527156 0.905479312 -0.056454048 0.909125566 0.014643721 -0.412418664
275.000000 -0.188847661 -0.111774065 0.901321292 -0.056772709 0.910658121 0.013462760 -0.409020036
276.000000 -0.191892028 -0.113233961 0.895135701 -0.057469543 0.912010670 0.012384011 -0.405931562
277.000000 -0.193601042 -0.113444708 0.890349746 -0.058832303 0.913040578 0.010882725 -0.403456599
278.000000 -0.196278453 -0.113242149 0.885042191 -0.059442494 0.914204001 0.009954873 -0.400747508
279.000000 -0.199309498 -0.111678712 0.880290389 -0.059944831 0.915251434 0.009214267 -0.398292035
280.000000 -0.200901806 -0.115707822 0.873055041 -0.059828699 0.916351855 0.009091613 -0.395774066
281.000000 -0.206172019 -0.117293619 0.868099093 -0.060065899 0.917966068 0.008745654 -0.391987264
282.000000 -0.208650917 -0.117046237 0.862529278 -0.060740862 0.919509351 0.008381907 -0.388256192
283.000000 -0.211461365 -0.119014576 0.856078088 -0.059844036 0.921291411 0.008522073 -0.384146065
284.000000 -0.213394612 -0.115152627 0.850388527 -0.059844229 0.923020363 0.008105448 -0.379982054
285.000000 -0.220827788 -0.116035953 0.846060634 -0.059649050 0.925168753 0.008513919 -0.374742895
286.000000 -0.220391840 -0.116408832 0.837862253 -0.058507193 0.926699817 0.008979604 -0.371111393
287.000000 -0.224549323 -0.113893799 0.831892014 -0.057291918 0.928636193 0.008776467 -0.366436094
288.000000 -0.232275218 -0.113813996 0.829373598 -0.055177711 0.930885553 0.009476134 -0.360995382
289.000000 -0.236502051 -0.112878911 0.821593523 -0.053239685 0.932599545 0.009892167 -0.356827289
290.000000 -0.240884632 -0.109259054 0.816098094 -0.051526804 0.934428453 0.008743267 -0.352295369
291.000000 -0.246749252 -0.109501272 0.809481740 -0.050222181 0.936120629 0.009292956 -0.347950459
292.000000 -0.252361298 -0.106307723 0.805037141 -0.049213089 0.937754929 0.010520611 -0.343632191
293.000000 -0.258973420 -0.105926134 0.798499763 -0.046943236 0.939293563 0.010873361 -0.339714110
294.000000 -0.266527086 -0.105104320 0.794404864 -0.045863058 0.940834880 0.010499706 -0.335583091
295.000000 -0.273738682 -0.104490981 0.789516330 -0.044540700 0.942443192 0.010276004 -0.331226945
296.000000 -0.282543629 -0.104108490 0.784296751 -0.044087525 0.943975270 0.010532915 -0.326888293
297.000000 -0.290529281 -0.102276184 0.780497611 -0.044276953 0.945348382 0.011540902 -0.322835624
298.000000 -0.292806000 -0.102146722 0.772225320 -0.042995427 0.946419239 0.012900301 -0.319805503
299.000000 -0.304198295 -0.100840911 0.769504607 -0.041533452 0.948103845 0.013798836 -0.314934343
300.000000 -0.312474668 -0.099731639 0.764642000 -0.040294405 0.949501812 0.014998278 -0.310801804
301.000000 -0.320061415 -0.103774287 0.758258045 -0.038073149 0.950820804 0.016605483 -0.306943774
302.000000 -0.329777747 -0.102971569 0.752853751 -0.036891300 0.952350318 0.017463144 -0.302263051
303.000000 -0.338293672 -0.101417206 0.749433815 -0.036659643 0.953703940 0.018597635 -0.297924429
304.000000 -0.342499197 -0.102127783 0.739452958 -0.036724508 0.954717398 0.020072663 -0.294555634
305.000000 -0.349817157 -0.102984205 0.734806418 -0.037060309 0.956095636 0.020987684 -0.289943367
306.000000 -0.359429300 -0.103401855 0.730049074 -0.037609264 0.957580805 0.021173991 -0.284914345
307.000000 -0.368951678 -0.101574942 0.726865649 -0.038847178 0.958891213 0.021549299 -0.280275136
308.000000 -0.375980616 -0.101782367 0.721703768 -0.039054334 0.960047722 0.023060661 -0.276136428
309.000000 -0.388224065 -0.097872630 0.721083045 -0.039605856 0.961548269 0.023792293 -0.270721704
310.000000 -0.391994566 -0.099618338 0.713194370 -0.039104283 0.962566078 0.024344331 -0.267104268
311.000000 -0.399702966 -0.099869393 0.707889199 -0.039140634 0.963784873 0.024913101 -0.262614071
312.000000 -0.410475433 -0.097459421 0.704493880 -0.038489517 0.965264559 0.025386037 -0.257173955
313.000000 -0.419416815 -0.095763735 0.701834679 -0.037193306 0.966797650 0.025678916 -0.251514494
314.000000 -0.427739441 -0.093806982 0.698969126 -0.036554664 0.968233526 0.026678544 -0.245918468
315.000000 -0.433344454 -0.091678753 0.695650876 -0.036452029 0.969456553 0.027903117 -0.240928799
316.000000 -0.443667471 -0.087644644 0.692860961 -0.036868367 0.970666409 0.028818300 -0.235832527
317.000000 -0.448795438 -0.086796626 0.689579606 -0.036421813 0.971466541 0.031312138 -0.232262224
318.000000 -0.455935478 -0.086741813 0.686811864 -0.035402115 0.972287118 0.033136684 -0.228706047
319.000000 -0.462349892 -0.082285278 0.683032393 -0.034455933 0.973093212 0.033142623 -0.225397453
320.000000 -0.468844265 -0.079121575 0.679521561 -0.033363499 0.973854423 0.033432029 -0.222208783
321.000000 -0.473330498 -0.076453395 0.675197601 -0.032374665 0.974449456 0.034627080 -0.219547465
322.000000 -0.480597258 -0.073849969 0.673205972 -0.030986603 0.975125909 0.035978649 -0.216505826
323.000000 -0.483590305 -0.072322354 0.666409135 -0.030234361 0.975707173 0.037236471 -0.213763475
324.000000 -0.490744650 -0.066395484 0.661630571 -0.029618140 0.976515472 0.037333190 -0.210110620
325.000000 -0.495717943 -0.065095268 0.656267643 -0.029086500 0.977120340 0.038823165 -0.207080930
326.000000 -0.499939293 -0.065250710 0.650567651 -0.028367523 0.977644801 0.040485241 -0.204369441
327.000000 -0.504288614 -0.060221191 0.646327078 -0.027663188 0.978036702 0.040782932 -0.202523217
328.000000 -0.511233687 -0.059348211 0.642098367 -0.027162395 0.978387594 0.042239450 -0.200588509
329.000000 -0.515583932 -0.055987947 0.635023832 -0.026266718 0.978544056 0.043283287 -0.199720189
330.000000 -0.518953919 -0.054149438 0.629490197 -0.025477452 0.978722334 0.044422414 -0.198696136
331.000000 -0.522153914 -0.050399229 0.621853650 -0.024907764 0.978851080 0.045451224 -0.197899953
332.000000 -0.527251661 -0.050104886 0.614737153 -0.024912421 0.979037941 0.047343772 -0.196526438
333.000000 -0.532844186 -0.047844417 0.608006656 -0.024999570 0.979221702 0.048167560 -0.195396543
334.000000 -0.538758397 -0.041635983 0.602323771 -0.025544494 0.979328275 0.049141053 -0.194547728
335.000000 -0.541754365 -0.042745799 0.593841851 -0.025547381 0.979085386 0.052614737 -0.194861025
336.000000 -0.545477450 -0.042628180 0.581962466 -0.025522538 0.979011655 0.054891966 -0.194606245
337.000000 -0.549804449 -0.040642608 0.576567411 -0.025156753 0.979137957 0.056197878 -0.193643436
338.000000 -0.554009199 -0.043319430 0.568043828 -0.024942929 0.979281902 0.058361404 -0.192298695
339.000000 -0.558416843 -0.045164436 0.558521152 -0.024237314 0.979499221 0.059272032 -0.190998986
340.000000 -0.564255476 -0.044121251 0.550347269 -0.023599742 0.979867995 0.059020568 -0.189257383
341.000000 -0.568312049 -0.041569658 0.542506456 -0.024265261 0.980123699 0.058809515 -0.187910154
342.000000 -0.570290387 -0.040180530 0.531695902 -0.024946490 0.980107188 0.059610624 -0.187654257
343.000000 -0.573300242 -0.039336547 0.520440221 -0.024941498 0.980049133 0.061068773 -0.187489167
344.000000 -0.576380968 -0.037960697 0.509901285 -0.024503117 0.980134845 0.061967205 -0.186803058
345.000000 -0.580119908 -0.037445143 0.500601768 -0.024685904 0.980327368 0.062278289 -0.185661763
346.000000 -0.582382202 -0.038320474 0.491362631 -0.024511117 0.980388999 0.062666148 -0.185228527
347.000000 -0.585820198 -0.035588004 0.484190524 -0.023914438 0.980495334 0.062604822 -0.184763774
348.000000 -0.592124045 -0.032686815 0.476719111 -0.023218352 0.980619967 0.062989227 -0.184059247
349.000000 -0.592608690 -0.031683676 0.464740098 -0.022521457 0.980421007 0.064343795 -0.184735954
350.000000 -0.595381618 -0.030506035 0.457432121 -0.021419805 0.980419219 0.065397799 -0.184506208
351.000000 -0.597920358 -0.027937388 0.447266519 -0.020386903 0.980400264 0.066582687 -0.184299812
352.000000 -0.597972095 -0.025921570 0.436243296 -0.019768115 0.980278194 0.067952007 -0.184516832
353.000000 -0.603585899 -0.023456449 0.428673565 -0.018870126 0.980586767 0.068062499 -0.182923689
354.000000 -0.605192482 -0.023761228 0.421076864 -0.018080687 0.980737209 0.068087935 -0.182185695
355.000000 -0.608731329 -0.022997845 0.413560033 -0.017207593 0.980983078 0.068025686 -0.180965811
356.000000 -0.608561039 -0.022337582 0.402631938 -0.015992666 0.981215537 0.067846358 -0.179881155
357.000000 -0.613611817 -0.022083826 0.397223502 -0.014608301 0.981773734 0.066774890 -0.177335873
358.000000 -0.616685867 -0.017573038 0.389453173 -0.014298572 0.982276857 0.065279812 -0.175117880
359.000000 -0.617000818 -0.013449866 0.382141858 -0.013606467 0.982603431 0.065777965 -0.173143491
360.000000 -0.618289471 -0.013508860 0.373646021 -0.012448244 0.982953012 0.067679770 -0.170493111
361.000000 -0.623009145 -0.009235274 0.365081310 -0.011726124 0.983678102 0.067823395 -0.166252509
362.000000 -0.622487366 -0.008750409 0.356862307 -0.011533844 0.984203041 0.068727776 -0.162750885
363.000000 -0.622111261 -0.009624762 0.348511815 -0.011651364 0.984660625 0.070568778 -0.159146771
364.000000 -0.623049736 -0.011415282 0.339850366 -0.011572449 0.985187888 0.071515098 -0.155423462
365.000000 -0.622886419 -0.011385586 0.331327647 -0.012260610 0.985723197 0.070801035 -0.152271599
366.000000 -0.622900009 -0.007025622 0.324147701 -0.013090363 0.986299276 0.069829866 -0.148882866
367.000000 -0.626227677 -0.003711395 0.316979289 -0.013065652 0.986949027 0.070498466 -0.144190267
368.000000 -0.629325271 -0.002877399 0.309920937 -0.012926091 0.987607181 0.071332939 -0.139199823
369.000000 -0.630481005 -0.004066564 0.300825745 -0.013348244 0.988199174 0.072045401 -0.134512961
370.000000 -0.634203374 -0.003361145 0.291043878 -0.013164940 0.988935530 0.071552373 -0.129280508
371.000000 -0.638942361 -0.005959265 0.283691555 -0.012551453 0.989717305 0.070850603 -0.123621710
372.000000 -0.634354949 -0.004985300 0.272651255 -0.012049811 0.990292668 0.069490105 -0.119775869
373.000000 -0.637996674 -0.007459207 0.264892906 -0.011679607 0.991051733 0.067714840 -0.114432111
374.000000 -0.640198410 -0.001768654 0.258231759 -0.011522076 0.991809726 0.064934976 -0.109380782
375.000000 -0.642382085 -0.000559439 0.251183748 -0.010444500 0.992313325 0.064308181 -0.105212010
376.000000 -0.644684196 -0.003147953 0.242317021 -0.009453068 0.992699087 0.064079046 -0.101749703
377.000000 -0.647102833 -0.000433016 0.233815923 -0.008251328 0.993244529 0.061488345 -0.098063327
378.000000 -0.646153390 0.002215977 0.225194171 -0.007772334 0.993653834 0.060365252 -0.094592124
379.000000 -0.648968101 0.002194626 0.216516733 -0.007656107 0.994066238 0.060454071 -0.090105534
380.000000 -0.653822601 0.002033703 0.208180130 -0.007754165 0.994497001 0.060197830 -0.085391872
381.000000 -0.655842483 0.006045787 0.198838770 -0.006954817 0.994848311 0.059217703 -0.081986278
382.000000 -0.660309911 0.004286055 0.190985292 -0.005560791 0.995139837 0.059458252 -0.078297526
383.000000 -0.663121641 0.003728847 0.182515025 -0.004077991 0.995454192 0.059113488 -0.074564278
384.000000 -0.666731775 0.002964024 0.174300373 -0.003027609 0.995746553 0.058525510 -0.071094394
385.000000 -0.669366777 0.007233229 0.164842874 -0.002205053 0.996057749 0.057073619 -0.067872480
386.000000 -0.670690536 0.005280210 0.155291259 -0.001511365 0.996277630 0.057048801 -0.064607166
387.000000 -0.674888968 0.001303976 0.148389310 -0.000602109 0.996550322 0.056299798 -0.060970314
388.000000 -0.681415141 0.003384979 0.139228567 -0.001023684 0.996878207 0.054357197 -0.057254530
389.000000 -0.684085727 0.003830953 0.131499961 -0.000918306 0.997094572 0.052868899 -0.054830957
390.000000 -0.690931678 -0.001998694 0.122950584 -0.000680141 0.997253776 0.052633181 -0.052097999
391.000000 -0.693086207 -0.001711692 0.114620715 -0.001028929 0.997455418 0.050466005 -0.050347224
392.000000 -0.699308693 -0.004065215 0.106187969 -0.000305246 0.997613430 0.049200617 -0.048441652
393.000000 -0.701700091 -0.002740116 0.099836573 0.000035832 0.997772217 0.047294710 -0.047051027
394.000000 -0.708672822 -0.003651744 0.090763800 0.000879798 0.997918487 0.045929350 -0.045259289
395.000000 -0.713960946 -0.007966688 0.080926076 0.001289339 0.998016298 0.044835530 -0.044176456
396.000000 -0.716679037 -0.007431856 0.075327948 0.001522321 0.998166442 0.042349238 -0.043219790
397.000000 -0.718564689 -0.003982961 0.067002617 0.001182173 0.998329282 0.039747857 -0.041920971
398.000000 -0.724334240 -0.005742195 0.059731677 0.000949889 0.998439908 0.039113801 -0.039837357
399.000000 -0.726690173 -0.008226898 0.049794532 0.000836253 0.998545170 0.038478825 -0.037765652
400.000000 -0.730026603 -0.008607653 0.043600440 0.000634944 0.998712718 0.036427919 -0.035292622
401.000000 -0.734409392 -0.010534422 0.034490623 0.000361030 0.998848021 0.035253968 -0.032552548
402.000000 -0.736958504 -0.011729203 0.028331812 0.000336173 0.998992503 0.033153187 -0.030243950
403.000000 -0.737664998 -0.012992582 0.019592514 0.000739159 0.999139667 0.030422868 -0.028175781
404.000000 -0.740378201 -0.008970898 0.013108842 -0.000085779 0.999316096 0.026783174 -0.025494443
405.000000 -0.743088722 -0.014100690 0.003157027 -0.001439778 0.999399245 0.025617229 -0.023297967
406.000000 -0.744759440 -0.011995052 -0.001022808 -0.002223722 0.999508083 0.022325607 -0.021913292
407.000000 -0.745911181 -0.013699859 -0.007717371 -0.002402917 0.999578655 0.020450741 -0.020455927
408.000000 -0.750797689 -0.016785488 -0.016565252 -0.002332475 0.999635875 0.020013567 -0.017947398
409.000000 -0.751764953 -0.018405067 -0.022766342 -0.001919402 0.999687910 0.018930290 -0.016186172
410.000000 -0.751156151 -0.018425243 -0.029660245 -0.001433266 0.999759197 0.016358364 -0.014556115
411.000000 -0.748954237 -0.016886253 -0.034975469 -0.001767872 0.999812841 0.013533110 -0.013710229
412.000000 -0.754077673 -0.017877325 -0.041960638 -0.001676426 0.999855578 0.012160881 -0.011752564
413.000000 -0.754201651 -0.016717725 -0.047772080 -0.001013268 0.999886632 0.010828788 -0.010413717
414.000000 -0.754964769 -0.020148564 -0.058701526 0.000333796 0.999901295 0.010638618 -0.009171403
415.000000 -0.753883302 -0.019830935 -0.065834582 0.001969236 0.999921381 0.009518754 -0.007916615
416.000000 -0.757834494 -0.020773357 -0.074110299 0.003695340 0.999947488 0.008167526 -0.004956955
417.000000 -0.758843899 -0.021659110 -0.082652435 0.004750358 0.999966800 0.006121469 -0.002528111
418.000000 -0.762120962 -0.025964547 -0.091464631 0.004744886 0.999982536 0.003520016 -0.000169133
419.000000 -0.763372540 -0.023369139 -0.099208623 0.004261853 0.999989808 0.000080855 0.001458342
420.000000 -0.762446582 -0.026264027 -0.108667217 0.003714126 0.999990225 -0.001198521 0.002068185
421.000000 -0.764050841 -0.030194197 -0.117019072 0.003228187 0.999988735 -0.002105104 0.002774680
422.000000 -0.764329374 -0.030390725 -0.125281423 0.003038955 0.999985039 -0.003721398 0.002605566
423.000000 -0.764398098 -0.033368453 -0.134609938 0.002787695 0.999981701 -0.005045075 0.001851260
424.000000 -0.767491341 -0.036045633 -0.145913124 0.002133703 0.999969721 -0.007293981 0.001679334
425.000000 -0.765730917 -0.034726080 -0.154892266 0.000487590 0.999957681 -0.009185198 -0.000107695
426.000000 -0.766294062 -0.034777414 -0.165303856 -0.001101084 0.999953747 -0.009407479 -0.001680294
427.000000 -0.760140240 -0.033102423 -0.173855543 -0.002872720 0.999935329 -0.010214626 -0.004090980
428.000000 -0.760230839 -0.034221482 -0.184084788 -0.004306528 0.999921262 -0.010535405 -0.005288171
429.000000 -0.761227489 -0.037043128 -0.193813875 -0.005111832 0.999916196 -0.010261769 -0.006012535
430.000000 -0.757640541 -0.038503174 -0.205185473 -0.005005516 0.999901712 -0.010625765 -0.007652484
431.000000 -0.757433593 -0.036597040 -0.213252842 -0.004887525 0.999879062 -0.012461740 -0.007920092
432.000000 -0.758009851 -0.038115278 -0.224820167 -0.004743286 0.999858856 -0.013740962 -0.008425987
433.000000 -0.756709754 -0.038215514 -0.233701721 -0.004184676 0.999833286 -0.014959780 -0.009598022
434.000000 -0.756149471 -0.040738817 -0.244054586 -0.003299824 0.999818027 -0.015665807 -0.010371593
435.000000 -0.756007314 -0.042514529 -0.255860865 -0.002844408 0.999779999 -0.017881522 -0.010587315
436.000000 -0.752503097 -0.044505022 -0.264160067 -0.003668306 0.999720573 -0.020219535 -0.011679341
437.000000 -0.748571575 -0.044425897 -0.273813367 -0.005201336 0.999660075 -0.021872466 -0.013200903
438.000000 -0.740308285 -0.044674132 -0.284574866 -0.007010547 0.999577701 -0.023797907 -0.015132146
439.000000 -0.741518378 -0.048561405 -0.293604255 -0.008054365 0.999530613 -0.025331317 -0.015233266
440.000000 -0.736925185 -0.048427001 -0.300384372 -0.009326138 0.999424934 -0.027775301 -0.017069163
441.000000 -0.737152457 -0.049541738 -0.311024159 -0.009691694 0.999342144 -0.029923545 -0.018054685
442.000000 -0.733596027 -0.043582112 -0.316535830 -0.009552359 0.999232292 -0.032485671 -0.019703917
443.000000 -0.733577549 -0.043052822 -0.326255858 -0.009373333 0.999163926 -0.033662356 -0.021223504
444.000000 -0.733002782 -0.045044966 -0.335570067 -0.009047216 0.999147475 -0.033547346 -0.022294674
445.000000 -0.732812166 -0.045173123 -0.343981743 -0.008831381 0.999157369 -0.033151239 -0.022527967
446.000000 -0.732624769 -0.045685358 -0.350529939 -0.009133177 0.999192297 -0.032026514 -0.022485930
447.000000 -0.733080447 -0.046020970 -0.357851505 -0.009730858 0.999168336 -0.032422490 -0.022731919
448.000000 -0.732485533 -0.046385393 -0.366127014 -0.009633881 0.999153793 -0.032718159 -0.022986662
449.000000 -0.731619596 -0.046568938 -0.381052583 -0.008374035 0.999152720 -0.032498162 -0.023824118
450.000000 -0.730549455 -0.044244409 -0.389734894 -0.007573943 0.999050498 -0.035114933 -0.024650171
451.000000 -0.733346701 -0.039905038 -0.395450711 -0.007147849 0.998972654 -0.037317507 -0.024697952
452.000000 -0.734464645 -0.034927465 -0.404975474 -0.006212784 0.998841524 -0.040121362 -0.025831560
453.000000 -0.734391689 -0.036871642 -0.414174736 -0.005602888 0.998769939 -0.041191977 -0.027027508
454.000000 -0.735424221 -0.039505694 -0.421771854 -0.004951000 0.998772800 -0.040825162 -0.027599692
455.000000 -0.737582624 -0.042165168 -0.432649136 -0.004639868 0.998736441 -0.041469540 -0.028004633
456.000000 -0.735104382 -0.039544273 -0.437490135 -0.004559579 0.998619795 -0.043499261 -0.029077906
457.000000 -0.738848567 -0.042117812 -0.448008835 -0.004564815 0.998544514 -0.044905193 -0.029520778
458.000000 -0.742064953 -0.041679759 -0.457101971 -0.004287887 0.998417139 -0.047924455 -0.029120890
459.000000 -0.744210422 -0.042851258 -0.465543538 -0.005267282 0.998322904 -0.050062694 -0.028589204
460.000000 -0.749768496 -0.043805279 -0.475722045 -0.005850846 0.998279870 -0.051461618 -0.027471961
461.000000 -0.748610616 -0.041031145 -0.482825577 -0.005615493 0.998109460 -0.054374922 -0.028094642
462.000000 -0.751618028 -0.041616347 -0.492426902 -0.006141943 0.998001873 -0.056332082 -0.027950643
463.000000 -0.756263554 -0.037911966 -0.502962172 -0.008049555 0.997834742 -0.058772452 -0.028404515
464.000000 -0.759611964 -0.038665432 -0.514528871 -0.009471898 0.997682273 -0.060543440 -0.029578077
465.000000 -0.762418568 -0.042177964 -0.523610175 -0.009830712 0.997632205 -0.060899261 -0.030407861
466.000000 -0.766584456 -0.044155709 -0.534956098 -0.010693997 0.997578621 -0.061206091 -0.031245269
467.000000 -0.770074546 -0.049514621 -0.543179452 -0.010130292 0.997563422 -0.061076526 -0.032160111
468.000000 -0.772869170 -0.048967544 -0.552761972 -0.010167320 0.997400403 -0.063069828 -0.033336192
469.000000 -0.778548121 -0.058522716 -0.563596427 -0.009262373 0.997417867 -0.063030593 -0.033150859
470.000000 -0.781092048 -0.058263682 -0.572010875 -0.010364677 0.997148454 -0.066514626 -0.034106966
471.000000 -0.787813008 -0.061134066 -0.585088968 -0.012639607 0.996654928 -0.072600976 -0.035332020
472.000000 -0.785134256 -0.058257960 -0.591214836 -0.013878957 0.996162534 -0.077361792 -0.038506027
473.000000 -0.792662203 -0.059747808 -0.600878775 -0.014625126 0.995961547 -0.079465501 -0.039139688
474.000000 -0.796865821 -0.062954217 -0.610016525 -0.015385642 0.995753288 -0.081088267 -0.040784750
475.000000 -0.800346732 -0.067084968 -0.619609237 -0.016099812 0.995436966 -0.084182031 -0.041944627
476.000000 -0.804930151 -0.074541658 -0.631817102 -0.017320912 0.995253801 -0.085769467 -0.042584497
477.000000 -0.804472446 -0.078543052 -0.637821496 -0.017951813 0.995082438 -0.086685635 -0.044432133
478.000000 -0.810301721 -0.082991391 -0.647273481 -0.017320530 0.995026588 -0.087937444 -0.043464106
479.000000 -0.812625170 -0.085114256 -0.654965758 -0.017132094 0.994891346 -0.089830652 -0.042756502
480.000000 -0.818079889 -0.086706355 -0.666272998 -0.018045072 0.994754195 -0.091784082 -0.041403245
481.000000 -0.820507407 -0.089585230 -0.671947896 -0.018016001 0.994700432 -0.093052931 -0.039844751
482.000000 -0.823313177 -0.086231805 -0.678945959 -0.018107507 0.994432628 -0.096366256 -0.038592771
483.000000 -0.827390790 -0.088471711 -0.688848913 -0.018602701 0.994341493 -0.097847991 -0.036942407
484.000000 -0.824808419 -0.089065135 -0.691989481 -0.017557289 0.994332612 -0.098374717 -0.036287781
485.000000 -0.825777233 -0.090622671 -0.702659369 -0.017498825 0.994321048 -0.099017404 -0.034855917
486.000000 -0.825252414 -0.093521573 -0.706372857 -0.016344020 0.994318962 -0.099744566 -0.033372458
487.000000 -0.829052866 -0.094318919 -0.717508137 -0.016572392 0.994184494 -0.101723507 -0.031223208
488.000000 -0.828431904 -0.093474030 -0.721127689 -0.015993074 0.994095087 -0.103336871 -0.028994076
489.000000 -0.829163313 -0.094532125 -0.730693221 -0.017031040 0.993971050 -0.104918875 -0.026897719
490.000000 -0.831841886 -0.096371554 -0.735579371 -0.015850153 0.994089842 -0.104845762 -0.023270478
491.000000 -0.829004526 -0.097672448 -0.742052376 -0.015114877 0.994133294 -0.105210423 -0.020034360
492.000000 -0.831112087 -0.098716117 -0.749597251 -0.014854366 0.994134009 -0.106041357 -0.015234464
493.000000 -0.831230521 -0.101478964 -0.757357836 -0.014737944 0.994121611 -0.106688246 -0.011074724
494.000000 -0.833779931 -0.098096773 -0.763776302 -0.014890372 0.993965685 -0.108470932 -0.006673418
495.000000 -0.840838075 -0.100122005 -0.772787333 -0.012944931 0.993874431 -0.109748743 -0.001144658
496.000000 -0.838183939 -0.095355168 -0.774357378 -0.012564024 0.993718684 -0.111182377 0.001958575
497.000000 -0.834145844 -0.089266926 -0.776868582 -0.012408012 0.993597329 -0.112209804 0.004391192
498.000000 -0.833793104 -0.091161780 -0.785714269 -0.011967920 0.993605316 -0.112029925 0.007384624
499.000000 -0.832322538 -0.091606103 -0.794371545 -0.012484481 0.993567348 -0.112162195 0.009368923
500.000000 -0.834827185 -0.085843317 -0.801726043 -0.012156891 0.993275464 -0.114463814 0.012413227
501.000000 -0.838397145 -0.082912602 -0.810774148 -0.011366143 0.992901564 -0.117333628 0.015811946
502.000000 -0.835411489 -0.084929474 -0.820615172 -0.011714926 0.992761731 -0.118147112 0.018116552
503.000000 -0.830313504 -0.084550582 -0.827818692 -0.011974604 0.992688000 -0.118483156 0.019720491
504.000000 -0.831688821 -0.087552778 -0.836904824 -0.010685671 0.992672920 -0.118069127 0.023365989
505.000000 -0.833543360 -0.090734646 -0.846120000 -0.009410704 0.992587268 -0.118118666 0.027018361
506.000000 -0.835866809 -0.085935198 -0.854506493 -0.008166988 0.992344856 -0.119236238 0.031108096
507.000000 -0.833664238 -0.084368862 -0.863798261 -0.007113754 0.992148459 -0.120035619 0.034384541
508.000000 -0.828082979 -0.080391467 -0.869037986 -0.005987774 0.991877198 -0.121528186 0.037077092
509.000000 -0.826345623 -0.084725887 -0.875627995 -0.004221729 0.991610050 -0.122560836 0.040871736
510.000000 -0.830454826 -0.087539494 -0.886807680 -0.003247871 0.991370201 -0.122925609 0.045430060
511.000000 -0.833472729 -0.089852065 -0.899803698 -0.003018256 0.991151869 -0.123336039 0.048960648
512.000000 -0.819442093 -0.090542093 -0.904597998 -0.000176385 0.991071761 -0.123963788 0.049088482
513.000000 -0.816134334 -0.090200573 -0.913690090 0.001846022 0.990887403 -0.124568351 0.051200341
514.000000 -0.814858496 -0.090012506 -0.926240087 0.002489207 0.990665913 -0.125372544 0.053446777
515.000000 -0.806298196 -0.089644291 -0.939523339 0.005003470 0.990407288 -0.126973167 0.054278180
516.000000 -0.801306129 -0.089640409 -0.948873878 0.005852832 0.990236044 -0.127722457 0.055545848
517.000000 -0.792308092 -0.090987459 -0.955569744 0.007952483 0.990080595 -0.128579140 0.056075707
518.000000 -0.785699487 -0.090866178 -0.962801814 0.009701969 0.989864230 -0.129873484 0.056634806
519.000000 -0.787951827 -0.091681167 -0.972287595 0.009917956 0.989569604 -0.131048039 0.058991931
520.000000 -0.782005191 -0.095017090 -0.976995111 0.011615935 0.989508092 -0.130904257 0.060024001
521.000000 -0.781439424 -0.100871444 -0.986264586 0.012645356 0.989284217 -0.131343096 0.062496543
522.000000 -0.783355832 -0.103169337 -0.996960998 0.012451405 0.989045858 -0.131598115 0.065690398
523.000000 -0.774744213 -0.099017039 -1.002473474 0.013394316 0.988993108 -0.131424174 0.066640258
524.000000 -0.776095033 -0.099294111 -1.005552292 0.013726095 0.989002228 -0.129674733 0.069789805
525.000000 -0.774362326 -0.100040704 -1.012815118 0.014427947 0.988919914 -0.128515646 0.072890379
526.000000 -0.774454653 -0.100744747 -1.019101977 0.016087033 0.988777518 -0.127137139 0.076787464
527.000000 -0.773474038 -0.104119398 -1.026562452 0.017694071 0.988770068 -0.124697365 0.080444299
528.000000 -0.767386317 -0.097488284 -1.030740142 0.020254374 0.988668799 -0.123422280 0.083010122
529.000000 -0.772272825 -0.099054120 -1.040530682 0.021764334 0.988499939 -0.121280819 0.087664507
530.000000 -0.763627529 -0.094318092 -1.043827772 0.023117337 0.988505840 -0.119531341 0.089632466
531.000000 -0.765571833 -0.093327910 -1.048105121 0.024217850 0.988548040 -0.116072871 0.093345404
532.000000 -0.757735133 -0.090980269 -1.053269506 0.025676187 0.988594949 -0.113628142 0.095443130
533.000000 -0.762377858 -0.084655300 -1.062289476 0.026709825 0.988140285 -0.113704629 0.099682309
534.000000 -0.761067748 -0.097592458 -1.054644346 0.028130827 0.988477945 -0.108023725 0.102229312
535.000000 -0.757728875 -0.102376923 -1.059450626 0.030089732 0.988343775 -0.105671600 0.105378695
536.000000 -0.762379229 -0.080677383 -1.075839996 0.029326430 0.987641871 -0.108381301 0.109348163
537.000000 -0.755772054 -0.082075417 -1.074567676 0.030595170 0.987771034 -0.104759224 0.111345567
538.000000 -0.760008156 -0.078158572 -1.083448887 0.029932188 0.987542570 -0.102269925 0.115778223
539.000000 -0.746396005 -0.081374004 -1.081042051 0.031381804 0.987778246 -0.098476589 0.116669022
540.000000 -0.755077004 -0.080197312 -1.085285664 0.030895030 0.987378895 -0.096272111 0.121901937
541.000000 -0.758095503 -0.075571112 -1.090337276 0.030703032 0.986999869 -0.094756901 0.126133591
542.000000 -0.752736509 -0.064931154 -1.095880270 0.031618997 0.986536384 -0.094210468 0.129886851
543.000000 -0.756941438 -0.080852374 -1.088974833 0.032083873 0.986322880 -0.088531643 0.135277256
544.000000 -0.766997337 -0.086905584 -1.089030981 0.032126423 0.985684514 -0.085378915 0.141790017
545.000000 -0.762121141 -0.067643091 -1.102634311 0.033230811 0.984680414 -0.086794928 0.147536188
546.000000 -0.760552526 -0.070094213 -1.101757765 0.032802310 0.984289050 -0.081909023 0.152938008
547.000000 -0.754773736 -0.050223649 -1.108583450 0.033129171 0.983434677 -0.082246989 0.158095405
548.000000 -0.747494102 -0.056963295 -1.093257546 0.036608901 0.983322501 -0.075306043 0.161448672
549.000000 -0.746560514 -0.051861458 -1.103543758 0.035142895 0.982704580 -0.074146807 0.166008770
550.000000 -0.766844749 -0.041594446 -1.104390860 0.036464356 0.981340826 -0.073445976 0.173914239
551.000000 -0.763168931 -0.032124832 -1.116661191 0.037116069 0.980347872 -0.074103981 0.179022565
552.000000 -0.753782392 -0.015154161 -1.119588137 0.039136030 0.979823709 -0.074239679 0.181389973
553.000000 -0.756912649 -0.031743228 -1.132060766 0.038147278 0.979019284 -0.069949239 0.187545121
554.000000 -0.763221979 -0.050965041 -1.139433384 0.036136296 0.978258252 -0.066139825 0.193211049
555.000000 -0.761677682 -0.033596024 -1.125226140 0.038357772 0.977663100 -0.066422790 0.195682347
556.000000 -0.794299245 -0.026511684 -1.160821676 0.037978824 0.975423455 -0.067088962 0.206411466
557.000000 -0.789428771 -0.023019105 -1.153360605 0.037659556 0.975044012 -0.065581448 0.208734408
558.000000 -0.790414929 -0.026266925 -1.157678723 0.036494832 0.974521041 -0.062836215 0.212199211
559.000000 -0.793835521 -0.011214517 -1.172429800 0.035345376 0.973478198 -0.065087058 0.216459110
560.000000 -0.807605505 -0.013541333 -1.183119774 0.032631062 0.972614348 -0.063397288 0.221217901
561.000000 -0.797174633 -0.026508145 -1.170450807 0.033165969 0.972695708 -0.058837671 0.222038850
562.000000 -0.790690839 -0.056892037 -1.167050600 0.032301486 0.972549558 -0.052783322 0.224316657
563.000000 -0.794182777 -0.017343625 -1.181175947 0.031906430 0.971415341 -0.057157695 0.228182450
564.000000 -0.798748016 -0.005507305 -1.182616830 0.032836296 0.970699489 -0.056159880 0.231322780
565.000000 -0.808275104 -0.015547037 -1.197028995 0.030814709 0.969587028 -0.053819939 0.236759111
566.000000 -0.804844320 -0.014221862 -1.193495989 0.030943409 0.969106197 -0.051751167 0.239159882
567.000000 -0.810986280 -0.023476139 -1.194281459 0.029041629 0.968419373 -0.048445296 0.242844746
568.000000 -0.801876664 -0.004154935 -1.171819687 0.030405179 0.968641520 -0.047619347 0.241953626
569.000000 -0.820228219 0.001949042 -1.200362921 0.029648338 0.966713548 -0.047504950 0.249658048
570.000000 -0.811131477 -0.017170325 -1.205356836 0.032483175 0.965993524 -0.042100459 0.253039390
571.000000 -0.831692815 -0.006899521 -1.229764700 0.030958295 0.964059174 -0.042338297 0.260459125
572.000000 -0.803573728 -0.014662303 -1.202296495 0.033656493 0.964437664 -0.037767854 0.259423882
573.000000 -0.806123912 -0.008809108 -1.208659172 0.034761135 0.963087499 -0.036374312 0.264444858
574.000000 -0.801378369 -0.013821136 -1.210079670 0.035096064 0.962218285 -0.033181224 0.267961383
575.000000 -0.811417937 -0.006112099 -1.214798570 0.036065992 0.960661411 -0.031128557 0.273605317
576.000000 -0.810249150 -0.004199214 -1.219970226 0.036024276 0.959497094 -0.028736148 0.277924150
577.000000 -0.808983028 -0.000264820 -1.219851255 0.037048589 0.958387434 -0.025811739 0.281877130
578.000000 -0.806649804 0.031250324 -1.238976479 0.040440723 0.956308722 -0.026534289 0.288329810
579.000000 -0.809383512 0.034146585 -1.243146420 0.039363015 0.955031395 -0.024465574 0.292860001
580.000000 -0.812495232 0.035247650 -1.246359229 0.038312256 0.953832865 -0.022302717 0.297048241
581.000000 -0.804535151 0.031033583 -1.255763888 0.036245506 0.952684999 -0.020443276 0.301097393
582.000000 -0.800395012 0.036933526 -1.253519773 0.035388704 0.951624095 -0.019372540 0.304604590
583.000000 -0.803966045 0.043756880 -1.251334429 0.035970349 0.950274050 -0.016419318 0.308894306
584.000000 -0.802177310 0.046593755 -1.251820683 0.034736451 0.949294806 -0.014266881 0.312136441
585.000000 -0.801712573 0.044809356 -1.254406333 0.033932794 0.948014081 -0.011116493 0.316218615
586.000000 -0.804814339 0.047000159 -1.257125258 0.033439219 0.946523368 -0.009032173 0.320770502
587.000000 -0.788865685 0.040828064 -1.270380497 0.031251702 0.945622146 -0.008086117 0.323661447
588.000000 -0.792346299 0.042173725 -1.271997452 0.030348837 0.944163322 -0.005981879 0.328022510
589.000000 -0.796636105 0.047588669 -1.256160259 0.032073900 0.943031788 -0.001706209 0.331148654
590.000000 -0.797183156 0.052947350 -1.255276084 0.032490429 0.941780746 -0.000144354 0.334654152
591.000000 -0.799770296 0.053725190 -1.259001493 0.031893857 0.940265357 0.002758877 0.338933945
592.000000 -0.800105333 0.058208995 -1.259409666 0.031843524 0.939171731 0.004429708 0.341939777
593.000000 -0.801559508 0.057146858 -1.261922359 0.031739630 0.937931359 0.006374118 0.345306635
594.000000 -0.799099028 0.054218590 -1.260718465 0.031388562 0.936953723 0.009422249 0.347913384
595.000000 -0.801405907 0.053887609 -1.260930419 0.031237341 0.935786605 0.011894022 0.350978911
596.000000 -0.804387867 0.054054342 -1.261936307 0.031972997 0.934583426 0.013890323 0.354031831
597.000000 -0.803125381 0.053757180 -1.260171056 0.031899713 0.933620751 0.015435332 0.356505871
598.000000 -0.806661606 0.055568594 -1.262243509 0.031668279 0.932195365 0.016502891 0.360189557
599.000000 -0.804126978 0.065199710 -1.265905142 0.032469839 0.930757463 0.016847398 0.363802731
600.000000 -0.804413915 0.065542236 -1.266727209 0.032653075 0.929415464 0.018747266 0.367109209
601.000000 -0.800046921 0.075462110 -1.268587828 0.032577023 0.928136230 0.019229494 0.370313555
602.000000 -0.800068080 0.078949340 -1.269694090 0.032910589 0.926676333 0.021586500 0.373793930
603.000000 -0.801048756 0.073633127 -1.267057061 0.032905769 0.925449073 0.024891581 0.376618624
604.000000 -0.801584899 0.075094648 -1.269569635 0.032611113 0.923725307 0.026100673 0.380771399
605.000000 -0.800243497 0.077988140 -1.269719958 0.032908622 0.922259092 0.026739113 0.384239733
606.000000 -0.800074100 0.078484833 -1.270549655 0.032774162 0.920833468 0.027522611 0.387600422
607.000000 -0.796269536 0.086419441 -1.268201113 0.032202605 0.919746637 0.026637286 0.390281320
608.000000 -0.797477126 0.089655377 -1.267338037 0.031693477 0.918590307 0.027280036 0.392992616
609.000000 -0.797709465 0.091291107 -1.268825531 0.031384621 0.917133152 0.028649118 0.396309227
610.000000 -0.795555472 0.092386588 -1.269932389 0.031235714 0.915636718 0.030032020 0.399664611
611.000000 -0.794788003 0.094855420 -1.270253420 0.031541489 0.914059520 0.031158254 0.403149486
612.000000 -0.792965770 0.094003424 -1.279464006 0.032317489 0.911937118 0.032508820 0.407761514
613.000000 -0.792284369 0.095270559 -1.274273157 0.033531461 0.910657048 0.031480387 0.410595119
614.000000 -0.793289542 0.099551275 -1.272768736 0.035440758 0.908447444 0.031748600 0.415282100
615.000000 -0.793446660 0.099365488 -1.273890018 0.036626663 0.906037450 0.034511074 0.420194715
616.000000 -0.791369796 0.110333510 -1.278185129 0.037053626 0.903847277 0.034862719 0.424819648
617.000000 -0.791603088 0.107233085 -1.278935194 0.036811106 0.902062833 0.037599511 0.428385228
618.000000 -0.787450075 0.107735947 -1.274257779 0.035404593 0.900538564 0.039917558 0.431489766
619.000000 -0.787797570 0.099691063 -1.275676608 0.033550691 0.898341596 0.042954437 0.435903221
620.000000 -0.785740852 0.100646526 -1.279194117 0.033383913 0.896057904 0.043448333 0.440542847
621.000000 -0.784961104 0.101731248 -1.280915618 0.032901704 0.894091904 0.043273535 0.444572240
622.000000 -0.781815529 0.100363307 -1.278900862 0.031902816 0.892739117 0.043810602 0.447302788
623.000000 -0.780192435 0.105363972 -1.280966163 0.031506293 0.890917003 0.043697745 0.450959861
624.000000 -0.775707722 0.105622970 -1.283402920 0.030528676 0.889275849 0.044476219 0.454178661
625.000000 -0.770363331 0.105969079 -1.282660961 0.030169426 0.887679696 0.044368070 0.457324862
626.000000 -0.762931943 0.104337417 -1.277866006 0.030129096 0.886167288 0.045041077 0.460185945
627.000000 -0.757313788 0.103499964 -1.277492762 0.029801870 0.884479940 0.045900363 0.463357568
628.000000 -0.752616942 0.101275347 -1.280382991 0.029754516 0.882588625 0.046117049 0.466931671
629.000000 -0.748978257 0.098997980 -1.279210448 0.029855045 0.881146133 0.045206465 0.469730347
630.000000 -0.742604673 0.103061035 -1.279702663 0.029960582 0.879582882 0.044244390 0.472735375
631.000000 -0.737767339 0.101496063 -1.278984904 0.028855955 0.877974808 0.044235438 0.475784332
632.000000 -0.733693779 0.098696880 -1.280465961 0.028545747 0.875971556 0.044030782 0.479500055
633.000000 -0.725872576 0.098706260 -1.277111411 0.028819097 0.874352217 0.042962693 0.482526541
634.000000 -0.719970822 0.098867878 -1.273172617 0.029336868 0.872680306 0.041936770 0.485602438
635.000000 -0.713220894 0.097527161 -1.275655508 0.029781325 0.870486140 0.041583661 0.489528149
636.000000 -0.706329346 0.099543035 -1.272677779 0.029606378 0.868822217 0.039801799 0.492632955
637.000000 -0.699387014 0.107072309 -1.274645448 0.030329084 0.866806686 0.037778474 0.496285349
638.000000 -0.692339897 0.102282546 -1.271723747 0.029640345 0.865283608 0.038249426 0.498941630
639.000000 -0.684440911 0.096428290 -1.268320799 0.029038008 0.863843024 0.038524952 0.501445889
640.000000 -0.674913883 0.099517271 -1.266932726 0.029498398 0.862341464 0.037123453 0.504102290
641.000000 -0.669430733 0.103128962 -1.269388556 0.029831335 0.860424578 0.035842720 0.507439673
642.000000 -0.659503937 0.099410929 -1.267432690 0.029159570 0.859309435 0.035861544 0.509363234
643.000000 -0.652677298 0.098548017 -1.266633987 0.029423639 0.857917786 0.035492271 0.511714458
644.000000 -0.643687010 0.102210306 -1.261457443 0.029746048 0.857193351 0.034654111 0.512965739
645.000000 -0.635064542 0.102106042 -1.261111617 0.029693766 0.855952919 0.035293475 0.514992535
646.000000 -0.626745820 0.104219608 -1.259818912 0.029604618 0.854861259 0.034371398 0.516869724
647.000000 -0.618638933 0.106871665 -1.256904483 0.030112501 0.853897572 0.033563495 0.518483996
648.000000 -0.610436797 0.103714392 -1.254617929 0.029243488 0.852871954 0.034201566 0.520177424
649.000000 -0.604809821 0.104849093 -1.253903508 0.028673826 0.851944923 0.033833526 0.521749794
650.000000 -0.596116960 0.100579880 -1.248162746 0.027460484 0.851745903 0.034060478 0.522125125
651.000000 -0.586402178 0.102840841 -1.252510548 0.027135361 0.850419223 0.033610102 0.524329126
652.000000 -0.579775155 0.101888284 -1.252238154 0.026543232 0.849700391 0.033666451 0.525519967
653.000000 -0.560882032 0.097281165 -1.242827058 0.025582857 0.850309014 0.034252096 0.524544418
654.000000 -0.555291057 0.102069363 -1.246827245 0.026206581 0.849490702 0.033808563 0.525866568
655.000000 -0.544530511 0.101718299 -1.242532015 0.025797572 0.849796951 0.033842728 0.525389731
656.000000 -0.537758827 0.103603378 -1.240479350 0.025987994 0.849795163 0.033565812 0.525400877
657.000000 -0.528583050 0.098361224 -1.233991981 0.025623484 0.849814415 0.034653343 0.525316954
658.000000 -0.519334614 0.098958969 -1.233797550 0.025975809 0.849279046 0.034877643 0.526150048
659.000000 -0.510296643 0.097449668 -1.229493141 0.026134301 0.849105775 0.035425730 0.526385128
660.000000 -0.499490768 0.100695685 -1.224350214 0.026529305 0.849373937 0.035322070 0.525939643
661.000000 -0.493266344 0.097835377 -1.223027587 0.025620107 0.849074125 0.036374453 0.526396751
662.000000 -0.485282779 0.101135708 -1.221864223 0.025301678 0.849101722 0.036076535 0.526388288
663.000000 -0.479233235 0.108267404 -1.222009420 0.025081709 0.849294364 0.036090732 0.526086926
664.000000 -0.470647693 0.110357158 -1.218519807 0.023676202 0.850060105 0.037426863 0.524820328
665.000000 -0.463795215 0.110681064 -1.214823246 0.021900766 0.850387037 0.039324299 0.524228752
666.000000 -0.455330849 0.113072395 -1.214773297 0.020736638 0.850218952 0.040956452 0.524423838
667.000000 -0.448125184 0.111594349 -1.209768414 0.018520391 0.850367188 0.042441323 0.524148226
668.000000 -0.441419870 0.117148921 -1.213445783 0.016858643 0.849844098 0.043164574 0.524992883
669.000000 -0.434856415 0.120054744 -1.218200803 0.014166663 0.849124908 0.044501029 0.526123285
670.000000 -0.427185237 0.120037667 -1.217042685 0.011621239 0.849584758 0.045390688 0.525366843
671.000000 -0.419953823 0.124097995 -1.219045877 0.010207228 0.849423409 0.045868304 0.525615513
672.000000 -0.412098229 0.126743659 -1.218871355 0.008064360 0.849411964 0.047648232 0.525512934
673.000000 -0.403656006 0.124382138 -1.220375061 0.006876588 0.849089980 0.050177008 0.525814772
674.000000 -0.396045566 0.122905008 -1.224995971 0.006645572 0.848445177 0.051450282 0.526734769
675.000000 -0.385764062 0.122981399 -1.219893932 0.006318232 0.848699093 0.052658129 0.526210070
676.000000 -0.380470902 0.132771567 -1.233609080 0.006408536 0.847114742 0.052433047 0.528778136
677.000000 -0.371102333 0.130852029 -1.232283473 0.005778554 0.846794188 0.054057546 0.529135168
678.000000 -0.364587367 0.134861588 -1.238055348 0.005925276 0.845309615 0.054813541 0.531424582
679.000000 -0.354387045 0.130662248 -1.237592697 0.006217488 0.844457388 0.056752991 0.532571375
680.000000 -0.344259739 0.129899681 -1.241759777 0.008034826 0.842917085 0.057603955 0.534890711
681.000000 -0.336072564 0.134666279 -1.247770905 0.009804839 0.840847075 0.057266619 0.538145542
682.000000 -0.326061338 0.134210125 -1.251484394 0.010871565 0.839265585 0.058208372 0.540487707
683.000000 -0.318873763 0.136153013 -1.259304643 0.012599587 0.837751746 0.058343023 0.542779386
684.000000 -0.313033253 0.142484307 -1.264946580 0.013710556 0.836771071 0.058327451 0.544264734
685.000000 -0.302848697 0.146047056 -1.265544891 0.012581377 0.837256014 0.059303191 0.543440104
686.000000 -0.293029189 0.145961627 -1.273482680 0.011312769 0.837104499 0.061395396 0.543469131
687.000000 -0.282720745 0.147983968 -1.279653788 0.010621791 0.837530255 0.062902227 0.542654157
688.000000 -0.272773296 0.149005607 -1.283685207 0.009418863 0.838197708 0.064702071 0.541432858
689.000000 -0.263157398 0.142575532 -1.288744807 0.007882141 0.838736594 0.067635447 0.540263057
690.000000 -0.254220665 0.146613017 -1.301702261 0.007633581 0.838242173 0.066621974 0.541159332
691.000000 -0.242886931 0.147662461 -1.309539080 0.007622703 0.838759005 0.065361150 0.540511906
692.000000 -0.235037714 0.151208311 -1.316785097 0.007167873 0.838930547 0.064241253 0.540386140
693.000000 -0.222849637 0.148943305 -1.320077896 0.005326864 0.840055525 0.064894475 0.538578689
694.000000 -0.214043409 0.151550189 -1.328413010 0.004520422 0.840052426 0.065267645 0.538545907
695.000000 -0.204967707 0.153384298 -1.330763221 0.003320949 0.840525627 0.065902323 0.537738383
696.000000 -0.187272847 0.151282758 -1.350298882 0.002198467 0.840056062 0.067597389 0.538267314
697.000000 -0.177855849 0.155811489 -1.350656748 0.002789260 0.841624498 0.067096412 0.535871685
698.000000 -0.164376378 0.154906183 -1.362736464 0.001407710 0.842408240 0.070896454 0.534153521
699.000000 -0.157163650 0.157975063 -1.367918491 0.000838369 0.842913628 0.071294025 0.533303976
700.000000 -0.150952548 0.163634062 -1.374890208 0.000842727 0.842878103 0.072460450 0.533202887
701.000000 -0.142777890 0.166584209 -1.376307011 -0.000388054 0.843386114 0.074385636 0.532133877
702.000000 -0.135691911 0.165809035 -1.383461833 -0.000976423 0.843048692 0.077898227 0.532165229
703.000000 -0.129034072 0.165647775 -1.387958527 -0.000955224 0.843340516 0.080360770 0.531336069
704.000000 -0.122720182 0.166460738 -1.390436769 -0.000953354 0.844097972 0.082578227 0.529791057
705.000000 -0.116516829 0.169700995 -1.397994518 -0.001884282 0.844277859 0.084808603 0.529149234
706.000000 -0.109660476 0.167354926 -1.400411367 -0.003517090 0.844863772 0.086611792 0.527912140
707.000000 -0.101576984 0.166691259 -1.405488610 -0.003845633 0.845186770 0.087068282 0.527317464
708.000000 -0.096017033 0.172903612 -1.411184549 -0.003151636 0.845302284 0.086504027 0.527229667
709.000000 -0.089902908 0.173127562 -1.415011764 -0.003550412 0.845685184 0.088309824 0.526313007
710.000000 -0.078579783 0.171908647 -1.417164087 -0.004306628 0.846638739 0.089629382 0.524548292
711.000000 -0.072187722 0.174092636 -1.419451833 -0.003728392 0.847596347 0.090032578 0.522934675
712.000000 -0.065237701 0.176431417 -1.418789744 -0.004807443 0.849074602 0.090589978 0.520425498
713.000000 -0.056609869 0.174592793 -1.419412732 -0.007136805 0.850395918 0.092053398 0.517978847
714.000000 -0.047357023 0.172222435 -1.421072245 -0.008598158 0.851788402 0.092590906 0.515567183
715.000000 -0.042612433 0.166469008 -1.424028397 -0.008661133 0.853053033 0.093192816 0.513362110
716.000000 -0.034194887 0.168324620 -1.425360203 -0.008609666 0.855055869 0.091971911 0.510241747
717.000000 -0.025444865 0.176112026 -1.428866506 -0.007905631 0.856866360 0.090316929 0.507504225
718.000000 -0.018037975 0.172320843 -1.422727823 -0.008418576 0.859152317 0.091189414 0.503459036
719.000000 -0.002738416 0.177054703 -1.420625567 -0.008610334 0.861229658 0.091859542 0.499771088
720.000000 0.006986260 0.172990575 -1.421455979 -0.009172952 0.862908959 0.093935616 0.496467590
721.000000 0.017999351 0.174870417 -1.417815208 -0.008388177 0.865306795 0.093271896 0.492416561
722.000000 0.027162015 0.174352407 -1.417575359 -0.007345027 0.866970718 0.094044529 0.489350051
723.000000 0.034618497 0.172314912 -1.414768696 -0.007090966 0.868684769 0.094571054 0.486202449
724.000000 0.046437562 0.168357909 -1.407507420 -0.007706487 0.870973766 0.095453098 0.481906623
725.000000 0.054606557 0.171373948 -1.408091545 -0.007992057 0.872222066 0.095933087 0.479543120
726.000000 0.069118202 0.162081048 -1.395759702 -0.009683704 0.875055134 0.098473266 0.473801374
727.000000 0.077554047 0.159113139 -1.395892024 -0.008708279 0.876295805 0.099441662 0.471318543
728.000000 0.092974126 0.165178776 -1.391512632 -0.007727733 0.879051328 0.098060109 0.466468930
729.000000 0.100876987 0.162866622 -1.389439464 -0.006501546 0.880436957 0.101102322 0.463213652
730.000000 0.112337351 0.166738853 -1.385581493 -0.005483142 0.882633150 0.101984978 0.458832949
731.000000 0.120880067 0.159748048 -1.379055738 -0.005353366 0.884941280 0.104612194 0.453769326
732.000000 0.131845713 0.159451813 -1.372627616 -0.004851414 0.887598872 0.105329663 0.448386401
733.000000 0.142905235 0.162601054 -1.368909955 -0.004130992 0.890052199 0.105259567 0.443520457
734.000000 0.148019075 0.163092211 -1.372317314 -0.003138851 0.891221642 0.106192671 0.440950334
735.000000 0.158122957 0.160389259 -1.365929127 -0.003381884 0.893479586 0.107381538 0.436064184
736.000000 0.169387400 0.160586536 -1.361796141 -0.004092501 0.895605147 0.108549051 0.431383520
737.000000 0.182584465 0.163086623 -1.353819966 -0.003145924 0.898235321 0.108969696 0.425780505
738.000000 0.190491378 0.163871408 -1.349756122 -0.002944370 0.900374591 0.109412432 0.421124518
739.000000 0.197111368 0.166057840 -1.345654249 -0.003038996 0.902094603 0.110877000 0.417039961
740.000000 0.199655533 0.166301131 -1.343642950 -0.004321477 0.903325021 0.113418370 0.413668364
741.000000 0.209927440 0.164917201 -1.337097168 -0.006293764 0.905429184 0.115198150 0.408519030
742.000000 0.215852976 0.161411673 -1.333636999 -0.008604950 0.906871200 0.116901882 0.404777080
743.000000 0.222630501 0.164977252 -1.330618858 -0.009716442 0.908429861 0.116887227 0.401245683
744.000000 0.229533255 0.163850605 -1.329511166 -0.011616492 0.909369767 0.117447503 0.398895681
745.000000 0.233744681 0.159597248 -1.329700232 -0.011798329 0.909882307 0.117399372 0.397734076
746.000000 0.243892729 0.164244726 -1.325963855 -0.011311148 0.910845459 0.115614437 0.396063060
747.000000 0.256818116 0.160763621 -1.316855788 -0.014957759 0.912345648 0.118295223 0.391673237
748.000000 0.264121592 0.156879485 -1.311581135 -0.016242109 0.913394928 0.118777245 0.389021724
749.000000 0.267920554 0.159853131 -1.312566280 -0.016266504 0.913858473 0.117820963 0.388222039
750.000000 0.272119164 0.156761914 -1.309649110 -0.016306469 0.914699316 0.117766917 0.386251450
751.000000 0.278008282 0.153240651 -1.308246851 -0.015849983 0.915539503 0.117375359 0.384394675
752.000000 0.283538282 0.154517278 -1.305900097 -0.014197156 0.916852832 0.116353117 0.381629735
753.000000 0.290577412 0.155704588 -1.302659631 -0.013274250 0.918477416 0.115736075 0.377926230
754.000000 0.293957293 0.155205145 -1.302092075 -0.011929134 0.919773638 0.115643166 0.374834359
755.000000 0.301600158 0.160065219 -1.295645952 -0.011205125 0.922012866 0.114685401 0.369613230
756.000000 0.307895869 0.158627346 -1.292109966 -0.011713226 0.923441172 0.117738083 0.365043730
757.000000 0.313023090 0.159591645 -1.294811726 -0.013601935 0.924821377 0.120611608 0.360517919
758.000000 0.320049554 0.160678253 -1.292647719 -0.014543083 0.926776886 0.122854233 0.354654700
759.000000 0.326796949 0.158991724 -1.289885521 -0.014494872 0.928434789 0.125610754 0.349314541
760.000000 0.332468003 0.159865409 -1.288600087 -0.013666013 0.929848552 0.128311023 0.344573915
761.000000 0.338446498 0.159680992 -1.285532832 -0.012443517 0.931479633 0.131367087 0.339018404
762.000000 0.347289026 0.156441525 -1.281986952 -0.011693393 0.933329046 0.134615988 0.332623869
763.000000 0.352120608 0.159831494 -1.284154177 -0.008908582 0.934590638 0.137221441 0.328072101
764.000000 0.361925602 0.158669621 -1.278059244 -0.008754610 0.936588466 0.140455782 0.320932359
765.000000 0.369312793 0.157093927 -1.277787805 -0.008460881 0.938142419 0.143398881 0.315046042
766.000000 0.373744786 0.155880004 -1.282898664 -0.006761616 0.939044356 0.146007866 0.311177850
767.000000 0.383749664 0.159250826 -1.277570248 -0.005040584 0.941000521 0.146679968 0.304922134
768.000000 0.390570313 0.159159884 -1.277787447 -0.004040467 0.942166865 0.148187041 0.300575823
769.000000 0.396186113 0.158828229 -1.279277205 -0.002121500 0.943028867 0.148879930 0.297534496
770.000000 0.401765406 0.159880251 -1.278519154 0.001238706 0.943665147 0.149302140 0.295302182
771.000000 0.405974865 0.157683417 -1.278463125 0.003501535 0.943740070 0.152078480 0.293623239
772.000000 0.412009537 0.157126695 -1.280236840 0.005641818 0.943522573 0.153665438 0.293462545
773.000000 0.422776908 0.153150380 -1.275290251 0.006265439 0.944022298 0.154555798 0.291367769
774.000000 0.424843669 0.153973252 -1.278927565 0.006828172 0.943593383 0.154572442 0.292732477
775.000000 0.431955755 0.151746228 -1.278452039 0.005898495 0.943607032 0.153805926 0.293112040
776.000000 0.434952527 0.155156016 -1.279581070 0.004522000 0.943416178 0.152050406 0.294662744
777.000000 0.439612776 0.156282455 -1.285294414 0.002207735 0.943014920 0.150844023 0.296587497
778.000000 0.446388453 0.149112731 -1.284911752 0.000209324 0.943043590 0.148991749 0.297439396
779.000000 0.448578179 0.150990874 -1.286574244 -0.000744934 0.942887127 0.143919408 0.300417185
780.000000 0.451942116 0.150038317 -1.288453221 -0.002496218 0.942505658 0.139678031 0.303590119
781.000000 0.453313380 0.151952356 -1.291132569 -0.004361398 0.942032874 0.134704068 0.307261944
782.000000 0.455955774 0.146931618 -1.291151047 -0.005910894 0.941855192 0.131771192 0.309047222
783.000000 0.459651262 0.148361161 -1.289369822 -0.006585253 0.942075312 0.128130689 0.309892267
784.000000 0.461631775 0.144357592 -1.291396856 -0.006463205 0.941405177 0.128423020 0.311804533
785.000000 0.463504076 0.145572156 -1.292638063 -0.006756661 0.941116095 0.126975924 0.313260257
786.000000 0.466144562 0.146916300 -1.293855906 -0.005766405 0.940932870 0.124311581 0.314894766
787.000000 0.466430098 0.147585109 -1.297445297 -0.004681207 0.940551281 0.122079618 0.316919357
788.000000 0.473086208 0.138790190 -1.296756983 -0.005339627 0.940646112 0.121294707 0.316928953
789.000000 0.475117534 0.137750417 -1.298808336 -0.004358117 0.940864801 0.116996720 0.317909002
790.000000 0.482077330 0.133069932 -1.294487119 -0.003182146 0.941762567 0.113252096 0.316618174
791.000000 0.483221292 0.133412093 -1.295900226 -0.001485779 0.941707432 0.110110208 0.317900419
792.000000 0.485818624 0.133959681 -1.295042992 -0.000343529 0.941778064 0.106376521 0.318963945
793.000000 0.487170160 0.126706302 -1.297382832 0.000834744 0.941120684 0.104252078 0.321593881
794.000000 0.489929110 0.129029751 -1.296056986 0.002143090 0.941230416 0.098850451 0.322969407
795.000000 0.493317306 0.123997420 -1.293299437 0.002278265 0.941226244 0.094846860 0.324179053
796.000000 0.492823869 0.121326365 -1.295851707 0.003277363 0.940559149 0.088623121 0.327847034
797.000000 0.495619923 0.122898139 -1.294575572 0.003713031 0.940499783 0.080481730 0.330104589
798.000000 0.490615487 0.120698169 -1.301004648 0.003622340 0.939166963 0.075895913 0.334950864
799.000000 0.502364993 0.118266381 -1.293387055 0.003382475 0.939611375 0.072018109 0.334563017
800.000000 0.502274156 0.117640913 -1.293424368 0.003262914 0.938537061 0.069716126 0.338049054
801.000000 0.499745935 0.121379800 -1.296800137 0.004617399 0.936867297 0.066873021 0.343200028
802.000000 0.507075906 0.120146468 -1.291635394 0.005000396 0.936223745 0.064788267 0.345344156
803.000000 0.508144498 0.118517637 -1.290861011 0.005390503 0.934757769 0.063490659 0.349525094
804.000000 0.516806483 0.112560652 -1.283100605 0.005185383 0.934385896 0.062134385 0.350764006
805.000000 0.505894423 0.120847635 -1.292860270 0.007130109 0.931366622 0.059174281 0.359170943
806.000000 0.516909480 0.118212059 -1.286814809 0.006930431 0.930888414 0.058788855 0.360475451
807.000000 0.517624736 0.115805455 -1.285893679 0.005448738 0.929442704 0.058224387 0.364302695
808.000000 0.513417780 0.116959579 -1.289007664 0.005527086 0.927437901 0.057026792 0.369562298
809.000000 0.517665505 0.115364179 -1.283689380 0.004466461 0.926404178 0.055843055 0.372339725
810.000000 0.524496853 0.115935735 -1.278536439 0.004334745 0.925285697 0.055305969 0.375191718
811.000000 0.532734632 0.108357400 -1.274325013 0.002870883 0.923737705 0.057472996 0.378678232
812.000000 0.536609292 0.110453546 -1.271195650 0.002302588 0.922086835 0.057336789 0.382704973
813.000000 0.538654566 0.110866070 -1.268848419 0.001907519 0.920206070 0.058366951 0.387053639
814.000000 0.539029479 0.109245464 -1.266928554 0.000438410 0.918085396 0.060633611 0.391717464
815.000000 0.540316164 0.108475350 -1.266343117 -0.000279033 0.915903091 0.062637709 0.396482080
816.000000 0.546100020 0.108721592 -1.260950327 -0.000894245 0.914416432 0.064324133 0.399630070
817.000000 0.547863007 0.110372670 -1.258752823 -0.001644628 0.912436366 0.065992147 0.403859138
818.000000 0.547051311 0.106930457 -1.261808634 -0.002317633 0.909634531 0.068954155 0.409640074
819.000000 0.548058510 0.105527192 -1.254197121 -0.004169132 0.908139706 0.070933893 0.412593365
820.000000 0.549957514 0.112289347 -1.249153614 -0.004165873 0.906552374 0.071482025 0.415975690
821.000000 0.549669981 0.113222986 -1.249412775 -0.004260995 0.904309392 0.073740415 0.420438707
822.000000 0.553036690 0.113014251 -1.242953658 -0.005011694 0.902767301 0.076883651 0.423172623
823.000000 0.554554582 0.114614375 -1.238530755 -0.006171742 0.901166260 0.079196565 0.426132798
824.000000 0.552964091 0.110694423 -1.238692641 -0.007986473 0.898930907 0.083414517 0.430001736
825.000000 0.552604556 0.113527417 -1.236596465 -0.009182766 0.897102773 0.085544437 0.433364153
826.000000 0.549995780 0.115475662 -1.234730959 -0.011294946 0.895345569 0.087322354 0.436581731
827.000000 0.547001719 0.120679140 -1.232762575 -0.012261022 0.893777072 0.089175694 0.439385861
828.000000 0.549834847 0.114749178 -1.228457451 -0.014741100 0.892596722 0.093138233 0.440884382
829.000000 0.549789965 0.114037618 -1.222907543 -0.016557978 0.891675174 0.094713330 0.442346692
830.000000 0.540595293 0.117146485 -1.224176168 -0.018502733 0.888058662 0.096091740 0.449194729
831.000000 0.539709926 0.120497659 -1.221011877 -0.019377751 0.887029707 0.095493034 0.451313585
832.000000 0.545485497 0.113223687 -1.212547302 -0.020747904 0.886247993 0.097938180 0.452263325
833.000000 0.539645672 0.114275590 -1.212543249 -0.022281080 0.883878767 0.098284662 0.456729740
834.000000 0.531395257 0.114884563 -1.214462280 -0.022461126 0.880920768 0.098200135 0.462418526
835.000000 0.533347011 0.113261551 -1.208832741 -0.023304775 0.879325747 0.098910563 0.465252489
836.000000 0.526965618 0.118031658 -1.210472941 -0.024531666 0.876599967 0.098308764 0.470431805
837.000000 0.527296066 0.117246717 -1.203127623 -0.026824692 0.875592351 0.098969705 0.472041726
838.000000 0.525594354 0.118759915 -1.199966788 -0.029207837 0.874260366 0.098607726 0.474438816
839.000000 0.516701937 0.118749462 -1.203432798 -0.030956985 0.871729970 0.099624567 0.478751987
840.000000 0.515437722 0.120113954 -1.194668055 -0.033599388 0.870837688 0.101162441 0.479873925
841.000000 0.508308053 0.121245608 -1.195852757 -0.036795992 0.868212044 0.103325538 0.483919144
842.000000 0.506851494 0.120765194 -1.192839146 -0.039625749 0.866307676 0.105043001 0.486730635
843.000000 0.502184391 0.125464797 -1.191085577 -0.040554691 0.863827169 0.105514981 0.490942538
844.000000 0.500985622 0.126072556 -1.190090179 -0.042515852 0.861354291 0.106972843 0.494790852
845.000000 0.500184059 0.126420379 -1.185408473 -0.043890692 0.859186471 0.108169809 0.498168141
846.000000 0.493056417 0.125759706 -1.186556458 -0.044530995 0.855794072 0.109096937 0.503717661
847.000000 0.491579443 0.125045240 -1.184909463 -0.044658732 0.853065908 0.109062053 0.508320510
848.000000 0.488092005 0.125923783 -1.183815002 -0.044315077 0.849838436 0.108264938 0.513896406
849.000000 0.479735345 0.122895695 -1.178284526 -0.044658504 0.846362531 0.107960053 0.519635081
850.000000 0.481468052 0.129725993 -1.175957441 -0.043757763 0.843085110 0.105157092 0.525580347
851.000000 0.475090265 0.133977458 -1.179114699 -0.043411367 0.838422120 0.103190146 0.533399940
852.000000 0.474534363 0.132793039 -1.175851822 -0.045796741 0.835134029 0.102112934 0.538541198
853.000000 0.467500865 0.127781987 -1.175327539 -0.046947405 0.830808163 0.102813505 0.544961393
854.000000 0.465322435 0.132374495 -1.171139956 -0.047955129 0.827480912 0.101930134 0.550078034
855.000000 0.458453059 0.133442461 -1.166203022 -0.050495237 0.823831975 0.103375435 0.555035591
856.000000 0.460732996 0.134245157 -1.162155867 -0.051971298 0.821015894 0.105034009 0.558748424
857.000000 0.457302451 0.129936755 -1.160512209 -0.053714998 0.817761898 0.106661022 0.563030779
858.000000 0.453645229 0.137311652 -1.157377243 -0.052880730 0.814625621 0.106357515 0.567694306
859.000000 0.451261640 0.136223853 -1.149167061 -0.053917486 0.812243700 0.107081227 0.570864856
860.000000 0.448131800 0.139450356 -1.143919826 -0.053795245 0.809955359 0.105993330 0.574320316
861.000000 0.437021554 0.124078549 -1.136996269 -0.056705162 0.807399154 0.108722925 0.577122509
862.000000 0.433507353 0.125748649 -1.134891748 -0.055757798 0.805140615 0.108325683 0.580435336
863.000000 0.424509406 0.126222357 -1.132326245 -0.055141341 0.802597225 0.107129775 0.584226251
864.000000 0.420274436 0.133932397 -1.124688268 -0.052686699 0.801278353 0.104530580 0.586728573
865.000000 0.414788574 0.134326860 -1.112870693 -0.052741494 0.799621284 0.104278296 0.589024782
866.000000 0.407162458 0.131858632 -1.109907746 -0.053279269 0.797034800 0.104450047 0.592441618
867.000000 0.400495589 0.133646220 -1.105973482 -0.052016731 0.795055807 0.102590933 0.595529735
868.000000 0.396957159 0.130199388 -1.094882369 -0.051793870 0.794434249 0.101212218 0.596613526
869.000000 0.386715412 0.126401082 -1.090208888 -0.050414685 0.792293191 0.099566795 0.599846900
870.000000 0.385785580 0.111958668 -1.078502178 -0.050759420 0.791797996 0.100536443 0.600309789
871.000000 0.378764808 0.110501319 -1.063481450 -0.051021054 0.791108251 0.100868277 0.601140797
872.000000 0.370080352 0.113045096 -1.061351538 -0.049995560 0.789027929 0.101122394 0.603911936
873.000000 0.360224009 0.101013720 -1.051773548 -0.051386870 0.788723528 0.101044051 0.604205787
874.000000 0.349304855 0.103705183 -1.048146367 -0.047781084 0.787670732 0.098197237 0.606340766
875.000000 0.341147423 0.095719784 -1.038386106 -0.047312208 0.787614763 0.097033568 0.606637478
876.000000 0.330180973 0.098768264 -1.035140038 -0.044828624 0.786628783 0.094040617 0.608573735
877.000000 0.318863153 0.100839205 -1.029100418 -0.043566860 0.785654604 0.091244452 0.610346913
878.000000 0.310590357 0.096731298 -1.021700263 -0.044648975 0.784710348 0.089744046 0.611704350
879.000000 0.302428544 0.102853000 -1.012184143 -0.042197526 0.783850133 0.085571408 0.613576353
880.000000 0.289984822 0.104516864 -1.013097405 -0.040301360 0.781398535 0.081631519 0.617356062
881.000000 0.281541228 0.097894073 -1.003780007 -0.040314857 0.780007184 0.081378177 0.619145513
882.000000 0.268414378 0.099348985 -1.000479341 -0.040489648 0.777551472 0.079756372 0.622425318
883.000000 0.262657017 0.101088054 -0.995234251 -0.040344037 0.775641084 0.077700384 0.625072777
884.000000 0.254328847 0.095191263 -0.982283711 -0.041023325 0.774587572 0.077248551 0.626389563
885.000000 0.245879203 0.099804744 -0.975006044 -0.040479016 0.772663414 0.075440891 0.629016280
886.000000 0.238809422 0.096726321 -0.964628935 -0.040752340 0.771000624 0.075590603 0.631017804
887.000000 0.223341227 0.093687832 -0.973561049 -0.041443150 0.765864909 0.075832121 0.637167871
888.000000 0.219700947 0.090256594 -0.958542824 -0.041699804 0.763953447 0.076849781 0.639320254
889.000000 0.216786683 0.079714835 -0.948390961 -0.042632837 0.760850251 0.078671917 0.642728627
890.000000 0.208711311 0.077198006 -0.944049835 -0.041638158 0.756344557 0.078531481 0.648106515
891.000000 0.201069415 0.074839100 -0.940491855 -0.040361218 0.751464725 0.078434736 0.653849959
892.000000 0.191205993 0.077550605 -0.940177798 -0.037933450 0.746059239 0.077092975 0.660313010
893.000000 0.182605386 0.075977221 -0.936866999 -0.036027998 0.740984619 0.076363467 0.666192412
894.000000 0.179537714 0.075309336 -0.922816157 -0.034158912 0.737957835 0.075548016 0.669734240
895.000000 0.170171976 0.070445746 -0.925507605 -0.033828184 0.732604802 0.075624026 0.675593734
896.000000 0.162589967 0.071569294 -0.922544122 -0.033134002 0.728272319 0.074372642 0.680433869
897.000000 0.154496685 0.068345055 -0.916374087 -0.032508001 0.724087536 0.073934339 0.684962928
898.000000 0.147531345 0.069937646 -0.916642070 -0.030243242 0.718703985 0.072718218 0.690841496
899.000000 0.142021224 0.073616952 -0.909390330 -0.027741166 0.714221478 0.072210096 0.695631981
900.000000 0.137799174 0.071823634 -0.908114612 -0.027781555 0.709890246 0.072895952 0.699978709
901.000000 0.130242676 0.072654545 -0.909663856 -0.027476968 0.705030859 0.072320551 0.704944134
902.000000 0.120805807 0.073678352 -0.908324301 -0.027163923 0.700634778 0.072002992 0.709357858
903.000000 0.112256847 0.069647670 -0.911988378 -0.028453201 0.696287513 0.072438322 0.713531315
904.000000 0.105875105 0.071299545 -0.904873729 -0.027936589 0.693074942 0.070754081 0.716840625
905.000000 0.098830163 0.071829870 -0.910125077 -0.028099369 0.687994242 0.068897747 0.721891522
906.000000 0.087735347 0.073944651 -0.914167941 -0.027560556 0.683681726 0.067631222 0.726116896
907.000000 0.082370311 0.068328895 -0.917772532 -0.029089591 0.678908110 0.068029918 0.730485797
908.000000 0.069810808 0.072590090 -0.906215429 -0.028478861 0.677300692 0.067544997 0.732045352
909.000000 0.065407738 0.070643984 -0.912718713 -0.028893150 0.672852516 0.067073449 0.736162841
910.000000 0.057624549 0.074211776 -0.921230674 -0.028243305 0.668480098 0.065456077 0.740305483
911.000000 0.048125766 0.077890284 -0.915033758 -0.027394513 0.666528642 0.064614773 0.742168427
912.000000 0.041949581 0.079267301 -0.906269550 -0.026619833 0.664902031 0.063956663 0.743711114
913.000000 0.030656762 0.079128027 -0.902284741 -0.026192198 0.662755549 0.062983118 0.745722592
914.000000 0.019062281 0.086359531 -0.894962788 -0.024544410 0.661393583 0.060650732 0.747179747
915.000000 0.014182463 0.084200539 -0.902815998 -0.024487235 0.657164693 0.060778793 0.750893354
916.000000 0.007467635 0.087046802 -0.901113331 -0.023953253 0.654644191 0.060471620 0.753133714
917.000000 0.002427518 0.083694816 -0.904930174 -0.024898985 0.651306808 0.061315607 0.755923212
918.000000 -0.003787711 0.083665818 -0.900445461 -0.024616692 0.649638057 0.060964856 0.757395327
919.000000 -0.011973307 0.085907146 -0.899970710 -0.023480220 0.647549510 0.060199622 0.759278774
920.000000 -0.012286022 0.079273589 -0.907140076 -0.023401396 0.643899858 0.061041974 0.762311697
921.000000 -0.022975847 0.083915204 -0.895326853 -0.020864394 0.644269764 0.059429795 0.762200236
922.000000 -0.029603541 0.081757478 -0.893422306 -0.018919466 0.642884910 0.058547415 0.763487518
923.000000 -0.033437565 0.087873958 -0.894490659 -0.015716778 0.641226411 0.056223013 0.765127838
924.000000 -0.034238443 0.083282784 -0.904394329 -0.015268718 0.638114393 0.056289859 0.767729342
925.000000 -0.039549619 0.082946837 -0.897004247 -0.014742749 0.638059914 0.056058560 0.767801762
926.000000 -0.041749045 0.081546098 -0.903247416 -0.014345900 0.635265231 0.055154603 0.770188451
927.000000 -0.048288554 0.080645315 -0.893266320 -0.013159919 0.635455966 0.053728651 0.770153046
928.000000 -0.046740830 0.075190313 -0.904699802 -0.012457804 0.631655514 0.052810200 0.773348033
929.000000 -0.050269619 0.077568129 -0.902113795 -0.010841571 0.630783916 0.050371986 0.774245918
930.000000 -0.055225760 0.074555926 -0.891280591 -0.009433704 0.631809354 0.050005633 0.773451567
931.000000 -0.052235320 0.071339116 -0.903370857 -0.009497253 0.629173636 0.048445147 0.775695443
932.000000 -0.058421910 0.073648453 -0.893805981 -0.007375496 0.630697846 0.047095738 0.774563015
933.000000 -0.060689971 0.073032126 -0.889642477 -0.005588947 0.631212533 0.045582388 0.774249136
934.000000 -0.063112795 0.076815933 -0.886079967 -0.002736272 0.631907046 0.042653471 0.773864806
935.000000 -0.065136418 0.074028343 -0.889222622 -0.001200708 0.631573856 0.041926004 0.774180353
936.000000 -0.067497194 0.074117340 -0.885248721 0.000370370 0.632282794 0.041219737 0.773640275
937.000000 -0.063979521 0.072888061 -0.893850148 0.001108423 0.630681932 0.040352967 0.774990737
938.000000 -0.063993394 0.068255313 -0.893887997 0.000978247 0.630999565 0.040215265 0.774739563
939.000000 -0.064757556 0.070770569 -0.890026331 0.002057228 0.632246614 0.039070386 0.773778737
940.000000 -0.063804030 0.060815040 -0.894448102 0.001282199 0.632211626 0.039590467 0.773782551
941.000000 -0.067048684 0.070333675 -0.888305485 0.003848587 0.634248793 0.036406264 0.772261739
942.000000 -0.064669266 0.061408032 -0.897169173 0.003917176 0.633428335 0.036637679 0.772923589
943.000000 -0.063383326 0.061196700 -0.897613347 0.005063186 0.633846581 0.035240758 0.772638977
944.000000 -0.063060403 0.064396024 -0.893886149 0.006947323 0.635042012 0.032930877 0.771744132
945.000000 -0.064109117 0.062882110 -0.895082533 0.007949412 0.635354698 0.031954363 0.771518111
946.000000 -0.061804652 0.058446016 -0.900897384 0.008399384 0.635039091 0.031660069 0.771785200
947.000000 -0.059899554 0.058965452 -0.902095079 0.009729747 0.635686755 0.030425306 0.771285892
948.000000 -0.058689177 0.054347008 -0.898347557 0.010671217 0.637113214 0.030103587 0.770108163
949.000000 -0.060187370 0.058407947 -0.897541583 0.012177254 0.637878537 0.028160863 0.769525588
950.000000 -0.061741665 0.054484867 -0.895895183 0.012359300 0.638531864 0.028149525 0.768981040
951.000000 -0.060282290 0.052943379 -0.899798095 0.013267329 0.638235807 0.026812162 0.769259453
952.000000 -0.060998783 0.049359415 -0.898173332 0.013744979 0.639029264 0.026926642 0.768588006
953.000000 -0.059640422 0.051815208 -0.900340557 0.014770227 0.639032483 0.025834104 0.768603921
954.000000 -0.058739454 0.050247435 -0.898102283 0.015643692 0.639715314 0.025802286 0.768019438
955.000000 -0.056561857 0.049097881 -0.901091099 0.016566725 0.639629424 0.025709353 0.768074751
956.000000 -0.058698699 0.050404575 -0.894670248 0.017901581 0.641182184 0.025500193 0.766755879
957.000000 -0.059492737 0.047731940 -0.896673322 0.018370112 0.641523778 0.026145458 0.766437352
958.000000 -0.056943312 0.050911758 -0.899846613 0.019879427 0.641318321 0.025759248 0.766584694
959.000000 -0.054125592 0.044462092 -0.905877411 0.019377433 0.640693605 0.027251484 0.767068207
960.000000 -0.052321404 0.048612576 -0.907684088 0.020737099 0.640767097 0.026660794 0.766992033
961.000000 -0.052735969 0.048318900 -0.908313036 0.021874197 0.641172707 0.027359044 0.766596735
962.000000 -0.051936746 0.049446788 -0.906315088 0.023066660 0.642196715 0.027589187 0.765695870
963.000000 -0.050060779 0.051889632 -0.904486716 0.024455825 0.642983377 0.027317155 0.765001953
964.000000 -0.050926492 0.049948398 -0.902914524 0.025134172 0.644141793 0.027550220 0.763996482
965.000000 -0.048827738 0.050800323 -0.906349480 0.025927385 0.644365847 0.027063871 0.763798416
