0.000000 0.000000000 0.000000000 0.000000000 0.000000000 0.000000000 0.000000000 1.000000000
1.000000 -0.000866299 0.001361460 0.000203367 0.002036683 -0.000417796 0.000421190 0.999997735
2.000000 -0.001153530 0.000814988 -0.000369637 0.002503434 -0.000506928 0.000367642 0.999996662
3.000000 -0.001424129 0.001701429 -0.000946366 0.000629615 -0.000738329 0.000157284 0.999999523
4.000000 -0.000770071 0.001928052 -0.000610191 0.000439766 -0.000299973 -0.000127909 0.999999821
5.000000 -0.000898257 0.002208347 -0.000549528 0.000414255 0.000206220 -0.000418937 0.999999821
6.000000 -0.000985910 0.000466368 -0.001062132 -0.001262951 0.000374736 -0.000735018 0.999998868
7.000000 -0.001369091 0.000953732 -0.000353439 -0.002044644 0.000594250 -0.000400116 0.999997675
8.000000 -0.001851355 0.000990862 -0.000309528 -0.001202321 0.000556499 -0.000441071 0.999999046
9.000000 -0.000474981 0.001746612 -0.000886725 -0.000752981 0.000222306 -0.000686817 0.999999464
10.000000 -0.000732452 0.000343187 -0.000244965 -0.001696484 0.000367853 -0.000404690 0.999998391
11.000000 -0.000323741 0.000190523 0.000174302 -0.001271941 0.000291137 -0.000354933 0.999999106
12.000000 0.000660722 -0.001224572 0.000623166 -0.000405591 0.000045393 -0.000117312 0.999999881
13.000000 0.000171498 0.000140182 0.000244013 0.000991672 0.000097174 0.000455628 0.999999404
14.000000 -0.001363381 -0.000164814 0.000659805 0.001623741 0.000234623 0.000970930 0.999998212
15.000000 0.000114969 0.000514368 0.001017280 0.002518822 -0.000429937 0.001151274 0.999996066
16.000000 -0.001135497 0.000967498 0.001035291 0.002819560 -0.000289350 0.001152081 0.999995291
17.000000 0.000636951 -0.001728319 0.000696492 0.002316549 -0.000954479 0.001086271 0.999996245
18.000000 0.000887271 -0.001902756 0.000334105 0.001786397 -0.001143235 0.000343170 0.999997675
19.000000 -0.000488484 -0.001153299 0.000719754 0.001607258 -0.000747851 -0.000316278 0.999998391
20.000000 -0.001001465 -0.001007779 0.001351775 0.000912384 -0.000505243 -0.001129215 0.999998808
21.000000 0.000234355 -0.000260978 0.000572736 0.000533121 -0.000595309 -0.001475253 0.999998569
22.000000 0.001788431 -0.000107648 0.000462717 0.000231048 -0.001079583 -0.001963642 0.999997437
23.000000 -0.000598151 -0.001332965 0.000154746 -0.000579740 -0.000683223 -0.002309646 0.999996960
24.000000 -0.000221919 -0.000355814 0.000133028 -0.000455189 -0.000865186 -0.002540706 0.999996305
25.000000 -0.001177085 0.000196717 -0.000507215 -0.000180722 -0.001054596 -0.002478292 0.999996364
26.000000 0.000376455 -0.001106000 -0.000386889 -0.000155567 -0.001461093 -0.002673621 0.999995351
27.000000 -0.001472694 0.000174583 -0.000504140 0.000189177 -0.000980350 -0.002937746 0.999995232
28.000000 0.000320118 -0.002030562 0.000190224 -0.000463189 -0.001318145 -0.003315936 0.999993563
29.000000 -0.000623517 0.000325441 -0.000842655 0.000096614 -0.001126487 -0.003282635 0.999993980
30.000000 -0.000234974 -0.000336816 -0.000690729 0.000364619 -0.001167857 -0.003795984 0.999992073
31.000000 -0.001253199 0.000291076 -0.000664950 0.000483607 -0.000799479 -0.003868157 0.999992073
32.000000 -0.000811521 -0.000832320 -0.000324171 -0.000585986 -0.001068314 -0.004330179 0.999989867
33.000000 -0.001340816 0.000792297 -0.000015757 -0.000035118 -0.000988393 -0.004534042 0.999989212
34.000000 -0.002732186 0.001395136 -0.001073623 -0.000110560 -0.000475732 -0.004808039 0.999988317
35.000000 -0.001831844 0.000172239 -0.000204279 -0.001138172 -0.000198450 -0.005249782 0.999985576
36.000000 -0.001328054 -0.000875112 0.001699173 -0.001737876 0.000595054 -0.005349361 0.999983966
37.000000 -0.002593876 -0.000194592 0.001441213 -0.001549645 0.001797242 -0.005270070 0.999983311
38.000000 -0.005413835 0.000840722 0.000406958 -0.001740521 0.003655555 -0.004872576 0.999979973
39.000000 -0.006873395 0.002835482 0.000623369 -0.003272455 0.004774041 -0.004059651 0.999975026
40.000000 -0.005777243 0.001476244 0.000631414 -0.004356952 0.004757495 -0.003117276 0.999974310
41.000000 -0.005019901 -0.000988483 0.001986279 -0.004261568 0.004835866 -0.002395506 0.999976337
42.000000 -0.005134825 0.000515410 0.002013800 -0.003831190 0.005043431 -0.001601760 0.999978662
43.000000 -0.005376478 0.000019162 0.002326010 -0.003763930 0.005512103 -0.001301076 0.999976873
44.000000 -0.004826057 0.001143750 0.003294050 -0.002647636 0.006141166 -0.001905709 0.999975801
45.000000 -0.005650676 0.001032771 0.004316207 -0.002486195 0.007071347 -0.002893694 0.999967694
46.000000 -0.010087722 0.003276724 0.004478100 -0.003080218 0.009074151 -0.004046997 0.999945879
47.000000 -0.011656097 0.004853364 0.005807485 -0.003590949 0.010413107 -0.005488899 0.999924242
48.000000 -0.010452282 0.003956122 0.007252145 -0.004371025 0.010357220 -0.007437271 0.999909163
49.000000 -0.011432158 0.003578785 0.008889779 -0.006505127 0.010924881 -0.009320528 0.999875724
50.000000 -0.010825964 0.005691706 0.010707787 -0.007434327 0.011137117 -0.011067891 0.999849081
51.000000 -0.010178039 0.004642322 0.012828096 -0.008388570 0.010836550 -0.012751315 0.999824762
52.000000 -0.008686734 0.005366119 0.014409236 -0.008758635 0.010223724 -0.013916723 0.999812543
53.000000 -0.004452052 0.003080238 0.016298711 -0.010878190 0.009161380 -0.014927612 0.999787390
54.000000 -0.003682039 0.003605990 0.018254112 -0.012222790 0.008773195 -0.015937936 0.999759734
55.000000 -0.003911372 -0.000385340 0.021607453 -0.013811163 0.007656117 -0.016462561 0.999739766
56.000000 -0.002861938 0.003848430 0.023496492 -0.012654411 0.005679030 -0.017460898 0.999751329
57.000000 -0.002661157 0.002115369 0.026043862 -0.012890931 0.004325865 -0.018780539 0.999731123
58.000000 -0.002926428 0.003254778 0.028814629 -0.010815462 0.002922696 -0.020014090 0.999736905
59.000000 -0.000191030 0.003477944 0.031228488 -0.009506189 0.001041240 -0.022641968 0.999697864
60.000000 0.000050306 0.004658432 0.034719825 -0.009218655 -0.000260576 -0.025010442 0.999644637
61.000000 0.000383049 0.000916430 0.036705468 -0.009750359 -0.001815923 -0.027428120 0.999574542
62.000000 0.000428250 0.003207623 0.039442357 -0.008827783 -0.003646731 -0.029512048 0.999518752
63.000000 0.006593034 -0.000056374 0.043302879 -0.009557395 -0.007297656 -0.031807356 0.999421656
64.000000 0.008113426 0.004284421 0.044911340 -0.008301407 -0.010080324 -0.034136340 0.999331892
65.000000 0.008660261 0.004281219 0.048605084 -0.008760260 -0.012441811 -0.037817400 0.999168813
66.000000 0.010854499 0.002563190 0.051181480 -0.010319185 -0.015179855 -0.040430091 0.999013782
67.000000 0.010672649 0.003926191 0.053864814 -0.007989037 -0.017329311 -0.044379160 0.998832524
68.000000 0.011843733 0.003796908 0.055708043 -0.006464539 -0.020125970 -0.047174405 0.998662949
69.000000 0.014717801 0.003760350 0.059669171 -0.006228804 -0.023402415 -0.049637020 0.998473704
70.000000 0.014727664 0.002622841 0.061898999 -0.006916758 -0.026223762 -0.051184777 0.998320878
71.000000 0.016218102 0.004991107 0.064677931 -0.005737394 -0.029580403 -0.052152548 0.998184443
72.000000 0.019874573 0.007932242 0.066689111 -0.005346735 -0.032962579 -0.053604107 0.998003721
73.000000 0.021536952 0.003457128 0.069574490 -0.007065990 -0.036716364 -0.055282746 0.997770429
74.000000 0.021982122 0.002819618 0.073199488 -0.006307056 -0.040149588 -0.057320438 0.997528255
75.000000 0.022852197 0.007375202 0.074424721 -0.003863182 -0.043925278 -0.060169194 0.997213781
76.000000 0.025586110 0.005120100 0.077971034 -0.005106578 -0.048019893 -0.063124500 0.996836662
77.000000 0.027304459 0.006028606 0.080450989 -0.006301840 -0.051824514 -0.066539891 0.996417046
78.000000 0.028545361 0.007585141 0.082782730 -0.005689261 -0.054949932 -0.069757469 0.996033132
79.000000 0.030615041 0.008839567 0.084236570 -0.004939237 -0.058824103 -0.072732538 0.995602965
80.000000 0.028805759 0.006797061 0.086218469 -0.006361770 -0.062590174 -0.075642250 0.995148361
81.000000 0.032546502 0.007170588 0.089787960 -0.006880051 -0.067686014 -0.079166077 0.994537055
82.000000 0.029982595 0.004304282 0.092342116 -0.008492750 -0.071426764 -0.082067162 0.994027674
83.000000 0.030733153 0.004936364 0.094565704 -0.010319175 -0.075588420 -0.084913045 0.993463457
84.000000 0.031476021 0.004325694 0.097722650 -0.012158846 -0.080003925 -0.087213270 0.992897451
85.000000 0.029960029 0.005495515 0.099535301 -0.012481725 -0.083997935 -0.089743488 0.992338002
86.000000 0.034326941 0.003108670 0.103157282 -0.013295924 -0.089691617 -0.092442401 0.991581082
87.000000 0.034770563 0.002941960 0.106054418 -0.013188466 -0.093991481 -0.095073998 0.990935206
88.000000 0.032805011 0.005162304 0.108482793 -0.012862930 -0.096952759 -0.097520553 0.990416348
89.000000 0.032288268 0.005880668 0.110387474 -0.012324528 -0.100163989 -0.100532226 0.989802301
90.000000 0.037347522 0.002548959 0.115987375 -0.012222670 -0.105224729 -0.103843421 0.988936245
91.000000 0.034158096 0.003254216 0.116143301 -0.012169163 -0.107427172 -0.106714420 0.988394320
92.000000 0.041604996 0.006957079 0.120753005 -0.011393449 -0.112748548 -0.108898118 0.987572372
93.000000 0.043809295 0.008253918 0.124553457 -0.012000320 -0.117155336 -0.110073730 0.986921668
94.000000 0.041412421 0.004799027 0.127502814 -0.013518649 -0.120863564 -0.111579381 0.986285627
95.000000 0.044792697 0.009689685 0.130083635 -0.013355651 -0.126414955 -0.113742776 0.985344350
96.000000 0.042337239 0.004981254 0.132544205 -0.015090891 -0.130755305 -0.116638184 0.984413981
97.000000 0.043229930 0.003871989 0.136848569 -0.013897706 -0.135328382 -0.119859643 0.983426034
98.000000 0.044185303 0.003550346 0.139460891 -0.013494083 -0.139778033 -0.123293892 0.982384145
99.000000 0.044873212 0.005636062 0.142810717 -0.012383747 -0.144105077 -0.126508564 0.981364310
100.000000 0.045577258 0.005756531 0.146726862 -0.009764427 -0.148550525 -0.128935605 0.980414689
101.000000 0.048230611 0.005544398 0.148996308 -0.007405649 -0.153455108 -0.131134614 0.979387760
102.000000 0.047283564 0.005760830 0.152660221 -0.005569461 -0.157881901 -0.132945657 0.978451729
103.000000 0.047917370 0.000712353 0.157064483 -0.003809613 -0.162978858 -0.134527311 0.977407694
104.000000 0.049185950 -0.001051367 0.159908459 -0.001950157 -0.167400345 -0.136335984 0.976414800
105.000000 0.047816366 -0.001787873 0.162259012 0.000209152 -0.171067238 -0.137814477 0.975573242
106.000000 0.047491789 -0.002438767 0.164323390 0.002449297 -0.174928442 -0.139103770 0.974702120
107.000000 0.047635432 -0.001743231 0.168489665 0.003832971 -0.179014429 -0.140128389 0.973808587
108.000000 0.049960416 -0.003359336 0.170859292 0.005407665 -0.184050024 -0.141819000 0.972616971
109.000000 0.049133509 -0.002769487 0.173028260 0.008259733 -0.188955724 -0.141832530 0.971653759
110.000000 0.050070684 -0.003506756 0.177106217 0.010712592 -0.195328519 -0.141194656 0.970461786
111.000000 0.050380658 -0.001441849 0.178119138 0.013440172 -0.201360434 -0.140952498 0.969229400
112.000000 0.050019838 -0.001577651 0.180341125 0.015314284 -0.207131520 -0.141265497 0.967939079
113.000000 0.051742006 -0.006611213 0.185213745 0.016597319 -0.214015499 -0.141301706 0.966413856
114.000000 0.054227166 -0.008680748 0.188833624 0.017591750 -0.220781922 -0.141596034 0.964829743
115.000000 0.053528622 -0.006866599 0.190737069 0.019620124 -0.226034060 -0.142741621 0.963404596
116.000000 0.053411655 -0.008779692 0.193428427 0.020788634 -0.231526837 -0.142660707 0.962086856
117.000000 0.053551339 -0.008019220 0.194486141 0.022124521 -0.238053948 -0.143207997 0.960381329
118.000000 0.053868949 -0.009022619 0.198401153 0.023580244 -0.245360926 -0.143249944 0.958499551
119.000000 0.054455064 -0.008498296 0.200900644 0.025463710 -0.251627713 -0.143623561 0.956769228
120.000000 0.054392181 -0.008851938 0.204526693 0.026548669 -0.258137226 -0.144135192 0.954926908
121.000000 0.055397660 -0.008932124 0.209797218 0.028136011 -0.265404820 -0.145928547 0.952614009
122.000000 0.054504193 -0.007830338 0.211354837 0.029563939 -0.271765351 -0.147110045 0.950593591
123.000000 0.052812740 -0.009069755 0.214895844 0.030556951 -0.277672470 -0.147521123 0.948789656
124.000000 0.055867665 -0.010010340 0.220519572 0.031875685 -0.285594970 -0.148183137 0.946288109
125.000000 0.056056708 -0.010254040 0.223494112 0.033498328 -0.292032003 -0.149126366 0.944116771
126.000000 0.056682900 -0.013572700 0.227844208 0.033580825 -0.298571289 -0.150573641 0.941835999
127.000000 0.056536153 -0.011191044 0.229573816 0.035314880 -0.304305166 -0.152687639 0.939594448
128.000000 0.056382284 -0.010388300 0.232333004 0.037116759 -0.310029268 -0.153008834 0.937599301
129.000000 0.057599962 -0.010224590 0.235680148 0.037486292 -0.315877378 -0.154307947 0.935417175
130.000000 0.057239503 -0.013420799 0.237694800 0.035693146 -0.321487188 -0.155148953 0.933434963
131.000000 0.058575876 -0.010806188 0.242591068 0.036093451 -0.328075171 -0.155956030 0.930989623
132.000000 0.060237698 -0.012789588 0.244609132 0.035654426 -0.334495187 -0.156802639 0.928576708
133.000000 0.058614828 -0.008367436 0.245516717 0.036460951 -0.339964539 -0.158918142 0.926196396
134.000000 0.059853964 -0.012218017 0.249533117 0.036489438 -0.346878499 -0.160095602 0.923424721
135.000000 0.060311809 -0.009606496 0.251405686 0.037480064 -0.353605568 -0.161417022 0.920599222
136.000000 0.061355673 -0.009299396 0.253801227 0.036841854 -0.360720128 -0.162589982 0.917653620
137.000000 0.060276769 -0.011398675 0.254446238 0.035361737 -0.366888463 -0.162737072 0.915237129
138.000000 0.063004076 -0.008797268 0.259523839 0.036029421 -0.374857545 -0.162178740 0.912075520
139.000000 0.063730732 -0.009397328 0.262064427 0.036055595 -0.383057833 -0.161268249 0.908823013
140.000000 0.063397266 -0.010625506 0.266451865 0.033224076 -0.398175597 -0.160508692 0.902545989
141.000000 0.062163010 -0.011960153 0.267644018 0.032438867 -0.405933499 -0.159563661 0.899280369
142.000000 0.062491842 -0.010647562 0.269269705 0.031404965 -0.413702488 -0.158115238 0.896026552
143.000000 0.061411567 -0.010440606 0.269059718 0.030036369 -0.420361489 -0.157077059 0.893152177
144.000000 0.060910858 -0.009246148 0.273363113 0.029917359 -0.427631557 -0.155791983 0.889924169
145.000000 0.059064865 -0.009606259 0.273640335 0.030311786 -0.434489727 -0.154327706 0.886838675
146.000000 0.058360748 -0.009347814 0.274430096 0.031695887 -0.441668481 -0.153429642 0.883393288
147.000000 0.059147455 -0.008015298 0.277367413 0.031798430 -0.448777080 -0.153682455 0.879755437
148.000000 0.062733747 -0.006623317 0.281964689 0.031473890 -0.456444174 -0.153833151 0.875787318
149.000000 0.056663021 -0.005367290 0.279676974 0.031370323 -0.462071657 -0.153399259 0.872911453
150.000000 0.055180810 -0.009226200 0.282531619 0.030299984 -0.468631357 -0.153757006 0.869382143
151.000000 0.058507062 -0.006659506 0.284389198 0.030392306 -0.475476772 -0.152844563 0.865815580
152.000000 0.057085410 -0.005508722 0.288168728 0.031363502 -0.482531697 -0.152560279 0.861919224
153.000000 0.057869159 -0.005719939 0.290364206 0.031882461 -0.489310086 -0.152089179 0.858153820
154.000000 0.054957964 -0.006593683 0.291988045 0.032013360 -0.494955897 -0.151924178 0.854934394
155.000000 0.052256569 -0.003080830 0.296930134 0.032318708 -0.504991055 -0.150603309 0.849269211
156.000000 0.046772763 -0.005673406 0.299971819 0.031274501 -0.510628104 -0.150558069 0.845939159
157.000000 0.046226181 -0.006401200 0.302142292 0.030769864 -0.516651452 -0.150137618 0.842367589
158.000000 0.044725761 -0.007059021 0.304807067 0.029585298 -0.522856653 -0.150692329 0.838473260
159.000000 0.043318510 -0.007844816 0.306529015 0.029157519 -0.528601527 -0.151316673 0.834765553
160.000000 0.041363858 -0.008378801 0.309568256 0.029763043 -0.534421921 -0.152309343 0.830848515
161.000000 0.039247558 -0.007909072 0.311573416 0.029691156 -0.539587259 -0.153686777 0.827251136
162.000000 0.037673198 -0.006343130 0.307829171 0.028517669 -0.543899417 -0.154197246 0.824368477
163.000000 0.033788987 -0.005737799 0.313560039 0.028919633 -0.550240457 -0.155330375 0.819921672
164.000000 0.033192925 -0.004660402 0.312550277 0.028438330 -0.555971920 -0.155769587 0.815979362
165.000000 0.030313246 -0.005346389 0.315114975 0.027033100 -0.561734438 -0.155922353 0.812041759
166.000000 0.031323411 -0.004608487 0.318653643 0.026601564 -0.567928135 -0.155308440 0.807854712
167.000000 0.028465249 -0.003843382 0.317860752 0.027118402 -0.572817802 -0.154877856 0.804460764
168.000000 0.026501395 -0.004855777 0.323554814 0.026211498 -0.578432441 -0.155914351 0.800262153
169.000000 0.027044542 -0.003670419 0.323958099 0.025905535 -0.583601296 -0.155053049 0.796678722
170.000000 0.023902357 -0.004915209 0.323365688 0.025306620 -0.588889301 -0.154646680 0.792876661
171.000000 0.022777274 -0.002658398 0.319273472 0.024137951 -0.593409836 -0.154394299 0.789584994
172.000000 0.021116570 -0.003081686 0.322807401 0.021913344 -0.598770976 -0.153922245 0.785685122
173.000000 0.020417258 -0.002466192 0.321816385 0.020021619 -0.603932738 -0.152223051 0.782107770
174.000000 0.020091243 -0.001141137 0.320986211 0.018559687 -0.609615386 -0.150069728 0.778141201
175.000000 0.017449260 -0.001904246 0.323492736 0.016401835 -0.615357816 -0.148769692 0.773907840
176.000000 0.019548636 0.000758618 0.330385447 0.015045464 -0.622331023 -0.146291673 0.768815041
177.000000 0.017730802 -0.002729344 0.323786914 0.011838732 -0.627631247 -0.145212740 0.764756262
178.000000 0.016500749 -0.002230943 0.323595554 0.010413030 -0.633623600 -0.143703565 0.760106623
179.000000 0.015451502 -0.004093020 0.325160325 0.008689496 -0.640061200 -0.141832992 0.755069256
180.000000 0.013452329 -0.002947455 0.323327273 0.006891583 -0.645811617 -0.139571801 0.750599504
181.000000 0.014006000 -0.004113766 0.322586268 0.005190740 -0.651725650 -0.138024092 0.745772183
182.000000 0.014393061 0.000058656 0.324174345 0.004828562 -0.658287704 -0.135302395 0.740491271
183.000000 0.013019966 -0.002271802 0.327525556 0.002293888 -0.672234654 -0.131877944 0.728493989
184.000000 0.013129212 -0.001238284 0.328656048 0.002885435 -0.679411054 -0.129763097 0.722186863
185.000000 0.011743214 -0.001497158 0.329422265 0.002883534 -0.686239004 -0.128803283 0.715875268
186.000000 0.011062706 -0.000785482 0.328096777 0.002333678 -0.692354381 -0.128782451 0.709968388
187.000000 0.012095577 0.001434990 0.326045692 0.001854348 -0.698202431 -0.128201216 0.704325497
188.000000 0.013941399 0.005397561 0.331634790 0.001124902 -0.704795063 -0.128812388 0.697617352
189.000000 0.012876599 0.004316830 0.334988385 -0.000205961 -0.711121380 -0.130623162 0.690828443
190.000000 0.014508313 0.006492828 0.332563132 0.001181407 -0.716868222 -0.130760819 0.684835851
191.000000 0.013334343 0.004615902 0.334729910 0.002635037 -0.723225713 -0.131161213 0.678037226
192.000000 0.013498913 0.005552421 0.340146571 0.002794922 -0.729263484 -0.131650031 0.671442688
193.000000 0.014190042 0.008494295 0.336417764 0.002447838 -0.734013259 -0.131687656 0.666240931
194.000000 0.014228845 0.009820875 0.340153098 0.002467220 -0.739616334 -0.131308198 0.660090744
195.000000 0.016216747 0.007647026 0.333116472 0.001760256 -0.743544459 -0.131274089 0.655672014
196.000000 0.015524182 0.009166503 0.337031037 0.001040398 -0.748799801 -0.130409002 0.649839401
197.000000 0.016260531 0.007812496 0.339360654 -0.000272608 -0.753958404 -0.130152985 0.643899739
198.000000 0.017203324 0.008948928 0.340089768 -0.000558317 -0.758579135 -0.129094437 0.638664305
199.000000 0.017717943 0.009508600 0.341646433 -0.001122443 -0.763207495 -0.127981797 0.633351266
200.000000 0.018783607 0.008899424 0.338943392 -0.002165665 -0.767063379 -0.127547011 0.628761351
201.000000 0.015721884 0.008879397 0.349664032 -0.003038453 -0.772769451 -0.126567647 0.621931434
202.000000 0.015081145 0.009593915 0.348130405 -0.003485861 -0.776786625 -0.125306785 0.617161751
203.000000 0.017694511 0.010777641 0.342309892 -0.003628235 -0.780211747 -0.123786554 0.613134086
204.000000 0.018531144 0.011017250 0.343810529 -0.003651061 -0.784239948 -0.122221723 0.608289599
205.000000 0.019033812 0.009341072 0.343790710 -0.004741884 -0.788159072 -0.120574541 0.603526771
206.000000 0.017848231 0.018719157 0.351806581 -0.003742636 -0.793286800 -0.116653748 0.597556591
207.000000 0.019349717 0.016745424 0.349191934 -0.003730545 -0.796801925 -0.114246197 0.593330085
208.000000 0.016839147 0.012365067 0.348331422 -0.004857720 -0.800427914 -0.112633824 0.588731825
209.000000 0.018125519 0.015523681 0.348096818 -0.005794447 -0.803910077 -0.110605046 0.584347129
210.000000 0.020311676 0.020488843 0.347394019 -0.006384399 -0.807114840 -0.108731799 0.580260515
211.000000 0.016866885 0.018389013 0.353967816 -0.007553928 -0.811153233 -0.107510641 0.574817181
212.000000 0.020116225 0.015280154 0.344845682 -0.009028589 -0.813444614 -0.105915785 0.571846306
213.000000 0.017776407 0.017691426 0.350136787 -0.009689029 -0.817105293 -0.104015231 0.566944480
214.000000 0.017903194 0.013757344 0.348436952 -0.010740535 -0.819650471 -0.103451237 0.563343346
215.000000 0.019519448 0.016545512 0.345147520 -0.010872559 -0.822076857 -0.101041168 0.560234010
216.000000 0.018431351 0.018309850 0.348472804 -0.011074887 -0.825434089 -0.098603636 0.555709720
217.000000 0.016110323 0.016351277 0.349214375 -0.011389771 -0.828577220 -0.096794344 0.551326573
218.000000 0.017606489 0.014548242 0.347155571 -0.011761728 -0.831160963 -0.094807595 0.547763348
219.000000 0.018957846 0.019272530 0.346650481 -0.010516993 -0.834006965 -0.092263222 0.543883502
220.000000 0.015413046 0.010038573 0.342574298 -0.011276953 -0.836454630 -0.091049321 0.540302157
221.000000 0.015788063 0.010844858 0.343880475 -0.009671867 -0.839018524 -0.089128830 0.536666036
222.000000 0.015663445 0.010248024 0.342909664 -0.008738403 -0.841229022 -0.086717039 0.533608079
223.000000 0.014425799 0.009268193 0.341838241 -0.008167411 -0.843394816 -0.084467135 0.530550539
224.000000 0.014969528 0.012144135 0.340057820 -0.007751085 -0.845494151 -0.081681922 0.527643502
225.000000 0.013362676 0.007941252 0.340033174 -0.007984945 -0.848171473 -0.079375841 0.523680091
226.000000 0.013771713 0.009576526 0.340299755 -0.007597730 -0.850743294 -0.076677226 0.519902587
227.000000 0.012088627 0.006759346 0.339804500 -0.007155824 -0.853191018 -0.074502558 0.516200662
228.000000 0.011630386 0.006403076 0.337931693 -0.007079488 -0.854992151 -0.071428634 0.513650000
229.000000 0.012467146 0.002254510 0.335357428 -0.007752253 -0.856374085 -0.069905773 0.511543214
230.000000 0.010058358 0.004685260 0.336713016 -0.007438807 -0.858496666 -0.067159317 0.508348048
231.000000 0.010261133 0.009425033 0.336624861 -0.006419360 -0.860334694 -0.064004965 0.505654454
232.000000 0.009554222 0.004623560 0.335136890 -0.005904840 -0.861984253 -0.061948191 0.503101051
233.000000 0.012479141 0.008665586 0.331643462 -0.004245832 -0.863028169 -0.058329977 0.501758873
234.000000 0.011730313 0.009976573 0.332007825 0.002564040 0.864267111 0.055847276 -0.499916792
235.000000 0.010758206 0.006657168 0.329977304 0.001108339 0.865154147 0.054341558 -0.498551905
236.000000 0.009093091 0.008511707 0.330578476 -0.000128439 0.866076231 0.052019116 -0.497198075
237.000000 0.009632245 0.007527939 0.325007439 -0.003424344 0.867406726 0.048029304 -0.495264590
238.000000 0.007830337 0.005564996 0.323638022 -0.005064567 0.868336678 0.045253698 -0.493880451
239.000000 0.003981218 0.005023932 0.327667713 -0.007503571 0.870147586 0.042182144 -0.490925163
240.000000 0.007124051 0.005305211 0.323334932 -0.009699061 0.870778561 0.038046662 -0.490105152
241.000000 0.001158506 0.002678607 0.323214501 -0.011907508 0.872068703 0.034309890 -0.488034010
242.000000 0.001512036 0.004999867 0.322482109 -0.014898818 0.872700632 0.030486654 -0.487075180
243.000000 0.003954098 -0.001599726 0.317610860 -0.015528363 0.872918725 0.027385917 -0.486848831
244.000000 0.000634596 -0.000729139 0.318772137 -0.016771859 0.873661339 0.023791926 -0.485662937
245.000000 0.001718670 -0.002037732 0.316628575 -0.016760100 0.874090791 0.021097494 -0.485014707
246.000000 0.000269175 -0.002521859 0.314705044 -0.017106235 0.874853015 0.017732741 -0.483761489
247.000000 -0.002639741 -0.002262470 0.313758045 -0.018270511 0.875654817 0.014012225 -0.482388288
248.000000 -0.002707541 -0.001001445 0.314051300 -0.019942319 0.876386642 0.010302079 -0.481084824
249.000000 -0.003955111 -0.002929015 0.312466800 -0.020395029 0.877033353 0.006734663 -0.479949117
250.000000 -0.003087178 -0.005433241 0.307578892 -0.021384660 0.877585113 0.003580777 -0.478930205
251.000000 -0.006125286 -0.007193190 0.306588531 -0.022950750 0.878870130 -0.000331180 -0.476508588
252.000000 -0.009870738 -0.007977532 0.308657646 -0.024620540 0.880275309 -0.003880699 -0.473808080
253.000000 -0.004769221 -0.008139961 0.302123576 -0.026749022 0.880900621 -0.007194598 -0.472490013
254.000000 -0.006686747 -0.007321701 0.300624341 -0.029240027 0.882047117 -0.011161646 -0.470120490
255.000000 -0.009656385 -0.007735414 0.300393403 -0.031793542 0.883259177 -0.014756205 -0.467573106
256.000000 -0.010497913 -0.009208334 0.299970001 -0.033482965 0.884487808 -0.018287268 -0.465000808
257.000000 -0.009130403 -0.007952697 0.297487289 -0.035719741 0.885282695 -0.021110779 -0.463198602
258.000000 -0.013597518 -0.013298507 0.295997381 -0.036465570 0.886619210 -0.022453422 -0.460513294
259.000000 -0.011005506 -0.010094275 0.293824196 -0.037960615 0.887683809 -0.025813518 -0.458159447
260.000000 -0.010796279 -0.014065530 0.290662140 -0.039503187 0.888904095 -0.028674241 -0.455485135
261.000000 -0.010164201 -0.016002294 0.289415807 -0.040752161 0.890092671 -0.031250097 -0.452877164
262.000000 -0.009955123 -0.016598113 0.287855029 -0.041929565 0.891386330 -0.033350013 -0.450066715
263.000000 -0.012278050 -0.016159216 0.285962999 -0.042884730 0.893001437 -0.035776716 -0.446575075
264.000000 -0.012516037 -0.017937591 0.285092056 -0.044201255 0.894634426 -0.038597096 -0.442928553
265.000000 -0.015011087 -0.017028457 0.286125571 -0.046339825 0.896178961 -0.040646706 -0.439390242
266.000000 -0.014681205 -0.018507788 0.282687455 -0.046990708 0.897364736 -0.041439459 -0.436819404
267.000000 -0.017285056 -0.020085664 0.281140000 -0.047957845 0.898912966 -0.042863727 -0.433379948
268.000000 -0.016123809 -0.017303839 0.279427886 -0.049820650 0.900105119 -0.045299996 -0.430437744
269.000000 -0.017137282 -0.019901471 0.276620299 -0.051999547 0.901090622 -0.047134571 -0.427913576
270.000000 -0.023458317 -0.021217918 0.278154373 -0.052885700 0.902419806 -0.048916891 -0.424792528
271.000000 -0.021628097 -0.024947450 0.275491118 -0.052200668 0.903611839 -0.049623448 -0.422253847
272.000000 -0.026623935 -0.022969777 0.276973188 -0.052850433 0.905303895 -0.052115012 -0.418229282
273.000000 -0.023534745 -0.022105534 0.270496368 -0.053373128 0.906300366 -0.054378659 -0.415708959
274.000000 -0.026682235 -0.024859844 0.270862937 -0.053686097 0.907834589 -0.055011339 -0.412223101
275.000000 -0.025204301 -0.022978719 0.268944740 -0.054628927 0.909015179 -0.056008883 -0.409353256
276.000000 -0.027298607 -0.026870050 0.265444934 -0.054462153 0.910330057 -0.057181656 -0.406279832
277.000000 -0.029094473 -0.025314609 0.264877915 -0.056051258 0.911411643 -0.058996942 -0.403368920
278.000000 -0.028499991 -0.027746864 0.263255328 -0.056528021 0.912442565 -0.059636984 -0.400869817
279.000000 -0.028974883 -0.027067225 0.260710329 -0.057101037 0.913304090 -0.060092643 -0.398753077
280.000000 -0.031631932 -0.022850787 0.260505795 -0.057637583 0.914525747 -0.061631970 -0.395628691
281.000000 -0.032340504 -0.028659683 0.259130657 -0.057196993 0.916008651 -0.061453942 -0.392275542
282.000000 -0.033011839 -0.026727293 0.255400717 -0.057783529 0.917416394 -0.062341120 -0.388743848
283.000000 -0.033356115 -0.031800471 0.255524963 -0.056760959 0.919359028 -0.061718002 -0.384380072
284.000000 -0.034616344 -0.030257795 0.254761457 -0.056907106 0.921269596 -0.061975922 -0.379714280
285.000000 -0.033041969 -0.027581619 0.250321656 -0.057171252 0.922797263 -0.062186278 -0.375911623
286.000000 -0.034793869 -0.027498323 0.249717921 -0.056177590 0.924751580 -0.062032785 -0.371255368
287.000000 -0.036145918 -0.027436145 0.247866184 -0.054792158 0.926662922 -0.062170789 -0.366644830
288.000000 -0.037493438 -0.027212793 0.246677577 -0.052710354 0.928767741 -0.061834890 -0.361646950
289.000000 -0.038042635 -0.026925325 0.245863795 -0.050449573 0.930634260 -0.061888743 -0.357133716
290.000000 -0.037566893 -0.026711542 0.241436183 -0.048855495 0.932156742 -0.062648691 -0.353230864
291.000000 -0.040220402 -0.027449099 0.239474550 -0.047731686 0.933976650 -0.062608778 -0.348553419
292.000000 -0.042568907 -0.025240645 0.238443524 -0.046633966 0.935662627 -0.061622057 -0.344330400
293.000000 -0.045071773 -0.026969427 0.237757951 -0.044488024 0.937334239 -0.061039407 -0.340146303
294.000000 -0.043947354 -0.026416333 0.235093355 -0.043000322 0.938643515 -0.061817933 -0.336567760
295.000000 -0.048130594 -0.028379614 0.233636945 -0.042166285 0.940292895 -0.061646260 -0.332070768
296.000000 -0.048127361 -0.026269527 0.231457442 -0.041870300 0.941577196 -0.061918311 -0.328398228
297.000000 -0.053266548 -0.021807240 0.228564799 -0.042161435 0.943033695 -0.061664745 -0.324202627
298.000000 -0.050573379 -0.026163129 0.226475805 -0.040603083 0.944413781 -0.059665330 -0.320739865
299.000000 -0.056343794 -0.023165490 0.227776393 -0.039588191 0.946089625 -0.059269648 -0.315965682
300.000000 -0.057227902 -0.023854293 0.226840347 -0.037896283 0.947544634 -0.058135778 -0.311998904
301.000000 -0.058883294 -0.023762779 0.223881841 -0.036018755 0.948904932 -0.057203118 -0.308236808
302.000000 -0.064216621 -0.024245201 0.223533362 -0.034962196 0.950550854 -0.056134433 -0.303446203
303.000000 -0.060206361 -0.024816787 0.219164327 -0.034410641 0.951660275 -0.054962806 -0.300229490
304.000000 -0.068631530 -0.023163440 0.220721126 -0.034749199 0.953399301 -0.053884771 -0.294819772
305.000000 -0.069455460 -0.022856439 0.216627449 -0.035086982 0.954771876 -0.053217135 -0.290426493
306.000000 -0.072219037 -0.024218678 0.215933204 -0.036039583 0.956213117 -0.052974820 -0.285571814
307.000000 -0.075839274 -0.022314498 0.216220155 -0.037286956 0.957613170 -0.052691828 -0.280731618
308.000000 -0.073859543 -0.021877140 0.211755514 -0.037710812 0.958686113 -0.051543266 -0.277204156
309.000000 -0.078494698 -0.021354254 0.212379277 -0.038096562 0.960132420 -0.050384827 -0.272315592
310.000000 -0.081886455 -0.023219205 0.213917986 -0.037635781 0.961624682 -0.049900413 -0.267154336
311.000000 -0.081226848 -0.022975771 0.209938139 -0.037668101 0.962729335 -0.049741920 -0.263171107
312.000000 -0.077084295 -0.023696216 0.207638681 -0.036530245 0.963884234 -0.049106244 -0.259193659
313.000000 -0.085017741 -0.021020100 0.209385812 -0.035779383 0.965617061 -0.049152873 -0.252759784
314.000000 -0.082788907 -0.020052252 0.204833925 -0.034781791 0.966915905 -0.048712719 -0.247973606
315.000000 -0.094833821 -0.019518740 0.206440002 -0.035116062 0.968695462 -0.047668472 -0.241088644
316.000000 -0.095674299 -0.024284760 0.205816343 -0.035071291 0.969878078 -0.045699738 -0.236681253
317.000000 -0.101438768 -0.022632048 0.205849528 -0.035025824 0.971060395 -0.043762423 -0.232163250
318.000000 -0.098810457 -0.021900848 0.202705950 -0.034315757 0.971811533 -0.042218063 -0.229395688
319.000000 -0.102953248 -0.024234414 0.201832861 -0.032851774 0.972784102 -0.041311610 -0.225621834
320.000000 -0.099608354 -0.020078175 0.201709062 -0.031906277 0.973359644 -0.041484952 -0.223230779
321.000000 -0.105829284 -0.019559074 0.200526804 -0.030756980 0.974225104 -0.040415257 -0.219786406
322.000000 -0.104152039 -0.022596639 0.198105484 -0.029574146 0.974814415 -0.038508177 -0.217667997
323.000000 -0.099971175 -0.022338163 0.195095003 -0.028563712 0.975392818 -0.037463784 -0.215382114
324.000000 -0.102950640 -0.019259838 0.193396598 -0.028067729 0.976192057 -0.037190456 -0.211844578
325.000000 -0.102544568 -0.019798912 0.191253722 -0.027712936 0.976840973 -0.035889544 -0.209106892
326.000000 -0.095484450 -0.025734179 0.187520847 -0.026677115 0.977253556 -0.033574574 -0.207693607
327.000000 -0.091367587 -0.025603510 0.184800386 -0.025957948 0.977563500 -0.032675546 -0.206465855
328.000000 -0.096942835 -0.024279220 0.185448468 -0.025345171 0.978061438 -0.031751480 -0.204316691
329.000000 -0.098397799 -0.023983303 0.182103992 -0.024529526 0.978333473 -0.030660821 -0.203277603
330.000000 -0.103492334 -0.019483019 0.181317329 -0.023820192 0.978720963 -0.030199818 -0.201558411
331.000000 -0.099119328 -0.024297623 0.179568112 -0.023256287 0.978863776 -0.028045189 -0.201241776
332.000000 -0.103460416 -0.019496057 0.175573498 -0.023233732 0.979163826 -0.027238986 -0.199891165
333.000000 -0.111038163 -0.012432123 0.175145268 -0.023407247 0.979544342 -0.027256135 -0.197994992
334.000000 -0.109038144 -0.020156490 0.174501121 -0.024217797 0.979628146 -0.024628855 -0.197827056
335.000000 -0.113889769 -0.015801702 0.171748340 -0.024119848 0.979766369 -0.022168871 -0.197445303
336.000000 -0.112889722 -0.016712263 0.167486697 -0.024051640 0.979810655 -0.019653525 -0.197500229
337.000000 -0.113185547 -0.022307023 0.165060252 -0.023881758 0.980035245 -0.017173711 -0.196635872
338.000000 -0.115180641 -0.018391384 0.162929744 -0.023694377 0.980323255 -0.015865883 -0.195328340
339.000000 -0.115567565 -0.018523242 0.159947678 -0.023147799 0.980586767 -0.015160950 -0.194123402
340.000000 -0.116047673 -0.018776193 0.156294912 -0.022468233 0.980841339 -0.015334307 -0.192899629
341.000000 -0.116309166 -0.018960882 0.154195055 -0.022726556 0.981083632 -0.015271447 -0.191638097
342.000000 -0.116664335 -0.019376503 0.151044294 -0.023578443 0.981164813 -0.014755679 -0.191159323
343.000000 -0.116968989 -0.019596154 0.147966757 -0.022930045 0.981255829 -0.013357750 -0.190873757
344.000000 -0.117640823 -0.019939508 0.143428594 -0.022429170 0.981394649 -0.012220877 -0.190294862
345.000000 -0.118152164 -0.020243162 0.140110806 -0.022528416 0.981585145 -0.011790356 -0.189325318
346.000000 -0.118568666 -0.020524627 0.136528626 -0.022354895 0.981702447 -0.011817284 -0.188734978
347.000000 -0.118866086 -0.020503832 0.135451153 -0.022233780 0.981769681 -0.011502588 -0.188418821
348.000000 -0.130896896 -0.013778819 0.135032207 -0.022041777 0.982074022 -0.011737429 -0.186834008
349.000000 -0.130210370 -0.012559010 0.131613210 -0.020868279 0.982058525 -0.010955134 -0.187097654
350.000000 -0.136488169 -0.015817950 0.130964950 -0.020044094 0.982259870 -0.009362147 -0.186215252
351.000000 -0.141855538 -0.011805322 0.128800958 -0.019700520 0.982474625 -0.008429943 -0.185160398
352.000000 -0.142321706 -0.012085209 0.126097113 -0.018722940 0.982555509 -0.007237364 -0.184883058
353.000000 -0.143281668 -0.012276904 0.122796908 -0.017557416 0.982741773 -0.006502904 -0.184032679
354.000000 -0.146465182 -0.009468497 0.121923283 -0.017037602 0.982961535 -0.007042363 -0.182884499
355.000000 -0.146774605 -0.008518010 0.119092196 -0.016159769 0.983178973 -0.007305516 -0.181781635
356.000000 -0.146545395 -0.009694493 0.116353646 -0.014556020 0.983496249 -0.007458470 -0.180187762
357.000000 -0.148607254 -0.008976284 0.114394464 -0.013654910 0.983924329 -0.008535421 -0.177858591
358.000000 -0.148978889 -0.007201669 0.111827582 -0.013284044 0.984243512 -0.009985155 -0.176035836
359.000000 -0.147103921 -0.011408727 0.110087827 -0.012947829 0.984555125 -0.008642650 -0.174381509
360.000000 -0.145358264 -0.008215710 0.106082425 -0.011325823 0.985014379 -0.007454167 -0.171938598
361.000000 -0.146067470 -0.008447573 0.104421586 -0.010501991 0.985664070 -0.006553756 -0.168264776
362.000000 -0.146164536 -0.008139850 0.102153972 -0.010334489 0.986335099 -0.006213245 -0.164309770
363.000000 -0.146476284 -0.008557785 0.100057773 -0.010387613 0.986984134 -0.005022086 -0.160403222
364.000000 -0.146874011 -0.008672428 0.096717075 -0.010432855 0.987598836 -0.004225167 -0.156594470
365.000000 -0.146851227 -0.009052656 0.095122471 -0.010803800 0.988137484 -0.005053962 -0.153107718
366.000000 -0.148148119 -0.009446371 0.092541471 -0.011416906 0.988679588 -0.005988078 -0.149487197
367.000000 -0.147566393 -0.008988597 0.090228826 -0.011717990 0.989288688 -0.004926835 -0.145417646
368.000000 -0.148254082 -0.009082709 0.088099614 -0.012017711 0.989986360 -0.003934201 -0.140595555
369.000000 -0.154833242 -0.011206239 0.087655306 -0.012119287 0.990768373 -0.003288313 -0.134982854
370.000000 -0.148708314 -0.008618984 0.080627963 -0.011910098 0.991296172 -0.004023678 -0.131049305
371.000000 -0.148988307 -0.009461939 0.077944458 -0.011749811 0.991926253 -0.005261112 -0.126160875
372.000000 -0.149851590 -0.013389307 0.076690689 -0.010867709 0.992594659 -0.005901949 -0.120842315
373.000000 -0.150832057 -0.011120340 0.073428154 -0.010732959 0.993182302 -0.008514988 -0.115763806
374.000000 -0.152192488 -0.011060741 0.070627749 -0.010420611 0.993735671 -0.010893092 -0.110734656
375.000000 -0.149859145 -0.010001828 0.067567006 -0.009854581 0.994126976 -0.011803939 -0.107122026
376.000000 -0.157480180 -0.009448327 0.068679810 -0.008260576 0.994643033 -0.012414292 -0.102288157
377.000000 -0.153210819 -0.015742896 0.064968437 -0.007035291 0.994902730 -0.013847327 -0.099636018
378.000000 -0.153151184 -0.013231318 0.061526280 -0.006456021 0.995274484 -0.015589247 -0.095624022
379.000000 -0.153429687 -0.008909399 0.059332177 -0.006597137 0.995680332 -0.016134700 -0.091196239
380.000000 -0.156514227 -0.002371496 0.057201080 -0.006497459 0.996066451 -0.017710140 -0.086578004
381.000000 -0.156992942 -0.002769799 0.054239713 -0.005705799 0.996332467 -0.018227601 -0.083407365
382.000000 -0.157364473 -0.002736414 0.052878104 -0.004471153 0.996616364 -0.018269012 -0.080012903
383.000000 -0.158253580 -0.003108119 0.048859634 -0.003187140 0.996910095 -0.018656986 -0.076236799
384.000000 -0.160208523 -0.002596620 0.047361143 -0.001981647 0.997183204 -0.019598436 -0.072371431
385.000000 -0.160771161 -0.003692702 0.044462815 -0.000991390 0.997401893 -0.020089731 -0.069172971
386.000000 -0.161108926 -0.005465467 0.042480085 -0.000441222 0.997634649 -0.020086231 -0.065737724
387.000000 -0.163763374 -0.003481265 0.040003963 0.000055121 0.997858524 -0.021624805 -0.061731242
388.000000 -0.166663066 -0.002163615 0.038989730 -0.000339360 0.998020113 -0.023285875 -0.058425095
389.000000 -0.163981274 -0.005272937 0.034857430 -0.000287922 0.998123407 -0.024332277 -0.056191925
390.000000 -0.166436031 -0.003831177 0.032650191 -0.000142086 0.998237193 -0.025533516 -0.053577535
391.000000 -0.167896733 -0.012182547 0.030212490 0.000102790 0.998335063 -0.026304299 -0.051334597
392.000000 -0.168121293 -0.012358756 0.028292116 0.000557379 0.998348475 -0.027992370 -0.050164618
393.000000 -0.168534413 -0.012508593 0.025804078 0.001102437 0.998379767 -0.029519584 -0.048634313
394.000000 -0.168874115 -0.012639582 0.023171106 0.002120023 0.998417318 -0.030670032 -0.047093119
395.000000 -0.169223979 -0.013075103 0.019917004 0.002479157 0.998390853 -0.032120124 -0.046667688
396.000000 -0.169511542 -0.012966928 0.018521758 0.002764981 0.998368263 -0.034295008 -0.045573976
397.000000 -0.169683352 -0.013520898 0.014491669 0.002642896 0.998348534 -0.036662690 -0.044148430
398.000000 -0.169943377 -0.013457190 0.013322300 0.002185693 0.998381019 -0.037712038 -0.042525165
399.000000 -0.170163229 -0.013541700 0.011128497 0.002098087 0.998445451 -0.038433407 -0.040313594
400.000000 -0.170751035 -0.013966916 0.007945398 0.001822339 0.998454452 -0.040571652 -0.037939664
401.000000 -0.184150457 -0.014013822 0.006508059 0.001094848 0.998563826 -0.042008463 -0.033232976
402.000000 -0.184360102 -0.014262253 0.003657476 0.001248624 0.998549819 -0.043972235 -0.031034287
403.000000 -0.184839487 -0.014590687 0.000304192 0.001439657 0.998485744 -0.046737324 -0.028977918
404.000000 -0.184849620 -0.014491757 0.000004116 0.000963560 0.998421729 -0.049764354 -0.026013348
405.000000 -0.184969231 -0.014869543 -0.004102303 -0.000480596 0.998384058 -0.051448863 -0.024126437
406.000000 -0.185127228 -0.014953600 -0.004903669 -0.001183435 0.998269558 -0.054258782 -0.022637589
407.000000 -0.185349911 -0.014959813 -0.006410710 -0.001372115 0.998188555 -0.056329805 -0.021088641
408.000000 -0.185389444 -0.015000770 -0.007480752 -0.001417650 0.998157740 -0.057509784 -0.019282274
409.000000 -0.185794666 -0.015355329 -0.010643382 -0.000988394 0.998139381 -0.058395166 -0.017514599
410.000000 -0.187234208 -0.016125342 -0.010996493 -0.000177488 0.998048782 -0.060515441 -0.015377647
411.000000 -0.188180566 -0.022143135 -0.015606846 -0.000718162 0.997981966 -0.061979942 -0.013783007
412.000000 -0.189130008 -0.022647791 -0.018232517 -0.000629506 0.997892201 -0.063698553 -0.012378100
413.000000 -0.189724565 -0.022446806 -0.019436486 0.000055047 0.997838974 -0.064781606 -0.010987504
414.000000 -0.190333888 -0.023327347 -0.022775725 0.001304087 0.997826993 -0.065209284 -0.009346291
415.000000 -0.189262494 -0.023045896 -0.025734032 0.002623804 0.997763276 -0.066339947 -0.007785102
416.000000 -0.191101775 -0.022258127 -0.026384288 0.004533982 0.997680306 -0.067736708 -0.005013346
417.000000 -0.191601619 -0.024422543 -0.029618865 0.005420014 0.997579932 -0.069279268 -0.002281732
418.000000 -0.191433355 -0.023311853 -0.032539591 0.005673085 0.997371674 -0.072232105 -0.000302920
419.000000 -0.190860614 -0.023985881 -0.036538016 0.005238671 0.997142911 -0.075349435 0.001023644
420.000000 -0.191724330 -0.024505468 -0.036141366 0.004887256 0.997028649 -0.076843970 0.002222266
421.000000 -0.191480249 -0.024240443 -0.040443644 0.004648135 0.996917129 -0.078291893 0.002242159
422.000000 -0.193710744 -0.028627219 -0.040256627 0.004064384 0.996875882 -0.078831844 0.002737826
423.000000 -0.193129674 -0.027247977 -0.044141185 0.004059185 0.996730208 -0.080672629 0.002067338
424.000000 -0.191500351 -0.027573587 -0.047751810 0.003466316 0.996490777 -0.083627447 0.000701126
425.000000 -0.190898240 -0.029180473 -0.050430063 0.001668171 0.996362150 -0.085199423 -0.000827477
426.000000 -0.195058763 -0.031039694 -0.054003488 0.000030407 0.996347129 -0.085379280 -0.001680834
427.000000 -0.191533566 -0.034098554 -0.057303883 -0.001521697 0.996374428 -0.084949106 -0.004399601
428.000000 -0.192934468 -0.033701450 -0.059718672 -0.003090990 0.996306777 -0.085623138 -0.005649365
429.000000 -0.195402756 -0.032986674 -0.061433364 -0.003841382 0.996266484 -0.086051658 -0.005782470
430.000000 -0.188086510 -0.033982687 -0.067156442 -0.003853687 0.996214092 -0.086470574 -0.008090954
431.000000 -0.189994797 -0.034948826 -0.068771541 -0.003205075 0.996118069 -0.087597959 -0.008063063
432.000000 -0.191682607 -0.032587156 -0.073165618 -0.003420829 0.995924771 -0.089734934 -0.008351880
433.000000 -0.194953859 -0.028134260 -0.077413701 -0.002931397 0.995756030 -0.091532916 -0.009110979
434.000000 -0.194697544 -0.029435709 -0.079571515 -0.001916128 0.995702922 -0.092079639 -0.009662356
435.000000 -0.196037099 -0.030184405 -0.083317086 -0.001724788 0.995478213 -0.094456516 -0.009902256
436.000000 -0.193344474 -0.031653352 -0.085893236 -0.002378847 0.995208740 -0.097100936 -0.011194394
437.000000 -0.190649301 -0.031064533 -0.090052754 -0.003674618 0.995012820 -0.098834239 -0.012949694
438.000000 -0.193399653 -0.030084001 -0.091906041 -0.005579818 0.994791210 -0.100833938 -0.013850842
439.000000 -0.191821352 -0.032234166 -0.095195383 -0.006684143 0.994577050 -0.102721609 -0.014833421
440.000000 -0.189984307 -0.030865282 -0.097509101 -0.007780009 0.994297683 -0.105103761 -0.016272197
441.000000 -0.188418403 -0.033218119 -0.100297958 -0.008236294 0.994033515 -0.107311763 -0.017711913
442.000000 -0.187020272 -0.031421594 -0.103857249 -0.008235521 0.993748784 -0.109701112 -0.019004527
443.000000 -0.187406749 -0.035589866 -0.103461817 -0.008711965 0.993694067 -0.109882116 -0.020545891
444.000000 -0.187966898 -0.035381354 -0.107033573 -0.008238246 0.993671477 -0.109975800 -0.021317942
445.000000 -0.189642891 -0.037992407 -0.108658858 -0.008523846 0.993768573 -0.109097227 -0.021194970
446.000000 -0.188582778 -0.038471807 -0.113422051 -0.008571791 0.993868053 -0.108138785 -0.021419318
447.000000 -0.190663278 -0.038350418 -0.113358065 -0.008643726 0.993808389 -0.108665287 -0.021496383
448.000000 -0.186075598 -0.039210990 -0.115717798 -0.009046784 0.993702590 -0.109357916 -0.022674149
449.000000 -0.190744936 -0.037223309 -0.120955326 -0.007614845 0.993692100 -0.109596781 -0.022507766
450.000000 -0.188424468 -0.037196659 -0.123189792 -0.006509719 0.993442237 -0.111734927 -0.023354653
451.000000 -0.192109138 -0.037279658 -0.123468213 -0.006201013 0.993218899 -0.113724120 -0.023337858
452.000000 -0.187965065 -0.037336681 -0.126750931 -0.005324285 0.992928207 -0.115912654 -0.025089087
453.000000 -0.188986197 -0.032549687 -0.133696795 -0.004832563 0.992644012 -0.118137032 -0.026040891
454.000000 -0.189000279 -0.033510622 -0.138351455 -0.004049572 0.992629945 -0.118114658 -0.026801821
455.000000 -0.190745682 -0.035299543 -0.139159903 -0.003703328 0.992607951 -0.118287437 -0.026904335
456.000000 -0.187221214 -0.035630681 -0.141647071 -0.003621115 0.992340446 -0.120270334 -0.027970642
457.000000 -0.192209482 -0.035401173 -0.144712090 -0.003313881 0.992166638 -0.121776432 -0.027657393
458.000000 -0.193321183 -0.034830779 -0.148094505 -0.003190573 0.991798341 -0.124827579 -0.027276117
459.000000 -0.189825103 -0.035705060 -0.152179614 -0.003987618 0.991507292 -0.127035841 -0.027554447
460.000000 -0.189606994 -0.035850789 -0.155148417 -0.004239799 0.991298199 -0.128668025 -0.027467549
461.000000 -0.192340344 -0.035941459 -0.156256691 -0.004386791 0.990917683 -0.131577596 -0.027391447
462.000000 -0.195462659 -0.036749136 -0.156324491 -0.005670976 0.990644872 -0.133630991 -0.027079776
463.000000 -0.193595782 -0.035232250 -0.160337880 -0.006610591 0.990333378 -0.135714620 -0.027885797
464.000000 -0.194714889 -0.036697108 -0.162921757 -0.007898157 0.990101159 -0.137072742 -0.029126443
465.000000 -0.196622550 -0.036115807 -0.166195333 -0.008685743 0.989969075 -0.137880459 -0.029577160
466.000000 -0.197886318 -0.039149936 -0.168574810 -0.009173241 0.990002334 -0.137453079 -0.030297013
467.000000 -0.199113414 -0.038923271 -0.173378393 -0.008689011 0.989869535 -0.138171837 -0.031485990
468.000000 -0.200458825 -0.040147085 -0.175898433 -0.008500216 0.989618361 -0.139708430 -0.032632060
469.000000 -0.199140653 -0.041424341 -0.181836009 -0.008022676 0.989501894 -0.140432864 -0.033171277
470.000000 -0.201486707 -0.040541504 -0.183197066 -0.009185484 0.988911152 -0.144255221 -0.034071948
471.000000 -0.199704260 -0.044083960 -0.184436619 -0.010530842 0.988070250 -0.149333760 -0.036135264
472.000000 -0.205274075 -0.043396793 -0.186169192 -0.012640011 0.987206578 -0.154484063 -0.037391134
473.000000 -0.206321836 -0.043893468 -0.190450981 -0.013915357 0.986822724 -0.156427592 -0.038956687
474.000000 -0.207479000 -0.044537693 -0.192987427 -0.014600070 0.986512125 -0.157933429 -0.040468346
475.000000 -0.208853975 -0.046181209 -0.194915429 -0.015096607 0.985979795 -0.160924301 -0.041464701
476.000000 -0.208868384 -0.047124557 -0.197757989 -0.016206577 0.985608339 -0.162753388 -0.042718463
477.000000 -0.210875183 -0.049910888 -0.200273558 -0.016330456 0.985504210 -0.163221657 -0.043283466
478.000000 -0.214847878 -0.050652385 -0.203751996 -0.015949236 0.985262454 -0.164910346 -0.042522039
479.000000 -0.213985473 -0.050950699 -0.205782786 -0.015739612 0.984938204 -0.167015359 -0.041891638
480.000000 -0.214678392 -0.052349482 -0.207792073 -0.015991939 0.984758675 -0.168333858 -0.040722303
481.000000 -0.215820178 -0.052655436 -0.210884482 -0.016207807 0.984527826 -0.170012936 -0.039214607
482.000000 -0.217832983 -0.054580167 -0.212103486 -0.016519690 0.984108508 -0.172706783 -0.037813175
483.000000 -0.218333125 -0.053919755 -0.215400219 -0.016598467 0.983849585 -0.174437463 -0.036551189
484.000000 -0.218471304 -0.056530740 -0.214318678 -0.017465834 0.983805716 -0.174813971 -0.035515532
485.000000 -0.217957586 -0.057774223 -0.217781276 -0.017379805 0.983759880 -0.175268784 -0.034573123
486.000000 -0.219012305 -0.057992473 -0.218966782 -0.016804634 0.983640254 -0.176343352 -0.032748062
487.000000 -0.219284967 -0.058424711 -0.222231254 -0.016292652 0.983455122 -0.177767262 -0.030811524
488.000000 -0.219855458 -0.058538016 -0.224847063 -0.015773149 0.983164787 -0.179820716 -0.028331921
489.000000 -0.219732702 -0.059860811 -0.225790188 -0.015442130 0.983055890 -0.180815309 -0.025855212
490.000000 -0.219433919 -0.058389541 -0.228611141 -0.014941468 0.982989013 -0.181651443 -0.022630712
491.000000 -0.219588354 -0.061299659 -0.229700014 -0.014077388 0.983127594 -0.181396157 -0.018905547
492.000000 -0.221175492 -0.061646909 -0.233128712 -0.014058801 0.983017504 -0.182422176 -0.014183212
493.000000 -0.218742549 -0.064267643 -0.233671680 -0.013712564 0.983056903 -0.182471454 -0.010737700
494.000000 -0.221802965 -0.061570913 -0.234977886 -0.013503575 0.982701421 -0.184621200 -0.005536672
495.000000 -0.219315395 -0.057816330 -0.238967732 -0.012277626 0.982314467 -0.186831132 -0.001286653
496.000000 -0.222828284 -0.061515026 -0.240644112 -0.012264009 0.982201278 -0.187404618 0.003119748
497.000000 -0.221087873 -0.061108332 -0.241901666 -0.012311210 0.982031524 -0.188241020 0.005271508
498.000000 -0.220479652 -0.059551619 -0.245054916 -0.011962161 0.981948078 -0.188608289 0.007860171
499.000000 -0.220928714 -0.059375305 -0.245901540 -0.012344896 0.981956005 -0.188443720 0.009951537
500.000000 -0.219516829 -0.058395267 -0.250918299 -0.011049487 0.981404066 -0.191216484 0.012657187
501.000000 -0.222783208 -0.059523646 -0.252982944 -0.010511902 0.980871379 -0.193681702 0.016378071
502.000000 -0.218450606 -0.060181860 -0.254703403 -0.010787092 0.980733812 -0.194203287 0.018162839
503.000000 -0.220790058 -0.059992783 -0.257021040 -0.010770229 0.980597854 -0.194570586 0.021312002
504.000000 -0.220704451 -0.063560054 -0.260630548 -0.010566998 0.980712533 -0.193651706 0.024297005
505.000000 -0.220356315 -0.061448257 -0.262358993 -0.008937197 0.980554461 -0.194070593 0.027743094
506.000000 -0.220115855 -0.056307010 -0.267505109 -0.007494681 0.980103731 -0.195804909 0.031638134
507.000000 -0.218209863 -0.055001788 -0.270291448 -0.006395821 0.979817450 -0.196720451 0.034898207
508.000000 -0.217929810 -0.056236759 -0.271817744 -0.005850198 0.979522526 -0.197597653 0.038164277
509.000000 -0.217547357 -0.056601457 -0.272830039 -0.004106135 0.979019046 -0.199331924 0.042090174
510.000000 -0.218549475 -0.058746371 -0.277300239 -0.002660946 0.978819013 -0.199467689 0.046031024
511.000000 -0.213131696 -0.058743026 -0.281114519 -0.001478878 0.978623569 -0.199943393 0.048128664
512.000000 -0.214893058 -0.061776321 -0.282824039 0.000324543 0.978519976 -0.200021863 0.049897898
513.000000 -0.213928476 -0.060619339 -0.286262810 0.001618832 0.978176653 -0.201165900 0.051962227
514.000000 -0.212263405 -0.059967857 -0.289254189 0.003439535 0.977896512 -0.202109024 0.053465195
515.000000 -0.209902614 -0.058358897 -0.291032612 0.005397214 0.977558970 -0.203531101 0.054077778
516.000000 -0.203645498 -0.064105161 -0.291326821 0.006902150 0.977567971 -0.203293145 0.054636877
517.000000 -0.205483645 -0.059943438 -0.294901401 0.007916829 0.977082789 -0.205142573 0.056240711
518.000000 -0.205409735 -0.060297195 -0.297904551 0.009557485 0.976752400 -0.206286997 0.057524662
519.000000 -0.205695227 -0.060508355 -0.299958676 0.009572192 0.976439714 -0.207355365 0.058971792
520.000000 -0.206271484 -0.060408562 -0.301400989 0.010591355 0.976191401 -0.207920089 0.060889006
521.000000 -0.206787392 -0.060602605 -0.304397881 0.012287847 0.975936055 -0.208375707 0.063066758
522.000000 -0.202513576 -0.063705407 -0.307536334 0.013008649 0.975850284 -0.208195850 0.064819008
523.000000 -0.202360436 -0.062258545 -0.310072482 0.013460026 0.975698471 -0.208027408 0.067497596
524.000000 -0.201089174 -0.062567040 -0.312214851 0.014056689 0.975729346 -0.207001999 0.070034318
525.000000 -0.200782299 -0.062793843 -0.314951122 0.015073651 0.975743592 -0.205763802 0.073201962
526.000000 -0.201402068 -0.063949265 -0.317685932 0.016322039 0.975737333 -0.204390213 0.076777965
527.000000 -0.198947728 -0.064988375 -0.316417068 0.018359918 0.975903988 -0.202070713 0.080260836
528.000000 -0.197441220 -0.065453738 -0.318959713 0.020943809 0.975980222 -0.200085655 0.083604120
529.000000 -0.198007956 -0.066060543 -0.321348369 0.022590753 0.976003289 -0.198087364 0.087570705
530.000000 -0.197146177 -0.066888347 -0.323081076 0.023592979 0.976203620 -0.195473105 0.090885393
531.000000 -0.196166515 -0.066399179 -0.323537648 0.024783408 0.976484716 -0.192660660 0.093515702
532.000000 -0.198110938 -0.064248636 -0.326651156 0.025794847 0.976549864 -0.190484852 0.096956275
533.000000 -0.194370642 -0.064749599 -0.328782767 0.027447071 0.976484001 -0.189310089 0.099434875
534.000000 -0.194125891 -0.062731728 -0.328482568 0.028625794 0.976400197 -0.187974304 0.102415293
535.000000 -0.196218327 -0.066147655 -0.329407513 0.029906929 0.976426899 -0.185543910 0.106157936
536.000000 -0.195983246 -0.066117652 -0.332142740 0.030495198 0.976339936 -0.183889285 0.109613389
537.000000 -0.194875553 -0.064687684 -0.330490619 0.030805675 0.976477861 -0.181305975 0.112561837
538.000000 -0.192129850 -0.059727654 -0.334858507 0.031024976 0.976517379 -0.179235116 0.115438238
539.000000 -0.193376929 -0.059411533 -0.334205925 0.030888174 0.976631105 -0.176533997 0.118630797
540.000000 -0.192233026 -0.060642187 -0.336483061 0.031063342 0.976576746 -0.174244732 0.122359082
541.000000 -0.193622828 -0.058946948 -0.336639941 0.031479631 0.976294875 -0.172604382 0.126747936
542.000000 -0.193447903 -0.058835410 -0.339377552 0.031563554 0.976061702 -0.170558050 0.131214440
543.000000 -0.191831738 -0.060777102 -0.340388358 0.032066848 0.975703716 -0.168813914 0.135925546
544.000000 -0.193674967 -0.056196030 -0.343252659 0.032561447 0.974936306 -0.168619916 0.141443238
545.000000 -0.195406109 -0.056213439 -0.342756391 0.032523107 0.974475801 -0.166020945 0.147567511
546.000000 -0.195305049 -0.055629201 -0.342564821 0.032235518 0.974203289 -0.162406504 0.153339282
547.000000 -0.195644945 -0.051561795 -0.344957352 0.031722348 0.973606706 -0.160242096 0.159393176
548.000000 -0.194462463 -0.049505487 -0.344247639 0.033951655 0.973180652 -0.157194093 0.164489329
549.000000 -0.200186998 -0.046975859 -0.347069323 0.034001004 0.972380519 -0.155061096 0.171102643
550.000000 -0.199874327 -0.047145844 -0.348013163 0.034879684 0.971624076 -0.153756797 0.176320538
551.000000 -0.198883295 -0.046788566 -0.348217905 0.034881461 0.970994890 -0.152334109 0.180959970
552.000000 -0.200843692 -0.046087712 -0.348164350 0.036378834 0.970405221 -0.150198713 0.185554847
553.000000 -0.200224042 -0.047330223 -0.351732135 0.036407847 0.969917893 -0.147622749 0.190108493
554.000000 -0.199589700 -0.047358733 -0.350377202 0.035536557 0.969328821 -0.145776480 0.194648385
555.000000 -0.199527368 -0.048964649 -0.351288706 0.036691215 0.968582332 -0.144710496 0.198899090
556.000000 -0.201343060 -0.046256680 -0.353011817 0.037539426 0.967668116 -0.144323617 0.203420579
557.000000 -0.199119329 -0.047435582 -0.351803660 0.036791168 0.967267573 -0.142586991 0.206660956
558.000000 -0.202280447 -0.046830770 -0.354695916 0.035514601 0.966787040 -0.140586719 0.210468277
559.000000 -0.199033558 -0.043479808 -0.354690254 0.035194837 0.966291070 -0.139934331 0.213216588
560.000000 -0.200344235 -0.043365404 -0.356362641 0.034424137 0.965770125 -0.138342351 0.216712639
561.000000 -0.200401932 -0.043515813 -0.356899559 0.033966292 0.965311527 -0.136882618 0.219734132
562.000000 -0.200438797 -0.042807989 -0.357158542 0.033874612 0.964853585 -0.135499969 0.222598046
563.000000 -0.200170115 -0.042003848 -0.357632637 0.032558460 0.964434147 -0.133867726 0.225579709
564.000000 -0.203084320 -0.044802524 -0.357549191 0.032119434 0.964015901 -0.130985484 0.229094967
565.000000 -0.198862433 -0.040285222 -0.359026611 0.031576153 0.963529885 -0.130359530 0.231558800
566.000000 -0.200408340 -0.042342294 -0.359848887 0.031482831 0.962937534 -0.128111780 0.235260680
567.000000 -0.201196998 -0.043189753 -0.358423352 0.030893931 0.962466717 -0.126279354 0.238237008
568.000000 -0.200616837 -0.041190501 -0.360848308 0.031238947 0.961927116 -0.124361515 0.241359949
569.000000 -0.202572346 -0.041606054 -0.361420482 0.031291794 0.961330771 -0.121963941 0.244926021
570.000000 -0.199648559 -0.042954054 -0.358272433 0.033084493 0.960955441 -0.119000055 0.247606650
571.000000 -0.205526441 -0.037497509 -0.362682343 0.033005752 0.959819257 -0.117466427 0.252703995
572.000000 -0.205221653 -0.038490098 -0.361988008 0.034157153 0.958957553 -0.115191683 0.256835729
573.000000 -0.204749241 -0.037206866 -0.363545477 0.035564080 0.957933068 -0.113352008 0.261248410
574.000000 -0.205135182 -0.038604677 -0.364366829 0.036101833 0.957007647 -0.110611022 0.265703261
575.000000 -0.204834446 -0.039658550 -0.365597159 0.037053030 0.956098318 -0.107810430 0.269962817
576.000000 -0.204050303 -0.036502667 -0.366738081 0.038004000 0.955038309 -0.105780996 0.274350017
577.000000 -0.203512639 -0.037492439 -0.365761340 0.038327709 0.954245806 -0.102677301 0.278214455
578.000000 -0.203414708 -0.036660232 -0.367390811 0.038368937 0.953234971 -0.100272171 0.282517910
579.000000 -0.203127593 -0.037841849 -0.365946978 0.037624035 0.952400744 -0.097522043 0.286368042
580.000000 -0.201311290 -0.038562648 -0.366837859 0.035739224 0.951538980 -0.095365725 0.290175170
581.000000 -0.201314479 -0.029802348 -0.369513869 0.034701299 0.950226128 -0.095071137 0.294665247
582.000000 -0.200434804 -0.031367607 -0.369793057 0.034047924 0.949183583 -0.092413828 0.298916280
583.000000 -0.199928761 -0.030488670 -0.369676262 0.033621352 0.948191643 -0.090488441 0.302678019
584.000000 -0.199293569 -0.029170554 -0.371530026 0.032251608 0.947325349 -0.088088259 0.306226879
585.000000 -0.198688835 -0.032003343 -0.371447086 0.031645391 0.946418405 -0.084370345 0.310116857
586.000000 -0.199328452 -0.030112047 -0.371577919 0.031248750 0.945287466 -0.082289658 0.314139336
587.000000 -0.200922102 -0.029324848 -0.371933341 0.030506862 0.944153130 -0.080012172 0.318185866
588.000000 -0.199350238 -0.032325327 -0.371505886 0.029900663 0.943160534 -0.076859713 0.321942180
589.000000 -0.199602664 -0.029907456 -0.372655571 0.029697770 0.941999137 -0.075271897 0.325714320
590.000000 -0.198740304 -0.029972717 -0.370219290 0.029989814 0.941102386 -0.072982341 0.328786314
591.000000 -0.198719770 -0.025486566 -0.370674729 0.030072523 0.939854860 -0.071000725 0.332757235
592.000000 -0.197745860 -0.030551326 -0.369874716 0.028930202 0.939172924 -0.067691050 0.335462540
593.000000 -0.197597772 -0.029109428 -0.369610637 0.028843334 0.938129187 -0.066183746 0.338676035
594.000000 -0.196363181 -0.029093336 -0.370658129 0.028799320 0.937203228 -0.064310998 0.341591686
595.000000 -0.196523711 -0.026217330 -0.367644966 0.028830830 0.936384737 -0.062169246 0.344219863
596.000000 -0.197000891 -0.026931055 -0.368995368 0.028972704 0.935443163 -0.060324542 0.347084463
597.000000 -0.198160529 -0.029993625 -0.369347036 0.029152848 0.934340835 -0.058206148 0.350384593
598.000000 -0.199710831 -0.025986301 -0.371303588 0.029048195 0.933014274 -0.057965126 0.353950053
599.000000 -0.197709501 -0.025479278 -0.367599249 0.029209416 0.932105899 -0.056541916 0.356550694
600.000000 -0.199978232 -0.024203053 -0.370091081 0.029371060 0.930678606 -0.055420235 0.360421032
601.000000 -0.198708653 -0.023449937 -0.368931055 0.029622024 0.929725289 -0.053423669 0.363151938
602.000000 -0.199133903 -0.024699233 -0.369480699 0.029824164 0.928618312 -0.050459452 0.366377443
603.000000 -0.198936611 -0.023289327 -0.367371887 0.029764481 0.927502453 -0.048294194 0.369487315
604.000000 -0.198376000 -0.021294249 -0.369723737 0.029568451 0.925984979 -0.047503963 0.373391032
605.000000 -0.199640855 -0.025123881 -0.370714724 0.029077824 0.924522460 -0.045882683 0.377236634
606.000000 -0.198639065 -0.023543738 -0.370737880 0.029239308 0.923312545 -0.045419730 0.380231589
607.000000 -0.198319122 -0.024081489 -0.371302783 0.028716661 0.922112286 -0.044584163 0.383270830
608.000000 -0.199222177 -0.022486763 -0.369004130 0.028467325 0.921078920 -0.043872993 0.385847628
609.000000 -0.199885517 -0.021893729 -0.372641355 0.028105307 0.919582844 -0.042386841 0.389590681
610.000000 -0.199218094 -0.021287270 -0.372466892 0.028281648 0.918293655 -0.041182652 0.392735213
611.000000 -0.199448496 -0.023908418 -0.371167779 0.027714169 0.916850746 -0.039309062 0.396322340
612.000000 -0.197335139 -0.019129453 -0.370266974 0.028354585 0.915628135 -0.039112441 0.399113148
613.000000 -0.200415820 -0.020210411 -0.374636054 0.029787026 0.913546681 -0.039181128 0.403745025
614.000000 -0.198926091 -0.022456527 -0.372700512 0.031575829 0.911491752 -0.038152926 0.408325940
615.000000 -0.198232263 -0.020046562 -0.372662634 0.032813404 0.909266233 -0.036629878 0.413299561
616.000000 -0.199642763 -0.022799663 -0.371887445 0.032023441 0.907665730 -0.034001522 0.417086750
617.000000 -0.197066426 -0.021865260 -0.372299641 0.032567643 0.906081676 -0.032063652 0.420627236
618.000000 -0.198882043 -0.023710642 -0.373032868 0.030935803 0.904216051 -0.029111100 0.424957454
619.000000 -0.197547451 -0.022814998 -0.373304307 0.029765375 0.902245581 -0.027029321 0.429344147
620.000000 -0.196925685 -0.024170350 -0.374103487 0.029341890 0.900151074 -0.026056876 0.433806568
621.000000 -0.196114898 -0.019920176 -0.373036802 0.029586101 0.898397744 -0.026488967 0.437383652
622.000000 -0.196055949 -0.020250985 -0.373116970 0.028761966 0.896926522 -0.026133886 0.440468609
623.000000 -0.195036620 -0.021346144 -0.373289019 0.027784785 0.895297050 -0.025516657 0.443869442
624.000000 -0.193442822 -0.016968898 -0.374002546 0.026894722 0.893897593 -0.025423892 0.446740866
625.000000 -0.191849604 -0.021143887 -0.374309093 0.026357407 0.892198563 -0.024374045 0.450214326
626.000000 -0.191555291 -0.017649770 -0.374713778 0.027111067 0.890182734 -0.024832545 0.454117864
627.000000 -0.190014422 -0.016758721 -0.372238815 0.027219946 0.888738394 -0.023668610 0.456993461
628.000000 -0.188961670 -0.020790488 -0.376499921 0.026498528 0.886728525 -0.022799397 0.460966915
629.000000 -0.188008845 -0.018156271 -0.374844462 0.026970826 0.885204971 -0.024549536 0.463769376
630.000000 -0.188318923 -0.018679403 -0.377900630 0.026340347 0.883501589 -0.025288975 0.467002809
631.000000 -0.185650796 -0.022560261 -0.376737595 0.025407409 0.882003963 -0.024429649 0.469921976
632.000000 -0.184694409 -0.021082997 -0.378573239 0.025091587 0.879994631 -0.024779635 0.473672688
633.000000 -0.183774292 -0.020863784 -0.376845360 0.025445960 0.878227353 -0.025810326 0.476868004
634.000000 -0.179664284 -0.022184232 -0.375235379 0.025866283 0.876490176 -0.026378142 0.480000079
635.000000 -0.179986000 -0.023150716 -0.378939033 0.025579620 0.874039531 -0.027222022 0.484416723
636.000000 -0.177865162 -0.023178011 -0.376697272 0.025896443 0.872241437 -0.027799100 0.487597555
637.000000 -0.172422349 -0.018041136 -0.373904526 0.026561555 0.870724201 -0.029701142 0.490154773
638.000000 -0.170094922 -0.018907126 -0.373454809 0.026046181 0.869063139 -0.029842809 0.493112773
639.000000 -0.169635981 -0.019878950 -0.374752611 0.025746260 0.867252469 -0.030131873 0.496288508
640.000000 -0.166654781 -0.021446634 -0.374047667 0.025666274 0.865794361 -0.030304233 0.498821646
641.000000 -0.162583008 -0.016372522 -0.371337771 0.026269304 0.864398241 -0.031958796 0.501102924
642.000000 -0.162018463 -0.020765230 -0.374648333 0.025236981 0.862751126 -0.031562828 0.504011273
643.000000 -0.158616155 -0.020910956 -0.372588724 0.025973562 0.861653090 -0.031856440 0.505830407
644.000000 -0.156888112 -0.018269569 -0.372987688 0.026398510 0.860493481 -0.032366663 0.507746518
645.000000 -0.154042244 -0.018839842 -0.373163700 0.025946923 0.859270155 -0.031520192 0.509890199
646.000000 -0.151763409 -0.019305184 -0.371697754 0.025742764 0.858323336 -0.031479575 0.511495233
647.000000 -0.148700520 -0.018952820 -0.371953577 0.026311323 0.857208431 -0.032001138 0.513300419
648.000000 -0.146062344 -0.021264017 -0.369930625 0.025670469 0.856352270 -0.031507801 0.514790297
649.000000 -0.144143119 -0.016923970 -0.370537788 0.025310196 0.855409563 -0.031949826 0.516345918
650.000000 -0.139755771 -0.023098722 -0.369110674 0.023759631 0.854914963 -0.031086072 0.517290533
651.000000 -0.139782771 -0.020032313 -0.368634999 0.023277160 0.853884101 -0.031834312 0.518967032
652.000000 -0.136211827 -0.019203246 -0.368937135 0.023141531 0.853308499 -0.031969979 0.519910634
653.000000 -0.129781187 -0.018817715 -0.365862966 0.022443920 0.853757322 -0.031769093 0.519216180
654.000000 -0.127750278 -0.018698756 -0.366009772 0.022670133 0.853601992 -0.031810641 0.519459069
655.000000 -0.125346094 -0.019212702 -0.362693131 0.022200776 0.853902996 -0.031469513 0.519005299
656.000000 -0.124145269 -0.018777652 -0.363134682 0.022256939 0.853919208 -0.031523421 0.518972874
657.000000 -0.119897738 -0.018037489 -0.360546172 0.022616839 0.853770912 -0.031286653 0.519215524
658.000000 -0.117985681 -0.020033492 -0.362501383 0.022436239 0.852975190 -0.030468455 0.520578086
659.000000 -0.115458161 -0.017641416 -0.362252831 0.023138996 0.852625012 -0.030594079 0.521113455
660.000000 -0.111548394 -0.019261580 -0.358438194 0.023220928 0.853068173 -0.029964361 0.520420551
661.000000 -0.108933091 -0.018647373 -0.358963877 0.022522122 0.852973402 -0.029456560 0.520635545
662.000000 -0.108845010 -0.016751571 -0.359669864 0.022364432 0.852807879 -0.029542707 0.520908594
663.000000 -0.105410241 -0.017393067 -0.357520878 0.021381019 0.853657424 -0.028912246 0.519592106
664.000000 -0.104220815 -0.014164809 -0.358832121 0.020697013 0.853965700 -0.028118597 0.519156635
665.000000 -0.097934380 -0.015892975 -0.354600191 0.019170001 0.854648113 -0.025828224 0.518210292
666.000000 -0.096689008 -0.016182302 -0.355391562 0.017607253 0.854453385 -0.024328247 0.518659353
667.000000 -0.094483316 -0.015434993 -0.355498731 0.015871720 0.854398370 -0.023305144 0.518852890
668.000000 -0.092904069 -0.013160354 -0.356338441 0.013945640 0.854134381 -0.022602949 0.519373834
669.000000 -0.089473657 -0.012896362 -0.356182158 0.010930736 0.854330480 -0.021080527 0.519187331
670.000000 -0.088028945 -0.012569848 -0.357448101 0.008289458 0.854360163 -0.020015866 0.519229531
671.000000 -0.082922764 -0.011664111 -0.356438190 0.006699702 0.854614735 -0.019600036 0.518849254
672.000000 -0.082515322 -0.009954091 -0.357060701 0.004885618 0.854569018 -0.017778374 0.519010305
673.000000 -0.080401331 -0.011643215 -0.360203028 0.003465792 0.854206741 -0.015185459 0.519700110
674.000000 -0.077160686 -0.010562789 -0.357931107 0.003443950 0.854043365 -0.014295229 0.519993961
675.000000 -0.075253770 -0.012411515 -0.356965542 0.003099325 0.853983462 -0.013355761 0.520119488
676.000000 -0.072691657 -0.011187499 -0.357854813 0.002321916 0.853537321 -0.012246924 0.520882607
677.000000 -0.070946231 -0.010434730 -0.360955805 0.001905523 0.852781892 -0.011520295 0.522136688
678.000000 -0.068294130 -0.009398325 -0.363547385 0.002100431 0.851581335 -0.010291865 0.524117172
679.000000 -0.065731309 -0.011228969 -0.363877535 0.002549440 0.850479066 -0.008659692 0.525931358
680.000000 -0.064096980 -0.011230438 -0.364457518 0.004292974 0.848918915 -0.008015579 0.528444827
681.000000 -0.059172094 -0.009840440 -0.363548398 0.005976286 0.847251296 -0.007615863 0.531104028
682.000000 -0.059261329 -0.009743664 -0.368581057 0.007098356 0.845326602 -0.006848420 0.534158826
683.000000 -0.054913424 -0.007264270 -0.369032353 0.008969542 0.844280064 -0.006825816 0.535783589
684.000000 -0.053109407 -0.003421104 -0.372628659 0.010260114 0.843604565 -0.007451542 0.536815166
685.000000 -0.049178474 -0.006788435 -0.371205002 0.008925281 0.843940258 -0.005291513 0.536336780
686.000000 -0.046144612 -0.006893249 -0.373816550 0.007552730 0.843980551 -0.003386104 0.536309958
687.000000 -0.042042941 -0.001876317 -0.374186784 0.007594172 0.844659328 -0.002217166 0.535245717
688.000000 -0.041192085 -0.006247054 -0.377177894 0.006047970 0.845045924 0.000246016 0.534659445
689.000000 -0.036979340 -0.003583221 -0.380617052 0.005224946 0.845403910 0.001898242 0.534098685
690.000000 -0.034762971 -0.007637473 -0.382591665 0.003991568 0.845546365 0.002547526 0.533880949
691.000000 -0.032504097 -0.006008308 -0.383453190 0.003890105 0.846002042 0.001145243 0.533164203
692.000000 -0.029468954 -0.006884872 -0.387724251 0.002645816 0.846331120 -0.000022570 0.532650530
693.000000 -0.026631534 -0.005138785 -0.387703359 0.001700212 0.847080827 -0.000263999 0.531461120
694.000000 -0.022205621 -0.006678309 -0.388577849 0.000489186 0.847616911 0.000450934 0.530608177
695.000000 -0.022008896 -0.007751719 -0.394141227 -0.000870807 0.847456157 0.001495050 0.530862510
696.000000 -0.014844924 -0.010357358 -0.399879307 -0.002330072 0.847553611 0.003019494 0.530695975
697.000000 -0.011476517 -0.000759794 -0.397339433 -0.000477580 0.848667383 0.001847084 0.528923512
698.000000 -0.008605227 -0.004410082 -0.407405257 -0.002233243 0.849161506 0.005415989 0.528100729
699.000000 -0.005362555 -0.002745355 -0.406242251 -0.002410550 0.849875152 0.006108123 0.526943028
700.000000 -0.004745349 -0.000164956 -0.410180420 -0.002667886 0.850003362 0.006980764 0.526724160
701.000000 -0.003059655 -0.004908297 -0.411421895 -0.003871437 0.850204468 0.010008516 0.526343286
702.000000 0.001263469 -0.005664816 -0.410883456 -0.004849416 0.850700438 0.013517931 0.525454521
703.000000 0.003347844 -0.003893390 -0.414157122 -0.004980730 0.851076603 0.015232770 0.524796784
704.000000 0.006826028 -0.006080300 -0.411556244 -0.004888947 0.852269113 0.017697530 0.522781253
705.000000 0.008916616 -0.003216162 -0.413419932 -0.005499137 0.852897406 0.019735852 0.521676421
706.000000 0.009089395 -0.005731377 -0.420522779 -0.007417387 0.852666676 0.021756053 0.521949351
707.000000 0.011441112 -0.005596449 -0.420025527 -0.007652252 0.853222311 0.022206943 0.521018207
708.000000 0.012146905 0.002400470 -0.419936448 -0.006539652 0.853799164 0.020967927 0.520138800
709.000000 0.019072324 0.002799273 -0.413519919 -0.006659899 0.855398417 0.022568779 0.517435789
710.000000 0.017100722 0.000013250 -0.425437093 -0.007565225 0.855093837 0.023969209 0.517863512
711.000000 0.019281924 -0.000644033 -0.426112771 -0.007573526 0.856274307 0.024053115 0.515905321
712.000000 0.024350628 -0.001418996 -0.420290530 -0.008568953 0.858190000 0.025223220 0.512640536
713.000000 0.026445359 -0.003546103 -0.421837687 -0.010868874 0.859335244 0.026773786 0.510595560
714.000000 0.028472811 -0.002199101 -0.425074339 -0.012259005 0.860447228 0.026866443 0.508683145
715.000000 0.029963315 -0.003507945 -0.423949569 -0.012314197 0.862262368 0.026214782 0.505632997
716.000000 0.033569157 -0.007750950 -0.421647340 -0.012490969 0.864421368 0.026060259 0.501936793
717.000000 0.036278203 -0.007124499 -0.424310088 -0.012239256 0.866197944 0.025569966 0.498896271
718.000000 0.036470622 -0.004049763 -0.426155627 -0.012151180 0.867949545 0.024841791 0.495881826
719.000000 0.041703060 -0.004623432 -0.426576376 -0.012937692 0.869878769 0.026147282 0.492402077
720.000000 0.044738680 -0.007660912 -0.422249794 -0.013450010 0.872206211 0.028602488 0.488116056
721.000000 0.049296767 -0.000314027 -0.424333513 -0.011856270 0.874225259 0.027463309 0.484598190
722.000000 0.052982271 -0.003154118 -0.421717584 -0.011501606 0.876317918 0.028042328 0.480778754
723.000000 0.054076090 -0.004077060 -0.423563778 -0.011273551 0.877961695 0.028271437 0.477762282
724.000000 0.055654675 -0.006104348 -0.426935554 -0.011783068 0.879495025 0.028637519 0.474899441
725.000000 0.060160384 -0.008130483 -0.423773527 -0.012586941 0.881424546 0.029752053 0.471218735
726.000000 0.065564752 -0.001792857 -0.415640116 -0.012108689 0.884097397 0.030446921 0.466152489
727.000000 0.070621356 -0.004371790 -0.414674819 -0.011676840 0.885939598 0.031253871 0.462599039
728.000000 0.070217013 -0.007527148 -0.421696365 -0.010387314 0.887279928 0.031752206 0.460019767
729.000000 0.070782095 -0.009712677 -0.421842694 -0.009386927 0.889143229 0.034090534 0.456260800
730.000000 0.073825002 -0.007798659 -0.423175633 -0.008824007 0.891231000 0.035559990 0.452067405
731.000000 0.083482385 -0.005471403 -0.412652582 -0.007323865 0.894489527 0.036958165 0.445498496
732.000000 0.090201303 -0.004832925 -0.406681567 -0.006219168 0.897198498 0.038128857 0.439934462
733.000000 0.094389066 -0.005851280 -0.406731606 -0.005684793 0.899576485 0.038957056 0.434985340
734.000000 0.095938832 -0.005700370 -0.406384230 -0.005559683 0.901690841 0.039145719 0.430569798
735.000000 0.096556067 -0.005402435 -0.406986356 -0.005581313 0.903615832 0.039070915 0.426521719
736.000000 0.102702603 -0.005356830 -0.401683211 -0.005964535 0.906087995 0.040200856 0.421132892
737.000000 0.102369443 -0.006284541 -0.405000448 -0.006387252 0.907953680 0.040934421 0.417017609
738.000000 0.104976222 -0.004646519 -0.401360929 -0.005750854 0.910248101 0.041032583 0.411985010
739.000000 0.107761517 -0.005655784 -0.403743744 -0.006100531 0.911810994 0.042565960 0.408352375
740.000000 0.113085330 -0.000842575 -0.397941411 -0.007101125 0.913976252 0.044255868 0.403284460
741.000000 0.114286989 -0.003065571 -0.398112148 -0.009091785 0.915677011 0.046355978 0.399129182
742.000000 0.118175089 -0.003454942 -0.397191912 -0.011015690 0.917269230 0.047550153 0.395265460
743.000000 0.119073197 -0.003538836 -0.397424579 -0.012905481 0.918624818 0.048049558 0.391986132
744.000000 0.120517328 0.000775173 -0.398075402 -0.014282451 0.919625044 0.048035353 0.389587432
745.000000 0.121125534 -0.001200732 -0.400070161 -0.014674332 0.920153737 0.047522921 0.388385504
746.000000 0.119619697 -0.000015900 -0.400006086 -0.014477954 0.920599341 0.045529816 0.387574762
747.000000 0.125512883 0.003454469 -0.395941317 -0.016895287 0.922232985 0.047692753 0.383309692
748.000000 0.125726998 0.000488855 -0.399856806 -0.018279811 0.922726572 0.047900859 0.382030129
749.000000 0.131190494 -0.000479665 -0.394656569 -0.018330358 0.923817098 0.047968965 0.379374385
750.000000 0.130881041 -0.000698753 -0.396376073 -0.018660186 0.924312234 0.047699064 0.378184497
751.000000 0.135227904 0.001779709 -0.389602840 -0.017777732 0.925593317 0.046299677 0.375256240
752.000000 0.135838479 0.003848419 -0.392840028 -0.015883584 0.926563740 0.044785984 0.373124063
753.000000 0.137645870 -0.001766827 -0.393708318 -0.015686521 0.927761912 0.045722567 0.370028585
754.000000 0.143372566 -0.004848398 -0.388026953 -0.014401371 0.929732502 0.045817748 0.365090102
755.000000 0.141165197 -0.001983941 -0.391851157 -0.013391164 0.930991411 0.045032836 0.362005174
756.000000 0.143597752 -0.000771925 -0.390359670 -0.013824299 0.932810366 0.046598345 0.357074589
757.000000 0.142033786 -0.005127553 -0.392140716 -0.015413740 0.934323013 0.050544567 0.352488518
758.000000 0.145730406 -0.003909186 -0.387467384 -0.016221009 0.936561644 0.053308703 0.346045226
759.000000 0.152444661 0.000225529 -0.383109301 -0.015402708 0.938805819 0.054675862 0.339730740
760.000000 0.155024409 -0.000431057 -0.385784537 -0.014575945 0.940307856 0.057454675 0.335123360
761.000000 0.149347961 0.000549033 -0.390503466 -0.013837011 0.941521049 0.059935577 0.331291914
762.000000 0.160020977 0.001703944 -0.382006079 -0.012069125 0.944148183 0.062714256 0.323273063
763.000000 0.173114687 -0.006573610 -0.373370081 -0.010249191 0.946589887 0.066852771 0.315266937
764.000000 0.176287085 -0.007409252 -0.372392535 -0.009512673 0.948375225 0.070192866 0.309138954
765.000000 0.175165221 -0.010847446 -0.373717308 -0.009318455 0.949863434 0.073672354 0.303718626
766.000000 0.178829372 -0.004823327 -0.375308216 -0.007770163 0.951620996 0.074273989 0.298061222
767.000000 0.181819171 -0.008179601 -0.373264909 -0.006747063 0.953161061 0.076082893 0.292659909
768.000000 0.177520692 -0.004355524 -0.376915634 -0.005487755 0.954035044 0.077065468 0.289565206
769.000000 0.182061732 -0.004355643 -0.377185702 -0.003503691 0.955106735 0.077875227 0.285822093
770.000000 0.185473233 -0.002022669 -0.377256364 -0.000163095 0.955824077 0.077587336 0.283514649
771.000000 0.194047913 -0.009924188 -0.374477684 0.001903323 0.956386387 0.081241310 0.280573219
772.000000 0.191683084 -0.005016364 -0.376837164 0.004427854 0.956228614 0.082095675 0.280833721
773.000000 0.193978310 -0.001289472 -0.375093937 0.005910935 0.956367552 0.081635259 0.280467242
774.000000 0.193577692 -0.004083052 -0.378719658 0.005334136 0.956035972 0.082205303 0.281441003
775.000000 0.198543504 -0.003693342 -0.376325786 0.005018566 0.956069469 0.080931656 0.281702042
776.000000 0.196945056 -0.006005913 -0.378668636 0.002694916 0.955689251 0.080397785 0.283173114
777.000000 0.193913639 -0.000621036 -0.380464762 0.000605670 0.955200851 0.078878522 0.285252899
778.000000 0.193408266 -0.001591381 -0.381842911 -0.000912188 0.954718590 0.076245256 0.287572950
779.000000 0.193303823 -0.001714509 -0.384333074 -0.001954279 0.954148352 0.071838491 0.290579379
780.000000 0.200421125 -0.002338417 -0.381653011 -0.003505307 0.953898191 0.067671530 0.292380720
781.000000 0.201175779 -0.010074742 -0.381040931 -0.006287561 0.953108847 0.064752802 0.295552105
782.000000 0.200113401 -0.008192349 -0.383980840 -0.007645736 0.952615201 0.060343452 0.298034370
783.000000 0.203039050 -0.011159513 -0.383247495 -0.008600232 0.952427387 0.057641260 0.299141437
784.000000 0.202989250 -0.008942027 -0.381527990 -0.008289726 0.952063382 0.056095377 0.300599277
785.000000 0.205304965 -0.007563960 -0.381914705 -0.008606267 0.951729834 0.055459600 0.301762342
786.000000 0.203205198 -0.012186296 -0.385432959 -0.008105785 0.951030850 0.054406103 0.304162145
787.000000 0.207622275 -0.010207571 -0.381030351 -0.007310661 0.951204777 0.051875554 0.304080516
788.000000 0.208163112 -0.006089732 -0.381776154 -0.006663268 0.951011419 0.048889246 0.305192977
789.000000 0.208385170 -0.010648098 -0.380951971 -0.005899445 0.951051652 0.045430936 0.305617362
790.000000 0.210235029 -0.014808487 -0.382421702 -0.004440442 0.951070428 0.041877609 0.306090742
791.000000 0.205451012 -0.011894651 -0.387380034 -0.003124620 0.950593472 0.038526271 0.308022797
792.000000 0.206709415 -0.011896672 -0.385483384 -0.001949747 0.950352252 0.035628188 0.309123665
793.000000 0.205241919 -0.011944139 -0.387965739 -0.000707302 0.949694037 0.031883977 0.311551154
794.000000 0.208329871 -0.011529455 -0.385476947 0.000637228 0.949470341 0.027590221 0.312641144
795.000000 0.208578765 -0.013282983 -0.385843933 0.000729636 0.948965669 0.023431549 0.314506859
796.000000 0.209346652 -0.014128136 -0.386716604 0.001280979 0.948190153 0.016742149 0.317259431
797.000000 0.207979023 -0.013447076 -0.386988521 0.001774962 0.947180033 0.009518109 0.320556045
798.000000 0.206832603 -0.013721542 -0.387414128 0.001064700 0.946387887 0.004131085 0.323004395
799.000000 0.208924949 -0.014660839 -0.388258219 0.001089540 0.945546806 0.000553241 0.325483829
800.000000 0.207359716 -0.012112292 -0.387000114 0.001673887 0.944421232 -0.002085663 0.328726918
801.000000 0.208046064 -0.014106292 -0.387644202 0.001916464 0.943187416 -0.003618097 0.332236052
802.000000 0.206984520 -0.017263096 -0.391458184 0.002122743 0.941605330 -0.004953953 0.336675406
803.000000 0.211947277 -0.015255395 -0.383785903 0.003207112 0.940717101 -0.006704461 0.339110702
804.000000 0.214157671 -0.015420904 -0.383502394 0.003837984 0.939451694 -0.008616595 0.342551500
805.000000 0.212086767 -0.016035542 -0.383552104 0.004571142 0.937822819 -0.010054030 0.346938521
806.000000 0.212730899 -0.013951244 -0.384131283 0.004384961 0.936474621 -0.011219257 0.350528508
807.000000 0.213438720 -0.017113419 -0.383343041 0.003105942 0.935130477 -0.011321363 0.354109049
808.000000 0.214329213 -0.014735257 -0.383118987 0.002924060 0.933824658 -0.012764880 0.357491225
809.000000 0.215021551 -0.015510672 -0.382519454 0.002562083 0.932388961 -0.013597790 0.361191630
810.000000 0.214550942 -0.017224642 -0.382843196 0.001416510 0.930704057 -0.013864130 0.365507603
811.000000 0.214926824 -0.015908426 -0.381098956 0.000844248 0.928964615 -0.013604376 0.369917512
812.000000 0.215021297 -0.013931307 -0.381993711 0.000091810 0.927158177 -0.013507494 0.374426544
813.000000 0.218741238 -0.015522610 -0.375914633 -0.000540751 0.925903559 -0.011820296 0.377574623
814.000000 0.218007877 -0.015868906 -0.380633712 -0.001628685 0.923758864 -0.009985065 0.382840931
815.000000 0.222298712 -0.014782934 -0.375518113 -0.001932338 0.922410250 -0.007825208 0.386127383
816.000000 0.215094104 -0.017674509 -0.381695062 -0.002866816 0.919867158 -0.005301384 0.392183661
817.000000 0.221646369 -0.014597433 -0.375490427 -0.003338330 0.918727934 -0.003695807 0.394859731
818.000000 0.219234705 -0.013425663 -0.375977844 -0.003755127 0.916752577 -0.002021406 0.399432719
819.000000 0.222323164 -0.013814917 -0.373104662 -0.004662834 0.915175378 0.000391603 0.403028667
820.000000 0.222469360 -0.013347073 -0.372512519 -0.005795499 0.913413525 0.002476400 0.406984091
821.000000 0.221469000 -0.012435595 -0.371248335 -0.005933505 0.911638856 0.004645482 0.410923094
822.000000 0.221568555 -0.013630352 -0.373595566 -0.006831709 0.909767330 0.007867489 0.414987773
823.000000 0.223066404 -0.014090526 -0.369727105 -0.007868535 0.908381760 0.010778048 0.417928755
824.000000 0.223880172 -0.011854746 -0.369673431 -0.008887837 0.906904161 0.013607508 0.421023369
825.000000 0.223425224 -0.013874827 -0.368231535 -0.010946135 0.905323863 0.016662063 0.424253762
826.000000 0.219972014 -0.013146102 -0.370869875 -0.012857719 0.903456748 0.018796310 0.428073883
827.000000 0.219923913 -0.013320465 -0.369847715 -0.014294476 0.902205944 0.021686479 0.430522680
828.000000 0.219021648 -0.011723267 -0.370521307 -0.016231185 0.900695026 0.024181698 0.433474660
829.000000 0.218904167 -0.004191346 -0.369395167 -0.016660281 0.899714351 0.024654845 0.435463756
830.000000 0.220183760 -0.009764768 -0.365061015 -0.020071087 0.897380412 0.027741883 0.439927101
831.000000 0.217041790 -0.013925476 -0.369092584 -0.021208895 0.895853877 0.028897051 0.442900628
832.000000 0.220635056 -0.012813399 -0.361469328 -0.021970507 0.894862950 0.029845973 0.444799781
833.000000 0.219900906 -0.014384739 -0.359697878 -0.023201643 0.893165827 0.031158462 0.448046446
834.000000 0.217620164 -0.012434063 -0.360838354 -0.023617171 0.891038299 0.030781092 0.452267110
835.000000 0.217821896 -0.013261320 -0.358239800 -0.024392735 0.889072597 0.031267408 0.456045181
836.000000 0.218302876 -0.015059641 -0.358581573 -0.025872076 0.886998892 0.032452781 0.459902674
837.000000 0.217135787 -0.014037922 -0.356816769 -0.027863298 0.885222673 0.033013735 0.463157088
838.000000 0.215700984 -0.013185933 -0.357543826 -0.030123938 0.883395135 0.032977812 0.466495425
839.000000 0.213384897 -0.013992991 -0.355233967 -0.032093022 0.882096589 0.033855446 0.468753070
840.000000 0.213987544 -0.012890734 -0.353230298 -0.034338601 0.880818367 0.035213500 0.470892608
841.000000 0.213863939 -0.016176339 -0.354992867 -0.038208988 0.878775120 0.038005028 0.474183500
842.000000 0.207316399 -0.008542020 -0.356320888 -0.039931856 0.876445234 0.038675822 0.478281707
843.000000 0.211251482 -0.011610772 -0.350908339 -0.042029914 0.874766171 0.040408600 0.481024683
844.000000 0.210348994 -0.013703100 -0.351156235 -0.044049520 0.872222364 0.042755082 0.485241979
845.000000 0.207936436 -0.010349859 -0.345122457 -0.045151200 0.870180249 0.044080079 0.488676399
846.000000 0.204367340 -0.008699689 -0.346216679 -0.045933872 0.867479920 0.044509117 0.493343294
847.000000 0.202526063 -0.010846883 -0.350066870 -0.046258546 0.864059269 0.045161575 0.499221623
848.000000 0.205661312 -0.012545001 -0.342623800 -0.046427328 0.861664534 0.045291908 0.503316343
849.000000 0.201967835 -0.010126814 -0.345102489 -0.045086991 0.857948363 0.044557545 0.509810150
850.000000 0.204208314 -0.013205409 -0.340872347 -0.045171019 0.854266644 0.044209916 0.515978098
851.000000 0.201040655 -0.012812402 -0.337879419 -0.045945086 0.850259423 0.043048244 0.522584736
852.000000 0.198861733 -0.008888301 -0.340659440 -0.046578005 0.845967531 0.041749157 0.529553056
853.000000 0.197570562 -0.010204092 -0.340819597 -0.048049815 0.842323363 0.041172866 0.535245121
854.000000 0.195451781 -0.008057930 -0.343303561 -0.049256340 0.838485420 0.040420968 0.541185915
855.000000 0.193776578 -0.007641785 -0.339221448 -0.051978234 0.835525930 0.041389905 0.545418680
856.000000 0.195698097 -0.008567490 -0.338863224 -0.054480322 0.832486153 0.043665238 0.549628973
857.000000 0.191606924 -0.009699360 -0.342094511 -0.055484004 0.829040110 0.044513196 0.554646373
858.000000 0.189246207 -0.006801352 -0.339235157 -0.055633958 0.826307058 0.045312852 0.558630705
859.000000 0.189005226 -0.010480624 -0.340780348 -0.056874458 0.823075533 0.046696179 0.563144207
860.000000 0.189967930 -0.009216528 -0.335001409 -0.056502081 0.821002007 0.046824701 0.566189647
861.000000 0.189144462 -0.012085360 -0.334280998 -0.056944784 0.818764806 0.046873938 0.569371939
862.000000 0.183091044 -0.009391245 -0.337015390 -0.056685328 0.816272616 0.046240613 0.573016286
863.000000 0.182816729 -0.009543855 -0.333178163 -0.055944707 0.814586878 0.045869067 0.575512350
864.000000 0.178396434 -0.008694462 -0.333781302 -0.054650865 0.812455773 0.044830363 0.578722000
865.000000 0.178823784 -0.010630585 -0.328538001 -0.054465815 0.810601771 0.045177121 0.581306636
866.000000 0.175760508 -0.006979771 -0.325540960 -0.054303512 0.808569610 0.045029461 0.584156454
867.000000 0.174466491 -0.010464013 -0.324739814 -0.054316074 0.806527853 0.044242337 0.587030828
868.000000 0.176272571 -0.011350479 -0.315803409 -0.053225689 0.805704772 0.043409005 0.588321805
869.000000 0.171563953 -0.007992763 -0.314187437 -0.051284984 0.804168999 0.040919494 0.590768754
870.000000 0.169362187 -0.011162501 -0.314103007 -0.050375566 0.802373588 0.039353956 0.593388796
871.000000 0.167085841 -0.012454385 -0.310219586 -0.050443597 0.800949514 0.039521776 0.595292687
872.000000 0.165530145 -0.011569548 -0.307617247 -0.050816253 0.799685836 0.040832452 0.596869349
873.000000 0.160767794 -0.010649703 -0.304752350 -0.049066365 0.798673093 0.039744183 0.598443151
874.000000 0.157699913 -0.013033021 -0.303347200 -0.046534155 0.797818422 0.037964478 0.599899232
875.000000 0.156953931 -0.013169717 -0.297504902 -0.044533391 0.797694862 0.035900690 0.600342333
876.000000 0.152773917 -0.011515841 -0.296264708 -0.043100733 0.796869695 0.033504810 0.601679742
877.000000 0.146718979 -0.010811126 -0.299887002 -0.041972976 0.795376778 0.031089613 0.603860557
878.000000 0.142503098 -0.008032162 -0.299280763 -0.042748410 0.793759942 0.028814770 0.606042504
879.000000 0.143342391 -0.012458436 -0.289375246 -0.043003794 0.793325543 0.026655836 0.606691658
880.000000 0.137964338 -0.010778818 -0.290332913 -0.041625999 0.791303158 0.022754898 0.609580934
881.000000 0.137099892 -0.012006586 -0.288505584 -0.041666839 0.789848387 0.021025296 0.611523747
882.000000 0.133077502 -0.013148213 -0.283912897 -0.042349465 0.788152814 0.020205909 0.613688409
883.000000 0.133774966 -0.014737310 -0.278342009 -0.042927876 0.786563158 0.019663930 0.615701973
884.000000 0.126967460 -0.010313811 -0.279011726 -0.042630035 0.784115553 0.017895686 0.618890285
885.000000 0.125290915 -0.012936492 -0.274994791 -0.043197148 0.782270133 0.017480832 0.621193886
886.000000 0.119310752 -0.011556664 -0.280848712 -0.043035388 0.779002666 0.016861895 0.625314713
887.000000 0.121169090 -0.015048485 -0.269528061 -0.043573353 0.777297497 0.017735058 0.627371788
888.000000 0.115171403 -0.012324081 -0.271245867 -0.043251622 0.773527443 0.018173961 0.632023931
889.000000 0.113196805 -0.012636842 -0.268409282 -0.042757325 0.769758761 0.018776093 0.636624455
890.000000 0.107504740 -0.016304675 -0.274599850 -0.042808730 0.764363229 0.018981773 0.643083155
891.000000 0.112374604 -0.019740013 -0.257885814 -0.040997595 0.761801898 0.020177694 0.646196485
892.000000 0.109171890 -0.019701416 -0.257676542 -0.039044905 0.756661713 0.020159181 0.652328134
893.000000 0.106360652 -0.019308932 -0.254870415 -0.037275806 0.751898110 0.019525206 0.657935023
894.000000 0.104008034 -0.019849237 -0.257527858 -0.035998229 0.746902764 0.018927848 0.663688302
895.000000 0.101998955 -0.019121442 -0.254512459 -0.034718260 0.742840767 0.018455809 0.668312490
896.000000 0.099593498 -0.021189693 -0.255557418 -0.034682576 0.738228500 0.018385001 0.673407614
897.000000 0.094166510 -0.018517297 -0.250992954 -0.033411108 0.734135032 0.017634246 0.677951694
898.000000 0.093457416 -0.018678948 -0.246822685 -0.031753737 0.729461730 0.017036458 0.683071733
899.000000 0.088878237 -0.017135989 -0.252382249 -0.029891299 0.723596275 0.016895102 0.689368904
900.000000 0.091082394 -0.023732329 -0.253795803 -0.030653672 0.718736112 0.018816596 0.694351971
901.000000 0.086421929 -0.019604737 -0.252156675 -0.029869415 0.714469552 0.018495595 0.698783875
902.000000 0.080346577 -0.013011260 -0.255325764 -0.029084606 0.709842682 0.017192546 0.703549504
903.000000 0.081854530 -0.016040374 -0.250092745 -0.029892920 0.706579924 0.017639890 0.706781447
904.000000 0.079814382 -0.024651611 -0.234670222 -0.031021424 0.704759359 0.018581452 0.708524287
905.000000 0.076788910 -0.025755772 -0.236270934 -0.030870287 0.700192094 0.017833035 0.713063776
906.000000 0.075293005 -0.024564175 -0.236027598 -0.030847888 0.696166039 0.016481239 0.717028260
907.000000 0.069642812 -0.021585688 -0.237756446 -0.030649988 0.691768348 0.016031925 0.721290648
908.000000 0.069963425 -0.024755843 -0.236160651 -0.031755205 0.688398838 0.016463652 0.724449873
909.000000 0.065306187 -0.021659762 -0.236975312 -0.031203037 0.685033619 0.015830722 0.727670729
910.000000 0.061314706 -0.021597104 -0.242725775 -0.030596456 0.681087852 0.015462798 0.731398761
911.000000 0.058831453 -0.021503288 -0.240740523 -0.030744331 0.678365767 0.015369091 0.733919919
912.000000 0.058091655 -0.021687649 -0.239701658 -0.030713543 0.675560236 0.015006393 0.736511946
913.000000 0.054817263 -0.019999465 -0.239440396 -0.030081715 0.672703862 0.013667528 0.739173710
914.000000 0.050449573 -0.016748518 -0.239004567 -0.028911984 0.669708669 0.012616393 0.741953611
915.000000 0.052585281 -0.019948544 -0.239778325 -0.029194750 0.666701913 0.012499799 0.744647563
916.000000 0.051267337 -0.024164656 -0.237914979 -0.029601665 0.664069235 0.013103670 0.746969998
917.000000 0.048993349 -0.023057692 -0.237229824 -0.029678453 0.661818147 0.013496034 0.748955131
918.000000 0.047188260 -0.027921388 -0.241124555 -0.030240249 0.658868253 0.014089514 0.751518190
919.000000 0.042198043 -0.016299047 -0.244838580 -0.027796747 0.656134129 0.012095138 0.754035175
920.000000 0.039929949 -0.013611650 -0.243681744 -0.026259663 0.654238939 0.011660830 0.755741894
921.000000 0.038299926 -0.015090013 -0.243540555 -0.025028432 0.652459979 0.011245959 0.757326245
922.000000 0.036626723 -0.014430089 -0.245254278 -0.022574730 0.650487781 0.010210372 0.759112477
923.000000 0.035127968 -0.015229514 -0.245660752 -0.020460129 0.648853958 0.009105816 0.760583341
924.000000 0.034152068 -0.015471055 -0.246369496 -0.019139353 0.647584856 0.008401155 0.761706591
925.000000 0.033450164 -0.017526882 -0.241893232 -0.018921524 0.646765053 0.008454169 0.762407720
926.000000 0.032040007 -0.014977026 -0.246981353 -0.018022364 0.644376814 0.007419725 0.764459729
927.000000 0.029859707 -0.013462160 -0.247094676 -0.016827691 0.642832696 0.006006318 0.765798211
928.000000 0.028440326 -0.013479647 -0.246146083 -0.015251631 0.641327322 0.004302223 0.767103732
929.000000 0.028953072 -0.018987538 -0.243831053 -0.014761349 0.640278161 0.003459143 0.767993450
930.000000 0.029144114 -0.018870005 -0.243786708 -0.014029882 0.639479160 0.001886726 0.768678069
931.000000 0.027358400 -0.017898744 -0.242555216 -0.012572132 0.639123678 0.000704768 0.769000888
932.000000 0.028132288 -0.020403776 -0.242606357 -0.011906950 0.639017582 -0.000225960 0.769099951
933.000000 0.026777003 -0.018937515 -0.243656352 -0.010004874 0.638555467 -0.001748644 0.769508779
934.000000 0.026109809 -0.022249691 -0.241570964 -0.008270636 0.638911426 -0.003074690 0.769229710
935.000000 0.026302861 -0.021144994 -0.242638230 -0.006361648 0.638794959 -0.004599944 0.769336939
936.000000 0.026732394 -0.021001553 -0.242426142 -0.005134646 0.638808489 -0.005788422 0.769326866
937.000000 0.025102435 -0.023105159 -0.243711591 -0.004267172 0.638657749 -0.006422981 0.769452274
938.000000 0.024577867 -0.026432294 -0.241066456 -0.003912417 0.639019132 -0.006591653 0.769152701
939.000000 0.023268437 -0.022726841 -0.245999470 -0.003526455 0.638786972 -0.008013824 0.769333839
940.000000 0.024983343 -0.021306986 -0.243751228 -0.002443604 0.639862239 -0.009044103 0.768432498
941.000000 0.024602033 -0.020612793 -0.242891550 -0.000799538 0.640778184 -0.010020503 0.767660260
942.000000 0.024709295 -0.023341231 -0.244484037 -0.000040438 0.640947580 -0.011237704 0.767502427
943.000000 0.023945607 -0.021802243 -0.245316327 0.001226468 0.641224265 -0.012795597 0.767245829
944.000000 0.024265204 -0.021501239 -0.244404912 0.002518169 0.641714931 -0.014184395 0.766807914
945.000000 0.025030373 -0.023971409 -0.241889939 0.003778491 0.642580092 -0.015002416 0.766062319
946.000000 0.025776802 -0.023373919 -0.244054720 0.004661419 0.642845392 -0.016062744 0.765813291
947.000000 0.026854936 -0.022869792 -0.242152214 0.006050595 0.643921971 -0.017379900 0.764869809
948.000000 0.025505666 -0.023930203 -0.243197188 0.007169161 0.644405603 -0.018506093 0.764426172
949.000000 0.027151156 -0.026064882 -0.245155796 0.007788279 0.644446135 -0.018871777 0.764377117
950.000000 0.027516099 -0.022078350 -0.242574692 0.009063576 0.645035207 -0.020191070 0.763832271
951.000000 0.025846098 -0.025570428 -0.244405642 0.009589750 0.645111859 -0.021145366 0.763735235
952.000000 0.024831623 -0.020315394 -0.244304374 0.011159889 0.645281434 -0.022789104 0.763523400
953.000000 0.025335679 -0.025332781 -0.246822983 0.010984871 0.645205975 -0.022322379 0.763603449
954.000000 0.025898602 -0.026598230 -0.249016285 0.011574771 0.645144045 -0.022913013 0.763629615
955.000000 0.025334241 -0.026352281 -0.249881163 0.012859115 0.645485938 -0.022883924 0.763320923
956.000000 0.026110603 -0.024162278 -0.246764600 0.014112848 0.646261215 -0.023472704 0.762624562
957.000000 0.025929943 -0.024732294 -0.247504115 0.015329456 0.646668434 -0.022962451 0.762271404
958.000000 0.025863416 -0.025944762 -0.247010842 0.016013872 0.647013605 -0.022561742 0.761976302
959.000000 0.025525246 -0.024724057 -0.249063700 0.016824609 0.647236705 -0.022407921 0.761773884
960.000000 0.025539082 -0.024558509 -0.246996298 0.017820459 0.647903502 -0.021871591 0.761199772
961.000000 0.026070591 -0.023897216 -0.248573259 0.018863525 0.648141146 -0.021536319 0.760981858
962.000000 0.027159795 -0.023968464 -0.246769488 0.019960906 0.649037957 -0.021243351 0.760197341
963.000000 0.027114891 -0.022424782 -0.245434284 0.021363838 0.649786234 -0.021169243 0.759521723
964.000000 0.026127957 -0.023027103 -0.249987066 0.021684369 0.649813771 -0.021694593 0.759474277
965.000000 0.027510740 -0.027649354 -0.248876229 0.021934146 0.650698841 -0.021066818 0.758726656
