4977.154708 0.000000000 0.000000000 0.000000000 0.000000000 0.000000000 0.000000000 1.000000000
4977.191572 0.000323114 0.008737226 -0.005208637 -0.001361777 0.002973048 0.003334719 0.999989092
4977.228435 -0.010602131 0.012491120 -0.011093957 -0.002946370 0.010933517 0.005566456 0.999920368
4977.265299 -0.013988717 0.017002149 -0.018254580 -0.002600930 0.017435612 0.009044616 0.999803722
4977.302162 -0.026090572 0.031108525 -0.023134887 0.000002631 0.024320781 0.011856435 0.999633908
4977.339025 -0.029107263 0.026382394 -0.030159701 -0.002225626 0.027912853 0.016803358 0.999466598
4977.375889 -0.036205277 0.037016504 -0.036617760 0.001168320 0.030903639 0.020629495 0.999308765
4977.412752 -0.051787682 0.041895237 -0.048637509 0.003627071 0.034729965 0.026498217 0.999038815
4977.449616 -0.060865402 0.048698444 -0.056980167 0.007960645 0.036446348 0.033489585 0.998742580
4977.486479 -0.070399687 0.057117615 -0.068046294 0.011796672 0.036513239 0.039021060 0.998501360
4977.523343 -0.081963912 0.061284792 -0.082715116 0.012596762 0.036477480 0.045336042 0.998226106
4977.560206 -0.101524100 0.073686063 -0.091669589 0.016050132 0.038789101 0.051129356 0.997809410
4977.597069 -0.120967939 0.090251088 -0.105951458 0.018446274 0.042179126 0.056404460 0.997346103
4977.633933 -0.140765071 0.096916921 -0.115661241 0.016355854 0.046538651 0.061173633 0.996907473
4977.670796 -0.152370617 0.107273929 -0.134402007 0.013694895 0.048439793 0.065668762 0.996570945
4977.707659 -0.173029765 0.117690243 -0.139959425 0.011985625 0.052565835 0.066152319 0.996351898
4977.744523 -0.182659075 0.122911051 -0.154155821 0.009151309 0.054079942 0.067098722 0.996237636
4977.781386 -0.200606123 0.142852604 -0.166936278 0.008600373 0.057157889 0.070423722 0.995841146
4977.818250 -0.219043747 0.151685581 -0.172197655 0.007406938 0.061812587 0.074018255 0.995311856
4977.855113 -0.236985698 0.156481490 -0.183516830 0.008090034 0.065886781 0.075448379 0.994937718
4977.891977 -0.249119684 0.163759723 -0.196634039 0.011198825 0.067382790 0.074167080 0.994903743
4977.928840 -0.271788955 0.173161641 -0.201805279 0.015102488 0.071689017 0.074705519 0.994510770
4977.965703 -0.273723930 0.174379244 -0.216382891 0.015801739 0.069667302 0.074521556 0.994657397
4978.002567 -0.291057706 0.189667881 -0.221458152 0.020389164 0.071003109 0.071233884 0.994720340
4978.039430 -0.308005214 0.202113599 -0.230626196 0.023305221 0.071956359 0.067986526 0.994815052
4978.076294 -0.320861727 0.211385652 -0.237689525 0.025145868 0.073208220 0.068749800 0.994626462
4978.113157 -0.297507495 0.188204125 -0.256953239 0.017855408 0.064878829 0.069698550 0.995295942
4978.150021 -0.306582093 0.197641656 -0.266952127 0.019496515 0.065331973 0.069261931 0.995266020
4978.186884 -0.313827515 0.204143167 -0.274774373 0.019890206 0.065406494 0.068333879 0.995317459
4978.223747 -0.322969854 0.212423354 -0.281595886 0.020038299 0.066654436 0.067805015 0.995267868
4978.260611 -0.330407739 0.226290762 -0.295495272 0.021026947 0.068711355 0.066878840 0.995170236
4978.297474 -0.332535148 0.243291914 -0.302107066 0.022891292 0.070551485 0.067095809 0.994985759
4978.334338 -0.338313222 0.248656869 -0.308593154 0.021488771 0.072863623 0.066680558 0.994878292
4978.371201 -0.334400535 0.250070751 -0.319809794 0.016654255 0.072108969 0.067261577 0.994986832
4978.408064 -0.346542954 0.261455655 -0.326098859 0.016066004 0.075550571 0.067910723 0.994696975
4978.444928 -0.348547220 0.269684851 -0.336668551 0.014900368 0.075545803 0.069415741 0.994611621
4978.481791 -0.350872368 0.282329589 -0.348187059 0.013054362 0.074285723 0.072686352 0.994498849
4978.518655 -0.357089043 0.286491603 -0.360016406 0.010011192 0.073671073 0.076216958 0.994315505
4978.555518 -0.361626655 0.288721114 -0.365749598 0.008535806 0.071307242 0.079008877 0.994283676
4978.592381 -0.358317852 0.280737758 -0.372629523 0.007125140 0.066834986 0.080254585 0.994505644
4978.629245 -0.372037739 0.293256611 -0.381743759 0.012472440 0.067245886 0.081881136 0.994292676
4978.666108 -0.372557610 0.290085226 -0.390215486 0.015712179 0.065680310 0.085101075 0.994081020
4978.702972 -0.377277613 0.292836487 -0.405775636 0.020159919 0.065598197 0.086947389 0.993846357
4978.739835 -0.387585282 0.294766426 -0.413490415 0.023859989 0.067837879 0.088296339 0.993495107
4978.776698 -0.413566083 0.303399533 -0.420756400 0.027662853 0.074405082 0.091111131 0.992671847
4978.813562 -0.407808870 0.294903159 -0.429345012 0.027464602 0.074913621 0.093239233 0.992441475
4978.850425 -0.421718270 0.295802057 -0.434485614 0.029845504 0.080223791 0.095656015 0.991727471
4978.887289 -0.435738742 0.297170192 -0.439733982 0.030773621 0.085670173 0.098573625 0.990957558
4978.924152 -0.441042602 0.303724051 -0.448392153 0.032131847 0.089586064 0.103985675 0.990014553
4978.961016 -0.459693789 0.313937187 -0.447069407 0.035344932 0.096697986 0.107211269 0.988891304
4978.997879 -0.472315192 0.311389178 -0.450548917 0.035809670 0.101850204 0.111332588 0.987901449
4979.034742 -0.488017261 0.308870614 -0.448290169 0.036770031 0.107326098 0.115011849 0.986864388
4979.071606 -0.509714246 0.309325784 -0.446412385 0.037765685 0.113188133 0.117783748 0.985844374
4979.108469 -0.524817288 0.311041713 -0.450295210 0.038652591 0.116195530 0.120290712 0.985157192
4979.145333 -0.543234468 0.308994055 -0.446134031 0.038469467 0.119383641 0.122093029 0.984561265
4979.182196 -0.560569108 0.310039103 -0.445043117 0.037421402 0.122575477 0.126005396 0.983716190
4979.219059 -0.578922927 0.315250933 -0.445214450 0.039124131 0.126785502 0.132326856 0.982285261
4979.255923 -0.591685414 0.316910744 -0.446551383 0.038830098 0.128954947 0.136859819 0.981393039
4979.292786 -0.608726025 0.316718042 -0.447191358 0.037740007 0.131845355 0.141272530 0.980425715
4979.329650 -0.621326804 0.310777098 -0.454240024 0.036973990 0.135650367 0.142755702 0.979720712
4979.366513 -0.635356843 0.310972095 -0.456852376 0.035529260 0.141989827 0.145220131 0.978513002
4979.403376 -0.642997324 0.303439111 -0.462998480 0.032560218 0.149462000 0.148188531 0.977057397
4979.440240 -0.651641846 0.310990214 -0.465559840 0.035896178 0.158993691 0.150015652 0.975155234
4979.477103 -0.661167502 0.300840646 -0.471005082 0.034975156 0.168915480 0.148957118 0.973681688
4979.513967 -0.672704160 0.293512642 -0.473095030 0.035480477 0.179002568 0.148135424 0.971985161
4979.550830 -0.671365142 0.283922553 -0.478709519 0.034497891 0.184955850 0.150331736 0.970567703
4979.587694 -0.677468777 0.279961824 -0.481245458 0.033690210 0.190673232 0.149989620 0.969542086
4979.624557 -0.676933169 0.282878906 -0.476715982 0.036056478 0.193888843 0.149242938 0.968934238
4979.661420 -0.677063227 0.275288939 -0.477450132 0.036341574 0.195029914 0.147957861 0.968891680
4979.698284 -0.677972078 0.272762269 -0.475948393 0.035844054 0.194357678 0.148601830 0.968946755
4979.735147 -0.674984694 0.270135850 -0.476008773 0.037343983 0.193520635 0.149925053 0.968853772
4979.772011 -0.675704420 0.268911511 -0.473034948 0.038628697 0.192161843 0.152838096 0.968618691
4979.808874 -0.667555690 0.270829201 -0.474548936 0.040525891 0.187862188 0.155184165 0.969011545
4979.845737 -0.669436216 0.269667506 -0.471027434 0.042465400 0.186633885 0.156244546 0.968995452
4979.882601 -0.669477522 0.264804155 -0.466344059 0.041621771 0.184533566 0.158231482 0.969111860
4979.919464 -0.677623868 0.256364435 -0.458599925 0.040721845 0.184202254 0.156161129 0.969548821
4979.956328 -0.681366086 0.250757575 -0.450428814 0.041540649 0.184399962 0.151851177 0.970160902
4979.993191 -0.677026689 0.242331058 -0.446594477 0.040165853 0.183735922 0.150967628 0.970482647
4980.030054 -0.666391611 0.234277278 -0.447053075 0.040677875 0.183021381 0.151448011 0.970521510
4980.066918 -0.664170563 0.228279486 -0.444851756 0.042702280 0.185754940 0.149948329 0.970147967
4980.103781 -0.665279865 0.219467044 -0.437130332 0.043741070 0.189020604 0.148053646 0.969761848
4980.140645 -0.660699487 0.210164666 -0.434959620 0.044246502 0.190127671 0.147785291 0.969563425
4980.177508 -0.654922128 0.212792784 -0.432098120 0.046922110 0.189003080 0.149797410 0.969348669
4980.214372 -0.657659054 0.198791713 -0.423172355 0.045161020 0.188768879 0.152769983 0.969013989
4980.251235 -0.659809947 0.192479014 -0.414896399 0.047881238 0.187559500 0.153230205 0.969045579
4980.288098 -0.657777548 0.189686432 -0.412733436 0.048504602 0.182834879 0.152994558 0.969954312
4980.324962 -0.651702344 0.178004950 -0.410762697 0.043674815 0.177071288 0.151636854 0.971465170
4980.361825 -0.662766397 0.177884534 -0.399245620 0.043807536 0.175875321 0.153746456 0.971344829
4980.398689 -0.662464857 0.171068013 -0.393883705 0.040982556 0.172071651 0.153925508 0.972120762
4980.435552 -0.671154082 0.170568228 -0.388561279 0.041075930 0.171238437 0.152274430 0.972523868
4980.472415 -0.679405093 0.165980399 -0.387177348 0.041193176 0.171443567 0.148620516 0.973047853
4980.509279 -0.687459826 0.161325425 -0.382606328 0.041200489 0.171860024 0.148428068 0.973003507
4980.546142 -0.694520116 0.159932658 -0.381867260 0.042648632 0.173155040 0.149044737 0.972617149
4980.583006 -0.712975264 0.164500356 -0.377307296 0.046843648 0.176718488 0.150225922 0.971601009
4980.619869 -0.719496906 0.162800997 -0.374774635 0.048574001 0.177971452 0.151916727 0.971024215
4980.656733 -0.733002901 0.161109000 -0.372571170 0.049640190 0.180130512 0.156497762 0.969843984
4980.693596 -0.755076945 0.160278395 -0.359086752 0.050703738 0.184301808 0.161406681 0.968199313
4980.730459 -0.767286539 0.158604652 -0.360454857 0.050168198 0.185023710 0.166320860 0.967257380
4980.767323 -0.781528115 0.165868461 -0.357739568 0.051472455 0.185811147 0.170785412 0.966259360
4980.804186 -0.794726253 0.160264775 -0.349713624 0.050854910 0.187255293 0.174112901 0.965419054
4980.841050 -0.807677865 0.156242520 -0.348558187 0.049824204 0.188513011 0.175379828 0.964998603
4980.877913 -0.819981933 0.157776296 -0.343530148 0.048829369 0.189329848 0.180030242 0.964032650
4980.914776 -0.829995275 0.160027772 -0.342678070 0.048535537 0.190542355 0.180039704 0.963806868
4980.951640 -0.840972483 0.157095119 -0.339081526 0.048184440 0.191772699 0.180975437 0.963405073
4980.988503 -0.843778789 0.157752737 -0.335427016 0.049120978 0.191391408 0.181279168 0.963376522
4981.025367 -0.846195221 0.158348367 -0.332568556 0.049320266 0.190305233 0.181064084 0.963621914
4981.062230 -0.857828736 0.158433616 -0.320984066 0.048090242 0.191455707 0.181915700 0.963295758
4981.099093 -0.856154919 0.162824690 -0.314197779 0.047563091 0.189358845 0.187384024 0.962688029
4981.135957 -0.857541323 0.163253352 -0.306738079 0.046320971 0.189472571 0.188106701 0.962585270
4981.172820 -0.856522322 0.160965011 -0.300245255 0.043279126 0.188534856 0.188642323 0.962806106
4981.209684 -0.852389038 0.160216853 -0.296722651 0.039560825 0.186673075 0.187206551 0.963608742
4981.246547 -0.844160974 0.158297732 -0.292079031 0.035837773 0.182986781 0.186715499 0.964556277
4981.283411 -0.845025539 0.157871053 -0.284138680 0.032526776 0.182114333 0.186892688 0.964804411
4981.320274 -0.831885219 0.155764773 -0.282705843 0.028314970 0.178012818 0.189415619 0.965210557
4981.357137 -0.823226094 0.158572525 -0.274240613 0.026588315 0.175494298 0.190045699 0.965596914
4981.394001 -0.814684391 0.148555994 -0.270919621 0.021756437 0.172775567 0.191128820 0.965994298
4981.430864 -0.807274401 0.151284307 -0.264360607 0.020972637 0.171018645 0.190954387 0.966358781
4981.467728 -0.795801163 0.149228662 -0.264609218 0.019371487 0.167612582 0.190335542 0.967110753
4981.504591 -0.779251456 0.156291410 -0.264290363 0.019732153 0.162870049 0.187191278 0.968526423
4981.541455 -0.765840948 0.148074776 -0.261940449 0.018781018 0.159982815 0.186124370 0.969231904
4981.578318 -0.754958987 0.140277132 -0.259792447 0.018476401 0.157735288 0.182566360 0.970282316
4981.615181 -0.734368563 0.141158909 -0.262533724 0.020225948 0.152958423 0.178980395 0.971679330
4981.652045 -0.724642813 0.139172494 -0.260599047 0.020367263 0.150658742 0.177917793 0.972230673
4981.688908 -0.704302669 0.142482311 -0.261479318 0.019624487 0.145015538 0.176468894 0.973367393
4981.725771 -0.687108636 0.142404258 -0.262735486 0.019501116 0.140535951 0.172919184 0.974663198
4981.762635 -0.668296635 0.136525497 -0.262588650 0.017130908 0.135113403 0.170179993 0.975955784
4981.799498 -0.650915086 0.137824655 -0.263423920 0.015619274 0.130417809 0.168703198 0.976875901
4981.836362 -0.636646032 0.133054048 -0.265452057 0.013585493 0.127837747 0.167208165 0.977504134
4981.873225 -0.615166903 0.136922553 -0.264802426 0.014205839 0.123959593 0.168172300 0.977829397
4981.910089 -0.605718613 0.136426494 -0.264133394 0.015347969 0.123963512 0.170021474 0.977491796
4981.946952 -0.590435505 0.133728504 -0.263556182 0.015820490 0.122630708 0.171144411 0.977456391
4981.983815 -0.575700223 0.135761783 -0.259384245 0.017756339 0.120364070 0.172674999 0.977435708
4982.020679 -0.556397676 0.131925389 -0.259136647 0.018579347 0.116411604 0.172925889 0.977854669
4982.057542 -0.542817891 0.127543598 -0.257724762 0.018759686 0.112737283 0.171728387 0.978492618
4982.094406 -0.533389866 0.124890774 -0.258413792 0.018454723 0.108810902 0.170113310 0.979224741
4982.131269 -0.527414918 0.125044584 -0.253748804 0.020081870 0.106175624 0.167692840 0.979899287
4982.168133 -0.512375236 0.121178113 -0.246996179 0.019749941 0.101005204 0.165091440 0.980893850
4982.204996 -0.501868308 0.120651521 -0.242048591 0.020227900 0.097189322 0.163172200 0.981590509
4982.241859 -0.490182221 0.112303071 -0.234315127 0.019164668 0.093668610 0.160949931 0.982320726
4982.278723 -0.471266657 0.111101307 -0.224853143 0.020619417 0.088174462 0.160534665 0.982867599
4982.315586 -0.462846488 0.108309589 -0.215516150 0.021628223 0.085621789 0.158897281 0.983337581
4982.352450 -0.449683130 0.102832139 -0.210184127 0.021479480 0.082915567 0.157046884 0.983869910
4982.389313 -0.436570287 0.097670846 -0.199911118 0.021262661 0.081347816 0.153894067 0.984503448
4982.426177 -0.428345859 0.083541088 -0.192152679 0.016933605 0.081828631 0.149134293 0.985279799
4982.463040 -0.416994661 0.082448587 -0.187325045 0.015136779 0.081561297 0.146601737 0.985711217
4982.499903 -0.401996374 0.080052882 -0.181029096 0.010012009 0.079063468 0.141993389 0.986654282
4982.536767 -0.385714531 0.073418505 -0.177618012 0.005423873 0.076847225 0.137572110 0.987491250
4982.573630 -0.373174816 0.066259727 -0.172479481 0.005885158 0.076479971 0.132243529 0.988244832
4982.610493 -0.358316869 0.064012870 -0.165696904 0.007265760 0.074569114 0.128332511 0.988897085
4982.647357 -0.350457102 0.060113937 -0.164348274 0.006007410 0.073826678 0.126136735 0.989243686
4982.684220 -0.338053077 0.055461474 -0.160189539 0.003586319 0.071947426 0.125121847 0.989522755
4982.721084 -0.324998856 0.051060267 -0.156488866 0.000306275 0.069809899 0.124135584 0.989806473
4982.757947 -0.316431165 0.047470029 -0.155997604 -0.001165496 0.069194362 0.122376524 0.990068078
4982.794811 -0.303142458 0.044155374 -0.155075297 -0.001183192 0.068364218 0.123248585 0.990017533
4982.831674 -0.285853326 0.043990236 -0.149188429 -0.000992211 0.066046759 0.123842537 0.990100920
4982.868537 -0.272963196 0.043741684 -0.143080503 -0.000884906 0.065066710 0.125392318 0.989970863
4982.905401 -0.258269340 0.040522963 -0.137415901 -0.001104739 0.062625200 0.125926465 0.990060270
4982.942264 -0.237478286 0.040383413 -0.128715590 -0.001146632 0.057578858 0.125402659 0.990433037
4982.979128 -0.219902992 0.041503120 -0.125678465 -0.001662530 0.053228408 0.124800831 0.990751624
4983.015991 -0.197456703 0.041325949 -0.121281028 -0.003052023 0.048220906 0.123660497 0.991147578
4983.052855 -0.185681731 0.041052841 -0.118330844 -0.004243508 0.045830388 0.119335793 0.991786540
4983.089718 -0.161325738 0.034917187 -0.114522994 -0.006223870 0.040825374 0.116706349 0.992307484
4983.126581 -0.146674454 0.030555572 -0.113358229 -0.006717006 0.038158275 0.112889417 0.992851853
4983.163445 -0.119750805 0.027982865 -0.112268150 -0.006387048 0.031362221 0.106429689 0.993804991
4983.200308 -0.100194156 0.023659082 -0.109372012 -0.007879161 0.025701778 0.100479476 0.994575918
4983.237172 -0.106091835 0.041132014 -0.099481545 -0.003775914 0.026746335 0.097495876 0.994869292
4983.274035 -0.066465713 0.017952554 -0.104836278 -0.011286478 0.015964767 0.091909178 0.995575428
4983.310899 -0.047113284 0.013202633 -0.105361953 -0.013237485 0.010321788 0.086800933 0.996084273
4983.347762 -0.028128272 0.013752942 -0.104723275 -0.013422556 0.005403040 0.082259469 0.996505916
4983.384625 -0.004712162 0.002078206 -0.109293491 -0.016626678 -0.000182435 0.076150142 0.996957719
4983.421489 0.017055474 -0.002465355 -0.110222176 -0.016076762 -0.005075943 0.072351322 0.997236729
4983.458352 0.034278732 -0.001731651 -0.106818639 -0.013978744 -0.009401208 0.067820407 0.997555315
4983.495215 0.051722728 -0.003131512 -0.104453959 -0.014051327 -0.014172655 0.066198856 0.997606814
4983.532079 0.065198019 -0.018222306 -0.104069605 -0.019301374 -0.018973179 0.063176170 0.997635305
4983.568942 0.078063935 -0.000848918 -0.092034675 -0.016168455 -0.026329249 0.059165373 0.997769892
4983.605806 0.096309558 -0.012978587 -0.086888500 -0.021755915 -0.035071488 0.057224255 0.997507930
4983.642669 0.107435457 -0.018296206 -0.081520274 -0.024798889 -0.042265452 0.054119535 0.997331321
4983.679533 0.123586044 -0.017649658 -0.074161761 -0.023892814 -0.050639153 0.050149083 0.997170925
4983.716396 0.135675520 -0.025588021 -0.069042906 -0.025540890 -0.057871420 0.048717570 0.996807516
4983.753259 0.150287539 -0.027956078 -0.059657596 -0.027357114 -0.064927004 0.048102546 0.996354461
4983.790123 0.170882553 -0.027576467 -0.051447205 -0.027641850 -0.071844704 0.044289242 0.996048570
4983.826986 0.178673744 -0.029835239 -0.044326670 -0.028739208 -0.073735230 0.041147258 0.996014059
4983.863850 0.190335408 -0.033542518 -0.032880124 -0.031020008 -0.074588224 0.039626885 0.995943785
4983.900713 0.202767193 -0.040354431 -0.029089153 -0.033550341 -0.074198201 0.035462718 0.996047914
4983.937577 0.220852628 -0.047415160 -0.020962812 -0.036920153 -0.076041400 0.029609041 0.995980918
4983.974440 0.231809005 -0.052396707 -0.013198864 -0.040528882 -0.075119309 0.026509469 0.995997906
4984.011303 0.248612195 -0.059457023 -0.008698341 -0.044516616 -0.075515606 0.024065033 0.995859742
4984.048167 0.270571291 -0.065861888 -0.002836149 -0.049108353 -0.077822886 0.021341745 0.995528281
4984.085030 0.299276114 -0.071538068 0.010495115 -0.052092202 -0.082975127 0.023191774 0.994918942
4984.121894 0.313770294 -0.076973870 0.012914695 -0.053442862 -0.084098741 0.024415500 0.994723678
4984.158757 0.321048558 -0.077127695 0.017319441 -0.053672362 -0.084599011 0.026610782 0.994612575
4984.195620 0.343822598 -0.091366850 0.017036397 -0.058643177 -0.091393046 0.029535731 0.993647814
4984.232484 0.358770162 -0.098488256 0.022060446 -0.059757959 -0.097400837 0.028746856 0.993033588
4984.269347 0.379697770 -0.107090019 0.025344670 -0.060006630 -0.106577456 0.028025249 0.992096305
4984.306211 0.381108254 -0.102939643 0.026151918 -0.054243010 -0.110609032 0.024415018 0.992082298
4984.343074 0.386795849 -0.100257128 0.027138986 -0.051186580 -0.116296016 0.022358583 0.991642714
4984.379937 0.402821809 -0.101092406 0.030190304 -0.048379101 -0.124237895 0.021462154 0.990839958
4984.416801 0.418564826 -0.107808001 0.039246231 -0.047872692 -0.132121593 0.018242758 0.989908755
4984.453664 0.441390604 -0.114557438 0.037810855 -0.048696667 -0.141306221 0.013280753 0.988678336
4984.490528 0.434282273 -0.101941027 0.036985897 -0.046496104 -0.140749842 0.006288019 0.988932788
4984.527391 0.444957584 -0.102487706 0.039090246 -0.049045928 -0.143787339 0.001120026 0.988391876
4984.564255 0.459121436 -0.101552196 0.042174287 -0.051446557 -0.146186352 -0.006633993 0.987896144
4984.601118 0.468201756 -0.083776407 0.048158422 -0.048087027 -0.145119920 -0.012867643 0.988161027
4984.637981 0.498680770 -0.118005507 0.048198827 -0.058028881 -0.148240775 -0.021065503 0.987022579
4984.674845 0.527992666 -0.093349092 0.057177916 -0.049620062 -0.150973111 -0.024576114 0.986985803
4984.711708 0.549902260 -0.108617507 0.054019399 -0.052483391 -0.151630476 -0.029966997 0.986587882
4984.748572 0.573481619 -0.115058638 0.054683983 -0.052657511 -0.152795061 -0.030878516 0.986370802
4984.785435 0.593439460 -0.120272174 0.053711966 -0.052957408 -0.153634682 -0.032437153 0.986174285
4984.822298 0.612341106 -0.113383770 0.052127525 -0.050938055 -0.155275613 -0.032094598 0.986034870
4984.859162 0.622408152 -0.109989904 0.055958465 -0.048816349 -0.157104790 -0.035869557 0.985722303
4984.896025 0.643910170 -0.116582379 0.053059757 -0.049084086 -0.160493597 -0.039349142 0.985030055
4984.932889 0.656501412 -0.122394174 0.047888666 -0.050304584 -0.160747558 -0.038413972 0.984964013
4984.969752 0.687267423 -0.121576853 0.054548055 -0.048680056 -0.166462451 -0.034590453 0.984237790
4985.006616 0.703188777 -0.125994354 0.058429375 -0.047800712 -0.168238044 -0.033865087 0.984004140
4985.043479 0.711190343 -0.121747106 0.052185684 -0.044080738 -0.166756675 -0.032626204 0.984471738
4985.080342 0.736514926 -0.128094926 0.063240722 -0.044293486 -0.170063719 -0.029836964 0.983984828
4985.117206 0.756493509 -0.125209361 0.066017285 -0.040471926 -0.171116710 -0.029570362 0.983974934
4985.154069 0.777269483 -0.133802503 0.072316989 -0.039674453 -0.172450587 -0.028297994 0.983811975
4985.190933 0.785013378 -0.142389268 0.065907955 -0.040260475 -0.169547766 -0.026317636 0.984347522
4985.227796 0.802363157 -0.133749679 0.077266350 -0.036803178 -0.170873761 -0.021928092 0.984361172
4985.264659 0.823311210 -0.144367918 0.081966758 -0.039171629 -0.171849385 -0.019547500 0.984150052
4985.301523 0.839250803 -0.139037371 0.087019950 -0.036158383 -0.172346830 -0.019263085 0.984183967
4985.338386 0.855725169 -0.157337517 0.086388201 -0.039465766 -0.172019988 -0.017841751 0.984140873
4985.375250 0.872736394 -0.159390822 0.090927497 -0.038637426 -0.172730416 -0.017842270 0.984049320
4985.412113 0.891210914 -0.165250793 0.100877091 -0.040547624 -0.174717084 -0.018773468 0.983604312
4985.448976 0.903935313 -0.168043017 0.104182661 -0.040801026 -0.173540518 -0.018529130 0.983806729
4985.485840 0.916148841 -0.160153225 0.114703894 -0.038304005 -0.172935635 -0.020258239 0.983979523
4985.522703 0.933635354 -0.177933633 0.116422564 -0.043642838 -0.172335133 -0.020147072 0.983864844
4985.559567 0.944510758 -0.176985934 0.121806636 -0.044410776 -0.169750720 -0.017405473 0.984331965
4985.596430 0.973283052 -0.171061397 0.151337981 -0.042257700 -0.174798861 -0.015695827 0.983571708
4985.633294 0.983605564 -0.179844260 0.156732544 -0.041834492 -0.171999887 -0.015654095 0.984083772
4985.670157 0.994557738 -0.176761597 0.163191438 -0.038226631 -0.170370132 -0.014216449 0.984535754
4985.707020 0.995563090 -0.182105005 0.157661036 -0.039713353 -0.165180326 -0.011309978 0.985398591
4985.743884 1.016412497 -0.182288378 0.163634360 -0.040759355 -0.166880399 -0.010516592 0.985078156
4985.780747 1.019638777 -0.200250074 0.160325721 -0.047336981 -0.164581761 -0.011470702 0.985160112
4985.817611 1.030437589 -0.171436280 0.175735369 -0.038904738 -0.166960225 -0.013522903 0.985102952
4985.854474 1.039977670 -0.173121020 0.183144122 -0.040072676 -0.168507025 -0.014397611 0.984780312
4985.891337 1.054278851 -0.210808098 0.176045060 -0.052161474 -0.167391926 -0.013022165 0.984423459
4985.928201 1.068278313 -0.209348321 0.185993403 -0.052884027 -0.169671655 -0.013350180 0.983990133
4985.965064 1.063334942 -0.181619897 0.198082432 -0.045008935 -0.169200033 -0.014388195 0.984448314
4986.001928 1.081828475 -0.183619723 0.194220394 -0.046100568 -0.170207873 -0.016382378 0.984192908
4986.038791 1.092424393 -0.213037655 0.192019999 -0.055496398 -0.169787198 -0.016186807 0.983783722
4986.075654 1.109478951 -0.210017234 0.205519959 -0.055219684 -0.173810676 -0.015420190 0.983108759
4986.112518 1.099537969 -0.176674649 0.194925874 -0.044789609 -0.168011129 -0.017319262 0.984614730
4986.149381 1.114180446 -0.205317080 0.212252825 -0.055782303 -0.173635185 -0.015583879 0.983105421
4986.186245 1.128975511 -0.206418633 0.219011024 -0.056200746 -0.176836357 -0.015317424 0.982515037
4986.223108 1.151092410 -0.221220404 0.219032899 -0.060282573 -0.181158006 -0.015983924 0.981474578
4986.259971 1.149734735 -0.211965874 0.216653168 -0.056702301 -0.179076433 -0.017540321 0.982043207
4986.296835 1.166887045 -0.208005488 0.209842488 -0.054035563 -0.180165648 -0.019719601 0.981952965
4986.333698 1.186820388 -0.208857507 0.217653051 -0.054002371 -0.184209988 -0.020637885 0.981185257
4986.370562 1.193666697 -0.198534787 0.217615426 -0.050961103 -0.184690714 -0.023593530 0.981190920
4986.407425 1.202556968 -0.204756230 0.223646492 -0.053769790 -0.186008200 -0.024868557 0.980760574
4986.444289 1.224593997 -0.218197137 0.226831481 -0.057293724 -0.189349294 -0.028328490 0.979827404
4986.481152 1.239695907 -0.216557324 0.223768681 -0.056906484 -0.189982012 -0.032300599 0.979604602
4986.518015 1.261252165 -0.222110838 0.227733999 -0.059198167 -0.192493990 -0.034756429 0.978894114
4986.554879 1.275893927 -0.210978583 0.230932802 -0.055403113 -0.192700416 -0.036875665 0.978998125
4986.591742 1.295583248 -0.219502807 0.229437411 -0.057958692 -0.194529295 -0.039513040 0.978385329
4986.628606 1.315752149 -0.220418274 0.229920059 -0.058567572 -0.196519256 -0.039660480 0.977945328
4986.665469 1.327644587 -0.209477872 0.220901042 -0.056351930 -0.196937025 -0.040002692 0.977977514
4986.702332 1.345969200 -0.204741418 0.218276232 -0.055805191 -0.201191321 -0.041527178 0.977078974
4986.739196 1.366659164 -0.214360699 0.219788790 -0.059935670 -0.207540214 -0.043029848 0.975439966
4986.776059 1.382244229 -0.224864170 0.218527943 -0.062369730 -0.211887345 -0.045000121 0.974263191
4986.812923 1.395076871 -0.217421323 0.218995363 -0.057620965 -0.214391679 -0.046531878 0.973935723
4986.849786 1.415432215 -0.216751903 0.220182180 -0.057483759 -0.217499331 -0.042655423 0.973432124
4986.886649 1.432679534 -0.218242705 0.219260067 -0.058145102 -0.219622761 -0.041390192 0.972970605
4986.923513 1.451956868 -0.225044608 0.223530114 -0.060976855 -0.222764313 -0.040412035 0.972123802
4986.960376 1.459349394 -0.213713154 0.220510006 -0.058653533 -0.222423047 -0.043011617 0.972233355
4986.997240 1.483532190 -0.217444062 0.233369589 -0.062080897 -0.227270290 -0.042366445 0.970927000
4987.034103 1.494583249 -0.216272265 0.233915836 -0.061541054 -0.226042241 -0.043836255 0.971182764
4987.070967 1.516728401 -0.223755747 0.247704297 -0.063832343 -0.228870317 -0.042247478 0.970442653
4987.107830 1.523346543 -0.226495132 0.241884202 -0.062371720 -0.224506065 -0.042587835 0.971541584
4987.144693 1.540083528 -0.231437922 0.256345451 -0.062932879 -0.225458682 -0.039107360 0.971431136
4987.181557 1.548550248 -0.230262637 0.258852750 -0.060351063 -0.223430395 -0.035581086 0.972198844
4987.218420 1.561263561 -0.246051133 0.265583932 -0.062328938 -0.224165753 -0.033064116 0.971993625
4987.255284 1.572844028 -0.229764432 0.274869978 -0.055895235 -0.225539729 -0.027309334 0.972245753
4987.292147 1.585894823 -0.235065103 0.281889230 -0.055194318 -0.227784693 -0.024373537 0.971840382
4987.329010 1.593725204 -0.239664897 0.282481462 -0.054567054 -0.228865728 -0.025880756 0.971582770
4987.365874 1.603180766 -0.237403095 0.292322427 -0.054831780 -0.230496198 -0.024805091 0.971210420
4987.402737 1.613070846 -0.244475365 0.296767771 -0.058260523 -0.231572464 -0.027162252 0.970691562
4987.439601 1.625290513 -0.254471660 0.303328216 -0.060895298 -0.233551592 -0.032564923 0.969889164
4987.476464 1.633244038 -0.248489723 0.310230881 -0.057279944 -0.233053192 -0.035161979 0.970138550
4987.513327 1.641112566 -0.253304362 0.309581310 -0.057207834 -0.230770200 -0.037870601 0.970586479
4987.550191 1.652788877 -0.263127476 0.316688001 -0.062322531 -0.229672521 -0.038579110 0.970504045
4987.587054 1.659115434 -0.270089626 0.318797231 -0.066242337 -0.226269215 -0.041374061 0.970928609
4987.623918 1.666525126 -0.269738734 0.321457416 -0.067056447 -0.224195123 -0.045200150 0.971183240
4987.660781 1.678420901 -0.274045169 0.327169597 -0.068351679 -0.223839670 -0.050376810 0.970920146
4987.697645 1.686238527 -0.279024482 0.334148496 -0.070115954 -0.223010868 -0.053372081 0.970825076
4987.734508 1.695967674 -0.281752944 0.330954641 -0.068961598 -0.222792864 -0.058643870 0.970653653
4987.771371 1.705814004 -0.281436265 0.340277880 -0.070921466 -0.226266012 -0.059321359 0.969667375
4987.808235 1.712041616 -0.281182051 0.340202183 -0.070547208 -0.229947597 -0.064477071 0.968498766
4987.845098 1.722252846 -0.284316987 0.347567320 -0.071819000 -0.238141745 -0.071290769 0.965944171
4987.881962 1.734329820 -0.285403341 0.352894932 -0.073917285 -0.246984258 -0.075803138 0.963217974
4987.918825 1.746866226 -0.285746992 0.356815815 -0.076450169 -0.255982876 -0.080145299 0.960314989
4987.955688 1.761583090 -0.285657525 0.359241188 -0.078707010 -0.265958637 -0.085802451 0.956926882
4987.992552 1.775911450 -0.268024802 0.365069687 -0.073698759 -0.275576353 -0.091875367 0.954036176
4988.029415 1.791068316 -0.264252126 0.365357935 -0.074802697 -0.283665001 -0.096491747 0.951119363
4988.066279 1.808207273 -0.256616414 0.366605878 -0.073307797 -0.291863382 -0.103764646 0.947984517
4988.103142 1.822223544 -0.286737800 0.362074316 -0.082915582 -0.296801656 -0.110253908 0.944922149
4988.140006 1.838968754 -0.290744394 0.368233979 -0.087400585 -0.303422183 -0.118577875 0.941400707
4988.176869 1.859611511 -0.267921865 0.373393357 -0.085307322 -0.308906227 -0.123860918 0.939126253
4988.213732 1.880008698 -0.281608194 0.366499960 -0.095028818 -0.310197741 -0.128919095 0.937084198
4988.250596 1.893929005 -0.268928647 0.369689107 -0.097114258 -0.310745507 -0.134312525 0.935930669
4988.287459 1.913359523 -0.270071447 0.389290690 -0.101538338 -0.315977007 -0.137237981 0.933281422
4988.324323 1.932602286 -0.284582108 0.371398747 -0.102070108 -0.317015678 -0.146286786 0.931495011
4988.361186 1.950007439 -0.280375779 0.390633047 -0.101814501 -0.322645783 -0.148125216 0.929296732
4988.398049 1.963782072 -0.284933597 0.375007331 -0.100054421 -0.320913851 -0.150880486 0.929644287
4988.434913 1.977825046 -0.290642232 0.371550798 -0.099119961 -0.322606385 -0.155747578 0.928355038
4988.471776 1.989629984 -0.288099885 0.384517908 -0.097862616 -0.326819956 -0.158745036 0.926505089
4988.508640 2.001964569 -0.297317594 0.386175752 -0.099108189 -0.329101741 -0.163960055 0.924654901
4988.545503 2.013060093 -0.299921572 0.390300333 -0.101028085 -0.331179380 -0.167643845 0.923043370
4988.582366 2.021198273 -0.301782370 0.406497478 -0.102504857 -0.334837556 -0.170809567 0.920978069
4988.619230 2.029092312 -0.297890484 0.394021034 -0.098547101 -0.334312469 -0.174693972 0.920872211
4988.656093 2.040594101 -0.303063303 0.404710054 -0.097489476 -0.338690430 -0.178317681 0.918687880
4988.692957 2.049902439 -0.318537325 0.426769674 -0.101696536 -0.343039721 -0.176879525 0.916894317
4988.729820 2.069561958 -0.330721915 0.420428634 -0.099451073 -0.345205992 -0.182377249 0.915249050
4988.766684 2.068839073 -0.329876125 0.438925326 -0.097063236 -0.346722871 -0.182539061 0.914899707
4988.803547 2.075834274 -0.333356202 0.443594694 -0.094062246 -0.346521914 -0.184432536 0.914909542
4988.840410 2.084744692 -0.348477274 0.453779161 -0.096126564 -0.346406668 -0.185724080 0.914477289
4988.877274 2.094098806 -0.358236283 0.470857263 -0.098576151 -0.346053362 -0.185881466 0.914318264
4988.914137 2.102820873 -0.363292933 0.477604151 -0.098565668 -0.345577985 -0.190583780 0.913530827
4988.951001 2.108582973 -0.377098531 0.489139557 -0.101170182 -0.344173193 -0.193915993 0.913075030
4988.987864 2.116525173 -0.389376283 0.498139560 -0.097558476 -0.342389107 -0.197212398 0.913432658
4989.024728 2.123872995 -0.400958538 0.505101979 -0.092318833 -0.340166897 -0.198825344 0.914457321
4989.061591 2.128538609 -0.407242209 0.530651093 -0.087208420 -0.342537582 -0.199521169 0.913922369
4989.098454 2.140314579 -0.422460109 0.518527508 -0.085315943 -0.339223176 -0.198405802 0.915578485
4989.135318 2.144991159 -0.431765854 0.527707100 -0.084112614 -0.342010796 -0.199333549 0.914450586
4989.172181 2.151056767 -0.446492523 0.535494149 -0.084416784 -0.346708745 -0.200347736 0.912429512
4989.209044 2.152920723 -0.461471826 0.545045972 -0.085335404 -0.352351367 -0.200022087 0.910251379
4989.245908 2.160349846 -0.468636096 0.555689156 -0.081606209 -0.362176985 -0.204239681 0.905789435
4989.282771 2.162582159 -0.475039661 0.566165388 -0.077892475 -0.370318979 -0.206555918 0.902292252
4989.319635 2.177698374 -0.502653599 0.562598765 -0.076619320 -0.378838897 -0.209138408 0.898260355
4989.356498 2.180123806 -0.511284351 0.580170453 -0.076078050 -0.387601554 -0.208308518 0.894753993
4989.393362 2.174661636 -0.511177778 0.600133717 -0.074645273 -0.396088421 -0.210382998 0.890663266
4989.430225 2.175638676 -0.524426341 0.619323611 -0.075613432 -0.403535306 -0.211080998 0.887066305
4989.467088 2.181803465 -0.533727050 0.633122861 -0.073737659 -0.410779059 -0.215361878 0.882860422
4989.503952 2.178014755 -0.536632121 0.633359373 -0.072022252 -0.411073953 -0.219425038 0.881863713
4989.540815 2.177121878 -0.546456873 0.630960822 -0.071204476 -0.409630179 -0.221823335 0.882001936
4989.577679 2.183107138 -0.548554599 0.643865168 -0.066234156 -0.411799788 -0.223238766 0.881021261
4989.614542 2.181082249 -0.562732697 0.647288382 -0.067560151 -0.410127789 -0.221850500 0.882050514
4989.651406 2.181582451 -0.572026849 0.656480074 -0.067007758 -0.409490466 -0.220031351 0.882844090
4989.688269 2.178391933 -0.572569251 0.656734586 -0.064801931 -0.405722350 -0.214349926 0.886140049
4989.725132 2.180437088 -0.567975879 0.654614210 -0.061385982 -0.402685136 -0.207066506 0.889494181
4989.761996 2.178638935 -0.583283663 0.663602233 -0.065038450 -0.403132528 -0.200953662 0.890433490
4989.798859 2.183046579 -0.583480835 0.647492051 -0.061315544 -0.398508817 -0.197396308 0.893569171
4989.835723 2.173164845 -0.583462775 0.658415616 -0.060768593 -0.399949640 -0.194659829 0.893563092
4989.872586 2.167376041 -0.583247662 0.660312593 -0.060741134 -0.400822192 -0.190470263 0.894076705
4989.909450 2.166433573 -0.580516815 0.656821191 -0.060369480 -0.401641339 -0.185154051 0.894850671
4989.946313 2.173647881 -0.583917618 0.661411285 -0.061141979 -0.405569017 -0.180763945 0.893923819
4989.983176 2.156443596 -0.577306032 0.652281940 -0.061145917 -0.403901488 -0.175803214 0.895666242
4990.020040 2.157166004 -0.572443366 0.637385666 -0.058293719 -0.401993036 -0.170316070 0.897772729
4990.056903 2.141768694 -0.561056137 0.630042613 -0.055579681 -0.400232673 -0.164081469 0.899890006
4990.093766 2.143925190 -0.558017731 0.611294866 -0.050887235 -0.396214724 -0.160836890 0.902527511
4990.130630 2.138874292 -0.552506030 0.600725412 -0.047564257 -0.394128203 -0.156612799 0.904363334
4990.167493 2.121110916 -0.535938978 0.598474979 -0.044135951 -0.391014606 -0.153702155 0.906385839
4990.204357 2.111412764 -0.529475570 0.583079457 -0.043518238 -0.385443121 -0.147606194 0.909808874
4990.241220 2.103861332 -0.520829618 0.571606517 -0.043196119 -0.379976392 -0.143549830 0.912768006
4990.278084 2.102426052 -0.510840416 0.550254643 -0.041926984 -0.372246504 -0.141212463 0.916369855
4990.314947 2.094533443 -0.498562932 0.536272466 -0.042224381 -0.365620077 -0.140321091 0.919156730
4990.351810 2.070698738 -0.494594872 0.535986066 -0.046601109 -0.359583408 -0.141598061 0.921128690
4990.388674 2.062206745 -0.487994522 0.529717326 -0.049625672 -0.353437334 -0.142886385 0.923148334
4990.425537 2.051779747 -0.463619500 0.517190397 -0.044484779 -0.346046388 -0.143719301 0.926076531
4990.462401 2.045055866 -0.480293602 0.501481950 -0.049414147 -0.338678181 -0.142882258 0.928676486
4990.499264 2.029726505 -0.464304745 0.494043171 -0.045600947 -0.333103120 -0.140556037 0.931239426
4990.536128 2.013924599 -0.443198949 0.483616531 -0.041368715 -0.328554928 -0.136761203 0.933614850
4990.572991 1.983491898 -0.447995126 0.490002453 -0.048264697 -0.327164292 -0.134783655 0.934059620
4990.609854 1.966099262 -0.441239476 0.484228015 -0.050078832 -0.326336533 -0.133088470 0.934496701
4990.646718 1.950417519 -0.430110633 0.480984688 -0.049119890 -0.327106535 -0.132124677 0.934415162
4990.683581 1.929898858 -0.446988612 0.474300861 -0.051508475 -0.327808082 -0.131778657 0.934089482
4990.720445 1.907943845 -0.422156870 0.481399059 -0.045009192 -0.328518122 -0.130073383 0.934414744
4990.757308 1.882483363 -0.423302948 0.480185866 -0.046184335 -0.326734602 -0.128088877 0.935256541
4990.794172 1.867192388 -0.420719445 0.487471223 -0.046338834 -0.326462477 -0.127120554 0.935475945
4990.831035 1.847933769 -0.417320400 0.494183362 -0.044861227 -0.326233149 -0.125024125 0.935910404
4990.867898 1.824937344 -0.415115774 0.489886165 -0.040619805 -0.324191689 -0.124475516 0.936886132
4990.904762 1.799739480 -0.417082906 0.495659828 -0.040083002 -0.323891938 -0.123331286 0.937164187
4990.941625 1.779698133 -0.417004585 0.484424651 -0.046069290 -0.318182737 -0.120416038 0.939221680
4990.978488 1.757439733 -0.425656557 0.481838584 -0.054128755 -0.314152777 -0.116484269 0.940643132
4991.015352 1.731991529 -0.421292901 0.481964052 -0.050866928 -0.312796742 -0.117135875 0.941196024
4991.052215 1.717795968 -0.424115598 0.489661455 -0.048708480 -0.316117853 -0.115377665 0.940417469
4991.089079 1.689809561 -0.423315525 0.484747410 -0.049790878 -0.314115614 -0.113646023 0.941242158
4991.125942 1.671899199 -0.424520463 0.488722265 -0.053632841 -0.315482825 -0.110841580 0.940908194
4991.162806 1.646626115 -0.419294715 0.476511538 -0.054045826 -0.313466132 -0.110890664 0.941552579
4991.199669 1.630028486 -0.424625844 0.484218180 -0.056057483 -0.316222429 -0.111328125 0.940461040
4991.236532 1.611169100 -0.428968251 0.481382668 -0.058292679 -0.315326601 -0.112503611 0.940486073
4991.273396 1.582066298 -0.426596820 0.473783821 -0.059454668 -0.310447544 -0.113879777 0.941869855
4991.310259 1.559981585 -0.424353004 0.467971534 -0.059591759 -0.305908024 -0.116302617 0.943049729
4991.347123 1.544698834 -0.437101126 0.486005247 -0.064426713 -0.306367546 -0.119192906 0.942221403
4991.383986 1.522873998 -0.425768256 0.465438008 -0.061028652 -0.296058029 -0.120759532 0.945538104
4991.420850 1.496959567 -0.420510381 0.461126953 -0.057612170 -0.289593905 -0.123459078 0.947403848
4991.457713 1.465496659 -0.430907458 0.470740378 -0.061197951 -0.286001235 -0.126278773 0.947898567
4991.494576 1.449679375 -0.423377037 0.461746067 -0.060677178 -0.281157166 -0.124051519 0.949673653
4991.531440 1.433222532 -0.425988674 0.459657222 -0.060558870 -0.279088438 -0.123836339 0.950319290
4991.568303 1.407709956 -0.430684447 0.450812042 -0.057727408 -0.275566876 -0.123507522 0.951565206
4991.605167 1.394390583 -0.427430779 0.451694220 -0.055725951 -0.276090801 -0.120671488 0.951896489
4991.642030 1.374558568 -0.423026949 0.448705196 -0.058474995 -0.272803128 -0.115244761 0.953350842
4991.678893 1.350067496 -0.422611415 0.446089119 -0.060826842 -0.266204715 -0.109540448 0.955738485
4991.715757 1.321390986 -0.435289949 0.439256370 -0.066510417 -0.257152259 -0.104975335 0.958347142
4991.752620 1.303989530 -0.438384235 0.439456433 -0.068577401 -0.251485974 -0.103197031 0.959897041
4991.789484 1.287330151 -0.422063112 0.439299345 -0.064927205 -0.246587619 -0.101940669 0.961554527
4991.826347 1.271370292 -0.430287361 0.436441988 -0.071015455 -0.240871534 -0.099200480 0.962858737
4991.863210 1.250235200 -0.413017631 0.432438314 -0.067960456 -0.234683201 -0.097457424 0.964783549
4991.900074 1.235089540 -0.419123709 0.439649105 -0.071853414 -0.232787728 -0.094519094 0.965252876
4991.936937 1.213203430 -0.424742728 0.440911710 -0.075386629 -0.228223860 -0.093802877 0.966142714
4991.973801 1.185131431 -0.415641576 0.437972248 -0.074720047 -0.221488476 -0.092146143 0.967919827
4992.010664 1.165321946 -0.407262534 0.436886013 -0.070888974 -0.218535885 -0.091315150 0.968957365
4992.047528 1.149630547 -0.408028752 0.453049421 -0.070639484 -0.220315859 -0.090040311 0.968691766
4992.084391 1.119205475 -0.412244111 0.454259187 -0.072944179 -0.216227859 -0.089700416 0.969473302
4992.121254 1.100232244 -0.401233733 0.456605881 -0.069323041 -0.215112358 -0.089146890 0.970038056
4992.158118 1.072692752 -0.394890100 0.453534722 -0.067728229 -0.211670369 -0.088302471 0.970984638
4992.194981 1.048250914 -0.389453232 0.463973552 -0.065363079 -0.212800413 -0.090375572 0.970708966
4992.231845 1.040476799 -0.398124039 0.477586627 -0.067864344 -0.219724298 -0.088887058 0.969130933
4992.268708 1.012744188 -0.408337504 0.471982092 -0.070273899 -0.219285697 -0.086344749 0.969288349
4992.305571 0.982774556 -0.418104023 0.494138896 -0.070083648 -0.223475620 -0.086627290 0.968319476
4992.342435 0.965862334 -0.417444766 0.503894269 -0.067957304 -0.228383005 -0.083482079 0.967602074
4992.379298 0.929685891 -0.409078598 0.472092509 -0.067682423 -0.219832495 -0.079785340 0.969910860
4992.416162 0.914740920 -0.425239980 0.513271034 -0.072577931 -0.229272619 -0.078589521 0.967465878
4992.453025 0.885491669 -0.445116669 0.518824399 -0.073235735 -0.228688210 -0.079884827 0.967448533
4992.489888 0.857620835 -0.458567679 0.509637058 -0.074619159 -0.224959001 -0.079719648 0.968230426
4992.526752 0.832259417 -0.448108345 0.511667609 -0.070922777 -0.221112087 -0.080721974 0.969310760
4992.563615 0.823086917 -0.445929110 0.523471117 -0.071909510 -0.221876711 -0.079723403 0.969145954
4992.600479 0.800680995 -0.447822034 0.524140596 -0.072367094 -0.217544541 -0.082834363 0.969832897
4992.637342 0.777281642 -0.450375885 0.527804077 -0.071795806 -0.214056253 -0.086584672 0.970323861
4992.674206 0.754553378 -0.455694973 0.544047892 -0.075529769 -0.214146182 -0.085195236 0.970143497
4992.711069 0.734729350 -0.460774034 0.543366969 -0.079062931 -0.212071747 -0.084080994 0.970414877
4992.747932 0.699658632 -0.453906804 0.530225396 -0.077748366 -0.204390153 -0.084017009 0.972173333
4992.784796 0.681106985 -0.443200350 0.535439253 -0.074381836 -0.206738323 -0.088122919 0.971576512
4992.821659 0.660626054 -0.441092312 0.536359966 -0.076962024 -0.207702696 -0.085380644 0.971414745
4992.858523 0.634817600 -0.431520909 0.533349752 -0.078532152 -0.205740869 -0.082910813 0.971920371
4992.895386 0.622866333 -0.427615225 0.533207715 -0.081811920 -0.206254691 -0.077778600 0.971965194
4992.932249 0.599860132 -0.413930416 0.532489479 -0.081636913 -0.203923091 -0.073771574 0.972783923
4992.969113 0.579748988 -0.411572814 0.529803395 -0.084129527 -0.201479256 -0.067147650 0.973560214
4993.005976 0.559715629 -0.414175659 0.519678533 -0.086747237 -0.196220219 -0.062481351 0.974714637
4993.042840 0.537165880 -0.408163637 0.509553671 -0.083894059 -0.189768419 -0.058903769 0.976463079
4993.079703 0.523864627 -0.395067781 0.505980253 -0.078151658 -0.188374117 -0.057020560 0.977320910
4993.116567 0.500536382 -0.388399601 0.495581865 -0.075114049 -0.179864600 -0.051178213 0.979483247
4993.153430 0.475229889 -0.382437885 0.482579738 -0.073855445 -0.169600651 -0.044638172 0.981727242
4993.190293 0.465274662 -0.389777660 0.479502499 -0.077072375 -0.167156190 -0.039569385 0.982116580
4993.227157 0.444680512 -0.376034766 0.472186863 -0.071005173 -0.159553602 -0.036536422 0.983954251
4993.264020 0.409537941 -0.357304156 0.450381845 -0.065872356 -0.147126734 -0.035533912 0.986281872
4993.300884 0.400013655 -0.372950286 0.454482079 -0.076736994 -0.148907006 -0.036606003 0.985189378
4993.337747 0.380371630 -0.347017050 0.451533675 -0.069307297 -0.144938186 -0.038304072 0.986266792
4993.374610 0.366472274 -0.341307491 0.450058728 -0.067608260 -0.144257948 -0.039193735 0.986449480
4993.411474 0.347368121 -0.347166151 0.443914443 -0.070870921 -0.141182870 -0.038094964 0.986708403
4993.448337 0.336192310 -0.342088193 0.444992959 -0.069902249 -0.142467543 -0.034300372 0.986732066
4993.485201 0.311485529 -0.348166615 0.442730546 -0.073448494 -0.138890207 -0.027656717 0.987192988
4993.522064 0.292222530 -0.329687476 0.445906997 -0.070172697 -0.137471139 -0.020353174 0.987807274
4993.558927 0.275205165 -0.326179475 0.443653643 -0.071112379 -0.136322796 -0.014926524 0.987996101
4993.595791 0.255398363 -0.319005638 0.448132187 -0.068756826 -0.135643601 -0.013056456 0.988282800
4993.632654 0.233730018 -0.317757785 0.444711447 -0.065784000 -0.133035824 -0.011538984 0.988858342
4993.669518 0.217904240 -0.319031209 0.451631069 -0.061675787 -0.135298222 -0.008915742 0.988843262
4993.706381 0.195267558 -0.314713538 0.457455456 -0.057079747 -0.133748487 -0.007128917 0.989344478
4993.743244 0.180371955 -0.313145190 0.459150016 -0.058703378 -0.132276773 -0.003413280 0.989467084
4993.780108 0.166875750 -0.312950522 0.458161205 -0.059445716 -0.128557190 0.002342332 0.989916027
4993.816971 0.149959400 -0.315954953 0.453313559 -0.057740726 -0.125419602 0.004732294 0.990410805
4993.853835 0.130063981 -0.319795668 0.452361763 -0.058990564 -0.122188970 0.006711397 0.990729451
4993.890698 0.116179228 -0.314693898 0.447553396 -0.059038721 -0.121183060 0.011399628 0.990807295
4993.927562 0.098329477 -0.309864670 0.443907976 -0.059238978 -0.120031059 0.013071391 0.990914881
4993.964425 0.087027036 -0.309798419 0.443386018 -0.060164053 -0.119386047 0.016310479 0.990889072
4994.001288 0.071243487 -0.305742174 0.429980278 -0.060042839 -0.112362266 0.021134930 0.991626382
4994.038152 0.058314033 -0.297922373 0.421412677 -0.059993509 -0.107725732 0.026004719 0.992028058
4994.075015 0.041611753 -0.296059549 0.416166067 -0.062543064 -0.102402031 0.029621242 0.992332995
4994.111879 0.016525812 -0.280368179 0.401073158 -0.060657296 -0.094204083 0.032170665 0.993182421
4994.148742 -0.025759619 -0.236766264 0.383183569 -0.047810793 -0.077590942 0.031710744 0.995333195
4994.185605 -0.028687093 -0.256647885 0.380129337 -0.060957484 -0.074631393 0.038776699 0.994590700
4994.222469 -0.035416305 -0.237015143 0.378203988 -0.058904815 -0.071514264 0.042023692 0.994811535
4994.259332 -0.055119481 -0.232215077 0.359150469 -0.061813261 -0.063386291 0.047480214 0.994940698
4994.296196 -0.068940349 -0.216642648 0.346289277 -0.060369395 -0.059657741 0.054392438 0.994906008
4994.333059 -0.089523181 -0.204480633 0.331090152 -0.059445463 -0.052374788 0.063093677 0.994857907
4994.369922 -0.102688238 -0.190933526 0.322299153 -0.060803775 -0.049006101 0.072555073 0.994302273
4994.406786 -0.122247979 -0.178165480 0.303736299 -0.063687436 -0.042929545 0.084317915 0.993474424
4994.443649 -0.142224684 -0.172433764 0.280568331 -0.066539027 -0.035245370 0.087522127 0.993312776
4994.480513 -0.151462272 -0.157355368 0.274632335 -0.066389836 -0.028994747 0.099650882 0.992381692
4994.517376 -0.163722277 -0.143356621 0.260723293 -0.066714659 -0.021280883 0.107140027 0.991774797
4994.554240 -0.185503349 -0.122768573 0.247911692 -0.062628634 -0.008382416 0.115075395 0.991345048
4994.591103 -0.195703238 -0.118027046 0.227774441 -0.062430825 0.000153535 0.117260151 0.991136909
4994.627966 -0.207429662 -0.104353510 0.212720931 -0.059046298 0.007815537 0.119520053 0.991043568
4994.664830 -0.225768760 -0.099049769 0.191192567 -0.056943044 0.016081266 0.120527215 0.990945041
4994.701693 -0.227676660 -0.087548211 0.174821794 -0.051887061 0.017004257 0.119663969 0.991311789
4994.738557 -0.235051945 -0.082384169 0.156325474 -0.046819370 0.020018972 0.118086405 0.991696894
4994.775420 -0.245719865 -0.063095480 0.147581264 -0.036313534 0.023148274 0.117793292 0.992103934
4994.812284 -0.250807673 -0.070046239 0.125722945 -0.035872925 0.023809761 0.111678831 0.992811143
4994.849147 -0.256810844 -0.059037890 0.103072286 -0.030509884 0.024629936 0.109985687 0.993159413
4994.886010 -0.256782025 -0.052304402 0.083996169 -0.027083663 0.024108609 0.111629963 0.993088126
4994.922874 -0.261990637 -0.039491653 0.069383338 -0.022509787 0.024830325 0.113225155 0.993003964
4994.959737 -0.276632875 -0.017240500 0.064058058 -0.016874261 0.026720867 0.115518667 0.992802441
4994.996600 -0.279735088 -0.012679311 0.037617989 -0.018922901 0.028441686 0.113613568 0.992937565
4995.033464 -0.281032741 0.001558025 0.019445047 -0.021343151 0.025375549 0.113673605 0.992964685
4995.070327 -0.285727918 0.019044794 0.018338716 -0.022235397 0.024913209 0.116852909 0.992587686
4995.107191 -0.289485812 0.039050948 0.006409775 -0.024897555 0.024137668 0.117488354 0.992468596
4995.144054 -0.298320562 0.040075742 -0.016157281 -0.032001179 0.026513841 0.117639579 0.992186427
4995.180918 -0.300389826 0.055829462 -0.022169169 -0.029759504 0.031045385 0.120781541 0.991747141
4995.217781 -0.306600153 0.052234765 -0.029360384 -0.031971551 0.039417472 0.124340631 0.990940690
4995.254644 -0.308198035 0.062206861 -0.042448446 -0.029553913 0.047237005 0.130573452 0.989871621
4995.291508 -0.314883769 0.069320664 -0.052273303 -0.027895929 0.056552637 0.135695800 0.988741755
4995.328371 -0.321805924 0.071859606 -0.063750327 -0.028765537 0.065072611 0.140618727 0.987504184
4995.365235 -0.326271564 0.075569570 -0.073487893 -0.028558737 0.072341815 0.144192949 0.986488461
4995.402098 -0.335023522 0.080629610 -0.083950058 -0.027309725 0.080627292 0.147233337 0.985431731
4995.438962 -0.342769623 0.088655479 -0.100119546 -0.026177565 0.087344766 0.156673938 0.983432233
4995.475825 -0.348931193 0.091444783 -0.107580394 -0.024270695 0.097304687 0.163585454 0.981418669
4995.512688 -0.359846175 0.107081711 -0.113480046 -0.019265313 0.105154745 0.171979591 0.979282558
4995.549552 -0.374591321 0.119163662 -0.121744201 -0.014665293 0.114876062 0.181533694 0.976541817
4995.586415 -0.378422379 0.120100014 -0.136758208 -0.014130083 0.120127156 0.189399898 0.974421620
4995.623279 -0.402146548 0.130578861 -0.140159696 -0.007550214 0.130164877 0.199939087 0.971094489
4995.660142 -0.417607784 0.144087970 -0.147779703 -0.002200907 0.134447396 0.210246518 0.968357086
4995.697006 -0.441232413 0.150914028 -0.157282323 0.001394087 0.139226094 0.221023560 0.965278625
4995.733869 -0.458201647 0.154645622 -0.168636471 0.002525466 0.139965147 0.229717910 0.963137090
4995.770732 -0.477774143 0.153338522 -0.173076004 0.004750127 0.140489042 0.231982872 0.962509334
4995.807596 -0.500299573 0.160624713 -0.177832037 0.008525014 0.139910340 0.230471000 0.962930739
4995.844459 -0.516825378 0.159790665 -0.180891275 0.008825324 0.139122963 0.226955965 0.963876486
4995.881322 -0.546027362 0.159520149 -0.184988469 0.010198223 0.141901270 0.224162623 0.964111567
4995.918186 -0.560096383 0.154783294 -0.188015938 0.012146784 0.144055918 0.222528502 0.964147985
4995.955049 -0.572811842 0.158907712 -0.194250673 0.015402548 0.147050202 0.220354900 0.964148700
4995.991913 -0.589907527 0.153966740 -0.192657501 0.016148385 0.154360056 0.219674587 0.963148594
4996.028776 -0.599023342 0.141963273 -0.193726629 0.013705991 0.161478981 0.219786733 0.961992979
4996.065639 -0.623791218 0.145325795 -0.184076369 0.017371191 0.173158273 0.218401462 0.960216284
4996.102503 -0.638803840 0.142440200 -0.180422798 0.018088974 0.180763111 0.215901121 0.959366560
4996.139366 -0.649486899 0.122653686 -0.177527726 0.015668137 0.187388614 0.215690494 0.958184540
4996.176230 -0.665111661 0.121366747 -0.166158721 0.016331490 0.193509027 0.216220856 0.956836522
4996.213093 -0.681466639 0.119036928 -0.156103045 0.017125653 0.198827162 0.217239052 0.955500722
4996.249957 -0.701244533 0.117126599 -0.144109428 0.019496560 0.204380751 0.220011055 0.953647494
4996.286820 -0.710372329 0.114279233 -0.135868058 0.022864360 0.206139028 0.224422410 0.952165186
4996.323683 -0.730202317 0.113503173 -0.123765960 0.027766354 0.209456861 0.229579285 0.950079024
4996.360547 -0.741376460 0.109910317 -0.116832972 0.026773607 0.209538817 0.235197082 0.948714375
4996.397410 -0.751734376 0.110658556 -0.106674343 0.026185535 0.209006965 0.244038329 0.946612775
4996.434274 -0.765745044 0.094250597 -0.100121200 0.025796432 0.211993918 0.246229053 0.945391119
4996.471137 -0.778099656 0.084293485 -0.094088495 0.028901609 0.215941578 0.246008709 0.944464743
4996.508001 -0.791410685 0.078903921 -0.083233982 0.029226042 0.220515341 0.247016579 0.943133950
4996.544864 -0.796736479 0.069650754 -0.078197569 0.024305021 0.222841188 0.251088500 0.941650450
4996.581728 -0.805445790 0.074219257 -0.076880902 0.020565122 0.224038884 0.252807856 0.940995157
4996.618591 -0.815865874 0.060706805 -0.059268653 0.012376333 0.228980154 0.254640579 0.939453602
4996.655454 -0.823959112 0.057930641 -0.050400347 0.007524065 0.231624722 0.257361621 0.938114226
4996.692317 -0.830362678 0.053210996 -0.036133200 0.004593284 0.234845594 0.260812700 0.936377645
4996.729181 -0.843598962 0.043839477 -0.023584366 0.001690783 0.238863513 0.268344849 0.933237612
4996.766044 -0.857468188 0.040171262 -0.014547199 0.000625028 0.241005450 0.273919672 0.931066036
4996.802908 -0.869416416 0.033042550 -0.001849055 -0.000011514 0.243086308 0.281604886 0.928228259
4996.839771 -0.878158092 0.023950052 0.009137630 -0.001016390 0.244150043 0.288609564 0.925793827
4996.876635 -0.891546786 0.024784707 0.018664747 -0.000409031 0.245232433 0.291409373 0.924630404
4996.913498 -0.909393668 0.013937723 0.037116617 -0.001649467 0.251306832 0.296448290 0.921390593
4996.950361 -0.921117723 0.010005705 0.046448022 -0.001582975 0.255346745 0.299298167 0.919356346
4996.987225 -0.939498365 -0.000442334 0.060280085 -0.001194142 0.263412833 0.303674996 0.915638447
4997.024088 -0.956938148 -0.007992029 0.070831120 0.001776509 0.270698845 0.309317261 0.911614954
4997.060952 -0.972683907 -0.008549556 0.083442897 0.005983003 0.276262879 0.316042513 0.907612324
4997.097815 -0.996621013 -0.020574145 0.094084531 0.004652763 0.280369163 0.321843356 0.904316485
4997.134679 -1.021839261 -0.031004049 0.103482515 0.003774996 0.284310043 0.326877683 0.901279390
4997.171542 -1.034382820 -0.046105020 0.116609961 0.006114984 0.286090732 0.331991643 0.898830533
4997.208405 -1.050644159 -0.059432052 0.131168991 0.006980568 0.287908345 0.335037649 0.897111952
4997.245269 -1.071381211 -0.069672763 0.143132925 0.006424435 0.289593458 0.336822093 0.895904720
4997.282132 -1.082521796 -0.081458017 0.151653498 0.006028342 0.290181458 0.336295903 0.895914912
4997.318995 -1.099929690 -0.090481192 0.162973583 0.010366694 0.295380950 0.337062061 0.893885791
4997.355859 -1.108082175 -0.101787500 0.176483423 0.013259165 0.300449401 0.339077711 0.891392529
4997.392723 -1.111822844 -0.120718911 0.183285803 0.012602174 0.305429906 0.343159020 0.888141692
4997.429586 -1.120835781 -0.129181311 0.195916384 0.013537723 0.310696721 0.345487654 0.885393977
4997.466449 -1.130800009 -0.141166195 0.214484632 0.013227299 0.317123979 0.345938236 0.882940650
4997.503313 -1.139568686 -0.147624016 0.229743063 0.013010959 0.321086884 0.345358223 0.881737828
4997.540176 -1.149267077 -0.166708708 0.252011955 0.009944512 0.327331990 0.348181516 0.878364682
4997.577039 -1.156522632 -0.170793682 0.274295062 0.012036978 0.332669079 0.353719652 0.874110341
4997.613903 -1.162565351 -0.177845746 0.295616508 0.013056885 0.335349530 0.357745707 0.871428847
4997.650766 -1.163553715 -0.188773781 0.310772657 0.013336595 0.334865391 0.364442110 0.868832111
4997.687630 -1.168310523 -0.197071940 0.340024143 0.016654992 0.336568743 0.372438371 0.864715993
4997.724493 -1.171582222 -0.202835947 0.362687588 0.020560855 0.335431457 0.379452407 0.862020195
4997.761357 -1.178707480 -0.213631898 0.381273508 0.018612793 0.333722115 0.388163716 0.858843446
4997.798220 -1.186640143 -0.228861958 0.403979570 0.012439676 0.334313601 0.395760417 0.855250478
4997.835083 -1.199032307 -0.237858713 0.414927542 0.011046135 0.335626304 0.398296624 0.853576481
4997.871947 -1.189238787 -0.256094456 0.437760979 0.013203199 0.342002004 0.404135168 0.848254144
4997.908810 -1.193787456 -0.266664445 0.458667994 0.013824346 0.349067092 0.410274297 0.842398942
4997.945674 -1.199509740 -0.296696633 0.478967220 0.005339283 0.355989695 0.420853376 0.834341228
4997.982537 -1.204849720 -0.308077514 0.492152005 0.003119995 0.360199869 0.422999531 0.831455171
4998.019401 -1.208250046 -0.301644683 0.495431274 0.005179862 0.359079301 0.419443905 0.833727777
4998.056264 -1.211747408 -0.334145188 0.522745728 0.001514309 0.369760126 0.425345957 0.826048374
4998.093127 -1.218084693 -0.346827149 0.533250928 -0.001038174 0.372843832 0.425937623 0.824356437
4998.129991 -1.222779870 -0.364582658 0.549390078 -0.003006656 0.378038436 0.428866595 0.820457995
4998.166854 -1.226379395 -0.367194414 0.556887031 -0.000225191 0.379690707 0.429693252 0.819267094
4998.203717 -1.236797452 -0.382155716 0.576022446 0.000602731 0.386303663 0.432936370 0.814453959
4998.240581 -1.247002363 -0.392777979 0.594733715 0.003211258 0.393105447 0.435495108 0.809815943
4998.277445 -1.257709980 -0.412762493 0.619428098 0.003388168 0.401034206 0.437746197 0.804697633
4998.314308 -1.261287928 -0.424986511 0.631885409 0.005025457 0.403840661 0.443744928 0.799986184
4998.351171 -1.279741883 -0.426385045 0.652773023 0.009210888 0.408958852 0.447781235 0.795084715
4998.388035 -1.291571140 -0.436522484 0.671269953 0.011522256 0.413856715 0.451056808 0.790656388
4998.424898 -1.306004047 -0.451041728 0.687458634 0.010293433 0.417549312 0.458880812 0.784203410
4998.461761 -1.318011165 -0.463100612 0.704289794 0.007751028 0.420241535 0.467798203 0.777497172
4998.498625 -1.330004215 -0.481227875 0.725625396 0.009406694 0.427542746 0.473993272 0.769707143
4998.535488 -1.340368390 -0.494995803 0.738080502 0.010110744 0.432386577 0.474473178 0.766690850
4998.572352 -1.349966884 -0.509900689 0.751190186 0.007371155 0.436419129 0.475508660 0.763790250
4998.609215 -1.363104701 -0.523617387 0.758582950 0.004468057 0.439777046 0.475989997 0.761583686
4998.646079 -1.368321180 -0.540915728 0.778339088 0.003895616 0.447494239 0.477542073 0.756100059
4998.682942 -1.369724989 -0.560495853 0.796668828 0.002612610 0.455626130 0.480278403 0.749486864
4998.719805 -1.371142626 -0.565093398 0.806475580 0.005102633 0.461049169 0.482814848 0.744511545
4998.756669 -1.370260835 -0.572785378 0.821663857 0.004791176 0.467276067 0.483147562 0.740404308
4998.793532 -1.370607018 -0.591815829 0.838714957 0.001600855 0.475151390 0.484222353 0.734681785
4998.830396 -1.380746841 -0.605502248 0.854039311 0.000901176 0.483488709 0.481890202 0.730766475
4998.867259 -1.382286072 -0.619678438 0.869869113 0.001631066 0.490166724 0.483782858 0.725043476
4998.904123 -1.374814868 -0.626749992 0.890808105 0.003359582 0.494374812 0.484777063 0.721507728
4998.940986 -1.367396355 -0.638670444 0.919779778 0.007129893 0.499988437 0.489985317 0.714055359
4998.977849 -1.366814137 -0.648771286 0.939921379 0.012002664 0.502505124 0.494967252 0.708767951
4999.014713 -1.360754490 -0.658955872 0.942816496 0.018193515 0.498991072 0.502606392 0.705736339
4999.051576 -1.361510992 -0.676741838 0.974406779 0.021210397 0.502897084 0.506019533 0.700420499
4999.088439 -1.350277781 -0.685335636 0.994144917 0.023383889 0.500734389 0.514737546 0.695531130
4999.125303 -1.345788002 -0.694036245 1.009694576 0.024983466 0.500269473 0.520848453 0.691247582
4999.162166 -1.333690643 -0.708682775 1.028776407 0.026749246 0.503265858 0.527163506 0.684183121
4999.199030 -1.339775085 -0.729470849 1.036830664 0.024341082 0.506847858 0.531105995 0.678556681
4999.235893 -1.321611881 -0.737957776 1.057723761 0.020325854 0.510509014 0.538900971 0.669741094
4999.272757 -1.313749790 -0.751188636 1.072694778 0.014205825 0.515998662 0.539252996 0.665394485
4999.309620 -1.309163690 -0.767868996 1.084347725 0.009450697 0.523498535 0.538117588 0.660522103
4999.346483 -1.312967062 -0.783069432 1.094532371 0.005669415 0.530373156 0.535617948 0.657103896
4999.383347 -1.310229540 -0.796819091 1.113714337 0.004748467 0.537662804 0.535878956 0.650945365
4999.420210 -1.308630228 -0.817054212 1.126192212 0.003599619 0.542194009 0.537329197 0.645979881
4999.457074 -1.300237179 -0.826514959 1.135487318 0.005530687 0.542256594 0.540660858 0.643127561
4999.493937 -1.289147735 -0.837589025 1.160974622 0.009797852 0.547541082 0.542355657 0.637144506
4999.530801 -1.290988088 -0.851332843 1.175455451 0.015381219 0.550602138 0.543257356 0.633618295
4999.567664 -1.281581998 -0.868119299 1.194055200 0.022445004 0.552998304 0.549048960 0.626286149
4999.604527 -1.278096199 -0.880301595 1.210628986 0.027273875 0.555746138 0.552987158 0.620167375
4999.641391 -1.283879876 -0.892751396 1.230124354 0.026600592 0.561216712 0.550458074 0.617514491
4999.678254 -1.283713579 -0.901107967 1.250666261 0.030265789 0.567288041 0.553418875 0.609094262
4999.715118 -1.283847570 -0.915317297 1.270691872 0.031320557 0.573695898 0.559358180 0.597503543
4999.751981 -1.294212103 -0.926518798 1.283176184 0.032413129 0.577277482 0.568897128 0.584855735
4999.788844 -1.288737059 -0.946610093 1.307669520 0.026822271 0.585120559 0.575562656 0.570650578
4999.825708 -1.286754608 -0.960481107 1.319040060 0.025162889 0.592418551 0.578715444 0.559906662
4999.862571 -1.284807205 -0.968859375 1.333375812 0.023018798 0.599067986 0.581042528 0.550433755
4999.899435 -1.281884551 -0.987924933 1.351306200 0.016979920 0.605121017 0.585943401 0.538711965
4999.936298 -1.281146407 -0.997870803 1.364733577 0.013639826 0.608891070 0.590152025 0.529892683
4999.973161 -1.280326843 -1.004006147 1.381441116 0.006866361 0.614734352 0.587839663 0.525831819
5000.010025 -1.270226717 -1.022645712 1.395661712 0.008506007 0.618104517 0.597235084 0.511062443
5000.046888 -1.274528503 -1.025262117 1.403104067 0.006881344 0.620262027 0.597403347 0.508268535
5000.083752 -1.263857245 -1.037816286 1.420614958 0.006170854 0.624112904 0.601465881 0.498682082
5000.120615 -1.261272669 -1.040246964 1.431971431 0.008989333 0.626654387 0.603504181 0.492956549
5000.157479 -1.245950580 -1.048371434 1.451070189 0.016183402 0.630380869 0.610607088 0.479079366
5000.194342 -1.233804464 -1.056674242 1.462093353 0.017158510 0.633978724 0.611761510 0.472783625
5000.231205 -1.222167969 -1.061520100 1.473689675 0.019207265 0.636674285 0.613805234 0.466390491
5000.268069 -1.213236690 -1.073489904 1.488030910 0.019339271 0.641983807 0.614297867 0.458389312
5000.304932 -1.199495196 -1.072393060 1.499365091 0.025912512 0.645515978 0.617024302 0.449353516
5000.341796 -1.188804626 -1.084299684 1.510110378 0.029406872 0.649159312 0.619521201 0.440364420
5000.378659 -1.184575081 -1.090903878 1.520984530 0.031735308 0.651941895 0.619433999 0.436194986
5000.415522 -1.170294166 -1.106107950 1.530790091 0.033293433 0.653669715 0.624128997 0.426697046
5000.452386 -1.158552051 -1.114536405 1.538728118 0.035632826 0.654968262 0.626610756 0.420839429
5000.489249 -1.147167325 -1.124385238 1.554349303 0.038383484 0.659005761 0.626389623 0.414577037
5000.526113 -1.124256492 -1.127623320 1.558578372 0.040030632 0.657765508 0.632391572 0.407213628
5000.562976 -1.108862400 -1.141608596 1.566341877 0.036727373 0.658248127 0.634946764 0.402744383
5000.599840 -1.098629951 -1.152563095 1.575065255 0.032133274 0.660732150 0.633565664 0.401241839
5000.636703 -1.085726261 -1.160121679 1.580914259 0.033029459 0.662898719 0.632641256 0.399048090
5000.673566 -1.075406551 -1.172379375 1.590357065 0.034623612 0.666328967 0.631776154 0.394544899
5000.710430 -1.062139153 -1.185202003 1.597067714 0.035769399 0.669429779 0.630574822 0.391100615
5000.747293 -1.048191190 -1.200536370 1.604033709 0.036070712 0.672196984 0.628396273 0.389831007
5000.784157 -1.037248492 -1.208726645 1.616888762 0.038984105 0.675543010 0.624997437 0.389230102
5000.821020 -1.022020102 -1.233141780 1.618691325 0.037532732 0.677791059 0.622590065 0.389322668
5000.857883 -1.009184003 -1.247297049 1.636126876 0.038554918 0.683890760 0.616849422 0.387690246
5000.894747 -1.000002384 -1.265568614 1.645735025 0.040343154 0.687636852 0.614222109 0.385044366
5000.931610 -0.996473789 -1.275304794 1.666378617 0.041503679 0.694417298 0.608700275 0.381505013
5000.968474 -0.987109065 -1.270047307 1.672513485 0.047881544 0.695741832 0.608650923 0.378410757
5001.005337 -0.973129988 -1.299535155 1.688037157 0.045092501 0.701394856 0.608520925 0.368394136
5001.042200 -0.965171456 -1.307035089 1.717164278 0.046468463 0.708916783 0.605167150 0.359235793
5001.079064 -0.951472998 -1.339860201 1.733195543 0.042645365 0.712536931 0.608952105 0.345904410
5001.115927 -0.942075133 -1.345478773 1.750523448 0.051711753 0.713123500 0.616637170 0.329453081
5001.152791 -0.934514284 -1.356922865 1.768929601 0.052659761 0.714705884 0.620338321 0.318751872
5001.189654 -0.927426934 -1.371160507 1.788273573 0.051816460 0.718515396 0.620701075 0.309484780
5001.226517 -0.914280474 -1.384192824 1.802257538 0.047994826 0.720726073 0.622417569 0.301407933
5001.263381 -0.906029105 -1.394250154 1.814273834 0.048016392 0.720716953 0.625500321 0.294976145
5001.300244 -0.896561980 -1.406728745 1.829256535 0.047825646 0.721133828 0.627802730 0.289036959
5001.337108 -0.882405996 -1.421918988 1.846366405 0.046130773 0.722979724 0.628994405 0.282025158
5001.373971 -0.886176884 -1.422185540 1.856578231 0.047507122 0.723016679 0.629137754 0.281381637
5001.410835 -0.859863222 -1.435692668 1.874366760 0.049171519 0.723971963 0.633342683 0.268930912
5001.447698 -0.843731523 -1.443277955 1.879151583 0.050716627 0.723614514 0.636804342 0.261323690
5001.484561 -0.829833686 -1.452609301 1.885483980 0.048525143 0.724904537 0.637688458 0.255953431
5001.521425 -0.827620029 -1.445024490 1.887699008 0.048304904 0.726553619 0.636123478 0.255212665
5001.558288 -0.796875596 -1.462607145 1.909916162 0.049961809 0.731525540 0.635681689 0.241418660
5001.595152 -0.785359979 -1.462484479 1.917505026 0.052072238 0.733014643 0.635437667 0.237059087
5001.632015 -0.766536832 -1.468131661 1.929383993 0.053882878 0.735032916 0.635230362 0.230880231
5001.668878 -0.753402829 -1.468915105 1.939195395 0.056956694 0.736446381 0.634395659 0.227913976
5001.705742 -0.734642267 -1.473650932 1.937124729 0.057026535 0.735543966 0.636358917 0.225322679
5001.742605 -0.724562407 -1.469253898 1.937646389 0.062897533 0.735537708 0.635915458 0.225032628
5001.779469 -0.706426740 -1.474803805 1.961223960 0.067350231 0.739450216 0.633047819 0.218924165
5001.816332 -0.665123403 -1.493671894 1.966621637 0.069569312 0.738560498 0.638247132 0.205740392
5001.853195 -0.636943102 -1.496481061 1.970570445 0.070090033 0.739728868 0.638427556 0.200745836
5001.890059 -0.626668394 -1.498674870 1.977595568 0.074508823 0.741594791 0.636375785 0.198775008
5001.926922 -0.598178148 -1.522979021 1.975354195 0.065718658 0.740212739 0.640125036 0.194951519
5001.963786 -0.579760432 -1.526222467 1.978372931 0.062907800 0.740216970 0.640751958 0.193799734
5002.000649 -0.563682556 -1.531018496 1.985053062 0.056765165 0.743890703 0.636898637 0.194330826
5002.037513 -0.544268489 -1.541556954 1.974231362 0.052067965 0.743651390 0.637950420 0.193108350
5002.074376 -0.533880413 -1.541703224 1.983553290 0.052516449 0.747345328 0.635031104 0.188288316
5002.111239 -0.514084458 -1.547683239 1.988646984 0.050505884 0.750040889 0.633131981 0.184476808
5002.148103 -0.486606628 -1.555093169 1.983499289 0.048213396 0.750353634 0.633761704 0.181634158
5002.184966 -0.461100876 -1.560177445 1.992322683 0.042395156 0.753237247 0.630324304 0.183105320
5002.221830 -0.443298876 -1.563783646 2.009987354 0.044408493 0.756691337 0.626093745 0.182900846
5002.258693 -0.430887282 -1.571555734 2.005280018 0.057524763 0.754928887 0.629462063 0.174787968
5002.295557 -0.394094527 -1.574917555 2.013298750 0.050577145 0.756502986 0.627718627 0.176392898
5002.332420 -0.368201971 -1.580119371 2.019999027 0.051057842 0.756468058 0.628630459 0.173126802
5002.369283 -0.343118668 -1.579792380 2.026833534 0.049672041 0.757789075 0.627778649 0.170828551
5002.406147 -0.317374647 -1.585528135 2.032924652 0.047790013 0.758770406 0.627468884 0.168126181
5002.443010 -0.293985784 -1.598664165 2.044694662 0.046621587 0.759997904 0.627449870 0.162899375
5002.479873 -0.264065325 -1.600212574 2.054435730 0.044664092 0.759941220 0.628779829 0.158525929
5002.516737 -0.241050184 -1.614164114 2.064011812 0.043401960 0.758005381 0.632248163 0.154292881
5002.553600 -0.213874876 -1.616437554 2.069763184 0.044520639 0.756122291 0.635603905 0.149347126
5002.590464 -0.190888703 -1.614579201 2.072626829 0.046033040 0.755527556 0.636557102 0.147831336
5002.627327 -0.157092750 -1.619629145 2.082347870 0.044466142 0.755525768 0.637302101 0.145085096
5002.664191 -0.128093511 -1.622702956 2.086975574 0.043768905 0.753481328 0.640105307 0.143580332
5002.701054 -0.111573040 -1.635202765 2.097262383 0.029867608 0.751103640 0.640041411 0.159054264
5002.737917 -0.085630774 -1.629417181 2.091360807 0.043025319 0.750560462 0.643362522 0.144542396
5002.774781 -0.055641532 -1.634245872 2.091541767 0.039352134 0.750008345 0.644881964 0.141654849
5002.811644 -0.030550390 -1.636417747 2.097448826 0.036286127 0.751315653 0.643833399 0.140309364
5002.848508 -0.006623775 -1.644263983 2.098501682 0.033290852 0.751793742 0.643860757 0.138352141
5002.885371 0.022965759 -1.636614680 2.096244574 0.030750668 0.752724767 0.643133461 0.137255982
5002.922235 0.047014564 -1.642583728 2.099779606 0.029332124 0.754455626 0.641659856 0.134940624
5002.959098 0.072687775 -1.634781837 2.116003036 0.014546700 0.759421229 0.633936465 0.145576105
5002.995961 0.092933387 -1.631651282 2.110921144 0.016189670 0.758732855 0.634279251 0.147486344
5003.032825 0.129170477 -1.645232677 2.100095034 0.024817657 0.757063329 0.639545023 0.131229922
5003.069688 0.148102224 -1.641636491 2.101977587 0.027714228 0.756394625 0.639929831 0.132622957
5003.106551 0.176018357 -1.636904001 2.100342512 0.030381767 0.755062401 0.641483307 0.132124320
5003.143415 0.202068835 -1.630633950 2.105586052 0.035902489 0.754304767 0.642691076 0.129164562
5003.180279 0.241460919 -1.625470042 2.120040178 0.034789726 0.754442692 0.643655777 0.123746209
5003.217142 0.277444720 -1.625244498 2.119998693 0.034874883 0.748926282 0.651228309 0.117451414
5003.254005 0.307691127 -1.631632686 2.108822823 0.033123232 0.745298386 0.655623734 0.116579115
5003.290869 0.334158599 -1.633300066 2.103544474 0.031046590 0.747314811 0.653367698 0.116907194
5003.327732 0.361074865 -1.632073164 2.116924763 0.024087740 0.749862254 0.650638402 0.117456250
5003.364595 0.376753271 -1.630909681 2.098479986 0.032868493 0.744947910 0.656250834 0.115356371
5003.401459 0.392951518 -1.632958651 2.093742609 0.031530432 0.746949613 0.653225541 0.119868703
5003.438322 0.420572907 -1.640760064 2.090399027 0.030508520 0.749938786 0.649849474 0.119819477
5003.475186 0.441102058 -1.659510612 2.095211744 0.015929576 0.750838816 0.647431374 0.129691824
5003.512049 0.454176545 -1.655313969 2.092492580 0.019364052 0.753602624 0.643107116 0.134615481
5003.548913 0.482538253 -1.652017117 2.100123882 0.020595381 0.758359194 0.637965381 0.132164001
5003.585776 0.528284073 -1.652784705 2.077288151 0.032705646 0.758842468 0.640450060 0.113631934
5003.622639 0.553849220 -1.659197450 2.077584505 0.031581089 0.761405408 0.638051748 0.110246979
5003.659503 0.575340390 -1.654026866 2.083846569 0.031706210 0.764392853 0.635007203 0.107071012
5003.696366 0.606793404 -1.663772345 2.087851048 0.028885664 0.763702929 0.637272358 0.099032365
5003.733230 0.633497715 -1.664458156 2.090437412 0.027030785 0.763536096 0.638527513 0.092544965
5003.770093 0.655202150 -1.667896628 2.098904610 0.027993938 0.764914989 0.637583494 0.087227874
5003.806957 0.696495056 -1.663140774 2.107930899 0.015017325 0.762765646 0.640751600 0.086025774
5003.843820 0.702823102 -1.665674448 2.107465744 0.034791417 0.759708285 0.645165682 0.073444292
5003.880683 0.729640961 -1.671553850 2.118047476 0.039902546 0.757726550 0.648176551 0.064229086
5003.917547 0.756929576 -1.676605344 2.122453213 0.042138800 0.757666647 0.648688436 0.058042198
5003.954410 0.775938869 -1.676604629 2.128158092 0.045475502 0.757076800 0.649623036 0.052503664
5003.991273 0.792897463 -1.682739258 2.129678488 0.045411449 0.754158676 0.653312683 0.048630953
5004.028137 0.814224958 -1.688816071 2.132281065 0.042790994 0.753156781 0.655042887 0.042924266
5004.065001 0.855806828 -1.680678606 2.131972551 0.012965639 0.749387741 0.660253704 0.048114464
5004.101864 0.866232395 -1.677660823 2.150286913 0.017747512 0.755135596 0.654282510 0.037008096
5004.138727 0.886037529 -1.678997517 2.143528700 0.008074169 0.751788795 0.658665657 0.030132968
5004.175591 0.903415799 -1.683318377 2.148145199 0.003176068 0.752511680 0.658207297 0.021890579
5004.212454 0.936344266 -1.679735899 2.152788162 -0.005510470 0.754065156 0.656662703 0.012227248
5004.249317 0.945848644 -1.685214520 2.146226406 -0.002350418 0.753355443 0.657600343 0.003449690
5004.286181 0.961363316 -1.677785516 2.147618055 -0.003215725 0.753897786 0.656982005 -0.001556444
5004.323044 0.998665690 -1.666128278 2.149854183 -0.008769459 0.753440440 0.657358706 -0.011409158
5004.359908 0.997661114 -1.661413312 2.130834818 0.018976202 0.754332006 0.655602217 -0.028440544
5004.396771 1.019689679 -1.660373926 2.130829573 0.021565711 0.754929364 0.654527009 -0.034798265
5004.433635 1.034458160 -1.661774039 2.136540651 0.015465313 0.756696641 0.652766466 -0.032664981
5004.470498 1.055539727 -1.651306868 2.132748127 0.022264652 0.756452441 0.652483523 -0.039359983
5004.507361 1.069495082 -1.650266767 2.134620905 0.029344941 0.755593359 0.652929664 -0.043594096
5004.544225 1.091149330 -1.624035597 2.119315624 0.044742476 0.748237729 0.659691870 -0.054268323
5004.581088 1.109287024 -1.620639920 2.127707005 0.049112953 0.744333565 0.663170815 -0.061318260
5004.617952 1.133558512 -1.620137572 2.119020700 0.046270229 0.743247390 0.663864195 -0.068751328
5004.654815 1.150157094 -1.626840591 2.081452608 0.045300908 0.736920238 0.670177698 -0.075882800
5004.691679 1.163908482 -1.607511520 2.102828264 0.048181668 0.743629158 0.661865413 -0.081414752
5004.728542 1.153624654 -1.620212793 2.105678558 0.041664209 0.743587852 0.663504481 -0.071435869
5004.765405 1.205620289 -1.608356476 2.094121456 0.048407227 0.743956089 0.659654915 -0.095086493
5004.802269 1.208744287 -1.620342493 2.087370157 0.030574191 0.746182799 0.660115361 -0.080772534
5004.839132 1.242068172 -1.623694658 2.085240364 0.028391894 0.747860968 0.657160819 -0.089652181
5004.875995 1.257375479 -1.622897267 2.076634645 0.029339511 0.748680294 0.655527174 -0.094346069
5004.912859 1.273146749 -1.620730400 2.072542906 0.030094786 0.750020087 0.652934611 -0.101195455
5004.949723 1.289313912 -1.606444001 2.062034845 0.045889538 0.751201749 0.647871256 -0.117698431
5004.986586 1.291452765 -1.596730947 2.048535109 0.045206610 0.749495983 0.649432421 -0.120206833
5005.023449 1.306693316 -1.592699766 2.044060946 0.045869559 0.749293983 0.647636175 -0.130468175
5005.060313 1.332130194 -1.584281802 2.042786837 0.044091284 0.749665439 0.644113660 -0.145517126
5005.097176 1.344768524 -1.583181858 2.040629387 0.044431500 0.749451518 0.642295241 -0.154288739
5005.134039 1.366876364 -1.588757038 2.042334318 0.028314825 0.749506056 0.642180979 -0.158248439
5005.170903 1.389230728 -1.582936525 2.039361477 0.042750828 0.748900592 0.636742592 -0.178547159
5005.207766 1.404911041 -1.576894641 2.038394928 0.045954343 0.748377502 0.633943439 -0.189565286
5005.244630 1.428298950 -1.577750325 2.038444042 0.037801728 0.745785177 0.635102630 -0.197535098
5005.281493 1.448636651 -1.570089817 2.034917593 0.051892780 0.740103066 0.635598183 -0.213470057
5005.318357 1.476343870 -1.569686174 2.032546759 0.053566057 0.734972715 0.636949062 -0.226366267
5005.355220 1.495758533 -1.565899730 2.025739431 0.054071706 0.733430862 0.635088861 -0.236257389
5005.392083 1.514737844 -1.565964460 2.023561478 0.055313136 0.733355939 0.631691337 -0.245144054
5005.428947 1.532971382 -1.561652303 2.019975185 0.056685925 0.730985641 0.631185412 -0.253084391
5005.465810 1.553006887 -1.568736792 2.025749207 0.043632030 0.729267061 0.634626865 -0.252020776
5005.502674 1.568825483 -1.556304455 2.008267403 0.059159655 0.724566162 0.632656753 -0.266925991
5005.539537 1.587130666 -1.541227341 2.000067234 0.080225185 0.720817327 0.626835167 -0.284717351
5005.576401 1.599877238 -1.535479665 1.995797873 0.081158325 0.717887342 0.626677573 -0.292106569
5005.613264 1.613068819 -1.526579618 1.990900874 0.079451881 0.714582860 0.627163947 -0.299539804
5005.650127 1.634014368 -1.533584714 1.991830945 0.064539343 0.711784363 0.629824162 -0.304169744
5005.686990 1.650569677 -1.521444917 1.982951403 0.051462404 0.708837211 0.631134331 -0.310758501
5005.723854 1.664708138 -1.512511134 1.975479603 0.046694107 0.706566751 0.629989862 -0.318897903
5005.760717 1.683571577 -1.500323057 1.962455869 0.041305117 0.703538954 0.628661513 -0.328803152
5005.797581 1.694576502 -1.487907290 1.952110291 0.039928153 0.701683640 0.627128780 -0.335790694
5005.834444 1.710525632 -1.482537389 1.958719254 0.030640723 0.704363585 0.623663306 -0.337605089
5005.871308 1.734854460 -1.464153290 1.939323187 0.038822562 0.702063799 0.619505286 -0.349016368
5005.908171 1.739356041 -1.452979565 1.924712896 0.048094317 0.700498521 0.618347406 -0.353037208
5005.945035 1.750361800 -1.437061071 1.919053912 0.054119825 0.702767551 0.613644838 -0.355849385
5005.981898 1.771449089 -1.427198529 1.902338862 0.060248282 0.700115860 0.611863852 -0.363084853
5006.018761 1.793238163 -1.416373014 1.891821504 0.066098653 0.696910262 0.611002743 -0.369625032
5006.055625 1.792137027 -1.400310993 1.880394459 0.074887052 0.694967747 0.610524178 -0.372386873
5006.092488 1.808416963 -1.390743494 1.870095611 0.072827265 0.697655320 0.605611920 -0.375775784
5006.129352 1.811098814 -1.386428595 1.849305153 0.079109974 0.691295922 0.608223379 -0.381989390
5006.166215 1.818911910 -1.375899076 1.838030815 0.080269344 0.686487436 0.609792948 -0.387871653
5006.203079 1.833659768 -1.363930702 1.827323079 0.074811406 0.684912503 0.608453989 -0.393804282
5006.239942 1.838451505 -1.345988989 1.806810856 0.091459982 0.679623485 0.602438211 -0.408430159
5006.276805 1.847439766 -1.346137762 1.782809258 0.091701470 0.672010064 0.604041755 -0.418481588
5006.313669 1.852694750 -1.342966199 1.792354941 0.056228958 0.675132394 0.610390007 -0.410437107
5006.350532 1.867827654 -1.333262205 1.768933177 0.066220969 0.671484828 0.602319539 -0.426537216
5006.387396 1.878897190 -1.339561224 1.761796117 0.052485704 0.670544386 0.604056001 -0.427471399
5006.424259 1.903627276 -1.319318414 1.736913443 0.054693673 0.667661905 0.596347034 -0.442274094
5006.461122 1.909138918 -1.302182913 1.727067351 0.051344331 0.667376995 0.593972027 -0.446283489
5006.497986 1.932976127 -1.294012070 1.710401654 0.051230319 0.664633632 0.589304447 -0.456462353
5006.534849 1.947254419 -1.279442310 1.695627809 0.051548649 0.662782192 0.586231172 -0.463028759
5006.571712 1.957360029 -1.255787730 1.675663829 0.073675469 0.662128806 0.573283315 -0.476973385
5006.608576 1.988818169 -1.255404949 1.668891668 0.041176073 0.660957754 0.582155049 -0.471736014
5006.645439 1.993556023 -1.237752199 1.655396581 0.049518075 0.656363606 0.580525696 -0.479296058
5006.682303 2.022382259 -1.225789070 1.644067526 0.060499620 0.655612588 0.573514700 -0.487434953
5006.719166 2.040551186 -1.220234990 1.631508112 0.052160580 0.653551519 0.573762238 -0.490863055
5006.756030 2.039254189 -1.195430517 1.607455015 -0.081208557 -0.648662388 -0.559448600 0.509567857
5006.792893 2.050702095 -1.187975645 1.590238810 -0.087665811 -0.644845068 -0.558364213 0.514508486
5006.829756 2.055777073 -1.188503146 1.563893318 -0.094847701 -0.640149117 -0.558581948 0.518844128
5006.866620 2.064486504 -1.180768251 1.551669717 -0.093883783 -0.636986196 -0.557965577 0.523554087
5006.903483 2.080253601 -1.157503724 1.540429354 -0.084948890 -0.631244540 -0.557280540 0.532684267
5006.940347 2.098083735 -1.142601848 1.527070642 -0.069289289 -0.626886845 -0.560349703 0.536861300
5006.977210 2.104141951 -1.129948378 1.519845009 -0.066338748 -0.624719918 -0.559529841 0.540602088
5007.014074 2.094018459 -1.129707813 1.485777855 -0.086004965 -0.618747592 -0.552269995 0.552043855
5007.050937 2.111980438 -1.103135347 1.489475369 -0.063941382 -0.617954910 -0.554560244 0.553630054
5007.087800 2.121075153 -1.083812475 1.474242210 -0.061356179 -0.615322351 -0.550593793 0.560767591
5007.124664 2.117344856 -1.068508387 1.461860657 -0.062801152 -0.613264143 -0.546557903 0.566778243
5007.161527 2.099560022 -1.082447052 1.423140049 -0.087195762 -0.607297242 -0.542119503 0.574189305
5007.198391 2.102087975 -1.062311172 1.407721758 -0.087134242 -0.606656015 -0.537258685 0.579421401
5007.235254 2.094590664 -1.053603172 1.394715190 -0.094097897 -0.606122077 -0.533726513 0.582149088
5007.272117 2.106340885 -1.020759225 1.377999425 -0.094754137 -0.604190826 -0.522491276 0.594119430
5007.308981 2.109187603 -1.003771782 1.361716986 -0.096633248 -0.604428172 -0.514455616 0.600553036
5007.345844 2.108277798 -0.990266025 1.343374133 -0.102046989 -0.601523638 -0.509178340 0.607036412
5007.382708 2.106586933 -0.973063350 1.331513882 -0.109287784 -0.596669614 -0.506941497 0.612414777
5007.419571 2.109139442 -0.960838735 1.305646181 -0.112515107 -0.590382218 -0.503197551 0.620952010
5007.456434 2.107776403 -0.942913830 1.291323185 -0.109320343 -0.588443458 -0.501401603 0.624803782
5007.493298 2.095025778 -0.959541619 1.252664804 -0.110740922 -0.572481513 -0.516465306 0.627108455
5007.530161 2.101177692 -0.946193576 1.232059717 -0.111745737 -0.562162280 -0.518885732 0.634227097
5007.567025 2.098745346 -0.918999374 1.240521193 -0.119683444 -0.563340187 -0.505434155 0.642541826
5007.603888 2.098286629 -0.911880255 1.220104337 -0.118476458 -0.557423949 -0.504448533 0.648670554
5007.640752 2.095431328 -0.899262309 1.205415487 -0.117703825 -0.551714003 -0.502363145 0.655277610
5007.677615 2.097512722 -0.891752958 1.183855653 -0.114539020 -0.546553969 -0.499966562 0.661961496
5007.714478 2.098869324 -0.880786240 1.173593998 -0.099785984 -0.546389043 -0.507067740 0.659078181
5007.751342 2.096957207 -0.864246309 1.151262760 -0.107085131 -0.540780306 -0.491396427 0.674254477
5007.788205 2.098860264 -0.851397097 1.133544087 -0.103549421 -0.538625538 -0.486704439 0.679910898
5007.825069 2.100876808 -0.838138819 1.114446044 -0.098560385 -0.537150085 -0.483741373 0.683922470
5007.861932 2.102613449 -0.823341012 1.096669436 -0.098213688 -0.535925746 -0.477910042 0.689013541
5007.898795 2.099457264 -0.821835995 1.064880371 -0.095239207 -0.530371428 -0.481020421 0.691559732
5007.935659 2.097209454 -0.795859218 1.050763011 -0.096275859 -0.529802203 -0.476019114 0.695303023
5007.972522 2.107203722 -0.781430304 1.035562634 -0.102159388 -0.530596137 -0.463432789 0.702325583
5008.009386 2.110023975 -0.780199528 1.017800093 -0.107509665 -0.529693842 -0.458469957 0.705458343
5008.046249 2.109197617 -0.757432878 0.995866418 -0.113959759 -0.524203002 -0.454613328 0.711021125
5008.083113 2.114897251 -0.751961410 0.975352645 -0.118001454 -0.520764709 -0.452645898 0.714136899
5008.119976 2.110628128 -0.756457448 0.954708755 -0.112902597 -0.519708395 -0.465251774 0.707599461
5008.156839 2.111121655 -0.721379876 0.933029413 -0.117082216 -0.512935162 -0.446545392 0.723730922
5008.193703 2.112013102 -0.715105474 0.915402532 -0.117360741 -0.508080065 -0.447150320 0.726730824
5008.230566 2.110519409 -0.704811275 0.896467447 -0.118607640 -0.502317905 -0.445310593 0.731647134
5008.267430 2.109129190 -0.693794966 0.879722536 -0.116788656 -0.499032885 -0.443231821 0.735440135
5008.304293 2.105327129 -0.684716403 0.858959734 -0.113001809 -0.494255096 -0.443102121 0.739326060
5008.341156 2.102792263 -0.672417760 0.838592112 -0.109606884 -0.489451975 -0.440254807 0.744713902
5008.378020 2.099343538 -0.656142712 0.811736405 -0.099322222 -0.483319372 -0.449124843 0.744865298
5008.414883 2.087006330 -0.651111245 0.809949100 -0.107052796 -0.479298890 -0.433641940 0.755491197
5008.451747 2.076886654 -0.640317082 0.791113913 -0.102738872 -0.474034309 -0.431630850 0.760546505
5008.488610 2.069007635 -0.625579178 0.779656827 -0.099478289 -0.470814019 -0.427134633 0.765502572
5008.525473 2.058032036 -0.613854468 0.760176182 -0.094020516 -0.464011937 -0.430737108 0.768321872
5008.562337 2.048088074 -0.599987149 0.749091387 -0.092675500 -0.461182624 -0.426211864 0.772700012
5008.599200 2.041218519 -0.576292872 0.736054480 -0.087548390 -0.461414456 -0.428259462 0.772027075
5008.636064 2.024438858 -0.570666730 0.726681769 -0.096199639 -0.459157169 -0.407595575 0.783445060
5008.672927 2.011415243 -0.557567596 0.711447716 -0.095943958 -0.458903939 -0.400819272 0.787112355
5008.709790 2.011250496 -0.558587372 0.663332701 -0.098354384 -0.452010155 -0.396059781 0.793189704
5008.746654 1.988648653 -0.535557270 0.682708085 -0.111129574 -0.452398479 -0.386679709 0.795904934
5008.783517 1.980513453 -0.533465326 0.673503458 -0.120339505 -0.449917942 -0.377138734 0.800536454
5008.820381 1.966105700 -0.517442286 0.653123081 -0.113000542 -0.447267026 -0.378019750 0.802673161
5008.857244 1.958039999 -0.509161949 0.641337752 -0.112642735 -0.442870736 -0.373638809 0.807199597
5008.894108 1.941770077 -0.511124969 0.627353370 -0.115910292 -0.434454501 -0.367915124 0.813911855
5008.930971 1.930678129 -0.507302463 0.611987233 -0.110966541 -0.427459151 -0.367397666 0.818525553
5008.967834 1.919566870 -0.501907885 0.604815185 -0.107248805 -0.421470970 -0.363772780 0.823728859
5009.004698 1.907705784 -0.503713965 0.582246065 -0.102157868 -0.410854578 -0.369292110 0.827276051
5009.041561 1.900127172 -0.498198658 0.571874321 -0.100176871 -0.405573487 -0.360738665 0.833871901
5009.078425 1.892588854 -0.495350361 0.558956325 -0.095077127 -0.399642318 -0.356825948 0.839000404
5009.115288 1.882287979 -0.493007779 0.551597297 -0.094435468 -0.394054472 -0.353825331 0.842977226
5009.152151 1.878062010 -0.479829609 0.534337103 -0.090450242 -0.385872453 -0.348185450 0.849522293
5009.189015 1.874488711 -0.471630901 0.522236466 -0.088397369 -0.379481077 -0.341914982 0.855145693
5009.225878 1.867834568 -0.461035997 0.506911755 -0.087173328 -0.371977210 -0.333806574 0.861746430
5009.262742 1.863828182 -0.459622473 0.491994858 -0.089997001 -0.366229028 -0.326331228 0.866766810
5009.299605 1.878950119 -0.441992134 0.464735150 -0.081533566 -0.363723010 -0.328471154 0.867850542
5009.336468 1.872754931 -0.434691578 0.473502636 -0.081064381 -0.362784922 -0.318849206 0.871866286
5009.373332 1.865896463 -0.425621152 0.452794194 -0.081779249 -0.350142419 -0.301702440 0.882999480
5009.410195 1.867618918 -0.416654199 0.436367869 -0.084876746 -0.340441614 -0.291281343 0.889972210
5009.447059 1.868425131 -0.410222888 0.419407248 -0.086576723 -0.330456406 -0.280648291 0.896961331
5009.483922 1.867748141 -0.406869799 0.396360278 -0.085056357 -0.320467949 -0.270316958 0.903877437
5009.520786 1.874617457 -0.400500536 0.385550678 -0.082880042 -0.316333443 -0.264875650 0.907141089
5009.557649 1.879320264 -0.397840321 0.371352911 -0.081709124 -0.311281085 -0.258637935 0.910787642
5009.594512 1.880616665 -0.388374984 0.357424796 -0.078176826 -0.305626273 -0.251338184 0.915046453
5009.631376 1.874962568 -0.382240891 0.331262946 -0.076888062 -0.294371992 -0.240941092 0.921618581
5009.668239 1.880761385 -0.377932012 0.332532167 -0.073428966 -0.291317999 -0.235905915 0.924170077
5009.705103 1.881701469 -0.364529163 0.324345946 -0.065626189 -0.284325689 -0.229967132 0.928421915
5009.741966 1.879556417 -0.364924610 0.310869575 -0.061018445 -0.276568681 -0.225211248 0.932237327
5009.778829 1.878614545 -0.357936323 0.295082331 -0.053077001 -0.268256396 -0.221506134 0.936032236
5009.815693 1.874195337 -0.352889359 0.278418481 -0.045864753 -0.260578930 -0.219776019 0.938985348
5009.852556 1.868579745 -0.348797619 0.268756568 -0.040225375 -0.254134297 -0.214069381 0.942322671
5009.889420 1.862200141 -0.343662977 0.259962022 -0.035723262 -0.248402506 -0.208418861 0.945294499
5009.926283 1.851748705 -0.351600260 0.249333322 -0.036026772 -0.242686689 -0.204006344 0.947727084
5009.963146 1.853557110 -0.335859835 0.235604525 -0.026933748 -0.240014806 -0.201412305 0.949263155
5010.000010 1.842464566 -0.325240999 0.238013804 -0.022113897 -0.236969247 -0.197545946 0.950963795
5010.036873 1.820466042 -0.319110841 0.241304815 -0.020483492 -0.232579574 -0.191586256 0.953300536
5010.073737 1.806812048 -0.311211765 0.237307429 -0.017391728 -0.229615331 -0.189409032 0.954514802
5010.110600 1.793992758 -0.308069229 0.233554721 -0.017778885 -0.227132082 -0.182130203 0.956516385
5010.147464 1.778964281 -0.298612595 0.232933760 -0.020161141 -0.223189354 -0.171600118 0.959340096
5010.184327 1.775940061 -0.300838411 0.218654752 -0.026564866 -0.220024198 -0.165357515 0.961010158
5010.221190 1.754685283 -0.291459382 0.228444815 -0.031745262 -0.214229614 -0.162545905 0.962640524
5010.258054 1.753023505 -0.283982158 0.220077604 -0.037487578 -0.209902972 -0.152785540 0.964982927
5010.294917 1.736075878 -0.268512875 0.221221596 -0.032406274 -0.203148499 -0.149842367 0.967071772
5010.331781 1.719762564 -0.285037041 0.218626469 -0.037155751 -0.196284726 -0.146792799 0.968784630
5010.368644 1.694648504 -0.277472436 0.229484200 -0.042199917 -0.186578214 -0.142039627 0.971201539
5010.405508 1.685275197 -0.273140639 0.219858706 -0.045690112 -0.179665133 -0.138630271 0.972838402
5010.442371 1.666342616 -0.273412347 0.226337045 -0.045864414 -0.174629092 -0.141139939 0.973386168
5010.479234 1.642725110 -0.277379960 0.220948994 -0.041102663 -0.166719675 -0.157316014 0.972505391
5010.516098 1.626602173 -0.272307038 0.216222078 -0.044798665 -0.161818624 -0.157421485 0.973152757
5010.552961 1.627222180 -0.271036506 0.200789571 -0.052737784 -0.162787125 -0.148219079 0.974038064
5010.589824 1.592106223 -0.265958756 0.209892601 -0.046476141 -0.153538316 -0.159005001 0.974157751
5010.626688 1.573641896 -0.265076935 0.207790613 -0.047470208 -0.147911042 -0.159577355 0.974886656
5010.663551 1.568145275 -0.266193002 0.188943207 -0.047809429 -0.142575547 -0.164113641 0.974911869
5010.700415 1.548021913 -0.247135431 0.207102761 -0.053947978 -0.137668520 -0.148237407 0.977835655
5010.737278 1.528977871 -0.239941701 0.204744399 -0.052258942 -0.130003750 -0.149967745 0.978712261
5010.774142 1.509476781 -0.235628486 0.197125077 -0.051029593 -0.122738764 -0.148979470 0.979865432
5010.811005 1.490828276 -0.225303799 0.197729126 -0.046365306 -0.118667036 -0.147950754 0.980754316
5010.847868 1.471762776 -0.231356919 0.190479636 -0.047942679 -0.115654781 -0.140319735 0.982158720
5010.884732 1.477331638 -0.200590849 0.205009937 -0.043175437 -0.122955218 -0.136918485 0.981973112
5010.921595 1.435138941 -0.209593490 0.187639922 -0.051544555 -0.116859369 -0.128640994 0.983431995
5010.958459 1.418953061 -0.207761496 0.185039535 -0.053659432 -0.122616179 -0.120831154 0.983608544
5010.995322 1.394304276 -0.201726064 0.175770074 -0.054220919 -0.126521781 -0.115146033 0.983765066
5011.032186 1.383522868 -0.198919967 0.179767489 -0.056467555 -0.134376451 -0.110073939 0.983177543
5011.069049 1.369545341 -0.177739292 0.182561487 -0.054247998 -0.138117611 -0.103863791 0.983459711
5011.105912 1.322919369 -0.205955163 0.150104776 -0.064903118 -0.129445821 -0.100671045 0.984325528
5011.142776 1.328458786 -0.186720967 0.170058712 -0.060421079 -0.136588097 -0.097092286 0.984005094
5011.179639 1.308566093 -0.183014020 0.163668737 -0.059377443 -0.131530166 -0.095071480 0.984954596
5011.216503 1.289603949 -0.192592770 0.167651489 -0.062165774 -0.126339570 -0.093950242 0.985569417
5011.253366 1.260063529 -0.217794523 0.165099069 -0.067592971 -0.116831899 -0.087707736 0.986959398
5011.290230 1.242469072 -0.209495082 0.168002933 -0.061003339 -0.108446062 -0.085604854 0.988529146
5011.327093 1.223539114 -0.221287251 0.176200211 -0.061667722 -0.102916807 -0.083493598 0.989259362
5011.363956 1.204224467 -0.210326210 0.181312919 -0.055236612 -0.097427368 -0.081506334 0.990360320
5011.400820 1.175870776 -0.225731760 0.174497887 -0.057753935 -0.091482289 -0.071352854 0.991566539
5011.437683 1.138857126 -0.210429475 0.181096673 -0.048920918 -0.084653661 -0.076305658 0.992279172
5011.474546 1.123872399 -0.218953207 0.188115388 -0.047861300 -0.087100834 -0.072136216 0.992430925
5011.511410 1.113349080 -0.237835348 0.196264476 -0.049439795 -0.092095010 -0.068089671 0.992188513
5011.548273 1.087746024 -0.215596423 0.197263554 -0.042006593 -0.093217954 -0.062135864 0.992816687
5011.585137 1.057179213 -0.220612481 0.199555412 -0.045291230 -0.092705287 -0.053704523 0.993212044
5011.622000 1.044613838 -0.235458076 0.203018278 -0.046590850 -0.097173028 -0.047371462 0.993047118
5011.658864 1.020065904 -0.250493050 0.206441820 -0.044258796 -0.096683383 -0.047100790 0.993214488
5011.695727 0.995210946 -0.260987699 0.203087717 -0.045563824 -0.093084596 -0.043744046 0.993652701
5011.732590 0.969530106 -0.271884561 0.212669492 -0.049791273 -0.088421375 -0.045069408 0.993816495
5011.769454 0.947023928 -0.260424465 0.211279884 -0.044393729 -0.081742115 -0.045702096 0.994614840
5011.806317 0.925952613 -0.275341928 0.209963456 -0.046799004 -0.076365881 -0.049118843 0.994769037
5011.843181 0.894028604 -0.266859561 0.210719332 -0.042066198 -0.067759715 -0.051333807 0.995491803
5011.880044 0.883641064 -0.265196741 0.212692380 -0.039256997 -0.065698437 -0.053409141 0.995635509
5011.916908 0.855871618 -0.271759957 0.216609046 -0.038444735 -0.060751803 -0.057542801 0.995751023
5011.953771 0.838355064 -0.278061092 0.220315889 -0.039976366 -0.059621666 -0.059628826 0.995636225
5011.990634 0.816041112 -0.285040379 0.223998904 -0.042190529 -0.059431195 -0.062648565 0.995370805
5012.027498 0.783671856 -0.271692485 0.220036641 -0.040378381 -0.056308683 -0.061982509 0.995669186
5012.064361 0.775328577 -0.261466503 0.219400555 -0.040065810 -0.062269423 -0.063217342 0.995249093
5012.101225 0.731350660 -0.275820524 0.216318771 -0.047447391 -0.059401948 -0.063407376 0.995087743
5012.138088 0.701341093 -0.276405096 0.214093059 -0.049486995 -0.060602088 -0.064719230 0.994831562
5012.174952 0.678663373 -0.238817826 0.208825663 -0.040720116 -0.061938193 -0.060860123 0.995390177
5012.211815 0.638068140 -0.230098203 0.203397125 -0.037999477 -0.058861174 -0.060692664 0.995694637
5012.248678 0.615396321 -0.226419672 0.197864771 -0.035482936 -0.059675280 -0.057524774 0.995927095
5012.285542 0.611460745 -0.255247086 0.193537876 -0.044466440 -0.065220855 -0.047576100 0.995743692
5012.322405 0.567530692 -0.237194002 0.188232899 -0.043027174 -0.056182180 -0.054300528 0.996013880
5012.359268 0.591503918 -0.208205640 0.194396049 -0.039904211 -0.065737396 -0.040740706 0.996205986
5012.396132 0.521919250 -0.208686695 0.184207752 -0.043363918 -0.047783401 -0.046528772 0.996830702
5012.432995 0.498724759 -0.219403848 0.177942038 -0.050374974 -0.044322580 -0.047678553 0.996606529
5012.469859 0.481684625 -0.207164288 0.175242469 -0.051501211 -0.042504530 -0.047947042 0.996615291
5012.506722 0.481898844 -0.186612204 0.190644324 -0.047653310 -0.046223145 -0.049908292 0.996544898
5012.543586 0.434047163 -0.187899545 0.170836747 -0.049926709 -0.034545202 -0.047528114 0.997023106
5012.580449 0.414923072 -0.172200084 0.173978597 -0.046141732 -0.032770947 -0.047139101 0.997283757
5012.617312 0.397032440 -0.166712284 0.171657249 -0.047630925 -0.030389598 -0.044904627 0.997392297
5012.654176 0.369120955 -0.165318355 0.176277295 -0.050918590 -0.025410527 -0.041838072 0.997502446
5012.691039 0.369858176 -0.174084693 0.179216534 -0.054543752 -0.031280175 -0.044289667 0.997038066
5012.727903 0.350622594 -0.188988209 0.183114588 -0.061070498 -0.032290433 -0.043788347 0.996649563
5012.764766 0.358681828 -0.151350677 0.199447408 -0.047803249 -0.041434776 -0.041920334 0.997116208
5012.801630 0.308745265 -0.142616674 0.191046193 -0.046396427 -0.032247219 -0.047293060 0.997281730
5012.838493 0.299192756 -0.142056346 0.198895335 -0.045297172 -0.036543913 -0.046234418 0.997233689
5012.875356 0.275454670 -0.155202955 0.197797626 -0.048216086 -0.036092803 -0.044312995 0.997200489
5012.912220 0.285154969 -0.142464474 0.203017414 -0.040720075 -0.047091939 -0.042131778 0.997170568
5012.949083 0.268014163 -0.145032391 0.199616224 -0.039487690 -0.053482603 -0.043961208 0.996818781
5012.985947 0.264439851 -0.148714319 0.200631976 -0.044558644 -0.063996002 -0.044080336 0.995979905
5013.022810 0.235875398 -0.122376896 0.197106391 -0.040115178 -0.063269451 -0.040553369 0.996364951
5013.059674 0.209936053 -0.124343485 0.194606751 -0.043460343 -0.061545879 -0.037627984 0.996447384
5013.096537 0.205911174 -0.121418953 0.192027152 -0.044102218 -0.063876316 -0.035145100 0.996363223
