4977.154708 0.000000000 0.000000000 0.000000000 0.000000000 0.000000000 0.000000000 1.000000000
4977.191572 0.002183378 0.000867130 -0.007489454 -0.003643375 0.002381022 0.003312114 0.999985039
4977.228435 -0.001295261 0.004554930 -0.014007892 -0.005196413 0.008247699 0.005756176 0.999935925
4977.265299 -0.004822569 0.011830088 -0.020277053 -0.003912137 0.014688777 0.009167640 0.999842465
4977.302162 -0.012607970 0.022422399 -0.026614521 -0.002487392 0.020178195 0.011854650 0.999723017
4977.339025 -0.019974887 0.023192236 -0.032793023 -0.002990227 0.025410933 0.016397640 0.999538124
4977.375889 -0.028490148 0.034720965 -0.039937817 0.000685530 0.028721994 0.020159690 0.999383926
4977.412752 -0.045884781 0.034100674 -0.050938182 0.001357718 0.033070128 0.026923241 0.999089420
4977.449616 -0.064689495 0.052852545 -0.055352479 0.009623191 0.037401691 0.032334249 0.998730659
4977.486479 -0.063474953 0.046538413 -0.067182004 0.009247137 0.034566943 0.037862144 0.998642147
4977.523343 -0.070784822 0.046707027 -0.080779336 0.008765528 0.033344261 0.043588068 0.998454511
4977.560206 -0.092134051 0.061502658 -0.093430676 0.012851381 0.036511403 0.049095374 0.998043776
4977.597069 -0.098204993 0.067823082 -0.105683491 0.012288616 0.036177773 0.055255219 0.997740984
4977.633933 -0.112201639 0.090486296 -0.116140820 0.014522503 0.038835607 0.060886819 0.997283161
4977.670796 -0.144366771 0.097406521 -0.128299415 0.011608948 0.046281654 0.065149814 0.996734023
4977.707659 -0.153525561 0.106571645 -0.142144039 0.008764368 0.047250010 0.066262931 0.996644318
4977.744523 -0.175926834 0.114155449 -0.147710383 0.007595229 0.052415695 0.067175828 0.996334434
4977.781386 -0.189057797 0.124149442 -0.163933739 0.004381266 0.054515399 0.069522783 0.996080041
4977.818250 -0.208053529 0.137752041 -0.174366251 0.003661050 0.059310645 0.072613873 0.995588303
4977.855113 -0.223287135 0.139977291 -0.186318934 0.003765750 0.062489305 0.072635710 0.995391846
4977.891977 -0.232381299 0.144712716 -0.197534710 0.006064469 0.063234046 0.072924048 0.995312393
4977.928840 -0.250214875 0.149608701 -0.205220670 0.008687545 0.066238619 0.074051723 0.995014250
4977.965703 -0.259581923 0.154431492 -0.220211059 0.010593857 0.066168725 0.071891919 0.995158792
4978.002567 -0.267112076 0.170538694 -0.228967339 0.015083843 0.064884819 0.071358919 0.995223761
4978.039430 -0.277037829 0.173830152 -0.236279681 0.015574089 0.064589366 0.068827309 0.995413721
4978.076294 -0.272595316 0.172080219 -0.246420249 0.014074259 0.061205514 0.067764208 0.995722771
4978.113157 -0.286621571 0.184561670 -0.255558312 0.016906498 0.062768407 0.067959584 0.995568097
4978.150021 -0.300178707 0.197421283 -0.261915416 0.019592693 0.064367034 0.067339040 0.995458961
4978.186884 -0.302732795 0.202196836 -0.272403121 0.019311700 0.063319579 0.066568248 0.995583415
4978.223747 -0.310353130 0.211371750 -0.277410656 0.019827519 0.064160258 0.065163925 0.995612383
4978.260611 -0.313658088 0.223329976 -0.293585628 0.020126648 0.065023176 0.066199787 0.995482087
4978.297474 -0.320315301 0.234215513 -0.300533861 0.020564601 0.068059266 0.066468671 0.995252192
4978.334338 -0.328242779 0.240112558 -0.308033526 0.019260043 0.070852205 0.065625124 0.995139420
4978.371201 -0.324490130 0.241071656 -0.319326758 0.014473367 0.070415497 0.065306544 0.995272458
4978.408064 -0.332364798 0.248256743 -0.325230300 0.012933969 0.072698876 0.066755749 0.995033324
4978.444928 -0.338408798 0.256964862 -0.334556252 0.012042253 0.073895328 0.067289628 0.994920373
4978.481791 -0.342628717 0.273103684 -0.353702843 0.010421077 0.072676264 0.070900694 0.994777679
4978.518655 -0.349315703 0.275299937 -0.361978024 0.006942294 0.072307974 0.074214011 0.994593203
4978.555518 -0.355589718 0.281894654 -0.368589878 0.006443914 0.070258446 0.075925350 0.994614303
4978.592381 -0.355289072 0.281335533 -0.371872246 0.007212527 0.066483431 0.078420363 0.994674921
4978.629245 -0.368491441 0.285095781 -0.384613633 0.010013140 0.066675015 0.080173068 0.994498074
4978.666108 -0.372732401 0.291659206 -0.394337475 0.015403916 0.065864548 0.082951374 0.994255304
4978.702972 -0.385267049 0.293321401 -0.406735122 0.019865056 0.067929052 0.084270298 0.993926287
4978.739835 -0.393302143 0.295296133 -0.415074825 0.023309568 0.069526702 0.085792184 0.993610799
4978.776698 -0.401961327 0.296961486 -0.423254609 0.025640348 0.072354645 0.089245230 0.993047178
4978.813562 -0.411247373 0.308664471 -0.429359972 0.030741725 0.075883590 0.092367008 0.992353201
4978.850425 -0.418364286 0.305021524 -0.430092931 0.032050628 0.079612382 0.094381787 0.991829991
4978.887289 -0.434496313 0.306792647 -0.441778004 0.032964423 0.085481882 0.098677061 0.990893066
4978.924152 -0.447304130 0.311604530 -0.443939984 0.034190282 0.091333874 0.102822810 0.989907384
4978.961016 -0.461762965 0.313044071 -0.449062407 0.035363093 0.097190984 0.106052950 0.988967240
4978.997879 -0.476298094 0.315838039 -0.451549053 0.036905847 0.103046902 0.110709429 0.987807035
4979.034742 -0.491223335 0.324327528 -0.450949490 0.040209167 0.108134240 0.114979632 0.986645758
4979.071606 -0.506647289 0.320528626 -0.451176554 0.039977979 0.112315156 0.117544189 0.985885620
4979.108469 -0.519369364 0.319791436 -0.452418625 0.040345903 0.114766449 0.120596409 0.985219479
4979.145333 -0.544325769 0.315422893 -0.448253304 0.039928198 0.119627498 0.122566856 0.984414756
4979.182196 -0.557457626 0.321666121 -0.446108282 0.039912872 0.121451177 0.126846761 0.983649552
4979.219059 -0.576875687 0.321529508 -0.446081311 0.040396210 0.126153678 0.132900015 0.982237756
4979.255923 -0.593361199 0.319270611 -0.454660594 0.039272409 0.128864869 0.137420431 0.981308937
4979.292786 -0.610329807 0.319445044 -0.456149936 0.038184859 0.132089049 0.140595615 0.980473042
4979.329650 -0.621804237 0.321772039 -0.460422695 0.038885642 0.136006445 0.141639337 0.979759395
4979.366513 -0.632810652 0.311407566 -0.459819287 0.035082862 0.141827479 0.143423006 0.978817642
4979.403376 -0.640344083 0.310833454 -0.465259492 0.033521827 0.148907527 0.146192610 0.977410138
4979.440240 -0.647681475 0.313800365 -0.469658852 0.035818420 0.157874390 0.148096412 0.975633204
4979.477103 -0.667167544 0.304651827 -0.466235757 0.035957739 0.170598939 0.147506461 0.973573267
4979.513967 -0.662125051 0.298448443 -0.482514769 0.035854816 0.176507011 0.145853207 0.972772598
4979.550830 -0.686168551 0.308049411 -0.471039265 0.039889835 0.188481048 0.147776678 0.970075130
4979.587694 -0.682581186 0.292975605 -0.479336560 0.036448557 0.192051366 0.147967756 0.969480932
4979.624557 -0.682233989 0.284515291 -0.485066533 0.036283311 0.195140749 0.147032306 0.969012439
4979.661420 -0.680651546 0.283947259 -0.471825182 0.038406070 0.196280539 0.146836832 0.968730032
4979.698284 -0.692777932 0.278071404 -0.469150007 0.037539799 0.198326796 0.147241294 0.968285739
4979.735147 -0.698145092 0.270424455 -0.466735721 0.037846811 0.198818818 0.149231225 0.967868149
4979.772011 -0.700519800 0.269936442 -0.465004861 0.039501593 0.197459623 0.152299449 0.967602313
4979.808874 -0.687171221 0.268558830 -0.466167659 0.040629033 0.193032280 0.153759792 0.968217790
4979.845737 -0.686784267 0.266200930 -0.462189674 0.042430490 0.190933451 0.155398384 0.968295097
4979.882601 -0.690726757 0.267490417 -0.455335617 0.042911381 0.189701781 0.156346947 0.968363285
4979.919464 -0.680120766 0.254326522 -0.455408335 0.040571228 0.186062336 0.154720128 0.969430983
4979.956328 -0.684719086 0.255299926 -0.446933180 0.042799536 0.185628086 0.151298821 0.969958305
4979.993191 -0.683728456 0.244314447 -0.444280922 0.040909741 0.185464278 0.150281072 0.970229387
4980.030054 -0.682094991 0.234731197 -0.438021123 0.041429907 0.187492207 0.150325179 0.969810605
4980.066918 -0.677779973 0.229131833 -0.435993671 0.043268766 0.189275980 0.149562940 0.969501615
4980.103781 -0.675216198 0.224027753 -0.434194326 0.045318507 0.191650987 0.147811040 0.969210029
4980.140645 -0.674491525 0.211495221 -0.427523524 0.045172971 0.193999231 0.147496194 0.968797505
4980.177508 -0.668485105 0.210461587 -0.426149130 0.046852808 0.192816287 0.149106801 0.968707323
4980.214372 -0.665418267 0.199806869 -0.421607226 0.045801573 0.191348284 0.150930569 0.968766272
4980.251235 -0.662324250 0.195813715 -0.416449726 0.048656192 0.188635021 0.150857881 0.969170451
4980.288098 -0.665215075 0.193806395 -0.406768769 0.049856935 0.185161412 0.151204616 0.969725072
4980.324962 -0.661893010 0.188138604 -0.404995531 0.046661019 0.178975508 0.152267650 0.970878482
4980.361825 -0.667590559 0.179655075 -0.402219355 0.044571012 0.176521018 0.153702095 0.971199989
4980.398689 -0.671463847 0.165652663 -0.402992368 0.039839309 0.173791960 0.153966188 0.971855700
4980.435552 -0.672628820 0.175955638 -0.391533852 0.042150479 0.171432972 0.150325671 0.972746789
4980.472415 -0.683979928 0.167910010 -0.388229966 0.042143989 0.172599763 0.148094848 0.972882926
4980.509279 -0.690821767 0.165495574 -0.383577347 0.042061456 0.172964871 0.146278843 0.973096311
4980.546142 -0.691396713 0.161145568 -0.387751162 0.042665917 0.172781423 0.147026211 0.972989976
4980.583006 -0.713151395 0.156266063 -0.385263413 0.044865254 0.176794529 0.149726719 0.971757531
4980.619869 -0.728312731 0.158434138 -0.373861611 0.047850188 0.179805249 0.152274057 0.970666289
4980.656733 -0.740242660 0.162380725 -0.367718399 0.050164778 0.181665465 0.156509221 0.969528794
4980.693596 -0.757871747 0.160008475 -0.361635387 0.050736345 0.184465393 0.161911175 0.968082190
4980.730459 -0.768618941 0.153574660 -0.364333510 0.049100142 0.184938028 0.167314962 0.967157066
4980.767323 -0.785404742 0.160894394 -0.363284498 0.050386824 0.186553285 0.169804662 0.966346443
4980.804186 -0.799097061 0.156366125 -0.361393094 0.049823396 0.187986374 0.172298178 0.965656281
4980.841050 -0.808637142 0.161464199 -0.356613576 0.050788324 0.188260376 0.174694255 0.965121984
4980.877913 -0.820435584 0.163391277 -0.353444397 0.049738031 0.189109012 0.178400010 0.964332581
4980.914776 -0.837658525 0.168769270 -0.339205474 0.051175706 0.191911712 0.180689409 0.963276803
4980.951640 -0.846993983 0.161418259 -0.334786981 0.049686719 0.193390489 0.181219906 0.962959349
4980.988503 -0.851154089 0.161730960 -0.335122347 0.050584652 0.192614287 0.181968153 0.962927043
4981.025367 -0.859944999 0.161726594 -0.329193711 0.051027723 0.192996457 0.180685714 0.963068664
4981.062230 -0.859765768 0.161740214 -0.328295946 0.048890430 0.191299647 0.181909874 0.963287592
4981.099093 -0.871444345 0.158279136 -0.318760693 0.046450324 0.193077758 0.183263376 0.962796926
4981.135957 -0.866470814 0.160939083 -0.318289250 0.045349866 0.191145420 0.184136987 0.963068247
4981.172820 -0.866648734 0.151492432 -0.308662355 0.040632941 0.191190943 0.184341773 0.963230550
4981.209684 -0.861986816 0.152281731 -0.297270685 0.038309935 0.189031005 0.187473416 0.963147640
4981.246547 -0.860736787 0.152556390 -0.286596119 0.035489589 0.187649086 0.186483115 0.963717997
4981.283411 -0.852567673 0.150075525 -0.282342702 0.031440746 0.184330612 0.188067868 0.964190960
4981.320274 -0.843663454 0.149550378 -0.278525472 0.027793897 0.181303874 0.190008804 0.964496255
4981.357137 -0.836815715 0.149416298 -0.278005779 0.024965249 0.178991228 0.189705178 0.965065181
4981.394001 -0.826379061 0.150372401 -0.271994650 0.022181615 0.175883129 0.188559324 0.965928793
4981.430864 -0.818798959 0.148341089 -0.270864010 0.020119205 0.174061552 0.188673109 0.966281652
4981.467728 -0.803870916 0.151825756 -0.269395649 0.019811608 0.169651464 0.187403128 0.967318952
4981.504591 -0.788353145 0.149599954 -0.262398839 0.018713752 0.165271834 0.187847465 0.968012571
4981.541455 -0.772843957 0.146509737 -0.261408627 0.018746644 0.161584437 0.186321408 0.968928993
4981.578318 -0.759464383 0.144617870 -0.260613114 0.019872932 0.158457994 0.183024555 0.970050573
4981.615181 -0.745640516 0.151097745 -0.258682460 0.023213575 0.155319065 0.178894326 0.971253812
4981.652045 -0.732511044 0.144026190 -0.263169169 0.021386176 0.152447507 0.175706744 0.972332001
4981.688908 -0.709607959 0.138968393 -0.264551401 0.018471379 0.146769240 0.174213082 0.973533452
4981.725771 -0.696184218 0.141156763 -0.266595602 0.019264700 0.142840236 0.170388579 0.974778593
4981.762635 -0.679566622 0.135966718 -0.267563254 0.016766150 0.138057396 0.167002007 0.976099074
4981.799498 -0.658794820 0.136482507 -0.262909055 0.015424235 0.132667094 0.166730806 0.976914704
4981.836362 -0.637379706 0.135984927 -0.264343083 0.014632308 0.128068790 0.166752920 0.977536559
4981.873225 -0.621654332 0.136044264 -0.263812900 0.014473416 0.125484750 0.166968256 0.977837265
4981.910089 -0.612978160 0.138211623 -0.263997912 0.015800465 0.126051873 0.167158142 0.977711320
4981.946952 -0.598215461 0.137645647 -0.265282720 0.016834777 0.124616228 0.168940648 0.977571726
4981.983815 -0.583565116 0.135475814 -0.262881875 0.017564600 0.122387692 0.169141650 0.977805614
4982.020679 -0.567921281 0.130886137 -0.263758242 0.018230990 0.119518556 0.169312447 0.978118718
4982.057542 -0.554409742 0.122223027 -0.258443266 0.017740451 0.115937866 0.169765845 0.978480041
4982.094406 -0.538772941 0.121272191 -0.254561126 0.018189933 0.110917136 0.168904841 0.979202569
4982.131269 -0.526095510 0.120295823 -0.250203669 0.019007292 0.106555499 0.166895404 0.980015576
4982.168133 -0.514195323 0.112181388 -0.243790925 0.017754182 0.102340825 0.164476022 0.980896890
4982.204996 -0.503251791 0.110861301 -0.241703719 0.017834445 0.098443903 0.162535027 0.981617570
4982.241859 -0.491233885 0.111651503 -0.235292494 0.019067552 0.094378300 0.159872010 0.982430696
4982.278723 -0.482491225 0.105161175 -0.228790730 0.019210642 0.091447078 0.159226835 0.982809842
4982.315586 -0.468036681 0.104731940 -0.218499362 0.020714769 0.087125175 0.156790733 0.983563304
4982.352450 -0.456209540 0.094265677 -0.205001742 0.019713014 0.085295476 0.155222282 0.983992934
4982.389313 -0.444533169 0.095389590 -0.200526521 0.020935182 0.083678529 0.153000221 0.984454453
4982.426177 -0.432879031 0.092506409 -0.192040876 0.019519614 0.083123408 0.149305761 0.985097647
4982.463040 -0.419975042 0.087688960 -0.185871989 0.016636282 0.082529239 0.145983368 0.985698283
4982.499903 -0.409163117 0.083787329 -0.177714273 0.011204909 0.080874331 0.141803712 0.986521959
4982.536767 -0.392324567 0.079018228 -0.174935043 0.006979911 0.078464322 0.136213154 0.987542689
4982.573630 -0.381983191 0.070476800 -0.169382229 0.006947309 0.079025105 0.130922198 0.988213599
4982.610493 -0.368322551 0.062405810 -0.167196557 0.006839565 0.077023938 0.126138479 0.988994241
4982.647357 -0.360068172 0.058214758 -0.163470387 0.005524984 0.076631956 0.124375552 0.989256144
4982.684220 -0.346476465 0.049625680 -0.158317551 0.002034053 0.075009741 0.123086922 0.989554942
4982.721084 -0.335690469 0.047869183 -0.153306931 -0.000259744 0.073336311 0.122490130 0.989756525
4982.757947 -0.319870204 0.043284658 -0.150455877 -0.001944801 0.071151860 0.122093275 0.989963055
4982.794811 -0.307073593 0.036867794 -0.149361432 -0.002974675 0.070353083 0.120341435 0.990232050
4982.831674 -0.293374836 0.039071262 -0.145517856 -0.002148261 0.069077075 0.121086955 0.990233183
4982.868537 -0.278160721 0.030544614 -0.142885625 -0.004393069 0.067146659 0.122547366 0.990178883
4982.905401 -0.267993033 0.041581772 -0.134827152 -0.000526461 0.065769978 0.123894110 0.990113258
4982.942264 -0.249245629 0.034018848 -0.128011987 -0.002695468 0.061515823 0.122760057 0.990524352
4982.979128 -0.227349922 0.035851367 -0.116580568 -0.002709713 0.055970393 0.124174953 0.990676820
4983.015991 -0.208582237 0.034169056 -0.120720208 -0.004624055 0.052045111 0.122368410 0.991108418
4983.052855 -0.192559496 0.034748506 -0.116358534 -0.005515412 0.048536185 0.120460197 0.991515577
4983.089718 -0.173076332 0.030829256 -0.111576878 -0.006763537 0.044570893 0.116686545 0.992145121
4983.126581 -0.147856921 0.028322190 -0.111513004 -0.007059269 0.039463311 0.112705655 0.992819369
4983.163445 -0.130829781 0.031530805 -0.110962324 -0.005086371 0.035109360 0.106709026 0.993657231
4983.200308 -0.106578678 0.026850693 -0.110416479 -0.006847243 0.027916741 0.101394325 0.994430959
4983.237172 -0.082372040 0.024853660 -0.112448998 -0.009117321 0.020438867 0.095891617 0.995140135
4983.274035 -0.071042530 0.020305023 -0.109731428 -0.010825251 0.017150624 0.090041414 0.995731473
4983.310899 -0.049057938 0.016211724 -0.103480160 -0.012616301 0.010685772 0.085963152 0.996161103
4983.347762 -0.034695938 0.020953493 -0.104948364 -0.011341821 0.006755088 0.080758534 0.996646285
4983.384625 -0.011133146 0.021349572 -0.103216894 -0.010774610 0.000952656 0.075983539 0.997050405
4983.421489 0.009022708 0.014246838 -0.104065597 -0.010964811 -0.003660202 0.071384504 0.997381866
4983.458352 0.020600766 0.009853419 -0.106742024 -0.010461428 -0.005922379 0.067685857 0.997634292
4983.495215 0.039332192 0.002300875 -0.103207298 -0.012157775 -0.011035024 0.064872950 0.997758448
4983.532079 0.052896682 0.001667021 -0.100743793 -0.013420797 -0.016163474 0.062958680 0.997794986
4983.568942 0.064273089 0.002065645 -0.093207099 -0.015189989 -0.022465432 0.058801655 0.997901261
4983.605806 0.081552878 -0.007970994 -0.093085565 -0.020099295 -0.030806735 0.055974446 0.997754395
4983.642669 0.103414781 -0.009800213 -0.077410549 -0.022454662 -0.041609772 0.051531482 0.997551441
4983.679533 0.108223580 -0.011685929 -0.076298758 -0.022014894 -0.046601232 0.048180714 0.997508049
4983.716396 0.124382466 -0.018578282 -0.067827255 -0.023425382 -0.054940738 0.047185346 0.997098982
4983.753259 0.142278656 -0.025746029 -0.059731469 -0.026597790 -0.063020691 0.046520777 0.996572495
4983.790123 0.150835529 -0.019458137 -0.052171882 -0.025111726 -0.066648528 0.043096952 0.996529043
4983.826986 0.170197070 -0.021736497 -0.043929338 -0.026564592 -0.071831778 0.040901847 0.996223688
4983.863850 0.177161410 -0.028542995 -0.039800875 -0.029535359 -0.071003072 0.038474560 0.996296108
4983.900713 0.181951940 -0.022444064 -0.037393712 -0.028195882 -0.068413392 0.033890281 0.996682525
4983.937577 0.207247868 -0.042255126 -0.024674349 -0.035587091 -0.072606288 0.029554240 0.996287346
4983.974440 0.226551548 -0.035182092 -0.014861748 -0.035002928 -0.073636688 0.027175849 0.996300101
4984.011303 0.238042474 -0.037953082 -0.011491269 -0.037814338 -0.072380245 0.024534402 0.996357977
4984.048167 0.255336583 -0.043775644 -0.006498042 -0.042199615 -0.073449112 0.022630317 0.996148765
4984.085030 0.269000560 -0.047996312 0.000481423 -0.044167560 -0.073718451 0.021761656 0.996062875
4984.121894 0.290659428 -0.054341633 0.004027829 -0.046271902 -0.077416308 0.023671022 0.995643198
4984.158757 0.309245050 -0.064197652 0.009947594 -0.049286913 -0.081096061 0.027106281 0.995117784
4984.195620 0.323129952 -0.071947016 0.012961920 -0.051799655 -0.084824532 0.028890930 0.994629025
4984.232484 0.330283701 -0.052317746 0.013647586 -0.045040518 -0.088772416 0.027714908 0.994646966
4984.269347 0.346718967 -0.076124273 0.007795900 -0.049780585 -0.096398562 0.026311783 0.993748903
4984.306211 0.363206387 -0.082644902 0.021068845 -0.047793459 -0.105525479 0.024720006 0.992959738
4984.343074 0.366688669 -0.079521671 0.021284610 -0.044580504 -0.110754229 0.022421498 0.992594242
4984.379937 0.386535138 -0.086455487 0.025850900 -0.043754689 -0.119569376 0.022832261 0.991598368
4984.416801 0.395082682 -0.091900095 0.030182406 -0.042623341 -0.124831125 0.016895313 0.991118073
4984.453664 0.413926125 -0.102287024 0.034561627 -0.044694256 -0.133486196 0.011706089 0.989973128
4984.490528 0.427225620 -0.099751420 0.037133262 -0.045338038 -0.138858572 0.004841529 0.989262044
4984.527391 0.449038297 -0.101420723 0.042612366 -0.048439745 -0.145309716 -0.000025518 0.988199711
4984.564255 0.463118345 -0.103410520 0.043318003 -0.051573567 -0.147455588 -0.008288093 0.987688363
4984.601118 0.476911247 -0.101175956 0.049810462 -0.053239077 -0.147888049 -0.014736632 0.987460196
4984.637981 0.498747021 -0.093386248 0.047834791 -0.050569519 -0.147879690 -0.019675175 0.987515688
4984.674845 0.513070881 -0.105403468 0.047540464 -0.052780639 -0.146130234 -0.025062222 0.987538397
4984.711708 0.545347869 -0.113295950 0.053850420 -0.053329289 -0.150685415 -0.029434735 0.986703336
4984.748572 0.564922631 -0.118276507 0.058410436 -0.053077731 -0.151129812 -0.031629454 0.986581028
4984.785435 0.576374114 -0.119865641 0.050842851 -0.052886780 -0.148766309 -0.030800125 0.986976683
4984.822298 0.607527852 -0.104554646 0.045116216 -0.048161488 -0.153749228 -0.032432057 0.986402452
4984.859162 0.640992582 -0.108350419 0.049055949 -0.047828276 -0.161422879 -0.036596078 0.985046089
4984.896025 0.641540468 -0.114211455 0.049199209 -0.048277874 -0.159565330 -0.038696285 0.985246539
4984.932889 0.667502105 -0.123737223 0.048367381 -0.050857998 -0.164060831 -0.036229789 0.984471858
4984.969752 0.683211327 -0.122067712 0.047804534 -0.048903923 -0.165229231 -0.033546668 0.984470546
4985.006616 0.695894420 -0.127508193 0.036208019 -0.047407281 -0.164248943 -0.033900157 0.984695673
4985.043479 0.713456690 -0.126071960 0.037460282 -0.044845089 -0.165847600 -0.032815278 0.984584451
4985.080342 0.740455806 -0.134776935 0.052097812 -0.046273325 -0.170388922 -0.029282980 0.983854115
4985.117206 0.754973531 -0.136177167 0.051585808 -0.043917667 -0.169527233 -0.028357936 0.984138012
4985.154069 0.775556386 -0.143776715 0.058930740 -0.043019380 -0.171157524 -0.026746629 0.983940542
4985.190933 0.797183871 -0.147382423 0.057042107 -0.041538656 -0.171909288 -0.025319675 0.983910918
4985.227796 0.803780615 -0.143293634 0.063028529 -0.039810654 -0.169877723 -0.021233231 0.984431744
4985.264659 0.821280360 -0.157354996 0.065463662 -0.043179087 -0.170037538 -0.019669767 0.984294653
4985.301523 0.844145834 -0.152875245 0.080759212 -0.040709820 -0.173368007 -0.018053433 0.983849764
4985.338386 0.854006350 -0.143049732 0.088096827 -0.035057493 -0.172405943 -0.020075966 0.984197199
4985.375250 0.866990209 -0.156891555 0.091256753 -0.037671082 -0.172164753 -0.019937064 0.984145701
4985.412113 0.883057714 -0.159195155 0.094821766 -0.038144570 -0.172075212 -0.020117907 0.984139383
4985.448976 0.902307510 -0.160878330 0.104508400 -0.038522761 -0.173635080 -0.018723862 0.983878195
4985.485840 0.915552735 -0.161528885 0.110278994 -0.038844515 -0.173016563 -0.019404721 0.983961284
4985.522703 0.936174273 -0.170238718 0.116529793 -0.041542213 -0.173407778 -0.019722778 0.983775914
4985.559567 0.934173822 -0.165957510 0.117030844 -0.040734954 -0.166974232 -0.018069020 0.984953701
4985.596430 0.948569775 -0.148419812 0.134693325 -0.034850378 -0.166684270 -0.017540969 0.985238135
4985.633294 0.960129797 -0.155675903 0.138038784 -0.033828210 -0.164112628 -0.017489536 0.985706270
4985.670157 0.973962009 -0.169440135 0.143797100 -0.035045512 -0.162826061 -0.016361970 0.985896468
4985.707020 0.973869562 -0.150226563 0.145811751 -0.028951630 -0.158141658 -0.013580713 0.986898482
4985.743884 1.001139998 -0.178974465 0.165100083 -0.039061327 -0.163489103 -0.012604744 0.985690951
4985.780747 1.007294536 -0.184567019 0.168021634 -0.042206746 -0.162827745 -0.012638411 0.985670328
4985.817611 1.013918996 -0.176026061 0.178000465 -0.040691566 -0.163361281 -0.013924044 0.985628426
4985.854474 1.035957217 -0.195444077 0.174245924 -0.046089813 -0.165418878 -0.016097987 0.985014319
4985.891337 1.029919028 -0.165486097 0.184765488 -0.037507519 -0.162607744 -0.015671680 0.985853136
4985.928201 1.046569109 -0.202369615 0.175187275 -0.051211260 -0.164557636 -0.012369351 0.984959483
4985.965064 1.047596812 -0.198606402 0.176423594 -0.050490875 -0.162530869 -0.013886592 0.985312939
4986.001928 1.051784754 -0.217049271 0.168041274 -0.057098463 -0.160592556 -0.015363746 0.985248089
4986.038791 1.077218294 -0.219979987 0.173781142 -0.056985538 -0.164621904 -0.017186519 0.984559238
4986.075654 1.079052448 -0.209478572 0.182685614 -0.054804839 -0.164970949 -0.016875116 0.984630048
4986.112518 1.096228600 -0.207832783 0.194071561 -0.055571683 -0.168946266 -0.015188289 0.983940184
4986.149381 1.101772428 -0.206942365 0.193159029 -0.055925805 -0.168874085 -0.016280111 0.983915091
4986.186245 1.114816070 -0.204347327 0.197811067 -0.055081718 -0.171297729 -0.015981721 0.983548522
4986.223108 1.119434834 -0.203621939 0.181796834 -0.052169435 -0.168062463 -0.020986531 0.984171212
4986.259971 1.137923002 -0.204939112 0.196606189 -0.054447435 -0.173984125 -0.017273812 0.983090341
4986.296835 1.159280181 -0.209247097 0.198776335 -0.055384647 -0.177816853 -0.017164949 0.982353866
4986.333698 1.169333458 -0.193811044 0.205142602 -0.050039254 -0.179721236 -0.019426415 0.982252002
4986.370562 1.178696156 -0.194588363 0.201941893 -0.050658140 -0.180089831 -0.022039946 0.982097566
4986.407425 1.200456977 -0.192495868 0.196218863 -0.048575256 -0.181702033 -0.028168436 0.981749117
4986.444289 1.198445916 -0.195693463 0.196603492 -0.048855368 -0.179326519 -0.032219764 0.982047319
4986.481152 1.213288546 -0.200556248 0.195003420 -0.050763924 -0.180079103 -0.035684075 0.981693029
4986.518015 1.231257915 -0.194638848 0.194519013 -0.048931375 -0.181063786 -0.039245900 0.981468976
4986.554879 1.250221848 -0.211610273 0.193662733 -0.054140162 -0.182330474 -0.041146949 0.980882943
4986.591742 1.277403831 -0.215714782 0.200266123 -0.056781918 -0.186886400 -0.040570688 0.979899645
4986.628606 1.299124241 -0.196696714 0.205543995 -0.051872745 -0.190197721 -0.039356470 0.979584157
4986.665469 1.319012165 -0.200051919 0.206606269 -0.053448543 -0.193871334 -0.039489873 0.978773594
4986.702332 1.335390687 -0.201014042 0.200757414 -0.054578342 -0.197530910 -0.042038444 0.977872968
4986.739196 1.356766939 -0.204637721 0.203631014 -0.056976262 -0.204244271 -0.043594439 0.976287663
4986.776059 1.382228255 -0.207368046 0.198802859 -0.055567600 -0.209557012 -0.047681242 0.975051105
4986.812923 1.389042377 -0.204704687 0.188834935 -0.051825225 -0.209483415 -0.049819436 0.975166082
4986.849786 1.407244325 -0.203421444 0.202285439 -0.054163966 -0.214099154 -0.041310210 0.974433839
4986.886649 1.420181394 -0.203264102 0.199145496 -0.054494243 -0.214879781 -0.039156079 0.974332511
4986.923513 1.439852595 -0.212497383 0.200069517 -0.057774935 -0.218016937 -0.039026178 0.973451376
4986.960376 1.460842609 -0.216917068 0.199664146 -0.058085967 -0.220390067 -0.044983312 0.972641110
4986.997240 1.474882603 -0.222784296 0.200595856 -0.061021585 -0.221287966 -0.046973608 0.972163320
4987.034103 1.482263803 -0.230455399 0.216019303 -0.066333331 -0.221931458 -0.043915913 0.971811533
4987.070967 1.499171853 -0.228867710 0.224411905 -0.065305419 -0.222714111 -0.043560967 0.971718132
4987.107830 1.509826541 -0.223499805 0.227624953 -0.061887797 -0.220517382 -0.042702626 0.972480595
4987.144693 1.519707918 -0.232128054 0.229865521 -0.063477479 -0.218187541 -0.038908664 0.973062694
4987.181557 1.539630532 -0.237622008 0.234694451 -0.061696254 -0.218924627 -0.036469456 0.973106146
4987.218420 1.554116726 -0.240811899 0.241474926 -0.059660167 -0.219923645 -0.034230668 0.973089159
4987.255284 1.564493895 -0.243992507 0.248540163 -0.057697039 -0.221167609 -0.030960336 0.973035157
4987.292147 1.577008843 -0.246216789 0.253587842 -0.055885561 -0.223310098 -0.028734192 0.972719729
4987.329010 1.587961674 -0.243566930 0.266223073 -0.055394009 -0.226032272 -0.025959702 0.972196996
4987.365874 1.599746227 -0.246544018 0.273450553 -0.056984235 -0.228125498 -0.024806792 0.971646130
4987.402737 1.607167363 -0.254692018 0.271755189 -0.060305569 -0.227593809 -0.027229657 0.971505463
4987.439601 1.617122769 -0.255299032 0.281412393 -0.060818143 -0.229574829 -0.031954691 0.970863283
4987.476464 1.633607268 -0.264612883 0.281003326 -0.059600301 -0.230047375 -0.038489994 0.970589757
4987.513327 1.640818596 -0.265968025 0.296190828 -0.060790587 -0.229690760 -0.037541967 0.970637560
4987.550191 1.651047826 -0.280219972 0.304502219 -0.067152560 -0.228866369 -0.038880177 0.970360279
4987.587054 1.655888438 -0.284648895 0.306218088 -0.070625857 -0.224908426 -0.041516144 0.970929742
4987.623918 1.666932225 -0.286042571 0.309778452 -0.071529292 -0.223778993 -0.045627590 0.970940113
4987.660781 1.680896759 -0.275477052 0.316497803 -0.068351313 -0.224254921 -0.050622135 0.970811605
4987.697645 1.684769511 -0.285503566 0.312691480 -0.071167603 -0.220928356 -0.053505566 0.971217275
4987.734508 1.693845749 -0.289359987 0.314292073 -0.072210275 -0.221469402 -0.056635246 0.970839560
4987.771371 1.711760759 -0.312736213 0.319098949 -0.077425882 -0.225689039 -0.062466450 0.969106615
4987.808235 1.711663961 -0.285538495 0.325137496 -0.071646184 -0.228809834 -0.063936219 0.968723416
4987.845098 1.723627448 -0.292259574 0.325962573 -0.074269570 -0.236379936 -0.070008278 0.966285348
4987.881962 1.735281467 -0.287635744 0.334329605 -0.074546039 -0.245354921 -0.074804321 0.963663936
4987.918825 1.747406483 -0.289224654 0.334264398 -0.077358440 -0.253526360 -0.078483514 0.961030900
4987.955688 1.758078814 -0.288806438 0.334285498 -0.079420969 -0.262013137 -0.084492654 0.958072245
4987.992552 1.774098635 -0.292518228 0.337080419 -0.082338095 -0.272084385 -0.088860787 0.954617321
4988.029415 1.790511489 -0.290164739 0.340833724 -0.082466364 -0.280904561 -0.095165938 0.951438606
4988.066279 1.809380770 -0.289788783 0.351095438 -0.085011199 -0.291037023 -0.099843912 0.947682321
4988.103142 1.826880813 -0.285629153 0.349583983 -0.085710175 -0.297379553 -0.105562471 0.945026815
4988.140006 1.847636461 -0.284401923 0.344475389 -0.086831376 -0.302964985 -0.113736890 0.942197680
4988.176869 1.864218354 -0.285021573 0.337456703 -0.090615839 -0.305334121 -0.120666638 0.940212429
4988.213732 1.879135013 -0.287893921 0.342673898 -0.099048585 -0.307556808 -0.125900269 0.937948465
4988.250596 1.901580811 -0.291519582 0.349707365 -0.105464898 -0.311312318 -0.131515220 0.935235560
4988.287459 1.923949838 -0.305039972 0.343902528 -0.107033961 -0.312412113 -0.142843172 0.933026373
4988.324323 1.931956887 -0.287467897 0.339423835 -0.103236333 -0.312802374 -0.143131822 0.933279276
4988.361186 1.949064732 -0.291112989 0.341643572 -0.102854155 -0.315704167 -0.147353813 0.931685984
4988.398049 1.964164376 -0.291884094 0.345577061 -0.101936206 -0.317890108 -0.148950964 0.930789173
4988.434913 1.975834608 -0.297808826 0.341149271 -0.101766512 -0.318432957 -0.152901292 0.929981291
4988.471776 1.987764478 -0.303853899 0.345812976 -0.101728015 -0.321256518 -0.157593593 0.928229451
4988.508640 2.001977921 -0.299899757 0.344618082 -0.099348687 -0.323669851 -0.162373364 0.926823914
4988.545503 2.011998892 -0.297511727 0.368125737 -0.101430677 -0.328403980 -0.164982527 0.924469233
4988.582366 2.022357225 -0.305676579 0.374143362 -0.103324160 -0.331461489 -0.169923082 0.922270894
4988.619230 2.032197952 -0.309945554 0.380178392 -0.103495710 -0.334277242 -0.172055617 0.920838892
4988.656093 2.059508324 -0.319693565 0.361777365 -0.101737775 -0.336434186 -0.175474077 0.919603348
4988.692957 2.046483994 -0.319140851 0.403429985 -0.103336111 -0.340009689 -0.174160883 0.918358862
4988.729820 2.055138588 -0.325347424 0.414641321 -0.102527671 -0.342906803 -0.176259845 0.916970789
4988.766684 2.078645229 -0.342890441 0.410370171 -0.100972444 -0.345965058 -0.181322068 0.915005505
4988.803547 2.074010611 -0.344868004 0.430935264 -0.099673115 -0.345833480 -0.180989012 0.915263593
4988.840410 2.077332973 -0.351056010 0.446733356 -0.100811258 -0.345138699 -0.180522099 0.915493369
4988.877274 2.104927301 -0.372899860 0.451798320 -0.104148358 -0.347381115 -0.182358712 0.913906336
4988.914137 2.100720644 -0.384998858 0.464402556 -0.108132750 -0.344414532 -0.185680002 0.913897634
4988.951001 2.109899759 -0.396358162 0.468735278 -0.109197803 -0.342541665 -0.189631790 0.913663387
4988.987864 2.112167120 -0.409656912 0.489115536 -0.107322767 -0.341637135 -0.191466168 0.913841665
4989.024728 2.123878241 -0.420477659 0.488696039 -0.101019688 -0.338941753 -0.193896547 0.915050626
4989.061591 2.132030964 -0.432278335 0.498135865 -0.097398810 -0.338237852 -0.192797825 0.915935338
4989.098454 2.137369633 -0.440707147 0.509705842 -0.096021622 -0.338330358 -0.190519899 0.916523099
4989.135318 2.158626080 -0.457097471 0.507112443 -0.094734520 -0.342136681 -0.192564890 0.914815068
4989.172181 2.150940895 -0.455712080 0.529544175 -0.091113947 -0.347324014 -0.194593579 0.912796617
4989.209044 2.168874502 -0.487198442 0.523814380 -0.093897372 -0.354394406 -0.196602061 0.909359992
4989.245908 2.168217897 -0.496677309 0.540252447 -0.092142634 -0.362459630 -0.199653789 0.905688167
4989.282771 2.177279472 -0.509770155 0.546677351 -0.089765072 -0.371910602 -0.201746061 0.901622534
4989.319635 2.163820744 -0.513776839 0.575220108 -0.087284043 -0.380095392 -0.202285886 0.898325920
4989.356498 2.169741631 -0.513638914 0.585799873 -0.082421936 -0.388712555 -0.203170344 0.894891620
4989.393362 2.170886993 -0.526875138 0.595677137 -0.083777405 -0.395754963 -0.204924807 0.891271651
4989.430225 2.176527500 -0.538306594 0.605172455 -0.081718467 -0.402697742 -0.208567709 0.887499928
4989.467088 2.180135250 -0.553193808 0.612406135 -0.081411883 -0.408289433 -0.213576958 0.883774161
4989.503952 2.179647446 -0.548338354 0.620762050 -0.077737339 -0.410580873 -0.216027230 0.882446885
4989.540815 2.178858757 -0.557169795 0.620900214 -0.075991757 -0.409511089 -0.218934938 0.882379413
4989.577679 2.182328224 -0.572203517 0.634395421 -0.075757019 -0.411777914 -0.219908774 0.881101549
4989.614542 2.184424877 -0.581572175 0.640335500 -0.074999236 -0.410940647 -0.219478950 0.881664276
4989.651406 2.183535099 -0.589066148 0.647039950 -0.074319430 -0.409762710 -0.216096804 0.883104384
4989.688269 2.179917336 -0.592989266 0.647560835 -0.073373556 -0.406002671 -0.210947186 0.886159956
4989.725132 2.183640003 -0.594121039 0.647265911 -0.071475759 -0.403890848 -0.203859955 0.888934493
4989.761996 2.178343296 -0.602602363 0.645668030 -0.073204145 -0.400903374 -0.198214889 0.891419351
4989.798859 2.182362080 -0.614444613 0.632611573 -0.071673654 -0.398969620 -0.195588142 0.892990172
4989.835723 2.181934595 -0.597312927 0.635003984 -0.064535804 -0.399196565 -0.191821262 0.894249320
4989.872586 2.171046734 -0.598711729 0.652434945 -0.068407178 -0.401012778 -0.184786350 0.894630194
4989.909450 2.175828457 -0.596756637 0.632350326 -0.064956501 -0.400507480 -0.181889996 0.895706713
4989.946313 2.163328171 -0.594859064 0.628666520 -0.066286460 -0.399515331 -0.176713660 0.897087455
4989.983176 2.162524462 -0.596148372 0.626311660 -0.067289114 -0.401555240 -0.172915369 0.896842182
4990.020040 2.149368286 -0.599050164 0.621770084 -0.068651445 -0.399898082 -0.167074487 0.898584843
4990.056903 2.148677111 -0.582370281 0.606988728 -0.062143128 -0.398054808 -0.161432683 0.900905132
4990.093766 2.135082245 -0.572869778 0.600560188 -0.059368204 -0.394939959 -0.157089770 0.903227925
4990.130630 2.135730267 -0.556287289 0.606322706 -0.054383196 -0.396428883 -0.151597261 0.903827906
4990.167493 2.122726440 -0.554590464 0.584232509 -0.052130923 -0.389811456 -0.149540499 0.907175303
4990.204357 2.108370304 -0.546382427 0.576429665 -0.050660986 -0.384084404 -0.146338746 0.910218418
4990.241220 2.103661537 -0.539798737 0.555077970 -0.050789848 -0.377825797 -0.140623122 0.913724899
4990.278084 2.088948250 -0.538945735 0.544081092 -0.053949907 -0.371120214 -0.138452739 0.916618824
4990.314947 2.078339815 -0.524044633 0.527691424 -0.053152770 -0.363619804 -0.138381913 0.919677079
4990.351810 2.073943615 -0.526415825 0.515903592 -0.058548376 -0.358277500 -0.134839728 0.921969414
4990.388674 2.055994511 -0.501096427 0.512147248 -0.055156160 -0.350430608 -0.140160307 0.924397767
4990.425537 2.040553808 -0.481391609 0.496877193 -0.051823862 -0.341587037 -0.140941963 0.927775800
4990.462401 2.037492752 -0.496552169 0.483103693 -0.057943463 -0.335952789 -0.137038201 0.930053174
4990.499264 2.017325878 -0.468148828 0.484913588 -0.049780205 -0.331444234 -0.138763279 0.931885958
4990.536128 2.004364491 -0.458644331 0.480154574 -0.048814222 -0.328353554 -0.134313449 0.933681428
4990.572991 1.983300805 -0.456399560 0.474713862 -0.052338734 -0.325327337 -0.131374642 0.934967101
4990.609854 1.958607316 -0.447228849 0.474042594 -0.052271761 -0.323407322 -0.133329675 0.935360134
4990.646718 1.943475962 -0.432034522 0.465712786 -0.048973303 -0.323277205 -0.133525595 0.935555637
4990.683581 1.924779415 -0.432608306 0.472967923 -0.048044566 -0.325631797 -0.133966938 0.934723794
4990.720445 1.908298969 -0.437669277 0.464173794 -0.050653163 -0.325270027 -0.129577100 0.935330689
4990.757308 1.887119532 -0.426855624 0.462825000 -0.047446877 -0.324230731 -0.128550693 0.936001003
4990.794172 1.868671298 -0.430806547 0.466193736 -0.050772436 -0.323828220 -0.124864317 0.936464787
4990.831035 1.847068906 -0.417555034 0.468312144 -0.045427125 -0.322986662 -0.123991221 0.937145770
4990.867898 1.822793961 -0.424679875 0.465722382 -0.044321142 -0.320929348 -0.123248182 0.938003123
4990.904762 1.803382516 -0.425178230 0.465442002 -0.043884035 -0.319437504 -0.121657111 0.938740313
4990.941625 1.782418370 -0.427982509 0.465272725 -0.050326042 -0.315575600 -0.118008405 0.940187931
4990.978488 1.756057501 -0.425069034 0.467151701 -0.054875482 -0.312213212 -0.114804953 0.941451788
4991.015352 1.726136208 -0.415272295 0.461814165 -0.050246477 -0.308834821 -0.115255490 0.942768574
4991.052215 1.702405453 -0.410192758 0.459407985 -0.045664385 -0.308359534 -0.114329971 0.943269730
4991.089079 1.682271361 -0.429459006 0.455072761 -0.053387243 -0.308277458 -0.110841073 0.943307519
4991.125942 1.674473166 -0.434725642 0.450772285 -0.057738293 -0.310705066 -0.108193316 0.942561865
4991.162806 1.643097162 -0.423324466 0.458347619 -0.056669321 -0.310037076 -0.108857401 0.942770243
4991.199669 1.627427101 -0.434182882 0.461097121 -0.060299251 -0.312436849 -0.109126210 0.941721141
4991.236532 1.605165482 -0.436210185 0.461736619 -0.061679985 -0.311748415 -0.110763669 0.941668689
4991.273396 1.588154793 -0.445758730 0.466745704 -0.066214733 -0.311475396 -0.112175077 0.941283941
4991.310259 1.567614794 -0.427325666 0.447168291 -0.060709283 -0.305509508 -0.115517274 0.943204165
4991.347123 1.541015029 -0.431587815 0.452771693 -0.063517958 -0.300136983 -0.117867842 0.944452465
4991.383986 1.519721866 -0.434587628 0.448428214 -0.064579681 -0.293453157 -0.119749464 0.946242452
4991.420850 1.497649431 -0.430780917 0.449119866 -0.061996408 -0.288544804 -0.121829443 0.947658122
4991.457713 1.477548838 -0.429570138 0.445820272 -0.061470196 -0.284356356 -0.123431623 0.948750496
4991.494576 1.445266128 -0.420995891 0.444048613 -0.061107058 -0.277815640 -0.122471936 0.950833857
4991.531440 1.436342835 -0.437700927 0.438222438 -0.064946674 -0.277410090 -0.121506408 0.950821638
4991.568303 1.402182579 -0.423890710 0.432848603 -0.057279188 -0.271755666 -0.119814634 0.953159153
4991.605167 1.385264635 -0.430609494 0.439419627 -0.058254879 -0.272867233 -0.118193999 0.952984810
4991.642030 1.364549160 -0.425851256 0.433835715 -0.060615942 -0.268687695 -0.112626195 0.954697847
4991.678893 1.348010063 -0.428227693 0.432760656 -0.063640296 -0.264028043 -0.107104674 0.956434906
4991.715757 1.336567640 -0.433568776 0.419670492 -0.066382393 -0.257909417 -0.102993853 0.958367527
4991.752620 1.300033808 -0.423110038 0.418942571 -0.064210534 -0.247382656 -0.101830296 0.961410105
4991.789484 1.290501714 -0.421972126 0.429907531 -0.065897115 -0.245957583 -0.100111350 0.961842060
4991.826347 1.266174316 -0.422222823 0.423130631 -0.068904348 -0.237894818 -0.098614506 0.963811934
4991.863210 1.249456525 -0.412324607 0.425383627 -0.068104573 -0.233801544 -0.096373729 0.965096235
4991.900074 1.235569596 -0.399240822 0.407127857 -0.065031111 -0.228089780 -0.094404191 0.966868043
4991.936937 1.224558949 -0.413094163 0.419692904 -0.071701057 -0.228247821 -0.092022426 0.966588736
4991.973801 1.188622713 -0.408674151 0.416637212 -0.072511353 -0.219415799 -0.091239214 0.968645573
4992.010664 1.164174676 -0.414139986 0.433571577 -0.073831782 -0.218601555 -0.090190798 0.968828082
4992.047528 1.140889883 -0.407315969 0.435741246 -0.071021706 -0.215915114 -0.089348137 0.969718277
4992.084391 1.118105650 -0.417283535 0.444841415 -0.075329341 -0.215207830 -0.088794924 0.969601214
4992.121254 1.086819768 -0.403837532 0.435617894 -0.071255445 -0.208708286 -0.087549798 0.971441448
4992.158118 1.071871638 -0.389241099 0.445061743 -0.065926835 -0.210517570 -0.088732988 0.971319973
4992.194981 1.047335982 -0.398311853 0.458772361 -0.069412977 -0.212369680 -0.087961301 0.970743895
4992.231845 1.019561410 -0.406803042 0.468505025 -0.072590277 -0.213620976 -0.087070800 0.970317185
4992.268708 1.001964211 -0.390991777 0.466621816 -0.064211339 -0.215901837 -0.087132491 0.970397472
4992.305571 0.973414302 -0.386857599 0.457845956 -0.058924768 -0.214490220 -0.085860088 0.971159041
4992.342435 0.967078447 -0.412758827 0.472661376 -0.065971754 -0.223728642 -0.083758473 0.968802214
4992.379298 0.932525396 -0.403998524 0.493383288 -0.066335589 -0.225296855 -0.079834327 0.968745291
4992.416162 0.896461546 -0.409271061 0.483314931 -0.067144290 -0.219573870 -0.078261659 0.970130980
4992.453025 0.892299533 -0.437602162 0.486446023 -0.070365958 -0.225042120 -0.078154139 0.968657136
4992.489888 0.867044866 -0.431477934 0.491213202 -0.062978722 -0.224346459 -0.080588736 0.969127357
4992.526752 0.844910443 -0.443110496 0.493316978 -0.067941688 -0.221488968 -0.078891769 0.969588876
4992.563615 0.802915871 -0.436258942 0.469727069 -0.068203516 -0.206630111 -0.079521008 0.972794235
4992.600479 0.784858704 -0.438490510 0.506099463 -0.069246925 -0.209879547 -0.082199425 0.971801758
4992.637342 0.768037856 -0.450025499 0.507914901 -0.072612606 -0.207769454 -0.081763059 0.972046316
4992.674206 0.738362551 -0.441337317 0.495638907 -0.068863325 -0.199730068 -0.086649969 0.973579764
4992.711069 0.709936857 -0.453059763 0.516088545 -0.075624734 -0.200303897 -0.084848121 0.973118722
4992.747932 0.688455164 -0.435522914 0.487584770 -0.069804534 -0.193737328 -0.085292786 0.974842727
4992.784796 0.681631684 -0.447868824 0.510465324 -0.076293372 -0.201108560 -0.085499071 0.972843587
4992.821659 0.667661428 -0.413439900 0.500600874 -0.065623172 -0.202887446 -0.084544614 0.973335743
4992.858523 0.646267354 -0.408934057 0.498447359 -0.067988344 -0.201710507 -0.083339319 0.973521948
4992.895386 0.636597693 -0.426854998 0.524225831 -0.081360467 -0.208245441 -0.077714846 0.971583664
4992.932249 0.609639406 -0.426563084 0.520122766 -0.086830311 -0.204452276 -0.072976708 0.972282946
4992.969113 0.583750665 -0.413678855 0.523093522 -0.084038422 -0.202162743 -0.068524070 0.973330438
4993.005976 0.552733421 -0.409529060 0.513120055 -0.084629469 -0.192752764 -0.064188950 0.975481391
4993.042840 0.532710850 -0.404504329 0.506629825 -0.082418717 -0.187719256 -0.059546877 0.976945639
4993.079703 0.525232255 -0.394686967 0.502498746 -0.076723307 -0.187962756 -0.056119315 0.977565408
4993.116567 0.513461232 -0.394143313 0.490742385 -0.077385992 -0.184894949 -0.052637689 0.978291631
4993.153430 0.470629334 -0.368998617 0.469373822 -0.068474725 -0.166134566 -0.049364861 0.982483387
4993.190293 0.458783627 -0.384199798 0.464403123 -0.074220769 -0.161808163 -0.042442646 0.983111382
4993.227157 0.444697052 -0.382246017 0.456633657 -0.073307455 -0.157780841 -0.039488774 0.983957231
4993.264020 0.418100089 -0.376675874 0.448908627 -0.073526412 -0.149772570 -0.037298232 0.985277057
4993.300884 0.403537333 -0.374668151 0.445302308 -0.076890923 -0.147369698 -0.039953187 0.985278487
4993.337747 0.383995563 -0.364773661 0.444939137 -0.075466968 -0.143651038 -0.040032577 0.985934317
4993.374610 0.357194573 -0.369812638 0.436301708 -0.078106530 -0.138574377 -0.041018181 0.986414731
4993.411474 0.337611020 -0.350628972 0.430062562 -0.072346553 -0.135827303 -0.039376087 0.987302601
4993.448337 0.329053044 -0.349647671 0.437773407 -0.073160216 -0.138144732 -0.034012772 0.987120390
4993.485201 0.319222569 -0.355722606 0.442541003 -0.076383002 -0.140527591 -0.027379958 0.986746132
4993.522064 0.298747361 -0.337234229 0.445888877 -0.073129043 -0.139807001 -0.018933466 0.987293124
4993.558927 0.276372999 -0.323858917 0.447855681 -0.070358314 -0.137555256 -0.015115522 0.987876415
4993.595791 0.262738407 -0.320498675 0.445981085 -0.069449320 -0.137733683 -0.012353082 0.987954259
4993.632654 0.270109713 -0.344757766 0.468397141 -0.077392012 -0.148130327 -0.009934071 0.985884964
4993.669518 0.239901036 -0.324422836 0.461259931 -0.064824603 -0.143503621 -0.011805048 0.987453818
4993.706381 0.202423915 -0.327251971 0.451765060 -0.061958928 -0.134873927 -0.008454568 0.988887548
4993.743244 0.186726421 -0.320696950 0.450202286 -0.062415835 -0.134286419 -0.005483773 0.988959730
4993.780108 0.166020960 -0.314018011 0.445462555 -0.060937401 -0.128489196 -0.000177213 0.989836872
4993.816971 0.158867449 -0.323876202 0.448767304 -0.062301602 -0.129116431 0.002983725 0.989665866
4993.853835 0.139807984 -0.321067899 0.446769238 -0.060787000 -0.126223475 0.005042890 0.990124822
4993.890698 0.129385680 -0.329983354 0.441224039 -0.065920785 -0.126030579 0.008960279 0.989793122
4993.927562 0.102942035 -0.320706308 0.438067049 -0.062943712 -0.118972197 0.012722346 0.990818799
4993.964425 0.087558113 -0.312103391 0.430595905 -0.060038518 -0.116520852 0.016537206 0.991233945
4994.001288 0.071101300 -0.305208057 0.425086588 -0.059573583 -0.112468489 0.020525379 0.991655469
4994.038152 0.054921895 -0.298118055 0.416337132 -0.060035329 -0.106751703 0.025829578 0.992135406
4994.075015 0.041286632 -0.289853156 0.407637715 -0.059886128 -0.101779468 0.029371424 0.992568314
4994.111879 0.025170788 -0.288150340 0.401350886 -0.063141331 -0.097347282 0.031057658 0.992759824
4994.148742 0.021420799 -0.295904815 0.394877315 -0.070758477 -0.094113395 0.035145968 0.992421627
4994.185605 -0.011371832 -0.257878691 0.381913304 -0.060417112 -0.078943215 0.039666723 0.994255662
4994.222469 -0.033061251 -0.243121818 0.367575407 -0.059960727 -0.070102043 0.043650828 0.994778872
4994.259332 -0.045678571 -0.226607591 0.360013574 -0.058816053 -0.065271005 0.047929674 0.994978964
4994.296196 -0.063972346 -0.220797777 0.346012712 -0.060803432 -0.059604846 0.056081239 0.994788945
4994.333059 -0.089060739 -0.205469057 0.332113534 -0.059442312 -0.052508157 0.062825076 0.994868100
4994.369922 -0.103568226 -0.195693836 0.321371794 -0.062210202 -0.048555214 0.073707953 0.994152606
4994.406786 -0.119495787 -0.185218379 0.308050483 -0.065756477 -0.043854557 0.083162397 0.993396640
4994.443649 -0.137280554 -0.173474818 0.288403869 -0.066623710 -0.036030315 0.090930790 0.992972612
4994.480513 -0.149705157 -0.163786203 0.274264395 -0.068474472 -0.029461903 0.100078382 0.992183208
4994.517376 -0.164201573 -0.150374442 0.258943945 -0.068559952 -0.020795722 0.107583195 0.991611242
4994.554240 -0.173721373 -0.145721301 0.239936531 -0.070934854 -0.011648517 0.113386244 0.990947068
4994.591103 -0.184811458 -0.134106144 0.224371299 -0.068225674 -0.003107163 0.116497651 0.990840018
4994.627966 -0.194985256 -0.115489461 0.206651121 -0.063997321 0.002749846 0.114351757 0.991373003
4994.664830 -0.204802856 -0.108345233 0.186704427 -0.061378624 0.009048904 0.117544167 0.991127729
4994.701693 -0.218060568 -0.097411297 0.171725631 -0.056356672 0.014595775 0.118096873 0.991294086
4994.738557 -0.218515754 -0.106634595 0.146718934 -0.055667270 0.015397252 0.114309363 0.991764843
4994.775420 -0.223349661 -0.081403330 0.137487561 -0.044065498 0.015013419 0.113525011 0.992443919
4994.812284 -0.234518826 -0.076944135 0.117618695 -0.039558984 0.017300786 0.109883621 0.993006229
4994.849147 -0.243663698 -0.067596041 0.097579777 -0.034492295 0.019023141 0.108196586 0.993348837
4994.886010 -0.248840898 -0.057104316 0.079143189 -0.030060884 0.020276848 0.108911991 0.993389845
4994.922874 -0.252364844 -0.056988813 0.063091688 -0.029045647 0.020870365 0.109801963 0.993309796
4994.959737 -0.257996559 -0.028083725 0.050086111 -0.020186171 0.022637146 0.112893797 0.993144035
4994.996600 -0.274986237 -0.012728968 0.038566403 -0.018859077 0.026600396 0.114691883 0.992865801
4995.033464 -0.280140638 0.003858181 0.023601793 -0.020129852 0.025515849 0.115344107 0.992793798
4995.070327 -0.285257101 0.024102604 0.003189462 -0.022370566 0.023243800 0.113843262 0.992974818
4995.107191 -0.294677138 0.030140914 0.003193098 -0.027497144 0.026067795 0.117518552 0.992347598
4995.144054 -0.301898986 0.044578474 -0.008334716 -0.029999325 0.028492633 0.117479734 0.992213070
4995.180918 -0.306884229 0.049420297 -0.019802641 -0.031283826 0.033749435 0.119099215 0.991815329
4995.217781 -0.304059386 0.053318724 -0.030046353 -0.031633399 0.038141772 0.122064248 0.991284490
4995.254644 -0.303297162 0.058129687 -0.052230239 -0.030745126 0.046045978 0.129466280 0.990036845
4995.291508 -0.309959799 0.069219433 -0.055801183 -0.027843760 0.055147212 0.134522974 0.988982856
4995.328371 -0.321867704 0.082979754 -0.072122127 -0.026807616 0.063775256 0.135962874 0.988295615
4995.365235 -0.316963434 0.081589073 -0.079991579 -0.027055293 0.068863049 0.142918974 0.986965060
4995.402098 -0.327971578 0.090770051 -0.087710872 -0.024480999 0.077775910 0.147623584 0.985676825
4995.438962 -0.341091335 0.094658658 -0.103365615 -0.023824327 0.087909713 0.156273887 0.983505368
4995.475825 -0.348998278 0.103083864 -0.113950804 -0.020752924 0.096539199 0.163080588 0.981658876
4995.512688 -0.360037714 0.108478427 -0.122780047 -0.018456167 0.105673037 0.170400828 0.979518294
4995.549552 -0.375298649 0.123902582 -0.128653526 -0.012869887 0.115556739 0.180372238 0.976702034
4995.586415 -0.390128106 0.130379990 -0.143600404 -0.010595406 0.123554923 0.185788780 0.974733055
4995.623279 -0.403685689 0.137985826 -0.152284518 -0.006590823 0.129240274 0.196332887 0.971960366
4995.660142 -0.423782408 0.144734144 -0.163037315 -0.003029120 0.134793296 0.206294119 0.969156504
4995.697006 -0.441130459 0.147908956 -0.168565989 -0.000826913 0.138439924 0.217298537 0.966237545
4995.733869 -0.461873382 0.163376600 -0.176735744 0.004523024 0.140259415 0.226349071 0.963884294
4995.770732 -0.487968892 0.160423443 -0.180609822 0.006232494 0.142262965 0.227682769 0.963266850
4995.807596 -0.500202656 0.165753379 -0.185336143 0.008962887 0.139246181 0.227340892 0.963766694
4995.844459 -0.525769949 0.159983709 -0.194106936 0.008680978 0.139923811 0.224351928 0.964371383
4995.881322 -0.547223151 0.150837913 -0.189702824 0.008492620 0.142331585 0.224194765 0.964057207
4995.918186 -0.563344359 0.155678943 -0.194964439 0.012735867 0.144142374 0.221906364 0.964270890
4995.955049 -0.573620498 0.152384534 -0.198750719 0.014444989 0.147097573 0.220458373 0.964132607
4995.991913 -0.594346166 0.145960480 -0.197404295 0.014784171 0.155364975 0.219161391 0.963125825
4996.028776 -0.605993927 0.143023401 -0.204807684 0.014173296 0.162337184 0.216424853 0.962603748
4996.065639 -0.627183914 0.135455996 -0.196684957 0.014783322 0.173242480 0.214276195 0.961173356
4996.102503 -0.643192708 0.136764437 -0.193756178 0.016754968 0.181123167 0.211965188 0.960200191
4996.139366 -0.652914286 0.129933193 -0.178955168 0.017221497 0.187921688 0.213034347 0.958647609
4996.176230 -0.671555400 0.119953327 -0.170086145 0.015970297 0.195265979 0.213173017 0.957169473
4996.213093 -0.683940470 0.115628302 -0.163358778 0.016061984 0.199404433 0.215293542 0.955839217
4996.249957 -0.698262453 0.126434177 -0.151399195 0.021425480 0.202717140 0.218197510 0.954377592
4996.286820 -0.716278791 0.124966733 -0.138759553 0.025755862 0.207473695 0.222306609 0.952297807
4996.323683 -0.728931546 0.112989768 -0.132773861 0.026165305 0.208700061 0.224208429 0.951572478
4996.360547 -0.742947698 0.109787352 -0.124393851 0.025777049 0.209241822 0.231318772 0.949760497
4996.397410 -0.758760810 0.106959812 -0.114822835 0.024517540 0.210709244 0.239484042 0.947442830
4996.434274 -0.766617894 0.098307677 -0.115195781 0.024865959 0.210759744 0.242120758 0.946752131
4996.471137 -0.780394673 0.091790088 -0.102619976 0.029779561 0.215416625 0.241982073 0.945596933
4996.508001 -0.794195831 0.082670495 -0.089784652 0.030143436 0.220604718 0.246553585 0.943205297
4996.544864 -0.802316070 0.074206665 -0.076941103 0.025703505 0.224249914 0.250455648 0.941447437
4996.581728 -0.812906384 0.060975399 -0.072972566 0.017930182 0.228062481 0.253488690 0.939898670
4996.618591 -0.827896237 0.060354929 -0.057150334 0.013331604 0.232662156 0.254766643 0.938501239
4996.655454 -0.835440874 0.055579420 -0.059724301 0.006355436 0.234241173 0.253481954 0.938529491
4996.692317 -0.839514136 0.049825810 -0.037604839 0.004146299 0.237392828 0.259073168 0.936220348
4996.729181 -0.852955103 0.048928104 -0.024686664 0.003550537 0.241011441 0.265563071 0.933475852
4996.766044 -0.863000035 0.035276532 -0.017499119 0.000281532 0.243141070 0.272822917 0.930832982
4996.802908 -0.875552118 0.028847605 -0.003809035 -0.000849660 0.245037109 0.280188769 0.928143501
4996.839771 -0.885035336 0.036465392 0.007079333 0.001628394 0.244739026 0.283746660 0.927139699
4996.876635 -0.897962689 0.032868568 0.020803779 0.001579640 0.247316599 0.288312972 0.925044656
4996.913498 -0.909290493 0.001257181 0.037143826 -0.003305126 0.251895875 0.301325589 0.919641495
4996.950361 -0.924175501 -0.001699015 0.049556166 -0.002784027 0.257128239 0.304412365 0.917175233
4996.987225 -0.943505287 -0.012980223 0.061074376 -0.002792146 0.264942825 0.308037132 0.913734436
4997.024088 -0.959701300 -0.023692332 0.073034585 -0.000660987 0.272640556 0.314146221 0.909383714
4997.060952 -0.986977696 -0.021560460 0.086734265 0.004124098 0.280628651 0.316222697 0.906219482
4997.097815 -0.999781013 -0.044043303 0.095422655 0.000589783 0.283787102 0.328054905 0.901024163
4997.134679 -1.019676447 -0.055496022 0.105765492 -0.000425439 0.286029309 0.333754212 0.898217797
4997.171542 -1.036410451 -0.065495983 0.118326277 0.003022753 0.287935466 0.337348700 0.896258831
4997.208405 -1.048824430 -0.079472937 0.128576010 0.003455224 0.288409770 0.340707153 0.894833267
4997.245269 -1.078819633 -0.064084299 0.135695875 0.008292716 0.289862424 0.335464060 0.896311820
4997.282132 -1.091994166 -0.076986551 0.146107346 0.007917376 0.291993529 0.335537076 0.895595908
4997.318995 -1.102338314 -0.089584686 0.159548551 0.010734983 0.296266645 0.337251186 0.893516898
4997.355859 -1.112107038 -0.104339562 0.168432683 0.012635556 0.301561743 0.339269489 0.890952885
4997.392723 -1.127215147 -0.118851610 0.188072175 0.014308638 0.309486777 0.341519803 0.887342870
4997.429586 -1.131592274 -0.136609137 0.201025784 0.012147937 0.314600796 0.343920380 0.884645462
4997.466449 -1.146897316 -0.130180910 0.212202668 0.015963092 0.320112497 0.341189593 0.883664429
4997.503313 -1.150943160 -0.154845804 0.238311797 0.012863119 0.326661468 0.347521991 0.878837466
4997.540176 -1.160017729 -0.165509403 0.256962568 0.012036121 0.331817657 0.349610716 0.876084745
4997.577039 -1.170437455 -0.153352767 0.273824275 0.017141506 0.334405512 0.349883735 0.874906003
4997.613903 -1.173826337 -0.183043391 0.298880368 0.012910114 0.339136511 0.357431263 0.870093465
4997.650766 -1.176948309 -0.191077039 0.322900057 0.014407394 0.340356112 0.363892704 0.866909564
4997.687630 -1.183055401 -0.198815495 0.343278229 0.017418226 0.340993136 0.371217161 0.863491774
4997.724493 -1.191608906 -0.204806089 0.361289352 0.019683873 0.339882433 0.375597745 0.861985385
4997.761357 -1.188530207 -0.221969664 0.385367006 0.016991392 0.337668538 0.387541622 0.857614577
4997.798220 -1.202842355 -0.236904249 0.409285039 0.011360974 0.339570969 0.394876271 0.853601336
4997.835083 -1.199242353 -0.244534016 0.422245830 0.010417135 0.338965505 0.399935871 0.851495862
4997.871947 -1.206225276 -0.257718593 0.441078871 0.014643108 0.346623778 0.402773798 0.847001076
4997.908810 -1.205457807 -0.272095621 0.453236103 0.010452703 0.351337254 0.406801552 0.843187630
4997.945674 -1.211411715 -0.294935644 0.476380050 0.005683961 0.357971996 0.419052452 0.834397256
4997.982537 -1.214274883 -0.302999377 0.491972715 0.004463907 0.361437291 0.421451181 0.831698298
4998.019401 -1.218519211 -0.310656548 0.500446022 0.002130810 0.364537239 0.416536957 0.832829535
4998.056264 -1.229628563 -0.318914115 0.520976305 0.003611563 0.371314496 0.418515712 0.828828812
4998.093127 -1.229866505 -0.330689907 0.531433105 0.001878555 0.374149829 0.421052694 0.826270521
4998.129991 -1.237806678 -0.350366652 0.549724579 -0.000162513 0.380416453 0.423485756 0.822157621
4998.166854 -1.238321900 -0.352019668 0.555229783 0.002342457 0.380984843 0.424483597 0.821376145
4998.203717 -1.243861675 -0.372294813 0.579398334 0.000950740 0.388158143 0.428081721 0.816136241
4998.240581 -1.262152433 -0.389314711 0.598586679 0.002540940 0.396876514 0.429589033 0.811132431
4998.277445 -1.261597276 -0.402167857 0.610829949 0.006497279 0.399414301 0.437991351 0.805350602
4998.314308 -1.276196003 -0.409161568 0.634530127 0.009498461 0.405586541 0.440865934 0.800653815
4998.351171 -1.293761492 -0.427456558 0.652603984 0.009997496 0.412202895 0.445053518 0.794931591
4998.388035 -1.303600073 -0.437071115 0.676098228 0.012695773 0.417567432 0.449720651 0.789447665
4998.424898 -1.313023448 -0.453056604 0.693265319 0.010273197 0.420809060 0.456886709 0.783625364
4998.461761 -1.339403749 -0.458003134 0.702112973 0.008647582 0.423187256 0.461203933 0.779826105
4998.498625 -1.339394808 -0.481081903 0.726153016 0.010191009 0.429786354 0.472051233 0.769641101
4998.535488 -1.360445142 -0.489556193 0.736433148 0.010224230 0.435391188 0.468093157 0.768907547
4998.572352 -1.369690895 -0.505184293 0.752615333 0.007533503 0.440032393 0.469432086 0.765472591
4998.609215 -1.376712203 -0.524071693 0.762933910 0.004056396 0.444189936 0.472230583 0.761365354
4998.646079 -1.381367445 -0.536756873 0.782662988 0.004255312 0.451103568 0.473347276 0.756590903
4998.682942 -1.375003815 -0.555943608 0.802770615 0.005695993 0.458241254 0.480878502 0.747488022
4998.719805 -1.378012896 -0.569262147 0.815079212 0.004345678 0.465037078 0.481060058 0.743170738
4998.756669 -1.382518530 -0.584390163 0.834007978 0.002773027 0.473602921 0.480925709 0.737836778
4998.793532 -1.385578632 -0.602922797 0.847124517 -0.002872311 0.481192976 0.478582978 0.734440923
4998.830396 -1.385559797 -0.613989294 0.865897894 -0.002608023 0.488705516 0.478826314 0.729304850
4998.867259 -1.382064581 -0.628226161 0.882969618 -0.003537353 0.494845957 0.480149657 0.724272907
4998.904123 -1.383867025 -0.636836588 0.906398535 0.000323650 0.501116693 0.482202441 0.718583882
4998.940986 -1.377187967 -0.639000833 0.929218888 0.008679464 0.504096329 0.488411635 0.712225854
4998.977849 -1.373590469 -0.646762490 0.947516024 0.014016134 0.505313635 0.494705737 0.706914365
4999.014713 -1.365285516 -0.660542846 0.973257184 0.019274903 0.507975996 0.498969883 0.701867521
4999.051576 -1.372631192 -0.673235059 0.979504883 0.020724762 0.507163882 0.500621796 0.701236904
4999.088439 -1.371516585 -0.681375384 0.998125076 0.024212906 0.504519224 0.509123623 0.696898341
4999.125303 -1.365528107 -0.697947145 1.016802073 0.024389390 0.505150616 0.517078936 0.690548599
4999.162166 -1.340147972 -0.708474278 1.034696102 0.027870826 0.505913377 0.526028633 0.683058441
4999.199030 -1.339880228 -0.720508635 1.048224688 0.028577402 0.509582281 0.531336784 0.676158607
4999.235893 -1.331415415 -0.729660749 1.061591387 0.023714790 0.512176871 0.536073565 0.670624793
4999.272757 -1.324782610 -0.750499010 1.077501535 0.015669238 0.519298136 0.536624134 0.664919853
4999.309620 -1.329966903 -0.771171331 1.086619020 0.007384374 0.527998090 0.530647874 0.663005531
4999.346483 -1.321346283 -0.784425676 1.101282597 0.004851281 0.534739554 0.531617582 0.656820238
4999.383347 -1.318303347 -0.798662484 1.114998460 0.003359229 0.540115952 0.532930613 0.651343584
4999.420210 -1.316649199 -0.811472297 1.126909018 0.003826604 0.543877840 0.533398986 0.647817791
4999.457074 -1.314779282 -0.824871600 1.138625264 0.005131998 0.545847833 0.534892440 0.644913852
4999.493937 -1.296272278 -0.834869385 1.170724392 0.012205607 0.551109433 0.540415287 0.635673523
4999.530801 -1.293122530 -0.843768179 1.187896252 0.018647049 0.553705096 0.541907489 0.631980360
4999.567664 -1.291811466 -0.860179067 1.201068640 0.023338689 0.555602908 0.545214236 0.627297521
4999.604527 -1.291187286 -0.872027576 1.218838930 0.027392756 0.559075296 0.547097325 0.622389734
4999.641391 -1.292690277 -0.885007203 1.236842871 0.030579884 0.563528299 0.549229026 0.616318345
4999.678254 -1.304926634 -0.902290463 1.257518053 0.031315129 0.571786702 0.548122108 0.609624088
4999.715118 -1.295961738 -0.913457394 1.270670652 0.034580652 0.575200498 0.558868945 0.596333802
4999.751981 -1.306871176 -0.930795312 1.289501190 0.030454919 0.581524372 0.563845754 0.585644841
4999.788844 -1.308521867 -0.943974376 1.305439949 0.026818261 0.586784542 0.569943428 0.574568748
4999.825708 -1.306977987 -0.958722055 1.324662924 0.025620740 0.596566439 0.572788119 0.561574340
4999.862571 -1.303370476 -0.975633502 1.331300139 0.019789647 0.601699591 0.575970173 0.553013861
4999.899435 -1.302711487 -0.987894893 1.354462266 0.016453719 0.608706236 0.579652190 0.541488111
4999.936298 -1.289380550 -0.988899827 1.364373446 0.016747186 0.609263659 0.588204980 0.531537652
4999.973161 -1.282052279 -1.000144839 1.381610632 0.014159855 0.614368677 0.591886282 0.521556556
5000.010025 -1.276642561 -1.008119941 1.396901250 0.013090678 0.618272305 0.595378757 0.512925088
5000.046888 -1.274435163 -1.016610980 1.405909538 0.013258526 0.620375335 0.599186778 0.505898952
5000.083752 -1.273713112 -1.032288074 1.417929173 0.011468393 0.624247372 0.601656675 0.498189718
5000.120615 -1.270288348 -1.040898085 1.430199385 0.013496179 0.627011955 0.604901612 0.490681082
5000.157479 -1.263976455 -1.046962857 1.442921877 0.016737001 0.630155146 0.607139409 0.483741701
5000.194342 -1.237755179 -1.049643278 1.460830808 0.019817103 0.633464098 0.611358106 0.473890066
5000.231205 -1.226804972 -1.055621982 1.469303370 0.021060899 0.635546327 0.613535643 0.468200117
5000.268069 -1.216987848 -1.061875701 1.482832551 0.024746226 0.640138328 0.615272105 0.459402651
5000.304932 -1.209357500 -1.075116277 1.493467331 0.025809651 0.644994557 0.616008282 0.451497138
5000.341796 -1.199756861 -1.079870462 1.505567312 0.032015000 0.648204923 0.618475020 0.443050861
5000.378659 -1.192957878 -1.092062354 1.506645918 0.033552606 0.648974419 0.620932817 0.438347816
5000.415522 -1.170786023 -1.101586699 1.524578810 0.033729661 0.652360618 0.624377608 0.428299606
5000.452386 -1.165364742 -1.108408689 1.532701373 0.038185406 0.653770447 0.626083553 0.423255771
5000.489249 -1.146986842 -1.115601659 1.547165990 0.040617131 0.657332540 0.627450287 0.415415883
5000.526113 -1.123319030 -1.130754590 1.556802511 0.043534301 0.655995846 0.634622097 0.406237662
5000.562976 -1.108772397 -1.144186139 1.566252947 0.040310204 0.656844735 0.636565387 0.402137518
5000.599840 -1.103227973 -1.154277325 1.570324183 0.035540052 0.658633709 0.634441555 0.403016806
5000.636703 -1.091928959 -1.167976737 1.579860210 0.034086481 0.662592411 0.632465899 0.399745435
5000.673566 -1.077729464 -1.169576287 1.587497592 0.035974231 0.665576279 0.632103384 0.395170182
5000.710430 -1.065858483 -1.179379106 1.592788458 0.037577312 0.668196917 0.630604446 0.392987221
5000.747293 -1.050112724 -1.195023775 1.602696657 0.038185589 0.671678841 0.628349066 0.390597999
5000.784157 -1.036676168 -1.209602356 1.615386248 0.038831972 0.675385654 0.624924660 0.389635086
5000.821020 -1.029854894 -1.229349017 1.627604008 0.041922312 0.679320574 0.621644795 0.387716055
5000.857883 -1.017810345 -1.237235308 1.644832015 0.045215692 0.684899449 0.616127670 0.386335224
5000.894747 -1.006340384 -1.257056952 1.651846647 0.046429221 0.688074350 0.614699364 0.382808834
5000.931610 -0.998588979 -1.264012337 1.666152358 0.049432337 0.692343891 0.611565888 0.379741400
5000.968474 -0.986255348 -1.281191826 1.673711896 0.050175887 0.694888771 0.612446070 0.373526186
5001.005337 -0.976827979 -1.296618342 1.691550493 0.050809104 0.700734258 0.610509932 0.365605831
5001.042200 -0.971278667 -1.304235458 1.710165381 0.052497752 0.705612540 0.609098494 0.358265132
5001.079064 -0.955687404 -1.322033167 1.729490161 0.051199697 0.709924757 0.611678421 0.345304102
5001.115927 -0.952358723 -1.325921297 1.745451808 0.055219319 0.711244404 0.615326226 0.335344434
5001.152791 -0.941982031 -1.348814964 1.765583277 0.052857999 0.713821948 0.619363010 0.322573572
5001.189654 -0.937963009 -1.365918398 1.787551641 0.046514500 0.719662189 0.615807593 0.317338496
5001.226517 -0.924912632 -1.383440614 1.803757429 0.045952480 0.721898794 0.618542194 0.306848675
5001.263381 -0.911065936 -1.395045519 1.810512781 0.049913023 0.719103336 0.626594126 0.296275079
5001.300244 -0.904419124 -1.395338416 1.829344988 0.050315708 0.721185803 0.625724912 0.292963803
5001.337108 -0.890188694 -1.414889693 1.837063551 0.049067535 0.720346272 0.630070567 0.285840452
5001.373971 -0.877882004 -1.425922751 1.845927835 0.050136507 0.719414413 0.634268105 0.278627336
5001.410835 -0.866344094 -1.430618167 1.861446738 0.051519897 0.720617056 0.635634184 0.272077113
5001.447698 -0.847833276 -1.437526226 1.877832055 0.050866425 0.723353982 0.635938644 0.264109135
5001.484561 -0.832081258 -1.449483633 1.887682557 0.048895042 0.725244522 0.636716783 0.257335275
5001.521425 -0.814079285 -1.454322100 1.911246896 0.049235657 0.731152475 0.633254707 0.248958632
5001.558288 -0.806741714 -1.458358645 1.914146423 0.046868436 0.733448029 0.631567836 0.246939987
5001.595152 -0.792094827 -1.460031748 1.923385501 0.047724377 0.735306501 0.631150186 0.242273033
5001.632015 -0.776719928 -1.463363171 1.931570649 0.051098086 0.736318648 0.631967366 0.236307293
5001.668878 -0.744446039 -1.477195621 1.933226109 0.049996678 0.735705376 0.635418534 0.229087934
5001.705742 -0.730819106 -1.476643920 1.942848682 0.057448927 0.736403465 0.635581136 0.224602208
5001.742605 -0.704033315 -1.476075888 1.955062985 0.061271660 0.739194870 0.634429753 0.217567503
5001.779469 -0.692041874 -1.482242227 1.954138517 0.065909214 0.737416804 0.636643827 0.215771005
5001.816332 -0.672353983 -1.491229415 1.955256701 0.068073511 0.735921383 0.639604688 0.211403802
5001.853195 -0.673658013 -1.484602690 1.964381456 0.072141685 0.738120377 0.634848297 0.216659963
5001.890059 -0.631585956 -1.505728245 1.970025897 0.071677499 0.739364266 0.637737274 0.203700870
5001.926922 -0.635759950 -1.500977278 1.966187000 0.072113812 0.737383842 0.637835801 0.210309520
5001.963786 -0.604688883 -1.510382891 1.976415634 0.065542236 0.739354372 0.637853503 0.205431819
5002.000649 -0.579256296 -1.523806691 1.975748301 0.056054652 0.741308928 0.636768758 0.204559192
5002.037513 -0.559850216 -1.530696630 1.979412794 0.052531239 0.744408488 0.634314895 0.201844156
5002.074376 -0.533659816 -1.532479763 1.982436299 0.049272634 0.746953726 0.632895887 0.197674245
5002.111239 -0.495651275 -1.549739957 1.988375068 0.044615898 0.750276804 0.633121073 0.185072526
5002.148103 -0.474312186 -1.556163907 1.991507530 0.044121929 0.752093673 0.631756365 0.182461530
5002.184966 -0.464166343 -1.563640833 1.997270823 0.045790568 0.753327668 0.630651593 0.180774033
5002.221830 -0.456185937 -1.575151682 2.001063108 0.047850870 0.753770292 0.629473925 0.182491824
5002.258693 -0.424856782 -1.570168018 2.009029627 0.044106521 0.755422115 0.625838101 0.188993841
5002.295557 -0.397568613 -1.579911709 2.011365891 0.048935622 0.755325556 0.628477871 0.179176405
5002.332420 -0.366044194 -1.580391407 2.024362564 0.042226907 0.756404459 0.626818180 0.182121426
5002.369283 -0.338963717 -1.583881140 2.030543327 0.042747688 0.757099748 0.627052009 0.178265005
5002.406147 -0.315741658 -1.588984251 2.038940907 0.039245725 0.758489788 0.626090884 0.176531136
5002.443010 -0.296931326 -1.598106623 2.048388481 0.045170836 0.759780705 0.626222730 0.168932050
5002.479873 -0.267971098 -1.606194973 2.057943344 0.042714652 0.759456515 0.628129125 0.163875028
5002.516737 -0.241443962 -1.609337449 2.067861080 0.041598525 0.758101940 0.630757928 0.160298228
5002.553600 -0.220076561 -1.619093895 2.074679375 0.044215940 0.755719841 0.634648263 0.155415773
5002.590464 -0.192376018 -1.621168613 2.081525803 0.044777963 0.756091058 0.634873986 0.152500138
5002.627327 -0.161490023 -1.624493599 2.086180687 0.043028206 0.754998744 0.636628628 0.151094183
5002.664191 -0.136320055 -1.634532928 2.085234642 0.042667843 0.751019657 0.641563714 0.150149748
5002.701054 -0.105569601 -1.633250833 2.091376066 0.041374296 0.750270903 0.643024743 0.147989452
5002.737917 -0.099128217 -1.628579140 2.090230942 0.044616897 0.748376131 0.643822074 0.153087154
5002.774781 -0.052070260 -1.645244718 2.113355398 0.019713029 0.750767469 0.640736878 0.159423769
5002.811644 -0.037169874 -1.638052344 2.114815474 0.019451512 0.750953257 0.639986038 0.161582008
5002.848508 -0.017089099 -1.637063861 2.122999191 0.018301677 0.753598332 0.637166917 0.160539463
5002.885371 0.012344092 -1.643814087 2.109975338 0.031811666 0.753477991 0.640807629 0.143612251
5002.922235 0.039034009 -1.646149755 2.114646673 0.028091606 0.754943252 0.639852166 0.140928179
5002.959098 0.065640241 -1.642604589 2.120744467 0.027224900 0.758583784 0.635918617 0.139344946
5002.995961 0.074906856 -1.654648066 2.120526314 0.014308030 0.757231116 0.634293735 0.155138016
5003.032825 0.107594341 -1.639943242 2.116830111 0.028707117 0.757615864 0.636538923 0.141464695
5003.069688 0.124485016 -1.648118258 2.123368502 0.014525086 0.755694449 0.635704219 0.156828076
5003.106551 0.159214348 -1.624948382 2.144022942 0.015157098 0.759195864 0.632059753 0.154571369
5003.143415 0.170494288 -1.621608019 2.142995358 0.020474199 0.756576240 0.634247899 0.157806337
5003.180279 0.218360484 -1.619011998 2.117606878 0.037919089 0.751444221 0.643955648 0.138617828
5003.217142 0.252956748 -1.624204397 2.117946386 0.038312212 0.745333374 0.652391613 0.131892264
5003.254005 0.264965653 -1.610911131 2.123105526 0.041949913 0.746467829 0.650057852 0.135833487
5003.290869 0.299910218 -1.613800764 2.107070684 0.039186649 0.745725930 0.651461959 0.133994326
5003.327732 0.322617799 -1.616581917 2.107711077 0.038608968 0.745225787 0.652401507 0.132363677
5003.364595 0.339535743 -1.620098829 2.107625484 0.038947731 0.744337857 0.653282583 0.132913843
5003.401459 0.341687858 -1.612677813 2.115514517 0.011667888 0.746112168 0.646187603 0.160069183
5003.438322 0.394503057 -1.626526356 2.098203182 0.036135208 0.749461472 0.647233248 0.134502172
5003.475186 0.418027371 -1.633800745 2.091043234 0.037985522 0.750631392 0.645952165 0.133624136
5003.512049 0.437369108 -1.637323141 2.091866970 0.040230956 0.753848433 0.641894996 0.134405300
5003.548913 0.448352903 -1.635888696 2.106489420 0.017505515 0.756178260 0.635781169 0.153851762
5003.585776 0.487183005 -1.647084832 2.094514608 0.040753182 0.759404421 0.635980666 0.131044596
5003.622639 0.511736810 -1.653927922 2.097378492 0.040733855 0.762460887 0.633087158 0.127258644
5003.659503 0.527396441 -1.648765206 2.104117632 0.047598556 0.763791800 0.632349491 0.120376691
5003.696366 0.550486982 -1.655402899 2.109469891 0.046456479 0.763318777 0.633941531 0.115344726
5003.733230 0.575017810 -1.653276801 2.118119001 0.020937184 0.762995660 0.633480847 0.126891106
5003.770093 0.598152101 -1.653270602 2.122246742 0.034262512 0.763914227 0.634640098 0.111772671
5003.806957 0.630169272 -1.663026810 2.124230623 0.040898874 0.765159130 0.634666383 0.100286536
5003.843820 0.652112246 -1.667889953 2.126273394 0.045132857 0.759764314 0.641877294 0.093352780
5003.880683 0.682238221 -1.670866847 2.136404037 0.050077442 0.757785976 0.645108998 0.084184483
5003.917547 0.698797107 -1.678073168 2.142937183 0.053318564 0.758182764 0.644897878 0.080141939
5003.954410 0.696248770 -1.671806812 2.163855076 0.067812897 0.758838594 0.643571198 0.073358856
5003.991273 0.739221454 -1.686568618 2.151427031 0.056233954 0.754599392 0.650073469 0.069440491
5004.028137 0.758522272 -1.689599276 2.153095961 0.052999843 0.753516674 0.652012944 0.065442689
5004.065001 0.771070659 -1.685156822 2.153672457 0.050592240 0.753924072 0.652145505 0.061197888
5004.101864 0.794523120 -1.685842156 2.179260731 0.034057349 0.754635274 0.652558744 0.059436966
5004.138727 0.813025951 -1.688075066 2.183029175 0.029452050 0.755114079 0.652991474 0.050373465
5004.175591 0.829719305 -1.693033814 2.187265635 0.023373779 0.755734384 0.653066397 0.042702291
5004.212454 0.854300022 -1.691855192 2.163610697 0.023480246 0.754955649 0.654672861 0.029902020
5004.249317 0.879987359 -1.693770409 2.158832550 0.018257938 0.754423976 0.655797899 0.020982616
5004.286181 0.894992054 -1.685194850 2.161273003 0.018400535 0.755106747 0.655153930 0.015767619
5004.323044 0.918462515 -1.680106163 2.159781694 0.020349359 0.754365325 0.656114995 0.005660398
5004.359908 0.942236125 -1.677593470 2.162589073 0.020596471 0.755901814 0.654360771 -0.000459348
5004.396771 0.956222773 -1.669941425 2.152884483 0.035915997 0.755835474 0.653687119 -0.010769340
5004.433635 0.961140931 -1.659905672 2.156991005 0.053449616 0.755674243 0.652444839 -0.020378470
5004.470498 0.978866577 -1.661242127 2.153904915 0.058734648 0.754912615 0.652717113 -0.024850359
5004.507361 0.996066809 -1.634662151 2.152762413 0.067891374 0.754645944 0.651929080 -0.029811339
5004.544225 1.024387002 -1.644272089 2.146902561 0.061671697 0.748998582 0.659009337 -0.030074572
5004.581088 1.050831437 -1.634595633 2.146529675 0.071439132 0.742454827 0.664377391 -0.047538374
5004.617952 1.070052028 -1.639462233 2.140033484 0.067448586 0.741644204 0.665405631 -0.051476855
5004.654815 1.086839795 -1.630288601 2.135521412 0.068174593 0.745794892 0.660183549 -0.057445146
5004.691679 1.101324916 -1.626033902 2.126322746 0.071810365 0.743329108 0.661677539 -0.066991970
5004.728542 1.121100783 -1.627739668 2.119484901 0.071251079 0.741140187 0.663500130 -0.073498197
5004.765405 1.130600333 -1.624246359 2.114848614 0.073278740 0.742446899 0.661747038 -0.074119642
5004.802269 1.141316652 -1.625763416 2.102950811 0.071762092 0.743666410 0.660501659 -0.074484937
5004.839132 1.156015754 -1.624997973 2.093645573 0.071878202 0.744068801 0.659685969 -0.077521674
5004.875995 1.177982926 -1.624747753 2.098726749 0.058223553 0.747460902 0.657995045 -0.070390306
5004.912859 1.185517669 -1.623642802 2.086008310 0.074543357 0.747396171 0.654323876 -0.087763578
5004.949723 1.195221543 -1.622722030 2.081089258 0.078179002 0.748778403 0.651233912 -0.095463805
5004.986586 1.221004844 -1.625790358 2.091068983 0.060534533 0.751699924 0.650403202 -0.090876244
5005.023449 1.247397661 -1.622907043 2.075754881 0.056139834 0.749172330 0.651753843 -0.103952229
5005.060313 1.262626410 -1.618887663 2.078520775 0.059618872 0.750006735 0.648028016 -0.118301176
5005.097176 1.270951033 -1.616249084 2.073441982 0.074490048 0.749397516 0.643125653 -0.138722673
5005.134039 1.286880136 -1.617108464 2.071535587 0.074985981 0.749033153 0.641208708 -0.148922145
5005.170903 1.317317247 -1.612633944 2.054698944 0.072966740 0.745476782 0.641766846 -0.164546221
5005.207766 1.337433577 -1.610990286 2.053916454 0.074674591 0.744634926 0.639289796 -0.176779717
5005.244630 1.358722448 -1.605343699 2.050912857 0.078596286 0.741846919 0.638393819 -0.189576373
5005.281493 1.381305218 -1.608526587 2.055376768 0.080946431 0.737791061 0.639497459 -0.200387135
5005.318357 1.411379576 -1.600759149 2.047855377 0.085169524 0.731522202 0.640945792 -0.216355950
5005.355220 1.427502155 -1.605990529 2.039154768 0.086881429 0.728874505 0.640403032 -0.226003304
5005.392083 1.449186087 -1.627482653 2.045941591 0.075776696 0.731069386 0.640633523 -0.222225457
5005.428947 1.462097645 -1.606347799 2.043538094 0.088062733 0.728740096 0.635769546 -0.238704801
5005.465810 1.475449800 -1.597496033 2.040995359 0.090205334 0.726208270 0.636232913 -0.244319946
5005.502674 1.494813323 -1.594065309 2.033018351 0.090628184 0.722826838 0.637000322 -0.252068371
5005.539537 1.513793945 -1.598060727 2.029402018 0.091649257 0.720351160 0.636248231 -0.260543436
5005.576401 1.534493685 -1.586650610 2.028211594 0.097001687 0.719268560 0.631770134 -0.272231281
5005.613264 1.551459789 -1.578055620 2.025559664 0.095911250 0.716607571 0.631037176 -0.281188071
5005.650127 1.563970208 -1.595268846 2.028785467 0.073839806 0.714217484 0.640414894 -0.272598267
5005.686990 1.575708389 -1.572056532 2.006896019 0.083877578 0.706923366 0.637452841 -0.294750273
5005.723854 1.594021082 -1.565101624 2.000146866 0.079223305 0.704908371 0.635643661 -0.304606199
5005.760717 1.611252069 -1.562578440 2.004286528 0.069340214 0.707939565 0.633967578 -0.303477526
5005.797581 1.618857145 -1.541939974 1.987286568 0.076615497 0.702770591 0.630451977 -0.320583582
5005.834444 1.633587122 -1.531670570 1.977003455 0.076957121 0.701749504 0.628270149 -0.326958418
5005.871308 1.652910948 -1.519644737 1.964607716 0.078536026 0.700476110 0.626185238 -0.333252728
5005.908171 1.665362954 -1.507652283 1.953538418 0.081806555 0.700153112 0.624693274 -0.335934013
5005.945035 1.678996563 -1.508335948 1.946676016 0.080310471 0.701073647 0.626646161 -0.330697060
5005.981898 1.689449787 -1.482021689 1.932590127 0.098767467 0.699750125 0.617318332 -0.345706344
5006.018761 1.703249454 -1.471714497 1.920651197 0.110811479 0.695578992 0.616193056 -0.352415591
5006.055625 1.719619632 -1.464217901 1.901081562 0.115619682 0.691575646 0.616078258 -0.358891040
5006.092488 1.726829290 -1.452390194 1.891573906 0.114417210 0.693740904 0.612626076 -0.361000687
5006.129352 1.739172935 -1.444486380 1.878612876 0.115241744 0.690495431 0.612912714 -0.366433293
5006.166215 1.750386715 -1.436116695 1.865568042 0.115414023 0.685441971 0.614652276 -0.372896135
5006.203079 1.749260902 -1.429277658 1.851602197 0.118953787 0.682458162 0.614877403 -0.376864165
5006.239942 1.769291878 -1.424647689 1.835157156 0.110186569 0.678772092 0.615194261 -0.385568947
5006.276805 1.783289909 -1.420151114 1.819529533 0.107837506 0.674352288 0.614034951 -0.395703346
5006.313669 1.792016506 -1.409457922 1.805438161 0.105232514 0.672885895 0.611545742 -0.402693987
5006.350532 1.801077127 -1.402675867 1.791791201 0.100748427 0.669777155 0.609891653 -0.411437184
5006.387396 1.821593285 -1.414902925 1.785428405 0.086092897 0.669330895 0.615317106 -0.407392949
5006.424259 1.830796123 -1.394183755 1.765367985 0.095390469 0.667946577 0.601501346 -0.427719742
5006.461122 1.840771198 -1.381066561 1.756733894 0.092411049 0.668410599 0.598368406 -0.432021677
5006.497986 1.877584696 -1.388981938 1.747351766 0.079655699 0.667357028 0.601355970 -0.432042420
5006.534849 1.884899378 -1.357424259 1.714314342 0.090850517 0.661747575 0.592172563 -0.450741619
5006.571712 1.891328096 -1.343115687 1.703016162 0.092981376 0.660552621 0.589636743 -0.455360562
5006.608576 1.911003947 -1.329865575 1.685457468 0.095696852 0.659782588 0.584598005 -0.462357134
5006.645439 1.931391835 -1.318317175 1.673311234 0.098728850 0.655735731 0.583386660 -0.468959898
5006.682303 1.947442532 -1.308750868 1.656266689 0.106087610 0.651505649 0.580683708 -0.476541907
5006.719166 1.961677790 -1.300306439 1.641492724 0.108018607 0.649913728 0.577433050 -0.482198238
5006.756030 1.980772495 -1.286528111 1.623349667 0.109536916 0.650069952 0.571701884 -0.488433957
5006.792893 1.994809628 -1.278291106 1.608851910 0.110986114 0.646364927 0.571350515 -0.493409604
5006.829756 2.017718554 -1.293063045 1.600928187 0.100021407 0.640765190 0.583669543 -0.488615990
5006.866620 2.020426512 -1.285112500 1.584787369 0.099728435 0.635001183 0.586120427 -0.493244976
5006.903483 2.035018921 -1.273812175 1.559819341 -0.099072151 -0.629104316 -0.583604515 0.503803790
5006.940347 2.028538465 -1.249762058 1.557664752 -0.108218677 -0.628567517 -0.571334839 0.516495943
5006.977210 2.036541939 -1.237609863 1.543939829 -0.106251292 -0.624594927 -0.570192933 0.522945285
5007.014074 2.043081760 -1.228484392 1.535655975 -0.104218088 -0.622891068 -0.567999661 0.527751565
5007.050937 2.058855295 -1.190242887 1.479830742 -0.103149049 -0.616039038 -0.559597850 0.544707716
5007.087800 2.059462786 -1.177125692 1.470677614 -0.103313349 -0.614250958 -0.557261586 0.549073458
5007.124664 2.066008568 -1.190086961 1.487436175 -0.091845199 -0.613179088 -0.567892671 0.541362882
5007.161527 2.055049181 -1.153391123 1.471051216 -0.100658171 -0.611723244 -0.556231797 0.553415596
5007.198391 2.071408033 -1.150502086 1.452625751 -0.092504680 -0.609371781 -0.560984373 0.552635014
5007.235254 2.067695141 -1.128577232 1.440631151 -0.104526758 -0.611009717 -0.545526981 0.564040363
5007.272117 2.070268154 -1.112150073 1.423243642 -0.108387701 -0.610222518 -0.538097858 0.571254075
5007.308981 2.072623491 -1.095307469 1.404166460 -0.110819474 -0.609655499 -0.531578779 0.577462792
5007.345844 2.073214054 -1.079420090 1.385375738 -0.117667593 -0.606350422 -0.524459064 0.586034238
5007.382708 2.073852539 -1.061813354 1.371904850 -0.125562474 -0.600836515 -0.521585107 0.592603087
5007.419571 2.089644194 -1.046449900 1.344323993 -0.121959008 -0.595956147 -0.521677673 0.598176062
5007.456434 2.092603445 -1.030859947 1.325929880 -0.119250759 -0.592948437 -0.519697249 0.603412092
5007.493298 2.079112530 -1.028641462 1.319975853 -0.129144028 -0.586183131 -0.518065691 0.609359562
5007.530161 2.077499866 -1.018064380 1.299345016 -0.132477716 -0.575767994 -0.522730231 0.614568114
5007.567025 2.102311373 -1.007408142 1.271682262 -0.116992176 -0.568359971 -0.534519613 0.614466071
5007.603888 2.074995279 -0.996384203 1.262757778 -0.132210672 -0.565392554 -0.518609822 0.627610922
5007.640752 2.073191881 -0.987251163 1.247154355 -0.131468445 -0.559747517 -0.517625809 0.633610547
5007.677615 2.078708410 -0.979318619 1.230225325 -0.129268989 -0.555977166 -0.513403714 0.640777349
5007.714478 2.076792955 -0.948336124 1.179528713 -0.124112405 -0.547452033 -0.508110106 0.653235376
5007.751342 2.081966400 -0.954946518 1.198132515 -0.119230680 -0.550018847 -0.508121431 0.651978493
5007.788205 2.085167646 -0.942720652 1.180927515 -0.115634419 -0.548698604 -0.503791213 0.657079041
5007.825069 2.087905169 -0.927457273 1.158860087 -0.112455636 -0.546447158 -0.499243736 0.662951708
5007.861932 2.093098879 -0.910924315 1.137889385 -0.109748550 -0.546134889 -0.494358450 0.667309225
5007.898795 2.102603436 -0.898198783 1.115963697 -0.108571120 -0.544757962 -0.489888072 0.671908319
5007.935659 2.104869366 -0.884568989 1.107370973 -0.110633887 -0.545924366 -0.486365706 0.673182786
5007.972522 2.097021580 -0.863834500 1.088962793 -0.114129536 -0.544818580 -0.481517881 0.676969469
5008.009386 2.111499786 -0.853641391 1.061580181 -0.116472639 -0.541603923 -0.474702418 0.683927655
5008.046249 2.094543695 -0.845713496 1.055357933 -0.131624997 -0.537471056 -0.470528662 0.687315524
5008.083113 2.111217022 -0.826678634 1.019936204 -0.129603446 -0.531802714 -0.469422132 0.692843258
5008.119976 2.127219200 -0.816419125 1.004679918 -0.127559006 -0.531508863 -0.463776082 0.697236478
5008.156839 2.130038500 -0.807018816 0.984551966 -0.126661927 -0.526802957 -0.463237971 0.701317191
5008.193703 2.133762360 -0.793779969 0.962376237 -0.126708388 -0.521228909 -0.461792380 0.706408620
5008.230566 2.135261774 -0.772169828 0.931710362 -0.121501103 -0.513441086 -0.465387166 0.710654974
5008.267430 2.134057045 -0.764381945 0.910850585 -0.119941443 -0.508981943 -0.464434117 0.714739382
5008.304293 2.134040833 -0.768324792 0.915263355 -0.122011416 -0.510044515 -0.459578425 0.716767371
5008.341156 2.132486343 -0.759379625 0.895935833 -0.118731946 -0.505742490 -0.457355499 0.721770883
5008.378020 2.125505924 -0.745516181 0.879118264 -0.117470816 -0.500063479 -0.453946590 0.728058815
5008.414883 2.119781971 -0.731627643 0.859517872 -0.114737920 -0.494543374 -0.451389670 0.733832061
5008.451747 2.115322828 -0.716986954 0.839576900 -0.109782264 -0.490000129 -0.447516233 0.739984453
5008.488610 2.116269588 -0.687098086 0.819944024 -0.092655882 -0.483267576 -0.459782332 0.739234447
5008.525473 2.090398788 -0.674500406 0.800003469 -0.100231715 -0.477600336 -0.444132775 0.751397133
5008.562337 2.085692644 -0.677072823 0.801083565 -0.103777722 -0.479147404 -0.436666965 0.754300952
5008.599200 2.074041605 -0.660166562 0.783293366 -0.103949733 -0.475556582 -0.431799740 0.759334803
5008.636064 2.063796759 -0.649639606 0.770616353 -0.105711073 -0.474558145 -0.425064832 0.763504863
5008.672927 2.057808399 -0.632367611 0.759785712 -0.104413196 -0.475955933 -0.416378766 0.767588794
5008.709790 2.052421570 -0.617109895 0.746623755 -0.108449407 -0.475060731 -0.408129543 0.772001505
5008.746654 2.045077085 -0.602753460 0.731078327 -0.118195944 -0.470272869 -0.401940346 0.776734889
5008.783517 2.038000345 -0.598856270 0.717944324 -0.125175402 -0.466656476 -0.395242006 0.781246841
5008.820381 2.012782097 -0.588502645 0.716758013 -0.128119379 -0.465850145 -0.386876285 0.785427153
5008.857244 2.019768238 -0.586858749 0.689543366 -0.122561648 -0.460557699 -0.388717294 0.788520217
5008.894108 2.009334564 -0.581914604 0.674004316 -0.123472825 -0.452387869 -0.384764642 0.795019388
5008.930971 1.999070644 -0.575825274 0.662097275 -0.117894329 -0.446998298 -0.382978112 0.799763203
5008.967834 1.991753101 -0.546694219 0.654959917 -0.100491196 -0.441514522 -0.394697577 0.799487472
5009.004698 1.979562998 -0.567719817 0.629814029 -0.110388301 -0.431277037 -0.379752457 0.810926974
5009.041561 1.970442057 -0.567935467 0.617176473 -0.107999362 -0.424378365 -0.376235873 0.816508234
5009.078425 1.962856889 -0.556024373 0.602500021 -0.099981092 -0.417549103 -0.373749584 0.822172582
5009.115288 1.954689026 -0.554067850 0.585585356 -0.098590069 -0.409767687 -0.370222718 0.827831864
5009.152151 1.951196909 -0.544992208 0.577517688 -0.096974850 -0.404643565 -0.364017606 0.833277047
5009.189015 1.947355270 -0.541379035 0.567953706 -0.097167902 -0.399058104 -0.356911540 0.839002490
5009.225878 1.944061041 -0.528058708 0.551864922 -0.094341464 -0.392444879 -0.349969417 0.845345020
5009.262742 1.939466715 -0.510006905 0.533390164 -0.090596549 -0.385147333 -0.345861465 0.850784123
5009.299605 1.939922333 -0.508387744 0.520420313 -0.091914833 -0.380466431 -0.338228554 0.855802774
5009.336468 1.940547943 -0.509769499 0.519846737 -0.092911899 -0.379190683 -0.328090191 0.860196829
5009.373332 1.943328500 -0.488727868 0.493506968 -0.087972425 -0.369160771 -0.318877310 0.868503571
5009.410195 1.946246386 -0.481590390 0.476932883 -0.092061684 -0.359554648 -0.307718396 0.876101911
5009.447059 1.947667599 -0.471819460 0.459816992 -0.092187703 -0.349419862 -0.298332512 0.883405268
5009.483922 1.950783610 -0.459363788 0.443100154 -0.089198373 -0.341099888 -0.286575943 0.890824795
5009.520786 1.950071096 -0.445263773 0.440215647 -0.082566634 -0.336613208 -0.290081054 0.892035484
5009.557649 1.951018214 -0.449132115 0.401549935 -0.085042693 -0.326534927 -0.274623185 0.900402546
5009.594512 1.952243686 -0.443630993 0.390618324 -0.082336508 -0.321842670 -0.268967390 0.904043436
5009.631376 1.962575555 -0.440679967 0.378771067 -0.080918968 -0.316168427 -0.260801136 0.908555150
5009.668239 1.962663293 -0.433158517 0.362666905 -0.076417886 -0.308363408 -0.255130321 0.913225472
5009.705103 1.964050174 -0.427331924 0.349796116 -0.070505641 -0.300962895 -0.250026554 0.917571247
5009.741966 1.962753177 -0.427566290 0.334990561 -0.065994799 -0.292845488 -0.244237095 0.922081590
5009.778829 1.959866405 -0.416479051 0.324635148 -0.057050049 -0.285587043 -0.241197616 0.925747812
5009.815693 1.959052563 -0.420963287 0.315063179 -0.054187760 -0.279014617 -0.234838486 0.929551184
5009.852556 1.950057864 -0.399546325 0.305911481 -0.041044444 -0.273050457 -0.239970103 0.930684209
5009.889420 1.942732930 -0.390370548 0.287781239 -0.033917855 -0.265275121 -0.237053320 0.933961689
5009.926283 1.935572624 -0.394607008 0.288664937 -0.035242546 -0.261504203 -0.223194793 0.938380301
5009.963146 1.921081066 -0.378921151 0.272762477 -0.025364092 -0.254235804 -0.225970879 0.940030813
5010.000010 1.911949039 -0.360343724 0.272031128 -0.018809164 -0.251146585 -0.220789000 0.942244053
5010.036873 1.900279164 -0.366122425 0.276976287 -0.020258104 -0.251120627 -0.217048764 0.943089545
5010.073737 1.891414523 -0.367645800 0.269267142 -0.023598164 -0.248432189 -0.203759357 0.946681917
5010.110600 1.878412604 -0.354969293 0.267646492 -0.021522701 -0.245985433 -0.196912274 0.948816895
5010.147464 1.868351221 -0.351932466 0.267023265 -0.024258889 -0.243441895 -0.189214051 0.950970888
5010.184327 1.853138924 -0.348128706 0.262082338 -0.030259950 -0.238397583 -0.181087673 0.953655183
5010.221190 1.840382099 -0.341614932 0.256689548 -0.037573364 -0.232478157 -0.175762117 0.955850303
5010.258054 1.824698567 -0.346673965 0.259100735 -0.045458958 -0.225894108 -0.172079414 0.957754672
5010.294917 1.809411645 -0.331986129 0.259184599 -0.040124450 -0.219957873 -0.168005571 0.960095108
5010.331781 1.792742133 -0.329564154 0.256604075 -0.039399482 -0.212715790 -0.165573582 0.962177277
5010.368644 1.769743681 -0.334511518 0.246807486 -0.047574904 -0.201500431 -0.168310598 0.963745654
5010.405508 1.768553615 -0.328775913 0.251948953 -0.052046157 -0.198210731 -0.158499420 0.965857983
5010.442371 1.746239543 -0.327755034 0.246479422 -0.050311282 -0.191499665 -0.165568769 0.966117799
5010.479234 1.740484476 -0.311754525 0.259196669 -0.048815463 -0.191104099 -0.162328035 0.966822565
5010.516098 1.705301285 -0.327740520 0.231154472 -0.057218831 -0.179740325 -0.170258984 0.967176974
5010.552961 1.697201610 -0.314894646 0.246889681 -0.056412347 -0.180053458 -0.168384954 0.967494130
5010.589824 1.682207346 -0.309389859 0.234696299 -0.056334306 -0.173864186 -0.165582746 0.969112992
5010.626688 1.669895887 -0.305533290 0.234625369 -0.056611281 -0.169990659 -0.165327609 0.969827354
5010.663551 1.655986786 -0.295952469 0.231645465 -0.055554453 -0.164456025 -0.166785330 0.970592916
5010.700415 1.625307202 -0.300086945 0.225940824 -0.059776034 -0.153799996 -0.173384517 0.970932662
5010.737278 1.613096595 -0.290495425 0.228003651 -0.057528872 -0.149104849 -0.172689050 0.971924186
5010.774142 1.593154430 -0.280904353 0.217334673 -0.055363685 -0.140228420 -0.165566429 0.974606872
5010.811005 1.574213266 -0.274074227 0.212431595 -0.052489422 -0.135430694 -0.162966862 0.975881755
5010.847868 1.557811022 -0.280845255 0.203300372 -0.053546406 -0.133995101 -0.157341152 0.976945162
5010.884732 1.533839822 -0.261539906 0.203421712 -0.053777337 -0.131298989 -0.151562348 0.978211343
5010.921595 1.516694307 -0.257717043 0.199389845 -0.058562160 -0.132825971 -0.143323019 0.978972018
5010.958459 1.499137640 -0.252305746 0.194101483 -0.059430651 -0.137772590 -0.137974128 0.979004502
5010.995322 1.487221360 -0.258301884 0.193488613 -0.064057380 -0.147264495 -0.131982103 0.978156686
5011.032186 1.461140394 -0.238306597 0.199374780 -0.062079627 -0.150727242 -0.132720649 0.977656722
5011.069049 1.428598046 -0.244290546 0.185142472 -0.067386873 -0.148353502 -0.126585275 0.978481650
5011.105912 1.423076034 -0.237549931 0.191119969 -0.067866750 -0.153909355 -0.122804500 0.978072107
5011.142776 1.394655704 -0.233967677 0.184366971 -0.068218201 -0.149455458 -0.121523440 0.978898048
5011.179639 1.376275778 -0.230897427 0.182732180 -0.067544691 -0.145539686 -0.120246552 0.979692161
5011.216503 1.356508255 -0.222484380 0.175475299 -0.064331502 -0.138558775 -0.119636871 0.980994344
5011.253366 1.334653258 -0.244063407 0.173054561 -0.068891808 -0.129880175 -0.110117093 0.982984900
5011.290230 1.321418762 -0.240466580 0.176596299 -0.064409502 -0.124443933 -0.107093729 0.984325171
5011.327093 1.296189904 -0.252878547 0.181476936 -0.065739945 -0.117002375 -0.103944361 0.985486805
5011.363956 1.283687592 -0.239858419 0.186961412 -0.058650859 -0.113694504 -0.101266608 0.986599565
5011.400820 1.254453063 -0.249466062 0.188806444 -0.058308836 -0.107764073 -0.099185154 0.987496495
5011.437683 1.221067429 -0.249302730 0.187132269 -0.055325370 -0.102387734 -0.097360194 0.988421381
5011.474546 1.210128784 -0.234090537 0.204303548 -0.049288560 -0.108171321 -0.098164991 0.988045156
5011.511410 1.172339678 -0.243584871 0.195800111 -0.047716398 -0.103116803 -0.089087814 0.989521801
5011.548273 1.168124914 -0.246948227 0.203997582 -0.047878109 -0.110945962 -0.083582252 0.989147484
5011.585137 1.148259044 -0.253773630 0.208730206 -0.051983926 -0.113732994 -0.075741597 0.989255130
5011.622000 1.129340887 -0.243199900 0.208784819 -0.044860344 -0.115612447 -0.071971074 0.989667356
5011.658864 1.091703653 -0.261739016 0.210507557 -0.044687569 -0.112192348 -0.069285505 0.990260243
5011.695727 1.062635064 -0.257045656 0.208465531 -0.041200709 -0.107536241 -0.066836879 0.991096020
5011.732590 1.032529712 -0.279590458 0.204702750 -0.050322425 -0.100100599 -0.065436788 0.991547048
5011.769454 1.025890231 -0.260452241 0.210964605 -0.042137608 -0.099100046 -0.067353435 0.991900742
5011.806317 1.014891624 -0.285999537 0.221840620 -0.047713649 -0.098317116 -0.072846390 0.991337776
5011.843181 0.971718371 -0.267347574 0.213854060 -0.039692026 -0.085614368 -0.074835658 0.992720664
5011.880044 0.936555088 -0.265157551 0.211064965 -0.036712147 -0.076166049 -0.078726389 0.993304133
5011.916908 0.929089010 -0.271538734 0.207584679 -0.036997411 -0.076186806 -0.079020768 0.993268609
5011.953771 0.911654472 -0.269991428 0.211574495 -0.036081545 -0.075505219 -0.080861203 0.993206143
5011.990634 0.903598964 -0.263409048 0.220663741 -0.034145966 -0.079260543 -0.081650063 0.992917478
5012.027498 0.842567265 -0.244263500 0.213863969 -0.031551864 -0.068074621 -0.082309917 0.993778348
5012.064361 0.821226716 -0.241531119 0.203081176 -0.034107391 -0.069452479 -0.083345041 0.993512273
5012.101225 0.785797656 -0.211659759 0.200157344 -0.028016226 -0.068020649 -0.082387500 0.993881583
5012.138088 0.762173116 -0.254583031 0.210990518 -0.043391038 -0.073174953 -0.086248405 0.992634773
5012.174952 0.748579621 -0.244915560 0.208656102 -0.042925190 -0.078434430 -0.085452586 0.992322206
5012.211815 0.710411191 -0.220857933 0.196006656 -0.036529973 -0.074612170 -0.081863068 0.993175209
5012.248678 0.661842167 -0.226430506 0.206645459 -0.040112149 -0.071359359 -0.083009794 0.993180871
5012.285542 0.661003888 -0.208049893 0.187335089 -0.031717632 -0.073742323 -0.074953035 0.993950784
5012.322405 0.631334960 -0.188686535 0.176226765 -0.031258155 -0.068202659 -0.069838710 0.994733095
5012.359268 0.617940009 -0.191314772 0.174915552 -0.037834134 -0.067155421 -0.066893265 0.994778395
5012.396132 0.593251109 -0.193105191 0.188576013 -0.043809675 -0.066586830 -0.067894354 0.994503498
5012.432995 0.555617332 -0.189089328 0.163340509 -0.044920884 -0.054499343 -0.069403343 0.995085478
5012.469859 0.528633714 -0.196335897 0.155110598 -0.052470930 -0.049091820 -0.071244754 0.994867325
5012.506722 0.515785515 -0.185745522 0.157513827 -0.052911494 -0.048896544 -0.070337474 0.994918108
5012.543586 0.497540385 -0.192567766 0.152906269 -0.055952966 -0.046808071 -0.068397924 0.994987428
5012.580449 0.479630291 -0.170406565 0.152392834 -0.050512098 -0.044763587 -0.067662582 0.995422781
5012.617312 0.472022593 -0.168284193 0.177760035 -0.055631399 -0.049431890 -0.064741842 0.995123208
5012.654176 0.457241893 -0.153613091 0.179594547 -0.054891784 -0.048177745 -0.061240200 0.995447338
5012.691039 0.426989943 -0.150768742 0.175413549 -0.054887585 -0.043795872 -0.065089993 0.995405734
5012.727903 0.400474876 -0.151698992 0.160550982 -0.054431926 -0.039314218 -0.067930833 0.995428026
5012.764766 0.382096857 -0.163864359 0.162008286 -0.059752371 -0.040428262 -0.068652056 0.995028675
5012.801630 0.371498525 -0.142269939 0.165843651 -0.052435104 -0.043758780 -0.069390170 0.995249093
5012.838493 0.352341354 -0.150185019 0.167508870 -0.054423735 -0.045127481 -0.068856306 0.995118260
5012.875356 0.348239183 -0.116335727 0.193914860 -0.044923835 -0.053640142 -0.067557544 0.995259047
5012.912220 0.339341968 -0.122320645 0.175375998 -0.040986452 -0.055665415 -0.065177694 0.995476425
5012.949083 0.351667345 -0.100455254 0.183906391 -0.031193614 -0.071494736 -0.068086259 0.994625390
5012.985947 0.273475081 -0.126158834 0.161396772 -0.045824900 -0.057679072 -0.067592740 0.994989693
5013.022810 0.262337089 -0.132980451 0.164155528 -0.052116524 -0.063204125 -0.062930651 0.994650126
5013.059674 0.254328758 -0.127755985 0.155617833 -0.053381823 -0.066441476 -0.060657758 0.994513214
5013.096537 0.246546388 -0.123963915 0.176427588 -0.057145420 -0.071601510 -0.060202822 0.993973494
