1341839113.657637 0.000000000 0.000000000 0.000000000 0.000000000 0.000000000 0.000000000 1.000000000
1341839113.693575 -0.002702726 -0.001602021 -0.000428014 -0.001380317 0.001021324 0.001877679 0.999996781
1341839113.725606 -0.001865359 0.002237206 -0.000543341 -0.001102366 0.001658212 0.004705423 0.999986947
1341839113.793718 -0.001966072 -0.004488300 -0.000491530 -0.003809114 0.002794362 0.006303013 0.999968946
1341839113.861553 -0.004766491 0.002474501 -0.001654931 -0.001858600 0.001471630 0.003285966 0.999991775
1341839113.894400 -0.006553245 0.002088443 -0.002739877 -0.003388606 0.002720618 0.004485352 0.999980509
1341839113.925550 -0.005654048 -0.002325199 0.000372390 -0.004818471 0.002265385 0.006934358 0.999961793
1341839113.961614 -0.005252148 0.001668837 -0.001571213 -0.004393131 0.001611640 0.006128242 0.999970257
1341839113.993616 -0.006409830 0.001106601 0.000615477 -0.005121157 0.001338121 0.004026145 0.999977887
1341839114.025642 -0.006628539 -0.000758902 0.000669150 -0.005082443 0.000278723 0.003974118 0.999979138
1341839114.061534 -0.008027010 0.003128339 -0.003211731 -0.005602598 0.000434640 0.003591859 0.999977767
1341839114.093617 -0.008295044 0.001428269 -0.001657671 -0.009052801 0.000716916 0.004688330 0.999947786
1341839114.129556 -0.008141300 -0.003236998 0.003558008 -0.011129480 -0.000486206 0.004788607 0.999926507
1341839114.161678 -0.008799064 0.001891565 0.002221215 -0.009207246 -0.001256397 0.001674762 0.999955416
1341839114.229673 -0.012475600 0.001790385 0.003804433 -0.011660825 -0.002126607 -0.000310357 0.999929726
1341839114.261690 -0.015159372 0.008673738 0.000271673 -0.009498828 -0.000519527 0.000426945 0.999954641
1341839114.293564 -0.016703743 0.004055374 -0.002520392 -0.012318217 0.000488089 0.001656119 0.999922633
1341839114.329671 -0.015990170 -0.002135855 0.002160303 -0.014631803 -0.001848844 0.001795872 0.999889612
1341839114.361622 -0.020458218 0.005535689 0.001438278 -0.012202061 -0.002183778 -0.000260436 0.999923110
1341839114.397666 -0.024212664 0.010384142 -0.002937046 -0.011325307 -0.001310545 -0.000896750 0.999934614
1341839114.429583 -0.027007632 0.009601452 -0.002911519 -0.013613305 -0.000777722 0.000542735 0.999906898
1341839114.461610 -0.028048746 0.011135590 -0.001014573 -0.014599705 -0.000916940 0.003166327 0.999888003
1341839114.497561 -0.029095378 0.012876953 -0.000675491 -0.014841375 -0.000460687 0.003436850 0.999883831
1341839114.529492 -0.030513819 0.009843183 -0.000370023 -0.015724441 -0.000558777 0.002246822 0.999873698
1341839114.565482 -0.034629926 0.013068058 -0.004450013 -0.015580184 -0.000422089 0.002163788 0.999876201
1341839114.597648 -0.036149424 0.018246891 -0.004506226 -0.016001923 0.000395358 0.001702386 0.999870420
1341839114.629596 -0.035370495 0.017337115 -0.003122919 -0.017165987 0.001479249 0.002640479 0.999848068
1341839114.665607 -0.037731871 0.015650673 -0.006587442 -0.018167371 0.001992016 0.002183778 0.999830604
1341839114.697721 -0.038444292 0.018621054 -0.004603539 -0.017880451 0.001990075 -0.000667506 0.999837935
1341839114.730054 -0.042559750 0.019588908 -0.007888892 -0.017043626 0.004097179 -0.001159222 0.999845684
1341839114.765560 -0.045522854 0.018556664 -0.012890335 -0.018851992 0.005132479 0.000742333 0.999808848
1341839114.797510 -0.047429498 0.020278603 -0.010028815 -0.018943349 0.006370820 0.000906769 0.999799848
1341839114.833570 -0.052523289 0.021265851 -0.015652522 -0.017901441 0.008021767 0.001763167 0.999806046
1341839114.865530 -0.054944541 0.021108992 -0.019959265 -0.019150449 0.008147180 0.001808817 0.999781787
1341839114.897742 -0.059465334 0.025082851 -0.020804338 -0.018529939 0.009374215 0.001794347 0.999782741
1341839114.933721 -0.064812116 0.024206176 -0.025276791 -0.018038122 0.011039868 0.002286234 0.999773741
1341839114.965565 -0.070621394 0.024732554 -0.030958565 -0.018199163 0.011845962 0.004260522 0.999755144
1341839114.997678 -0.074056663 0.029495120 -0.034314945 -0.018576581 0.011764226 0.004151728 0.999749601
1341839115.033675 -0.076003172 0.036454871 -0.035715021 -0.016993480 0.014443577 0.003353662 0.999745667
1341839115.065634 -0.084220439 0.030583283 -0.042858306 -0.018735496 0.017913988 0.008377565 0.999628901
1341839115.101577 -0.088611282 0.029758388 -0.046645150 -0.020105004 0.017266059 0.011528418 0.999582291
1341839115.133455 -0.090669177 0.038782656 -0.046475317 -0.018030936 0.017251255 0.007637007 0.999659419
1341839115.165699 -0.099617131 0.039741881 -0.051835630 -0.016824985 0.019931857 0.007071349 0.999634743
1341839115.201542 -0.104977511 0.036682487 -0.062742278 -0.019017676 0.020088872 0.010657921 0.999560475
1341839115.233600 -0.109748699 0.043142837 -0.062310021 -0.021067942 0.019923728 0.011001453 0.999518931
1341839115.265499 -0.112005219 0.045974366 -0.061873496 -0.020617723 0.020485185 0.009678059 0.999530673
1341839115.301699 -0.121354461 0.043049920 -0.071259834 -0.022200106 0.021239731 0.010285857 0.999475002
1341839115.333616 -0.125227690 0.051783334 -0.076191813 -0.024121085 0.019866537 0.008553606 0.999475002
1341839115.369483 -0.127187535 0.053731382 -0.071431085 -0.024922743 0.020216415 0.006699058 0.999462485
1341839115.401613 -0.133585632 0.055361319 -0.076727986 -0.024179168 0.022031182 0.007753552 0.999434769
1341839115.469819 -0.142366827 0.057436232 -0.078239389 -0.028928870 0.023289550 0.007896673 0.999278903
1341839115.533671 -0.156214416 0.063165151 -0.089747757 -0.028341593 0.026411798 0.012851167 0.999166667
1341839115.569633 -0.154673815 0.057656564 -0.084697179 -0.031824715 0.025355330 0.010842828 0.999112964
1341839115.601623 -0.158625945 0.057533104 -0.081101589 -0.030092824 0.026858877 0.009366375 0.999142289
1341839115.637954 -0.169559970 0.060543437 -0.088649444 -0.028159700 0.030118017 0.011819364 0.999079704
1341839115.669467 -0.174872622 0.067807175 -0.093274795 -0.029117431 0.031041522 0.014497810 0.998988688
1341839115.701635 -0.172095224 0.055967003 -0.082200252 -0.032962941 0.030740391 0.014702549 0.998875558
1341839115.737552 -0.177982330 0.054434922 -0.081571683 -0.029618230 0.032479860 0.014913289 0.998922110
1341839115.769579 -0.191168860 0.067091212 -0.091292568 -0.026585922 0.034585074 0.014305828 0.998945653
1341839115.805533 -0.192557395 0.061879471 -0.084910415 -0.030142492 0.034908686 0.013908078 0.998839021
1341839115.837641 -0.199703619 0.061058044 -0.081446193 -0.028776176 0.037291907 0.016112784 0.998760045
1341839115.869594 -0.211568296 0.068640284 -0.087379277 -0.027391041 0.040103812 0.018264219 0.998652995
1341839115.905464 -0.216359228 0.068186991 -0.084886312 -0.030000027 0.041042730 0.019682197 0.998512983
1341839115.937926 -0.220522210 0.061017357 -0.077980205 -0.030130336 0.043334991 0.022514559 0.998352289
1341839115.976772 -0.233362496 0.070738778 -0.086118780 -0.025752382 0.047643408 0.024818534 0.998223901
1341839116.037844 -0.249644652 0.060385328 -0.086106598 -0.031424858 0.052011941 0.031168321 0.997665167
1341839116.073614 -0.255990088 0.058162089 -0.083450943 -0.029355003 0.053543095 0.031691458 0.997630715
1341839116.105551 -0.269218832 0.063822672 -0.089718565 -0.026298732 0.056584615 0.031802349 0.997544587
1341839116.137629 -0.279978931 0.063577458 -0.091081813 -0.027488805 0.058521796 0.033101298 0.997358441
1341839116.173741 -0.282514691 0.059502713 -0.084352985 -0.027872792 0.059072975 0.034040809 0.997283697
1341839116.205705 -0.293592602 0.063877299 -0.087750390 -0.024807954 0.062747255 0.033565748 0.997156322
1341839116.237744 -0.306064993 0.063744023 -0.091258600 -0.024992097 0.065955184 0.035336670 0.996883452
1341839116.273644 -0.312088698 0.062752046 -0.092753649 -0.025710732 0.067237355 0.037683189 0.996693611
1341839116.305590 -0.319728225 0.069332182 -0.092680588 -0.025033599 0.070251010 0.037530936 0.996508658
1341839116.341693 -0.329938352 0.064725183 -0.091826089 -0.026000818 0.074499540 0.039696362 0.996091366
1341839116.374159 -0.342037737 0.062626109 -0.095656343 -0.026175443 0.077059783 0.044982243 0.995667219
1341839116.405626 -0.345391303 0.065092638 -0.094598636 -0.026132425 0.077407219 0.047661874 0.995516717
1341839116.441448 -0.354132235 0.060526364 -0.093242057 -0.026414493 0.079853706 0.049482387 0.995227158
1341839116.473792 -0.361436546 0.058818750 -0.096640542 -0.025994321 0.080000989 0.052053999 0.995095253
1341839116.505559 -0.367955893 0.067666829 -0.096121781 -0.023560444 0.080304444 0.050789449 0.995196760
1341839116.541530 -0.377273411 0.067988008 -0.100205913 -0.024256337 0.082477972 0.052956600 0.994889259
1341839116.573449 -0.382578969 0.062744200 -0.101488739 -0.027165581 0.082212582 0.054654527 0.994744241
1341839116.609629 -0.381595731 0.060972691 -0.098404430 -0.027106054 0.080990829 0.051289946 0.995025158
1341839116.642092 -0.395907223 0.064279936 -0.102135286 -0.025332797 0.084217459 0.048440352 0.994946837
1341839116.673494 -0.401921570 0.061982796 -0.108230397 -0.026967997 0.084193625 0.050838221 0.994786203
1341839116.709491 -0.400951624 0.064086385 -0.104698792 -0.028204737 0.082722522 0.048464458 0.994993806
1341839116.741798 -0.401933908 0.059787519 -0.103549041 -0.028843254 0.083528660 0.043863356 0.995121598
1341839116.777780 -0.413334906 0.057122879 -0.107511565 -0.028567564 0.085305497 0.042753059 0.995027184
1341839116.809493 -0.420293480 0.063909933 -0.111986332 -0.028507987 0.084556960 0.042526033 0.995102465
1341839116.841577 -0.418733060 0.056536533 -0.106960341 -0.031098524 0.084167331 0.039904360 0.995166481
1341839116.877541 -0.424679697 0.056831155 -0.106070139 -0.028144233 0.085850060 0.038499862 0.995166063
1341839116.909607 -0.437067956 0.064204559 -0.115272194 -0.026076123 0.088048026 0.039296828 0.994999170
1341839116.941574 -0.442511797 0.067500114 -0.117901318 -0.028658910 0.088957019 0.039503060 0.994839072
1341839116.977669 -0.442303628 0.052769952 -0.111759037 -0.032247595 0.088963151 0.038709339 0.994759917
1341839117.009692 -0.451946706 0.062617868 -0.117277384 -0.028023429 0.090099111 0.036512394 0.994868696
1341839117.045446 -0.469674706 0.074740469 -0.128039479 -0.027459882 0.093321890 0.033521138 0.994692564
1341839117.077581 -0.472308308 0.063230559 -0.123272404 -0.032405853 0.094443835 0.033636127 0.994433939
1341839117.109633 -0.479517639 0.060789742 -0.124218293 -0.032224141 0.096700355 0.034847289 0.994181216
1341839117.145451 -0.486784548 0.066671997 -0.127059653 -0.030744741 0.098925546 0.033672675 0.994049609
1341839117.177591 -0.498677880 0.066185191 -0.128764868 -0.031346034 0.101309061 0.034321189 0.993768573
1341839117.209585 -0.502814293 0.060424667 -0.128681347 -0.032265060 0.101083428 0.035473447 0.993721664
1341839117.245753 -0.512363911 0.068213411 -0.134644568 -0.028872775 0.103748217 0.034991704 0.993568420
1341839117.278976 -0.529525936 0.067453951 -0.138306260 -0.029218156 0.108055733 0.036925603 0.993029058
1341839117.313580 -0.537559390 0.061168171 -0.139352560 -0.030419830 0.108490512 0.040624041 0.992801130
1341839117.345623 -0.549909532 0.072424822 -0.145721495 -0.027770311 0.110493593 0.041572325 0.992618620
1341839117.377641 -0.562120795 0.072877325 -0.150702327 -0.029893527 0.111823872 0.042504322 0.992368460
1341839117.413568 -0.572321355 0.070046619 -0.151697040 -0.031770255 0.112086959 0.041756395 0.992312193
1341839117.445717 -0.588446558 0.082370557 -0.161406100 -0.030351808 0.113956600 0.042202722 0.992124736
1341839117.477601 -0.598897278 0.084623374 -0.164931118 -0.034079392 0.115528762 0.043871984 0.991749465
1341839117.513635 -0.605171919 0.072846152 -0.161447406 -0.037768360 0.116560273 0.047080390 0.991347909
1341839117.545603 -0.619413793 0.081559740 -0.170414910 -0.035990499 0.117733993 0.048462108 0.991208732
1341839117.581707 -0.631296515 0.080281124 -0.171241432 -0.038142428 0.118493482 0.049028713 0.991009891
1341839117.613653 -0.642019510 0.080713451 -0.172945857 -0.038654890 0.119324364 0.049546458 0.990864575
1341839117.645887 -0.655950129 0.090550512 -0.176060915 -0.036763750 0.120935239 0.050122045 0.990712285
1341839117.681569 -0.667969644 0.091140710 -0.180795223 -0.038122240 0.121349603 0.051320557 0.990548909
1341839117.713639 -0.670988083 0.087093852 -0.181705937 -0.040067881 0.119638138 0.049605835 0.990767658
1341839117.745712 -0.685376465 0.087247781 -0.182493597 -0.038898878 0.121304862 0.048309434 0.990675628
1341839117.781725 -0.698679328 0.100921646 -0.187422782 -0.035901405 0.122888669 0.048972279 0.990561008
1341839117.813499 -0.713804305 0.103213161 -0.192550212 -0.038204271 0.124774992 0.051614385 0.990104854
1341839117.849617 -0.715180159 0.091593474 -0.188301742 -0.042079344 0.123052172 0.053196289 0.990079641
1341839117.881610 -0.724197686 0.094234280 -0.190833002 -0.039966162 0.122268140 0.050962850 0.990381718
1341839117.913581 -0.741790295 0.108619064 -0.197190896 -0.037922233 0.122809783 0.048343744 0.990526378
1341839117.949521 -0.748747349 0.106357127 -0.197462231 -0.041539662 0.122046635 0.047443729 0.990519106
1341839117.981586 -0.758061647 0.104803883 -0.197707176 -0.042564455 0.122210585 0.048615124 0.990398586
1341839118.017504 -0.762596190 0.108848214 -0.200595990 -0.043715958 0.121789426 0.047424022 0.990458071
1341839118.049478 -0.766616702 0.101717517 -0.198193908 -0.046358209 0.122091845 0.045185667 0.990405321
1341839118.081566 -0.779403269 0.104790926 -0.198383778 -0.045075629 0.123506732 0.045524254 0.990273595
1341839118.117532 -0.785804033 0.105958998 -0.199078709 -0.046005990 0.123439252 0.046739634 0.990182579
1341839118.149476 -0.786648095 0.095585361 -0.195784375 -0.047986165 0.122732528 0.047231209 0.990153193
1341839118.182394 -0.797918558 0.100132853 -0.195549890 -0.045089420 0.124006957 0.045513451 0.990210950
1341839118.217697 -0.805873513 0.105684713 -0.196291551 -0.044455521 0.124757238 0.044201948 0.990204751
1341839118.249595 -0.809623122 0.094900966 -0.191806525 -0.046648834 0.125789165 0.046155721 0.989884138
1341839118.285581 -0.812743425 0.094267927 -0.189887196 -0.044823270 0.125861004 0.047472410 0.989897072
1341839118.317574 -0.821943164 0.092333034 -0.188970760 -0.043949939 0.127151504 0.046958432 0.989795804
1341839118.349685 -0.827813268 0.091257252 -0.186857671 -0.042642359 0.128038645 0.046833303 0.989744604
1341839118.385618 -0.837871432 0.093758658 -0.185040653 -0.040109869 0.129653260 0.048137754 0.989577651
1341839118.417611 -0.847438037 0.094829485 -0.183780417 -0.039588608 0.130869329 0.049851101 0.989353716
1341839118.449697 -0.849895835 0.094055809 -0.180760339 -0.039814334 0.130396575 0.050837092 0.989356935
1341839118.485493 -0.857244968 0.090606466 -0.179170132 -0.039686147 0.131393120 0.049631905 0.989291430
1341839118.517623 -0.862958670 0.096362755 -0.176424086 -0.037323691 0.132061899 0.049338728 0.989309013
1341839118.554050 -0.878663838 0.102904588 -0.176858559 -0.037003487 0.134155124 0.051041517 0.988952935
1341839118.585668 -0.876881540 0.090378925 -0.171800181 -0.041847751 0.131987885 0.051769469 0.989013612
1341839118.617700 -0.880787015 0.091398396 -0.163825929 -0.040048342 0.132685512 0.049983948 0.989086568
1341839118.653714 -0.898400187 0.102243200 -0.167457521 -0.037390102 0.134992942 0.049881674 0.988883555
1341839118.717504 -0.902622581 0.082731761 -0.157095850 -0.045031268 0.134983152 0.052568715 0.988427162
1341839118.753742 -0.916068852 0.094002500 -0.160213292 -0.040604517 0.137358457 0.051600639 0.988342702
1341839118.785566 -0.931937516 0.100016534 -0.161657169 -0.041331261 0.140322059 0.052471876 0.987850249
1341839118.821695 -0.936359942 0.096175499 -0.158995584 -0.044524979 0.139731497 0.056195606 0.987590313
1341839118.853833 -0.934344590 0.088427261 -0.155173674 -0.046960242 0.139036775 0.055309385 0.987625659
1341839118.921740 -0.964420080 0.093440980 -0.152424961 -0.043509301 0.143166438 0.054033291 0.987264216
1341839118.953665 -0.965014815 0.088681906 -0.149863005 -0.046157703 0.143101096 0.054952487 0.987102747
1341839118.989622 -0.972970128 0.082752585 -0.144855440 -0.046090689 0.145784050 0.056964763 0.986599028
1341839119.021687 -0.984866381 0.085274547 -0.145508781 -0.043828204 0.148016855 0.057404958 0.986344159
1341839119.054550 -0.992921591 0.091411352 -0.146059304 -0.042842425 0.149786085 0.058222063 0.986072421
1341839119.089581 -1.006344080 0.088687271 -0.144163221 -0.044529907 0.152735099 0.061900787 0.985320926
1341839119.121679 -1.011816621 0.086041197 -0.142863899 -0.045987871 0.153010339 0.064007320 0.985076666
1341839119.153810 -1.018283963 0.084741205 -0.140556335 -0.045999579 0.154027402 0.063376203 0.984958410
1341839119.190466 -1.031284094 0.088014871 -0.141108453 -0.045315970 0.155715764 0.063494213 0.984717011
1341839119.221601 -1.040737271 0.096322149 -0.140255153 -0.045586031 0.156723469 0.064050287 0.984508634
1341839119.257728 -1.043826580 0.085639149 -0.136946619 -0.049051393 0.158072010 0.065770410 0.984012961
1341839119.289455 -1.050531864 0.086153932 -0.135342956 -0.048405863 0.159447357 0.066036463 0.983805180
1341839119.321569 -1.062734842 0.086349443 -0.132486433 -0.047848385 0.161383182 0.067700103 0.983403623
1341839119.357502 -1.070291162 0.084712073 -0.129087508 -0.047007978 0.162435368 0.070527367 0.983072162
1341839119.389594 -1.077064514 0.089668259 -0.129727602 -0.045855831 0.162972078 0.071794070 0.982946038
1341839119.421517 -1.084475160 0.083637193 -0.127683401 -0.047800962 0.162644520 0.071824297 0.982905447
1341839119.457571 -1.087733388 0.085110955 -0.126915306 -0.047023349 0.160624266 0.070462458 0.983373642
1341839119.489537 -1.094384551 0.091742493 -0.128767431 -0.046151292 0.161482409 0.069352582 0.983353317
1341839119.525734 -1.106572628 0.093619421 -0.126008034 -0.046798341 0.164192423 0.071099751 0.982748985
1341839119.557461 -1.111252069 0.100586832 -0.127295464 -0.047666095 0.163275078 0.072705060 0.982742667
1341839119.589618 -1.108440757 0.086709730 -0.126363933 -0.053086605 0.161883682 0.070349582 0.982866466
1341839119.625979 -1.113944292 0.084180519 -0.123478472 -0.051900499 0.162813395 0.068531916 0.982904613
1341839119.657625 -1.127219796 0.099375531 -0.127105832 -0.048514288 0.164159074 0.067378864 0.982933462
1341839119.689899 -1.130405903 0.096868411 -0.127087027 -0.052515958 0.163560346 0.067761511 0.982801318
1341839119.725735 -1.125595093 0.078653544 -0.122617662 -0.056864444 0.162571758 0.066228583 0.982827902
1341839119.757807 -1.139332056 0.090191111 -0.123275191 -0.052889604 0.164864391 0.063265063 0.982863128
1341839119.793744 -1.148934007 0.093794219 -0.123399794 -0.053953514 0.165142402 0.063333675 0.982754230
1341839119.825500 -1.146989226 0.083229832 -0.121069372 -0.057434667 0.163846314 0.063059755 0.982791483
1341839119.857554 -1.149059534 0.080580682 -0.119670838 -0.055848196 0.164808214 0.063446462 0.982697189
1341839119.893748 -1.165897965 0.093952052 -0.122793436 -0.051743019 0.167986214 0.064367399 0.982323825
1341839119.925601 -1.169595242 0.095356479 -0.124721974 -0.053997159 0.167881593 0.065663598 0.982134581
1341839119.957678 -1.170301676 0.079589784 -0.119627446 -0.057393465 0.168549255 0.066665635 0.981760085
1341839119.993679 -1.182039738 0.083108276 -0.119157434 -0.053835496 0.169861004 0.066729084 0.981731236
1341839120.025666 -1.187508821 0.085854650 -0.119403899 -0.052532364 0.170007482 0.065690994 0.981846511
1341839120.061576 -1.195742965 0.087572359 -0.117659718 -0.051770624 0.171753809 0.066400453 0.981535196
1341839120.093515 -1.203709364 0.086514831 -0.114933968 -0.051618356 0.173982471 0.069057882 0.980967224
1341839120.125657 -1.210124969 0.085647441 -0.113899648 -0.051064670 0.175561547 0.072442517 0.980470598
1341839120.161703 -1.215028882 0.078214645 -0.110847592 -0.051602364 0.176634446 0.073308192 0.980185390
1341839120.193590 -1.223579407 0.076733187 -0.108768761 -0.049007189 0.178176627 0.073438317 0.980029702
1341839120.229713 -1.234885454 0.084806092 -0.108582258 -0.045240901 0.181070238 0.074457578 0.979603410
1341839120.261506 -1.247356653 0.088233605 -0.107994825 -0.044188589 0.184872195 0.078788936 0.978602052
1341839120.293457 -1.254869699 0.079200730 -0.105614841 -0.045603331 0.186237499 0.083248228 0.977908850
1341839120.329588 -1.261082411 0.082814589 -0.105604291 -0.043760303 0.187156200 0.082661629 0.977867365
1341839120.361629 -1.279160261 0.088718921 -0.105843157 -0.042822350 0.190380216 0.082395799 0.977308810
1341839120.393790 -1.291956902 0.088107303 -0.105616391 -0.044571672 0.191106290 0.085219257 0.976846695
1341839120.429559 -1.294623137 0.086685121 -0.105707347 -0.046359178 0.190624893 0.086215422 0.976770103
1341839120.461550 -1.306185961 0.082990348 -0.101967901 -0.047756653 0.192263409 0.086351641 0.976369560
1341839120.497665 -1.316815376 0.081108719 -0.101336628 -0.047866028 0.192176759 0.086794697 0.976341963
1341839120.561630 -1.335164309 0.084948793 -0.101991892 -0.048698608 0.194442406 0.088507079 0.975698233
1341839120.597681 -1.345248938 0.081123695 -0.100954473 -0.049592473 0.195838675 0.090864427 0.975157142
1341839120.629503 -1.352806330 0.085262448 -0.102114975 -0.049218982 0.195650339 0.090826698 0.975217402
1341839120.661993 -1.360280514 0.088408805 -0.102944165 -0.050138161 0.196792573 0.089713201 0.975043774
1341839120.697745 -1.370253325 0.085666932 -0.101942748 -0.052362442 0.198740542 0.090415545 0.974466741
1341839120.729566 -1.380915046 0.086699247 -0.099987239 -0.052929405 0.199747548 0.091423608 0.974136114
1341839120.765550 -1.382614255 0.084039241 -0.100902617 -0.055047788 0.199234501 0.090136096 0.974243701
1341839120.797761 -1.391616821 0.079304919 -0.099878490 -0.055619389 0.200935930 0.088890739 0.973976254
1341839120.829557 -1.401957035 0.085342623 -0.100675225 -0.054095235 0.202278078 0.089055151 0.973769188
1341839120.865525 -1.406064868 0.085667267 -0.099302739 -0.054875337 0.203796208 0.090503491 0.973275363
1341839120.897669 -1.415861845 0.076279134 -0.094876140 -0.056043308 0.206995934 0.092340067 0.972360611
1341839120.929785 -1.423348784 0.075135760 -0.092765123 -0.054096919 0.207558364 0.093352310 0.972254276
1341839120.965555 -1.431548595 0.076038286 -0.092460632 -0.052088708 0.207465157 0.092025578 0.972510278
1341839120.997581 -1.443180799 0.074640274 -0.090910822 -0.051094815 0.208610967 0.090943433 0.972419679
1341839121.033744 -1.454944134 0.073880307 -0.087102354 -0.049998693 0.209639654 0.092815906 0.972078502
1341839121.065604 -1.457736969 0.069441736 -0.084536195 -0.049574167 0.208420500 0.095102765 0.972141325
1341839121.097656 -1.465107203 0.070369758 -0.081963003 -0.047627680 0.208549798 0.094678044 0.972252369
1341839121.133691 -1.479518414 0.073879883 -0.078543544 -0.046441846 0.208607659 0.094656393 0.972299397
1341839121.165530 -1.483766198 0.066969417 -0.073740602 -0.047123525 0.206021473 0.095036849 0.972780824
1341839121.201575 -1.487466455 0.067727491 -0.071783602 -0.045991346 0.204900101 0.093667723 0.973204553
1341839121.233546 -1.498988390 0.068893731 -0.066387355 -0.044764329 0.205278292 0.094136246 0.973136842
1341839121.265498 -1.506417513 0.068896264 -0.065967917 -0.044409554 0.203302339 0.095690101 0.973416328
1341839121.301532 -1.510471344 0.060678832 -0.063414216 -0.046482597 0.202271000 0.095236719 0.973578870
1341839121.333608 -1.514701009 0.055534773 -0.059989750 -0.046609413 0.201700136 0.093907453 0.973820329
1341839121.365570 -1.524273396 0.058450304 -0.057188451 -0.044939443 0.202220365 0.092496648 0.973925948
1341839121.401586 -1.529284716 0.053225242 -0.052861691 -0.044492360 0.202426374 0.094193630 0.973741055
1341839121.433568 -1.534144521 0.062371798 -0.053170621 -0.041441649 0.202205747 0.093710877 0.973968029
1341839121.470470 -1.537890673 0.051418953 -0.049951553 -0.044616319 0.202325419 0.093167715 0.973855019
1341839121.501558 -1.537255883 0.030605689 -0.041350007 -0.045457225 0.201839969 0.092965722 0.973936141
1341839121.533669 -1.545225382 0.043722026 -0.041530073 -0.038521439 0.202819064 0.089713931 0.974336624
1341839121.569551 -1.554644585 0.039688148 -0.038120925 -0.037721846 0.204565495 0.089609370 0.974012434
1341839121.601594 -1.555429578 0.034749568 -0.033563673 -0.035942409 0.204075098 0.089944296 0.974151671
1341839121.633518 -1.561857939 0.038231000 -0.032817781 -0.032629613 0.205131933 0.089058548 0.974127710
1341839121.676759 -1.569144487 0.028999947 -0.026375771 -0.033782531 0.206679612 0.089171976 0.973750830
1341839121.737794 -1.577384472 0.018417861 -0.018162906 -0.029723886 0.204823315 0.088538460 0.974333048
1341839121.769806 -1.579536438 0.018161248 -0.013306201 -0.028226323 0.203928232 0.084580071 0.974916816
1341839121.801610 -1.589843035 0.020489324 -0.008105099 -0.025946245 0.204798281 0.082247309 0.974997342
1341839121.837558 -1.596796751 0.022230431 -0.000467420 -0.024602020 0.204380095 0.081985228 0.975142002
1341839121.869640 -1.596275687 0.011680715 0.002733529 -0.025658993 0.203541353 0.081866331 0.975300193
1341839121.901603 -1.605612516 0.009854723 0.009197831 -0.023564687 0.203900874 0.081081092 0.975343525
1341839121.937642 -1.610585570 0.008615538 0.012603164 -0.022853985 0.202975541 0.079762697 0.975662112
1341839121.969593 -1.617818236 0.012137461 0.016370058 -0.021248478 0.204519197 0.079573169 0.975391448
1341839122.005447 -1.633668542 0.009291373 0.021497071 -0.021361452 0.207034320 0.082190730 0.974641025
1341839122.037577 -1.637626290 0.004800107 0.024400294 -0.022796944 0.205449298 0.082807466 0.974891722
1341839122.069508 -1.639016151 -0.001073934 0.027555883 -0.024457417 0.204301924 0.080762446 0.975264072
1341839122.105677 -1.648595929 -0.001649607 0.032210708 -0.023773938 0.205489963 0.078870140 0.975186229
1341839122.137560 -1.654786825 0.004803691 0.034251511 -0.022074779 0.205622897 0.079005897 0.975187123
1341839122.169506 -1.664808750 0.005616099 0.037748933 -0.023716671 0.207150012 0.078788131 0.974842966
1341839122.205699 -1.666234493 -0.006120171 0.042516828 -0.026866537 0.207846001 0.079572663 0.974549353
1341839122.237714 -1.672873378 -0.008423060 0.045566261 -0.025420075 0.208998576 0.080275461 0.974283993
1341839122.273692 -1.679208755 -0.000173520 0.048317552 -0.023520812 0.210593760 0.079347499 0.974064171
1341839122.305536 -1.684018850 -0.004407637 0.050672174 -0.024903500 0.212404728 0.080809586 0.973516226
1341839122.337539 -1.694164515 -0.010210615 0.058046162 -0.025319565 0.214393720 0.083135195 0.972873449
1341839122.373595 -1.696345925 -0.013431109 0.058667183 -0.026096247 0.214015692 0.083738461 0.972884417
1341839122.405534 -1.700967908 -0.018989377 0.066609085 -0.026628647 0.215419188 0.082902282 0.972631812
1341839122.441566 -1.711268425 -0.019387454 0.073378026 -0.023826091 0.217144698 0.083792977 0.972244442
1341839122.476666 -1.721411228 -0.017670553 0.076043963 -0.022576712 0.217981309 0.085056253 0.971977293
1341839122.541642 -1.729197383 -0.031449940 0.089264810 -0.021346014 0.218211144 0.088406742 0.971654475
1341839122.605781 -1.748532534 -0.027916074 0.096815765 -0.017373834 0.219541565 0.088392362 0.971435249
1341839122.641573 -1.753321767 -0.036180075 0.103887439 -0.018215291 0.219352812 0.091261640 0.971197128
1341839122.673585 -1.753644943 -0.039430533 0.106217384 -0.017315263 0.217344955 0.091697387 0.971623838
1341839122.709612 -1.762133121 -0.038699426 0.112515152 -0.016075978 0.216932893 0.089291856 0.971961200
1341839122.744481 -1.770293832 -0.034289964 0.115781367 -0.014801312 0.216259181 0.087087840 0.972331524
1341839122.809572 -1.784929514 -0.028827570 0.118519604 -0.017725799 0.217001811 0.089303374 0.971916080
1341839122.841637 -1.777985454 -0.039383434 0.122608066 -0.021590503 0.215195745 0.088883564 0.972277880
1341839122.873612 -1.783119321 -0.040618826 0.124995768 -0.021654867 0.216031715 0.085355416 0.972407222
1341839122.909624 -1.796671033 -0.035873882 0.129376531 -0.020769842 0.218184352 0.085302114 0.971950471
1341839122.941543 -1.796669602 -0.035770953 0.132555425 -0.022220323 0.216915429 0.086911179 0.972059846
1341839122.977575 -1.791014910 -0.049969181 0.135060668 -0.025204537 0.216252387 0.086139157 0.972203493
1341839123.009572 -1.798744678 -0.047465310 0.139446974 -0.021764096 0.217928171 0.083995380 0.972100019
1341839123.041702 -1.807465792 -0.032780074 0.138821602 -0.018440902 0.218849525 0.083931625 0.971967220
1341839123.077583 -1.810474157 -0.029790029 0.138263762 -0.021067824 0.218962654 0.086022697 0.971705496
1341839123.109751 -1.806041956 -0.047566790 0.144371927 -0.025780104 0.218634561 0.087706275 0.971515298
1341839123.141926 -1.809263468 -0.040753830 0.145850837 -0.022256723 0.219453543 0.085893601 0.971579671
1341839123.177759 -1.821136236 -0.023856834 0.142334282 -0.020226404 0.221190602 0.085431658 0.971270800
1341839123.209570 -1.825802326 -0.025294598 0.145322919 -0.024153320 0.222638488 0.089130998 0.970517576
1341839123.245725 -1.819696188 -0.035355702 0.146947980 -0.027581155 0.222506151 0.092389464 0.970151782
1341839123.277647 -1.817518473 -0.038338576 0.148482680 -0.028340230 0.223653108 0.090499513 0.970044255
1341839123.309620 -1.829360843 -0.031746753 0.152106762 -0.026320349 0.226849303 0.088959411 0.969501317
1341839123.345630 -1.833142519 -0.030938044 0.152869225 -0.026057858 0.227930740 0.091964744 0.968974233
1341839123.378204 -1.829684615 -0.032341972 0.152408600 -0.026444660 0.229038402 0.093933873 0.968513548
1341839123.413605 -1.833158731 -0.039590515 0.153875291 -0.027177334 0.231770113 0.093753196 0.967860699
1341839123.445605 -1.840357304 -0.040030129 0.154674649 -0.026837943 0.232931152 0.092779726 0.967685223
1341839123.477524 -1.840758801 -0.040766098 0.156806350 -0.027098283 0.233634144 0.091225252 0.967656314
1341839123.513569 -1.842048287 -0.035621524 0.157649398 -0.025586827 0.235692084 0.089708157 0.967340171
1341839123.545681 -1.852486610 -0.036295399 0.162077129 -0.024809938 0.239612266 0.091015667 0.966274619
1341839123.577643 -1.849990845 -0.047273912 0.162481487 -0.026398771 0.239295289 0.092306092 0.966188610
1341839123.613598 -1.851534605 -0.045857787 0.163835883 -0.024454078 0.240579173 0.089223087 0.966210604
1341839123.645669 -1.867594838 -0.038871869 0.168898165 -0.022679232 0.244627729 0.087118953 0.965429008
1341839123.681751 -1.872130513 -0.047102422 0.172203541 -0.024225505 0.245471135 0.088480018 0.965053558
1341839123.713662 -1.876526952 -0.047803871 0.172426224 -0.023013743 0.246519476 0.089169510 0.964752436
1341839123.745702 -1.879660130 -0.050265081 0.174888730 -0.023109118 0.248052388 0.088121496 0.964453518
1341839123.781632 -1.890124321 -0.055679284 0.182283998 -0.022495221 0.250561029 0.087475508 0.963878214
1341839123.813710 -1.900948286 -0.046112910 0.184392691 -0.018935548 0.251134634 0.087674156 0.963787377
1341839123.845656 -1.908565402 -0.041889712 0.183576822 -0.019937269 0.250440985 0.088190496 0.963900506
1341839123.881576 -1.911503077 -0.049337439 0.186348855 -0.023799088 0.250459343 0.086681016 0.963945091
1341839123.913827 -1.925917029 -0.050748393 0.191913068 -0.024819810 0.252703011 0.084889621 0.963493049
1341839123.949667 -1.944028497 -0.046245195 0.194503605 -0.025304375 0.253585547 0.084724560 0.963263094
1341839123.981668 -1.951456189 -0.057989970 0.200627089 -0.029455472 0.251792639 0.084990703 0.963591933
1341839124.013726 -1.954876542 -0.056857005 0.206354082 -0.028699143 0.250002921 0.083983533 0.964168906
1341839124.049634 -1.969824791 -0.053948328 0.210962951 -0.027152607 0.249840334 0.083681144 0.964282095
1341839124.081682 -1.980676413 -0.059935220 0.210065067 -0.028068027 0.248092040 0.085260995 0.964568853
1341839124.113596 -1.988517046 -0.059229545 0.215288401 -0.028509790 0.246591941 0.084646024 0.964994609
1341839124.149548 -1.994867206 -0.071374997 0.218009114 -0.030817863 0.245858982 0.083832175 0.965181708
1341839124.181547 -2.007154942 -0.062353827 0.219297349 -0.027991867 0.245691881 0.082944989 0.965386987
1341839124.217783 -2.015871048 -0.057689942 0.218944192 -0.028851494 0.244982526 0.082475431 0.965582192
1341839124.256572 -2.025883675 -0.076033182 0.226052999 -0.033047739 0.246092781 0.083360136 0.965089262
1341839124.317542 -2.046767950 -0.068691954 0.226762891 -0.029622693 0.246847987 0.083741434 0.964974582
1341839124.349622 -2.058376551 -0.070969991 0.230367601 -0.029883645 0.248103216 0.085918784 0.964453101
1341839124.417782 -2.067319870 -0.074103020 0.231848896 -0.031689573 0.248351559 0.088527001 0.964095592
1341839124.449587 -2.076496363 -0.075874299 0.233608484 -0.030284256 0.249793351 0.088513441 0.963769436
1341839124.485711 -2.085963726 -0.064439066 0.227446020 -0.028720217 0.249596804 0.087462604 0.963964164
1341839124.549607 -2.100965261 -0.072517425 0.233443618 -0.031941097 0.253888190 0.089924216 0.962514520
1341839124.585623 -2.105902433 -0.069874063 0.231976032 -0.031261716 0.254077464 0.090839721 0.962400913
1341839124.617614 -2.112948418 -0.070879489 0.233554006 -0.032902822 0.255140126 0.089636825 0.962177813
1341839124.653561 -2.118111849 -0.074603684 0.235440552 -0.032649674 0.256399274 0.090221740 0.961796999
1341839124.685611 -2.130108833 -0.064435668 0.235118091 -0.030323198 0.257939994 0.091079280 0.961380243
1341839124.717580 -2.130150557 -0.068998076 0.235667408 -0.033789083 0.257964492 0.091157958 0.961250663
1341839124.753621 -2.134007215 -0.075100645 0.238882482 -0.034439888 0.258803993 0.090707362 0.961044550
1341839124.785678 -2.146122932 -0.069392607 0.241093576 -0.032235656 0.260363728 0.090260282 0.960741758
1341839124.817558 -2.145841122 -0.063103162 0.236168146 -0.032725215 0.260513961 0.090487823 0.960663080
1341839124.885712 -2.164660215 -0.084422886 0.251584232 -0.033785440 0.266090602 0.093214512 0.958835423
1341839124.921721 -2.166254997 -0.073127665 0.245125294 -0.030917434 0.262832284 0.092301309 0.959918618
1341839124.953580 -2.161572695 -0.080525324 0.242645442 -0.034321848 0.263553232 0.088435933 0.959969163
1341839124.985862 -2.178050041 -0.085429177 0.254153371 -0.032331884 0.269260615 0.088421859 0.958454490
1341839125.021660 -2.191787720 -0.075062282 0.257880986 -0.026963344 0.269930303 0.092157975 0.958080113
1341839125.053606 -2.186527967 -0.073620178 0.247825682 -0.028487550 0.266914070 0.093237117 0.958776414
1341839125.086082 -2.187718868 -0.094550461 0.257260323 -0.033724632 0.269122243 0.091131791 0.958191454
1341839125.121616 -2.200351000 -0.087908246 0.262519181 -0.028088547 0.270007402 0.089587979 0.958269775
1341839125.153540 -2.206292868 -0.065045111 0.253305733 -0.024993604 0.266559452 0.088548817 0.959416747
1341839125.189545 -2.203037500 -0.082679003 0.252864599 -0.034827735 0.267137557 0.085141219 0.959257782
1341839125.221519 -2.203381300 -0.097131751 0.262656927 -0.036993306 0.270474106 0.083565257 0.958379924
1341839125.253620 -2.210359097 -0.077097900 0.264595509 -0.030809615 0.273510784 0.081188694 0.957941055
1341839125.289646 -2.216705799 -0.075801961 0.263931215 -0.032267995 0.274177194 0.081994243 0.957633853
1341839125.321651 -2.210123777 -0.102487735 0.268260419 -0.038990207 0.273628503 0.080121778 0.957699180
1341839125.353612 -2.212565899 -0.094430394 0.264601469 -0.034501467 0.275947839 0.076553404 0.957497776
1341839125.389732 -2.215158939 -0.069903821 0.259324491 -0.031204080 0.278571665 0.074807979 0.956988990
1341839125.421568 -2.224107742 -0.085810699 0.266342163 -0.037739761 0.284138441 0.077028155 0.954938591
1341839125.457605 -2.217635632 -0.092150405 0.267627716 -0.039213780 0.285191655 0.077951327 0.954490244
1341839125.489491 -2.219820023 -0.093270525 0.271791816 -0.038100041 0.288667500 0.077293850 0.953543484
1341839125.521521 -2.227860451 -0.083030052 0.275006533 -0.035380397 0.291208744 0.078965485 0.952738225
1341839125.557578 -2.225434065 -0.090149805 0.273460388 -0.038581010 0.290098429 0.080910534 0.952789545
1341839125.596685 -2.220169783 -0.097782023 0.277429342 -0.040520616 0.291491210 0.078524530 0.952483475
1341839125.657655 -2.235461473 -0.082124487 0.285508156 -0.036207557 0.295837969 0.082378156 0.950990379
1341839125.689599 -2.232383251 -0.090308294 0.287182510 -0.040146060 0.295205444 0.084645137 0.950829744
1341839125.725674 -2.229726076 -0.102444798 0.296326578 -0.042490568 0.295591623 0.083533213 0.950706244
1341839125.757650 -2.240548611 -0.092282310 0.304265678 -0.037983872 0.295936257 0.082380541 0.950890362
1341839125.789697 -2.246649742 -0.087351426 0.302650332 -0.038971376 0.295742542 0.082926258 0.950863242
1341839125.825554 -2.245607853 -0.094795480 0.311188042 -0.042058285 0.297583401 0.087350912 0.949760497
1341839125.857601 -2.252851009 -0.101177990 0.324407041 -0.042693954 0.299073279 0.090305082 0.948987544
1341839125.893542 -2.249061108 -0.108570293 0.324943900 -0.043711685 0.296512216 0.089437366 0.949826658
1341839125.925748 -2.253563881 -0.108549282 0.334221423 -0.042744458 0.297117054 0.086687073 0.949936688
1341839125.957565 -2.262716532 -0.098615199 0.343856573 -0.039257918 0.297741592 0.088263214 0.949746490
1341839125.993528 -2.265894651 -0.104018226 0.348651469 -0.040818390 0.296499163 0.091880783 0.949726284
1341839126.025584 -2.265523911 -0.118925139 0.357783437 -0.044070210 0.296959996 0.092035078 0.949422002
1341839126.057677 -2.269133091 -0.117919326 0.364773035 -0.041258175 0.296551585 0.091169745 0.949759424
1341839126.093586 -2.276051044 -0.110884666 0.368649244 -0.039637398 0.295493364 0.091170691 0.950158119
1341839126.125584 -2.271077156 -0.127182007 0.375753522 -0.043831203 0.294901490 0.091537505 0.950122535
1341839126.161675 -2.277412176 -0.127484873 0.387356937 -0.040638763 0.296897471 0.091525070 0.949643910
1341839126.193566 -2.283541441 -0.120246507 0.387647986 -0.038154811 0.296769321 0.092259765 0.949715912
1341839126.225494 -2.281143904 -0.129562020 0.393276274 -0.040238667 0.297920376 0.093576945 0.949140489
1341839126.262252 -2.290160418 -0.128723726 0.405109167 -0.038238596 0.301889926 0.095383622 0.947788060
1341839126.293564 -2.297259092 -0.131394431 0.418201864 -0.037261449 0.303868026 0.098003544 0.946927190
1341839126.325643 -2.296927929 -0.134139180 0.421284020 -0.037249215 0.302197278 0.098051623 0.947457254
1341839126.361562 -2.299181461 -0.136943698 0.425933421 -0.038077187 0.301629275 0.094867654 0.947929323
1341839126.393475 -2.301374197 -0.133407161 0.426483393 -0.038092580 0.302214861 0.092129320 0.948012292
1341839126.429534 -2.311819315 -0.130798116 0.438119173 -0.038508516 0.306342483 0.093062788 0.946578443
1341839126.461585 -2.315747738 -0.136660799 0.446990907 -0.039844710 0.306530267 0.097601831 0.946004987
1341839126.493573 -2.302864313 -0.151080117 0.446079969 -0.042691253 0.303966820 0.097421460 0.946726263
1341839126.529589 -2.307983637 -0.147477731 0.453640938 -0.040280715 0.306721210 0.092579253 0.946429372
1341839126.561488 -2.320160389 -0.137229741 0.461523354 -0.036317434 0.309386671 0.091948330 0.945783496
1341839126.593549 -2.322788715 -0.134032175 0.459969997 -0.035959698 0.310189843 0.095760003 0.945155680
1341839126.629751 -2.316764593 -0.153098226 0.465287924 -0.040581238 0.311583281 0.098324008 0.944246471
1341839126.661503 -2.319430590 -0.162520349 0.471422017 -0.038941558 0.314258963 0.097120054 0.943553150
1341839126.697561 -2.326923370 -0.150025368 0.468488276 -0.034566946 0.315723151 0.096244775 0.943324447
1341839126.729517 -2.325226784 -0.152782425 0.470538080 -0.036419936 0.317513227 0.097664461 0.942507625
1341839126.761554 -2.322690964 -0.168347776 0.478167355 -0.037554029 0.320884198 0.097580843 0.941329420
1341839126.797734 -2.327326775 -0.153166562 0.476709247 -0.032326374 0.322781712 0.095256910 0.941112697
1341839126.829608 -2.326964617 -0.155814692 0.476430595 -0.033747680 0.325350076 0.093482792 0.940356016
1341839126.865650 -2.338388681 -0.156326771 0.487436295 -0.032397039 0.330960274 0.095441073 0.938246608
1341839126.897640 -2.335926771 -0.162814379 0.492060423 -0.032937065 0.332102507 0.096919179 0.937672496
1341839126.929680 -2.339308262 -0.168270245 0.496728897 -0.031241704 0.335163593 0.096680142 0.936665535
1341839126.965564 -2.348173618 -0.146919340 0.499518633 -0.025848815 0.336658180 0.096591644 0.936302900
1341839126.997665 -2.347564936 -0.165488958 0.505252481 -0.032304175 0.336283207 0.098180950 0.936071873
1341839127.029597 -2.340991497 -0.188506201 0.512432933 -0.033741150 0.336837023 0.097365834 0.935907185
1341839127.065594 -2.345325708 -0.179389760 0.511149049 -0.028767873 0.336520791 0.092954442 0.936635256
1341839127.097689 -2.345592022 -0.180794179 0.510132968 -0.027607359 0.337569714 0.090437800 0.936539114
1341839127.133571 -2.350978851 -0.174520180 0.512806177 -0.025142638 0.340915263 0.091140568 0.935327768
1341839127.165684 -2.352461100 -0.183238089 0.516806006 -0.025483284 0.343821615 0.094741292 0.933895826
1341839127.197636 -2.351418257 -0.188897043 0.517060578 -0.025068378 0.345560163 0.095348544 0.933203280
1341839127.233596 -2.351313114 -0.195916027 0.521279633 -0.024745135 0.347937554 0.093135640 0.932551801
1341839127.265755 -2.362740517 -0.190467417 0.525201857 -0.020758010 0.351611018 0.092779934 0.931305885
1341839127.297673 -2.364953279 -0.191301912 0.523110807 -0.021070346 0.353589863 0.094189003 0.930407822
1341839127.333679 -2.364077091 -0.197788700 0.525688946 -0.023285558 0.356232703 0.094134808 0.929351747
1341839127.372174 -2.367758512 -0.208070457 0.533669829 -0.025741816 0.359755963 0.092828155 0.928060293
1341839127.401871 -2.380245209 -0.200844854 0.546500921 -0.022098713 0.364348888 0.091300175 0.926512718
1341839127.434153 -2.382703066 -0.194047466 0.538770854 -0.020186154 0.364992559 0.092188455 0.926214993
1341839127.465725 -2.388712406 -0.199262828 0.547331691 -0.020852761 0.369271219 0.094513886 0.924267828
1341839127.502087 -2.395274639 -0.195367157 0.549168408 -0.018294768 0.371140838 0.096727364 0.923343658
1341839127.533614 -2.398467541 -0.187717825 0.544362187 -0.019323273 0.372691453 0.095132023 0.922863781
1341839127.565666 -2.410369635 -0.196805745 0.557545245 -0.023844419 0.379450470 0.098281607 0.919668138
1341839127.601497 -2.413835526 -0.208954364 0.575250626 -0.024656814 0.382271379 0.103722453 0.917879224
1341839127.633641 -2.409340858 -0.214357033 0.573710442 -0.022890860 0.380828619 0.105447933 0.918327987
1341839127.669721 -2.418253183 -0.215373427 0.582868457 -0.021407938 0.382975429 0.103513718 0.917690814
1341839127.701590 -2.428143024 -0.214054510 0.590055168 -0.019258391 0.383424848 0.104179524 0.917475402
1341839127.733628 -2.432072639 -0.211416036 0.594295621 -0.018174242 0.383077383 0.106173448 0.917414069
1341839127.769756 -2.433141708 -0.216805518 0.598295748 -0.019814372 0.383182466 0.106282264 0.917323649
1341839127.801629 -2.437129974 -0.228312775 0.605634034 -0.021900363 0.384105057 0.104528114 0.917091906
1341839127.837525 -2.442251682 -0.223512575 0.612917006 -0.018902918 0.385439575 0.103670187 0.916695952
1341839127.869904 -2.449721336 -0.221364185 0.617522240 -0.017509395 0.388184249 0.105695218 0.915333211
1341839127.901787 -2.446137428 -0.224221691 0.622783959 -0.017363261 0.388643384 0.109240510 0.914724708
1341839127.937458 -2.443292618 -0.229859427 0.622524679 -0.016903836 0.388870031 0.109272748 0.914633155
1341839127.970000 -2.451105833 -0.230737776 0.632345140 -0.015644604 0.392803878 0.109333232 0.912965775
1341839128.001556 -2.457849979 -0.233287036 0.642291427 -0.013880045 0.393888891 0.111427099 0.912273467
1341839128.037646 -2.455631733 -0.236333713 0.641720414 -0.013405778 0.391945004 0.111865193 0.913063824
1341839128.069528 -2.457453251 -0.233294457 0.639347732 -0.013415169 0.391715914 0.108521976 0.913565338
1341839128.105485 -2.466901302 -0.219653204 0.645424664 -0.013106932 0.395846337 0.107802473 0.911873043
1341839128.137556 -2.472337008 -0.223772824 0.656376660 -0.014865135 0.399967551 0.118820786 0.908672988
1341839128.169766 -2.459105015 -0.236515224 0.651446700 -0.017979383 0.396313161 0.125083327 0.909377158
1341839128.205769 -2.453958273 -0.244201988 0.651555836 -0.020623604 0.396233767 0.120556749 0.909966767
1341839128.237693 -2.466443539 -0.238761872 0.663947046 -0.017476065 0.399623454 0.118236803 0.908854067
1341839128.269778 -2.473569870 -0.227623582 0.661948621 -0.015447119 0.398595363 0.120901749 0.908991635
1341839128.305489 -2.466496229 -0.241621122 0.667815387 -0.020176543 0.399290085 0.123775415 0.908206999
1341839128.337488 -2.470857859 -0.251149505 0.674341202 -0.020198992 0.401778042 0.124588080 0.906997323
1341839128.373648 -2.469020844 -0.240379557 0.673851013 -0.017344002 0.401072592 0.122861393 0.907603979
1341839128.405628 -2.473760128 -0.244526386 0.673936605 -0.019067673 0.402191550 0.122208811 0.907162249
1341839128.438499 -2.470619202 -0.247926384 0.681506455 -0.019645335 0.405377507 0.123464882 0.905560374
1341839128.473696 -2.470603466 -0.244607538 0.685738921 -0.017670630 0.406741112 0.126114637 0.904623985
1341839128.505546 -2.468916416 -0.250002027 0.682150126 -0.019130832 0.406784803 0.126243114 0.904556692
1341839128.537583 -2.465688944 -0.246838659 0.686893106 -0.019487316 0.407992601 0.123202667 0.904424310
1341839128.573515 -2.470766544 -0.252687514 0.698927760 -0.019990945 0.412524730 0.122834712 0.902405322
1341839128.605707 -2.478480816 -0.235070899 0.704688609 -0.014298081 0.415158272 0.127391517 0.900672257
1341839128.641615 -2.473646641 -0.246035591 0.703722894 -0.018316617 0.414032072 0.131036058 0.900595069
1341839128.674297 -2.471336365 -0.262868047 0.720193923 -0.021002939 0.417570055 0.130652368 0.898957253
1341839128.705724 -2.479551077 -0.254726827 0.726111412 -0.016112629 0.420205116 0.132332161 0.897583544
1341839128.741577 -2.483360291 -0.247575969 0.731584370 -0.014183123 0.420011818 0.136353582 0.897104561
1341839128.773449 -2.478817940 -0.262631238 0.742189944 -0.018129777 0.419796973 0.137607560 0.896942556
1341839128.805626 -2.482547283 -0.268376231 0.742506683 -0.018866468 0.420182765 0.134690240 0.897189498
1341839128.841524 -2.495377064 -0.260104895 0.751219690 -0.017073926 0.424789578 0.135980874 0.894858360
1341839128.873613 -2.501729488 -0.260754228 0.763599515 -0.016244512 0.427844524 0.144683421 0.892049253
1341839128.909718 -2.495270252 -0.268770188 0.763879359 -0.018996261 0.424867481 0.148768291 0.892745614
1341839128.941487 -2.486368418 -0.289359093 0.772213757 -0.024774503 0.425257951 0.143566832 0.893269479
1341839128.973556 -2.505615234 -0.271709561 0.784726501 -0.018946284 0.429149598 0.139005423 0.892271876
1341839129.009679 -2.512390137 -0.253621340 0.780685842 -0.016886448 0.425898135 0.144588619 0.892983615
1341839129.041584 -2.502654076 -0.288512647 0.787370086 -0.027878970 0.426495731 0.145551443 0.892266154
1341839129.077533 -2.512359142 -0.286981434 0.803549290 -0.024372760 0.432656437 0.145319566 0.889436066
1341839129.109520 -2.525712490 -0.258727312 0.813924730 -0.018144805 0.433431298 0.147894815 0.888782978
1341839129.141619 -2.518300056 -0.277231455 0.815604270 -0.025060974 0.430599391 0.150963277 0.889475226
1341839129.177574 -2.513515949 -0.296925575 0.820710778 -0.029312609 0.432787120 0.150141999 0.888421893
1341839129.209655 -2.525788784 -0.282599747 0.834327459 -0.023792367 0.438149601 0.151446030 0.885733008
1341839129.241510 -2.527387619 -0.279381990 0.840208292 -0.023079487 0.437600851 0.156979933 0.885059416
1341839129.277541 -2.518758059 -0.303567022 0.844541013 -0.028819669 0.438042551 0.158547655 0.884392858
1341839129.309548 -2.523337364 -0.307704031 0.854605138 -0.027162652 0.441834569 0.157146737 0.882807612
1341839129.345615 -2.532104492 -0.294183999 0.866982400 -0.022589425 0.443280727 0.158161744 0.882029891
1341839129.377515 -2.525568008 -0.297346622 0.869351149 -0.024657017 0.440610737 0.159460559 0.883077919
1341839129.409635 -2.520953178 -0.310985982 0.880300164 -0.027433621 0.443142474 0.158449247 0.881910443
1341839129.445518 -2.528932095 -0.298638940 0.890053093 -0.022136236 0.446007818 0.159452394 0.880432844
1341839129.477523 -2.531585693 -0.292534083 0.896685958 -0.022029884 0.445092529 0.161766142 0.880476594
1341839129.509566 -2.521990776 -0.312728196 0.901653409 -0.027917745 0.444727242 0.162392437 0.880378902
1341839129.545536 -2.529835701 -0.310028732 0.910830140 -0.025789347 0.448040634 0.162467942 0.878748298
1341839129.577541 -2.533952236 -0.303592712 0.914917409 -0.025509235 0.448625296 0.166074574 0.877783477
1341839129.613707 -2.525058746 -0.326642811 0.923360527 -0.031420946 0.450013012 0.169028521 0.876316369
1341839129.645497 -2.525927544 -0.321266949 0.932664812 -0.029534336 0.452061355 0.165758908 0.875952184
1341839129.677529 -2.526352406 -0.321203083 0.938480496 -0.029771205 0.452698439 0.163038015 0.876125813
1341839129.713807 -2.529712677 -0.319384903 0.948654652 -0.027338577 0.453636110 0.164955363 0.875360847
1341839129.745656 -2.525534868 -0.321687698 0.945856631 -0.027735844 0.452059507 0.165242523 0.876109481
1341839129.777553 -2.520917892 -0.336155921 0.949932694 -0.031139692 0.454202950 0.163694829 0.875176549
1341839129.813668 -2.526069164 -0.329221278 0.963379562 -0.025657538 0.458414823 0.164450794 0.873013973
1341839129.845557 -2.531246185 -0.322343856 0.964305937 -0.022208136 0.457246780 0.167542845 0.873133183
1341839129.881595 -2.521789551 -0.345566005 0.966205955 -0.028549312 0.456806600 0.166252151 0.873425961
1341839129.913656 -2.522805214 -0.346991032 0.975960374 -0.025927806 0.460856050 0.161140680 0.872337759
1341839129.945668 -2.534121275 -0.325483114 0.976439774 -0.018931074 0.461320251 0.162432730 0.872032583
1341839129.981581 -2.526766300 -0.340996295 0.974489629 -0.025464553 0.460049063 0.165034920 0.872049212
1341839130.013837 -2.519963741 -0.369681567 0.991300523 -0.030891763 0.464470148 0.162403941 0.870021939
1341839130.049672 -2.531362295 -0.345207930 0.994672954 -0.021323597 0.465775669 0.159659669 0.870119035
1341839130.081470 -2.535461903 -0.336192429 0.994099021 -0.020987473 0.464135438 0.161203012 0.870718896
1341839130.113580 -2.528113604 -0.362078786 1.006521583 -0.027396791 0.465815306 0.163685083 0.869179308
1341839130.149498 -2.529521942 -0.363289982 1.015449047 -0.023445914 0.467902303 0.163450927 0.868217409
1341839130.181614 -2.539358139 -0.346818864 1.014169693 -0.018072484 0.468057543 0.163373187 0.868276894
1341839130.213597 -2.541224718 -0.348401845 1.018929005 -0.020296108 0.468425155 0.165813625 0.867566586
1341839130.249495 -2.536592007 -0.367400020 1.028401017 -0.023702357 0.470545799 0.167756051 0.865957737
1341839130.281707 -2.545923948 -0.357105225 1.035339117 -0.018326409 0.474314630 0.168818131 0.863822997
1341839130.317659 -2.549874544 -0.355241537 1.039926410 -0.018626109 0.475664973 0.171906009 0.862464070
1341839130.349604 -2.545767307 -0.371402681 1.051733017 -0.020240890 0.477475733 0.175595433 0.860682011
1341839130.382034 -2.548259020 -0.371092051 1.048112631 -0.016865689 0.478081137 0.176360369 0.860262156
1341839130.417728 -2.555379391 -0.366360694 1.054590225 -0.015485453 0.482003957 0.175686613 0.858234584
1341839130.481948 -2.562410593 -0.372288287 1.067037940 -0.017547980 0.483434856 0.182857648 0.855888963
1341839130.517772 -2.562828541 -0.383748055 1.079363108 -0.019520639 0.487714082 0.181923464 0.853614569
1341839130.549519 -2.573387623 -0.369322419 1.087303638 -0.013526525 0.489015371 0.184475541 0.852437556
1341839130.585696 -2.571279526 -0.375973284 1.087335229 -0.015075323 0.485063910 0.187528804 0.854001582
1341839130.617684 -2.569053650 -0.394788057 1.092553854 -0.021046929 0.486525983 0.182746276 0.854080379
1341839130.649566 -2.580432892 -0.384285927 1.105051279 -0.017349629 0.490290135 0.180981651 0.852385044
1341839130.685466 -2.586336136 -0.382705957 1.113461971 -0.015089459 0.490746498 0.184360415 0.851440787
1341839130.717517 -2.589343548 -0.388159901 1.108445764 -0.016812505 0.489114165 0.185781971 0.852038562
1341839130.749572 -2.587319136 -0.399664521 1.116035938 -0.021979872 0.490420252 0.182894543 0.851794779
1341839130.785686 -2.594711065 -0.403352201 1.130644917 -0.020851260 0.494144082 0.181673542 0.849930346
1341839130.817796 -2.606482506 -0.390440106 1.137808800 -0.015267592 0.495421976 0.185773179 0.848417521
1341839130.854788 -2.603596210 -0.399942815 1.135238409 -0.019150732 0.492724329 0.188995212 0.849197745
1341839130.885541 -2.599090099 -0.428072214 1.154454470 -0.025286032 0.496112108 0.185610294 0.847810268
1341839130.917632 -2.610892534 -0.408623695 1.157069921 -0.016687257 0.497372538 0.181733757 0.848124385
1341839130.953712 -2.623597383 -0.398434013 1.154789805 -0.013755939 0.497207850 0.184113234 0.847760260
1341839130.985630 -2.620870590 -0.414075971 1.168525219 -0.018267829 0.498755723 0.188107997 0.845886767
1341839131.017560 -2.618441820 -0.429572016 1.183520436 -0.018189549 0.500725985 0.188233882 0.844695628
1341839131.053526 -2.627110481 -0.422750384 1.181381702 -0.014050224 0.499357343 0.186089650 0.846058786
1341839131.085681 -2.631036282 -0.424886107 1.188023329 -0.015363999 0.498737305 0.184748188 0.846695423
1341839131.121737 -2.636313915 -0.426629782 1.198611975 -0.015576162 0.499177158 0.185428306 0.846283555
1341839131.153629 -2.640595913 -0.423362583 1.200475931 -0.014303118 0.498321742 0.187651187 0.846320212
1341839131.185722 -2.642383337 -0.424270213 1.196909428 -0.017008757 0.496132970 0.187561244 0.847575068
1341839131.221649 -2.644623756 -0.435397506 1.212306261 -0.021165743 0.499215037 0.187218145 0.845745623
1341839131.253615 -2.651986599 -0.428036153 1.220910430 -0.018009650 0.500093281 0.189672634 0.844752431
1341839131.289544 -2.654815435 -0.422575325 1.216804028 -0.018811237 0.497125685 0.191397712 0.846096396
1341839131.321742 -2.648054600 -0.442470968 1.228601456 -0.025627814 0.498123616 0.191485450 0.845310211
1341839131.353559 -2.653621197 -0.437499285 1.236831665 -0.022224914 0.499854475 0.190660864 0.844570875
1341839131.389563 -2.661916018 -0.426740766 1.237675905 -0.019386224 0.499072969 0.193790942 0.844390512
1341839131.422027 -2.655844688 -0.441994995 1.246939301 -0.024615508 0.498934567 0.195512563 0.843939066
1341839131.453618 -2.653334618 -0.455011845 1.252751112 -0.025934583 0.499351978 0.193108007 0.844206333
1341839131.489531 -2.660247564 -0.446491122 1.257650375 -0.022449182 0.500616670 0.190101251 0.844239593
1341839131.521613 -2.666601181 -0.443624884 1.261910915 -0.020619653 0.500563085 0.192677781 0.843733728
1341839131.557577 -2.658914089 -0.455537319 1.268961072 -0.022973316 0.499711931 0.195404515 0.843550384
1341839131.589573 -2.660140276 -0.463786602 1.276907206 -0.023005437 0.500673652 0.193487450 0.843421161
1341839131.621822 -2.666166306 -0.458054036 1.282434464 -0.020244116 0.500683844 0.191620409 0.843912005
1341839131.657680 -2.667936563 -0.460723639 1.290395498 -0.019391203 0.500311375 0.192717865 0.843903005
1341839131.689554 -2.666000128 -0.469896674 1.296072006 -0.019472998 0.500671268 0.193964496 0.843401909
1341839131.721592 -2.669226646 -0.467486441 1.303203940 -0.016790977 0.501179516 0.193236917 0.843324721
1341839131.757613 -2.672686338 -0.470336288 1.308912039 -0.016348748 0.500826418 0.193521857 0.843477845
1341839131.789523 -2.673687935 -0.468914181 1.312543035 -0.015615151 0.500602305 0.194230214 0.843461990
1341839131.825565 -2.676908016 -0.472661674 1.317786455 -0.016500872 0.501477540 0.195260257 0.842687011
1341839131.857572 -2.677819252 -0.476665676 1.324543476 -0.016725997 0.502411664 0.196473196 0.841843843
1341839131.889513 -2.681210756 -0.480488837 1.327504754 -0.017934462 0.502876699 0.195364922 0.841799200
1341839131.925750 -2.683334827 -0.482284963 1.337307334 -0.018120201 0.505023658 0.194864720 0.840625048
1341839131.964633 -2.691040039 -0.475824475 1.338804483 -0.015744152 0.505290449 0.197239131 0.839958549
1341839132.025660 -2.684930801 -0.497952104 1.354254007 -0.020857388 0.506863892 0.195903450 0.839211404
1341839132.057881 -2.697028637 -0.486863703 1.353763580 -0.016226906 0.507651865 0.194277719 0.839215338
1341839132.093669 -2.700361729 -0.490542382 1.358599305 -0.018357553 0.508901417 0.196581244 0.837877154
1341839132.125565 -2.698512077 -0.500919700 1.365820646 -0.020133967 0.512017131 0.199666783 0.835204303
1341839132.157636 -2.705636978 -0.492017269 1.365946293 -0.016498880 0.513663530 0.202963531 0.833476663
1341839132.193673 -2.703927040 -0.500279784 1.374061584 -0.019311063 0.514321387 0.204333514 0.832675397
1341839132.225804 -2.705433130 -0.507105112 1.384506941 -0.019283747 0.516857803 0.203665167 0.831268132
1341839132.261812 -2.715574741 -0.499260902 1.388217449 -0.014097579 0.517715871 0.206828326 0.830056369
1341839132.293590 -2.712747574 -0.507764459 1.390473843 -0.016595028 0.516709864 0.208993196 0.830094755
1341839132.325554 -2.713152885 -0.514775753 1.397596598 -0.017245345 0.519415617 0.207909226 0.828663826
1341839132.361528 -2.722727776 -0.505672932 1.399128318 -0.013804113 0.521371722 0.209306821 0.827146709
1341839132.393650 -2.721878052 -0.509979725 1.405524492 -0.014735412 0.522197783 0.213764101 0.825467885
1341839132.425622 -2.720715523 -0.518655598 1.411584258 -0.016344329 0.523472190 0.214813381 0.824357271
1341839132.461663 -2.725546598 -0.514308512 1.417397976 -0.014355972 0.526105106 0.214460537 0.822808564
1341839132.493798 -2.732472658 -0.503481627 1.418718338 -0.011925677 0.525376856 0.216522962 0.822772622
1341839132.529690 -2.727502584 -0.516945004 1.427241564 -0.017717119 0.524801373 0.217040956 0.822899044
1341839132.561519 -2.724676371 -0.527735114 1.438372850 -0.019757837 0.527842939 0.215957627 0.821190417
1341839132.593700 -2.734697342 -0.515710592 1.443535447 -0.013308924 0.529013336 0.217917427 0.820048630
1341839132.629507 -2.739367008 -0.512723923 1.445257902 -0.013082015 0.526325107 0.221526191 0.820814729
1341839132.661576 -2.730002403 -0.531931281 1.452859282 -0.019707505 0.525449693 0.220101327 0.821626186
1341839132.693571 -2.734883308 -0.533600926 1.467377782 -0.017286029 0.527069449 0.215952858 0.821744084
1341839132.729515 -2.745013475 -0.523856044 1.469687700 -0.012989263 0.524680138 0.214835346 0.823643029
1341839132.761625 -2.743215084 -0.532236218 1.471022487 -0.016445057 0.521407604 0.215618536 0.825452805
1341839132.797547 -2.740424633 -0.541765451 1.483272791 -0.017831564 0.521667302 0.214320585 0.825597942
1341839132.829637 -2.748064995 -0.535007834 1.484549046 -0.011749605 0.521000564 0.216776103 0.825486839
1341839132.861592 -2.755040646 -0.533619761 1.485499859 -0.009237224 0.518960238 0.223638833 0.824973106
1341839132.897486 -2.749843121 -0.544194043 1.488339067 -0.010835882 0.518031657 0.226819560 0.824668825
1341839132.929713 -2.751198053 -0.546608090 1.489259005 -0.009909785 0.517755985 0.227213234 0.824745238
1341839132.961705 -2.752081394 -0.550033689 1.495666385 -0.008037255 0.518169463 0.228493601 0.824151993
1341839132.997927 -2.757146835 -0.546533108 1.488754988 -0.005349669 0.516835511 0.228949487 0.824884593
1341839133.029816 -2.757339239 -0.553816617 1.491207838 -0.008231401 0.517694950 0.229098231 0.824280381
1341839133.065602 -2.754030466 -0.561790645 1.497437477 -0.008665746 0.518058479 0.227761164 0.824418068
1341839133.097540 -2.761194229 -0.556276023 1.489722252 -0.006572904 0.517201900 0.224455833 0.825880527
1341839133.129508 -2.764647007 -0.557354212 1.491436958 -0.008328339 0.518356681 0.223855630 0.825303376
1341839133.165630 -2.762971878 -0.563450694 1.491873980 -0.010288701 0.518292189 0.222200260 0.825769007
1341839133.197576 -2.768957376 -0.559305549 1.491853237 -0.010783426 0.518800318 0.219028190 0.826290905
1341839133.229574 -2.771692038 -0.560888171 1.496399283 -0.012251989 0.518615484 0.218144178 0.826620221
1341839133.265549 -2.771028996 -0.566307425 1.498398066 -0.014216144 0.518939078 0.216457933 0.826828957
1341839133.297600 -2.779793501 -0.560169637 1.502242804 -0.011248602 0.522019267 0.217831820 0.824571788
1341839133.333601 -2.783474207 -0.558498442 1.506710291 -0.009779331 0.521825969 0.220571652 0.823984325
1341839133.365789 -2.790655136 -0.555456161 1.504689217 -0.009808131 0.521230876 0.222036749 0.823967159
1341839133.397692 -2.794460773 -0.557304740 1.507583141 -0.012739430 0.521617532 0.223907858 0.823175669
1341839133.433673 -2.794564486 -0.563042819 1.516375303 -0.015226245 0.523291111 0.222517043 0.822448015
1341839133.465589 -2.808554649 -0.550227284 1.515860319 -0.012733134 0.523190916 0.221731812 0.822766125
1341839133.501571 -2.811294556 -0.553946972 1.521969199 -0.017486734 0.523770213 0.222843990 0.822009444
1341839133.533533 -2.812998295 -0.559768677 1.527482748 -0.019150138 0.525428295 0.225414276 0.820211411
1341839133.565553 -2.821171522 -0.555274546 1.529564142 -0.018247014 0.527054965 0.226799846 0.818805218
1341839133.633642 -2.825725079 -0.564182341 1.545222521 -0.022410775 0.531679749 0.231079400 0.814503968
1341839133.672597 -2.837630033 -0.553535163 1.546239972 -0.017716412 0.532462418 0.232670039 0.813655078
1341839133.708834 -2.842511892 -0.554977298 1.549634814 -0.021159984 0.532880723 0.233050510 0.813189924
1341839133.740662 -2.843116522 -0.562548518 1.561477304 -0.022986893 0.534545898 0.234957024 0.811497033
1341839133.776632 -2.849214792 -0.558236659 1.565045595 -0.019620856 0.533001661 0.236769721 0.812074065
1341839133.808566 -2.850625515 -0.563914537 1.567846298 -0.022147354 0.532531083 0.235763878 0.812610328
1341839133.842375 -2.852690697 -0.566881478 1.578962803 -0.022047378 0.534327805 0.234928161 0.811675072
1341839133.876620 -2.861286163 -0.561947525 1.587026596 -0.017196333 0.534041286 0.236772865 0.811444879
1341839133.908528 -2.865484238 -0.562726259 1.586797953 -0.017571319 0.531453490 0.238640100 0.812588036
1341839133.940713 -2.865084171 -0.572105050 1.594169855 -0.021862043 0.531759679 0.237597048 0.812589288
1341839133.976740 -2.868597507 -0.570242822 1.604182959 -0.020737248 0.532383144 0.236770004 0.812451899
1341839134.008547 -2.876517296 -0.570126235 1.608510256 -0.020087736 0.531086504 0.236797154 0.813308477
1341839134.040599 -2.875271559 -0.579421520 1.618438125 -0.024004817 0.530067146 0.234786227 0.814449489
1341839134.076583 -2.876587391 -0.584698141 1.627769709 -0.025130371 0.529589415 0.231323898 0.815716088
1341839134.108666 -2.884831905 -0.578474581 1.634044409 -0.023057977 0.528998315 0.229653671 0.816632330
1341839134.145583 -2.888800859 -0.577321231 1.641186833 -0.024107931 0.527307749 0.229975507 0.817604244
1341839134.177037 -2.883661270 -0.593267977 1.648963571 -0.029823063 0.526240468 0.228480041 0.818522096
1341839134.208585 -2.881746531 -0.601746023 1.663864851 -0.029426375 0.529302001 0.226343945 0.817154765
1341839134.245077 -2.893074512 -0.590297461 1.671506643 -0.019605966 0.530484915 0.229349524 0.815843225
1341839134.276660 -2.899836540 -0.586662531 1.677156925 -0.015063507 0.527378559 0.233026132 0.816911101
1341839134.344596 -2.902657032 -0.604720473 1.697922945 -0.016072975 0.527248442 0.228782132 0.818174481
1341839134.405658 -2.915777683 -0.614536881 1.712663531 -0.017698802 0.520648956 0.231441438 0.821612000
1341839134.437582 -2.915535927 -0.624307752 1.729642987 -0.018109480 0.522869706 0.228208512 0.821096957
1341839134.473570 -2.933482647 -0.600162387 1.733246088 -0.008049429 0.521087348 0.227741554 0.822518706
1341839134.505576 -2.936874628 -0.620712638 1.736574888 -0.013771374 0.516966105 0.230450585 0.824286878
1341839134.537527 -2.928030014 -0.635256290 1.750185490 -0.018211734 0.518092930 0.227360561 0.824351370
1341839134.573575 -2.934901237 -0.633085787 1.761945486 -0.013111135 0.519147873 0.224300280 0.824622929
1341839134.605581 -2.945337296 -0.636992991 1.763120413 -0.009149337 0.518800974 0.224820346 0.824753106
1341839134.637613 -2.952456951 -0.638308406 1.768745184 -0.008533237 0.519414425 0.226030380 0.824042559
1341839134.673530 -2.949070692 -0.656345248 1.784814596 -0.009923754 0.522036195 0.226543710 0.822227299
1341839134.705768 -2.958778858 -0.653550565 1.785880089 -0.000817978 0.524118662 0.223097935 0.821904063
1341839134.741672 -2.972949505 -0.638790011 1.784560680 0.002708953 0.521804154 0.224344909 0.823032498
1341839134.773479 -2.961431503 -0.667936921 1.802551270 -0.005006370 0.524104953 0.226516098 0.820962548
1341839134.805757 -2.959504604 -0.679836631 1.809343100 -0.000739437 0.528405070 0.225141749 0.818595588
1341839134.841632 -2.975211620 -0.662068605 1.808631420 0.008281313 0.529121518 0.225365207 0.818029583
1341839134.873616 -2.976620436 -0.667127848 1.810698748 0.006531771 0.527720511 0.226677269 0.818587720
1341839134.905696 -2.973049879 -0.679966867 1.817122698 0.002343996 0.528777122 0.224469259 0.818536997
1341839134.941552 -2.972369194 -0.687341750 1.824467421 0.001487743 0.530679405 0.221662760 0.818072557
1341839134.974666 -2.980889797 -0.683314204 1.832906723 0.005275832 0.533812642 0.222122893 0.815890670
1341839135.009601 -2.989832163 -0.668816864 1.830206752 0.009140005 0.532199562 0.224076286 0.816376090
1341839135.042135 -2.980743885 -0.696434855 1.834817648 -0.000615600 0.532905698 0.223868102 0.816023469
1341839135.073504 -2.981587410 -0.689964294 1.841251850 -0.000010013 0.537826777 0.220556274 0.813693643
1341839135.109696 -2.996684551 -0.671836495 1.847530603 0.005359256 0.538695574 0.222336769 0.812615991
1341839135.141720 -2.986346722 -0.689008117 1.853706837 -0.000584427 0.537522674 0.223929569 0.812972665
1341839135.173566 -2.978787661 -0.708192945 1.856755495 -0.006520926 0.540670931 0.220709622 0.811738670
1341839135.209553 -2.985858440 -0.695408583 1.869527578 -0.000196005 0.545323431 0.220414326 0.808727264
1341839135.241688 -2.998199940 -0.673879743 1.868959427 0.008497084 0.542948246 0.223976076 0.809302032
1341839135.277641 -2.986757278 -0.694209695 1.865247011 -0.000831059 0.540893495 0.224692225 0.810522616
1341839135.309842 -2.973022461 -0.720482647 1.878659248 -0.008679963 0.546983957 0.221305624 0.807314694
1341839135.341555 -2.987815142 -0.695071578 1.885364532 0.003957599 0.550762236 0.220591918 0.804974854
1341839135.377558 -2.991888762 -0.681562901 1.882627130 0.004408051 0.547288120 0.223778635 0.806461036
1341839135.409554 -2.972984076 -0.721923590 1.889259338 -0.009652871 0.549639583 0.222879022 0.805064023
1341839135.441588 -2.975256443 -0.713034570 1.899697781 -0.002263093 0.556713104 0.219353780 0.801217377
1341839135.477530 -2.994720936 -0.684348941 1.896369219 0.006828108 0.556172609 0.221171662 0.801067114
1341839135.509758 -2.982727051 -0.705178559 1.898363829 -0.004401950 0.554963946 0.224617884 0.800963461
1341839135.545510 -2.966537476 -0.733436942 1.909652233 -0.012089912 0.560389340 0.222500265 0.797691226
1341839135.577577 -2.980349541 -0.707552493 1.913046837 -0.000462876 0.566072226 0.220325217 0.794366896
1341839135.609596 -2.991552830 -0.696132064 1.910147905 0.002639332 0.565429807 0.227128461 0.792902827
1341839135.645470 -2.971998215 -0.722273946 1.921416759 -0.006849116 0.567163229 0.229576007 0.790932238
1341839135.677567 -2.966572762 -0.724616885 1.932206154 -0.002477743 0.571791172 0.225369185 0.788832963
1341839135.713508 -2.976222038 -0.719792664 1.929864168 0.003600569 0.572867453 0.222556397 0.788846374
1341839135.745626 -2.975991726 -0.728070676 1.930817127 0.001249908 0.573396206 0.224417225 0.787941754
1341839135.777556 -2.964812994 -0.743372023 1.937040091 -0.002919925 0.575849295 0.225746602 0.785765588
1341839135.813582 -2.967319489 -0.737701595 1.942707300 0.002795461 0.579465270 0.224407569 0.783487976
1341839135.845539 -2.974047661 -0.731370866 1.942753077 0.005968412 0.580152571 0.226174340 0.782452881
1341839135.877786 -2.966244221 -0.742077351 1.951579094 0.001397198 0.581674159 0.226935834 0.781123102
1341839135.913620 -2.961342812 -0.751215935 1.961251020 0.001009914 0.584124088 0.224409759 0.780024529
1341839135.945920 -2.968369007 -0.742681265 1.961123824 0.004407815 0.584954202 0.222610265 0.779906273
1341839135.981913 -2.970163822 -0.742719233 1.966408968 0.005596438 0.586222708 0.226116762 0.777934968
1341839136.014297 -2.965508223 -0.747317135 1.976083517 0.006002767 0.587210894 0.229017824 0.776336372
1341839136.059226 -2.961964369 -0.755702078 1.977714539 0.005522755 0.587674558 0.228331834 0.776191175
1341839136.120606 -2.971203566 -0.745107949 1.988180876 0.010097019 0.588889897 0.227561221 0.775449991
1341839136.181673 -2.965225220 -0.763957739 1.996387362 0.003038856 0.590531588 0.226644009 0.774529338
1341839136.214507 -2.967236519 -0.754106462 2.008712292 0.009735236 0.592648625 0.228940099 0.772178233
1341839136.249624 -2.976511002 -0.747328758 2.009530306 0.015974553 0.589676142 0.232006490 0.773433864
1341839136.281495 -2.967072487 -0.766796768 2.011449575 0.008768662 0.587899029 0.230914205 0.775226772
1341839136.314066 -2.962389708 -0.774051547 2.021092892 0.008340988 0.590441942 0.226497814 0.774601519
1341839136.349787 -2.975915432 -0.759182751 2.021799803 0.016767735 0.590530872 0.226777583 0.774315238
1341839136.388618 -2.976438046 -0.763592899 2.017741203 0.014923655 0.587757885 0.231480032 0.775070965
1341839136.449733 -2.969494104 -0.770952225 2.033538580 0.011802507 0.590445280 0.228855282 0.773860633
1341839136.481697 -2.977454901 -0.762254834 2.036481619 0.016198993 0.588919699 0.229283392 0.774816394
1341839136.517624 -2.973898411 -0.774153590 2.036496639 0.011571398 0.587134957 0.230633587 0.775852382
1341839136.549505 -2.970974207 -0.779052734 2.046231985 0.010240796 0.589213312 0.230044201 0.774469137
1341839136.581632 -2.977618694 -0.770551980 2.049601555 0.015301002 0.588940263 0.230288371 0.774520874
1341839136.617613 -2.980427265 -0.771270573 2.048953295 0.014412412 0.586860478 0.231078148 0.775880158
1341839136.649571 -2.974709034 -0.781291604 2.055668592 0.010376544 0.587583721 0.231073394 0.775398493
1341839136.685554 -2.975985527 -0.778963029 2.063488722 0.013141786 0.588321269 0.230326816 0.775019288
1341839136.717527 -2.983568192 -0.772555530 2.063385963 0.015467157 0.586669981 0.230148599 0.776280105
1341839136.749496 -2.984329939 -0.778425336 2.065217733 0.012141066 0.585184216 0.231025115 0.777199745
1341839136.785674 -2.979365349 -0.787809789 2.075195789 0.008244650 0.586203337 0.229670733 0.776884139
1341839136.817542 -2.985616684 -0.784772992 2.079830170 0.010873316 0.587209225 0.229325458 0.776193917
1341839136.849615 -2.992707729 -0.777034461 2.083551407 0.013344374 0.586373866 0.231197044 0.776231647
1341839136.892657 -2.985187531 -0.792931437 2.089717388 0.008310768 0.586295843 0.232614771 0.775937200
1341839136.953615 -2.997607470 -0.786570191 2.096472502 0.016103735 0.588785410 0.231373951 0.774298728
1341839136.985942 -2.998375416 -0.795454562 2.102632761 0.012795360 0.588638783 0.232963055 0.773995399
1341839137.017616 -2.991546631 -0.807234883 2.113686085 0.009321194 0.590989411 0.232046336 0.772527814
1341839137.053572 -2.999934196 -0.803626239 2.115519047 0.012819561 0.592923164 0.230850384 0.771353304
1341839137.085843 -3.008543015 -0.798429728 2.119412661 0.014945798 0.593676031 0.232638508 0.770197868
1341839137.117537 -3.007624626 -0.805063963 2.126113176 0.014290038 0.593984544 0.235808954 0.769007325
1341839137.153707 -3.005852699 -0.817113638 2.128296375 0.011748615 0.595463276 0.235109359 0.768120468
1341839137.186296 -3.011566162 -0.817043602 2.137928963 0.013952420 0.600021482 0.234474167 0.764723122
1341839137.221759 -3.025139809 -0.804174542 2.144960403 0.021072553 0.601340592 0.237374142 0.762626350
1341839137.253565 -3.023633957 -0.821195960 2.146501780 0.015599320 0.601162970 0.240415871 0.761944890
1341839137.285736 -3.016889095 -0.836336255 2.157763720 0.011433161 0.606392086 0.239849269 0.758043706
1341839137.321642 -3.033152103 -0.821870506 2.161768913 0.020905197 0.609480202 0.239933670 0.755333543
1341839137.353692 -3.042929649 -0.822120786 2.161334991 0.020827943 0.609514534 0.242389962 0.754523218
1341839137.386256 -3.034154415 -0.842454791 2.171902657 0.014270684 0.613342881 0.244459927 0.750896931
1341839137.421671 -3.043359280 -0.837141395 2.175635338 0.018089458 0.616883695 0.243454054 0.748236179
1341839137.453657 -3.053227901 -0.835471034 2.180111408 0.019868189 0.618761718 0.244163468 0.746406972
1341839137.489830 -3.055452108 -0.840231478 2.181840897 0.017036157 0.619848132 0.244684830 0.745404184
1341839137.521652 -3.055428982 -0.847089589 2.189583302 0.014394403 0.622856021 0.243391961 0.743373096
1341839137.553558 -3.062652111 -0.843794346 2.193122864 0.015716732 0.624236465 0.241946980 0.742659748
1341839137.592577 -3.068484306 -0.847005427 2.194834471 0.013429830 0.625436962 0.241371512 0.741881430
1341839137.628551 -3.072351456 -0.846209824 2.204252481 0.011776648 0.627790332 0.241615862 0.739839435
1341839137.660598 -3.077111244 -0.844698548 2.210193396 0.012452764 0.628819883 0.242696926 0.738599122
1341839137.692612 -3.081147432 -0.845680416 2.217774868 0.011474521 0.629867315 0.243250757 0.737539530
1341839137.728532 -3.090448856 -0.840812922 2.222317457 0.012285207 0.629787803 0.244342178 0.737233520
1341839137.760497 -3.088597298 -0.849594474 2.230371237 0.008709791 0.630082130 0.246196300 0.736415625
1341839137.796681 -3.093281269 -0.849402308 2.237390995 0.009235146 0.630665660 0.246335506 0.735862970
1341839137.828611 -3.102862120 -0.843114913 2.243613243 0.009867659 0.630282700 0.246162489 0.736240685
1341839137.860523 -3.100708961 -0.852815092 2.252960682 0.005627611 0.630114079 0.247224867 0.736073673
1341839137.896603 -3.102074146 -0.855900943 2.261626720 0.006088410 0.631415725 0.247664660 0.734805644
1341839137.928510 -3.115367889 -0.843063712 2.266022921 0.010452277 0.630424976 0.248253718 0.735408127
1341839137.964534 -3.110949039 -0.854421437 2.272876501 0.004777913 0.629117966 0.249677852 0.736103714
1341839137.996524 -3.105068684 -0.866723180 2.287055016 0.003151282 0.631229699 0.249044165 0.734517574
1341839138.028640 -3.121618748 -0.851060987 2.290646791 0.009728377 0.630086660 0.246744037 0.736215651
1341839138.064541 -3.121556282 -0.860843599 2.295083046 0.004877743 0.628679931 0.247475296 0.737220228
1341839138.096479 -3.115319490 -0.868489325 2.309532166 0.004004982 0.630471468 0.248714000 0.735276163
1341839138.132550 -3.126655102 -0.857255876 2.314942122 0.010848388 0.629999042 0.249538839 0.735332549
1341839138.164623 -3.130946159 -0.860297918 2.321416855 0.009503730 0.628082216 0.250143051 0.736784160
1341839138.196431 -3.121054649 -0.873677731 2.335718870 0.006064541 0.629336298 0.250172973 0.735739470
1341839138.232704 -3.128206730 -0.871320844 2.340246439 0.011301615 0.629717290 0.251442403 0.734918416
1341839138.264578 -3.135763884 -0.865915477 2.345044136 0.014643763 0.628613889 0.253943086 0.734944224
1341839138.300697 -3.128062963 -0.877894998 2.355028391 0.010672519 0.628649890 0.254943758 0.734635353
1341839138.332541 -3.131612062 -0.877469122 2.357623577 0.010467760 0.627996862 0.252915263 0.735896885
1341839138.364517 -3.130846262 -0.882713258 2.361468792 0.005230573 0.627762973 0.249813944 0.737210453
1341839138.400834 -3.129130125 -0.882727981 2.370162725 0.003438860 0.628463626 0.246622831 0.737698257
1341839138.432562 -3.131380081 -0.885701895 2.373050451 0.002794973 0.628548682 0.246089488 0.737806678
1341839138.469017 -3.132213593 -0.885419846 2.376122475 0.002867658 0.629156232 0.248507589 0.736476839
1341839138.500623 -3.128436804 -0.888257086 2.383660793 0.001411469 0.630710065 0.250683337 0.734411776
1341839138.532584 -3.125659227 -0.889025092 2.388361931 0.001629596 0.632023335 0.251722127 0.732925534
1341839138.568521 -3.124607563 -0.889375567 2.391886473 0.001550505 0.633202791 0.251172036 0.732095897
1341839138.600559 -3.125333548 -0.888540447 2.396567583 0.002040552 0.634324491 0.250540406 0.731339693
1341839138.637679 -3.124547005 -0.889346242 2.397533894 0.001569560 0.634494066 0.250309020 0.731272995
1341839138.668579 -3.120528698 -0.894347429 2.401711464 -0.000658774 0.636057436 0.249331862 0.730249345
1341839138.700570 -3.120784521 -0.893900275 2.404180288 -0.001819112 0.637666941 0.248360544 0.729173899
1341839138.736618 -3.119139671 -0.893587530 2.407934427 -0.002036473 0.639052451 0.250088334 0.727367640
1341839138.768580 -3.117422581 -0.891367435 2.412480593 -0.002155131 0.640463889 0.251504213 0.725635529
1341839138.800591 -3.115421772 -0.892804146 2.415133476 -0.004622181 0.641765356 0.251019418 0.724641323
1341839138.836668 -3.114628792 -0.890610576 2.419830561 -0.006283327 0.643611193 0.250581473 0.723141789
1341839138.868631 -3.110459328 -0.889993668 2.422902584 -0.008003087 0.644321799 0.251403749 0.722205997
1341839138.900591 -3.103412390 -0.893114269 2.428005934 -0.009303777 0.646163762 0.251134545 0.720636725
1341839138.936751 -3.104697466 -0.892489433 2.431362629 -0.010453620 0.648102701 0.250767559 0.719005704
1341839138.968925 -3.102858067 -0.891493976 2.435104132 -0.010502428 0.649924278 0.252927870 0.716600001
1341839139.004685 -3.100987196 -0.895375669 2.435822964 -0.013099519 0.650999129 0.254832089 0.714904904
1341839139.036835 -3.100851059 -0.892681837 2.440575838 -0.014605745 0.653511345 0.255305141 0.712410629
1341839139.069010 -3.100019932 -0.891720116 2.445821047 -0.016257634 0.655340672 0.255560338 0.710600555
1341839139.105164 -3.100378752 -0.887401938 2.447682142 -0.016614079 0.656466842 0.256814361 0.709099174
1341839139.137964 -3.092184067 -0.892597198 2.456088066 -0.018423274 0.657826841 0.259354740 0.706866086
1341839139.168993 -3.087202072 -0.897973359 2.461672544 -0.018779725 0.660049915 0.259306014 0.704799175
1341839139.208632 -3.087249517 -0.895032287 2.466516018 -0.018157341 0.662127078 0.257885516 0.703386903
1341839139.237233 -3.086181641 -0.897063613 2.471760035 -0.017701548 0.663209915 0.257781029 0.702415943
1341839139.269740 -3.086510658 -0.901125848 2.469864845 -0.018786073 0.663715363 0.258113772 0.701787949
1341839139.305090 -3.085654259 -0.902706385 2.474424362 -0.020989506 0.666423380 0.258359730 0.699063361
1341839139.336872 -3.081773043 -0.899620056 2.484568119 -0.019522777 0.668417275 0.259262621 0.696864486
1341839139.404779 -3.077542782 -0.911363840 2.485344410 -0.022696247 0.669175208 0.257764071 0.696596801
1341839139.436967 -3.077725172 -0.907586932 2.494900703 -0.020701366 0.672642052 0.256736875 0.693693221
1341839139.479384 -3.085100174 -0.899305284 2.497221231 -0.016911473 0.672425807 0.258275300 0.693434477
1341839139.504961 -3.073710680 -0.916161358 2.498261929 -0.023438701 0.672753751 0.259929210 0.692307591
1341839139.572716 -3.082172632 -0.908063591 2.507084846 -0.021157529 0.678050101 0.257064879 0.688271761
1341839139.633776 -3.072762966 -0.915452063 2.515429258 -0.025728380 0.679360569 0.259924382 0.685745299
1341839139.665625 -3.074001789 -0.916329324 2.521346092 -0.026829273 0.681528628 0.259863466 0.683571398
1341839139.701587 -3.074643612 -0.911468804 2.527271986 -0.025681475 0.682587385 0.261123091 0.682077408
1341839139.733553 -3.071110010 -0.915910065 2.529435873 -0.027580887 0.683098078 0.262829930 0.680835307
1341839139.765553 -3.070136547 -0.916194201 2.535851002 -0.028017024 0.685221195 0.264945298 0.677857637
1341839139.801543 -3.073795319 -0.908628702 2.542810440 -0.024440674 0.685374975 0.267403692 0.676874459
1341839139.833756 -3.068478584 -0.914696932 2.544037819 -0.028290063 0.683967948 0.267578244 0.678077698
1341839139.865591 -3.062742710 -0.922715545 2.550141096 -0.032493822 0.685782969 0.266564250 0.676453531
1341839139.901631 -3.069856167 -0.914861560 2.557597637 -0.027099248 0.687398314 0.268336385 0.674347639
1341839139.933716 -3.075287104 -0.907581329 2.560098410 -0.023803839 0.684600413 0.270414799 0.676484644
1341839139.969603 -3.061010361 -0.927185118 2.564213276 -0.032935679 0.684067845 0.268711179 0.677318752
1341839140.001567 -3.060766220 -0.929321170 2.568409681 -0.033799518 0.686710417 0.266019464 0.675662637
1341839140.033569 -3.070109844 -0.917603731 2.575324059 -0.027127232 0.688040495 0.268129438 0.673773706
1341839140.069602 -3.072455168 -0.916610539 2.571945667 -0.026979558 0.685460329 0.271403164 0.675097466
1341839140.101607 -3.056691408 -0.938138664 2.573823452 -0.037451267 0.686694086 0.270167857 0.673838139
1341839140.137593 -3.060119629 -0.929170489 2.582263231 -0.033135202 0.690976501 0.266117960 0.671293318
1341839140.169583 -3.075674057 -0.918397546 2.581009388 -0.027213283 0.689578474 0.268159270 0.672184169
1341839140.201678 -3.065498590 -0.930551410 2.582859516 -0.034769136 0.688852370 0.270936728 0.671466172
1341839140.237641 -3.055454254 -0.935560584 2.593059301 -0.037551269 0.692097902 0.269828528 0.668418288
1341839140.269632 -3.065113783 -0.926098526 2.595331669 -0.031644229 0.692556262 0.268302888 0.668863237
1341839140.301538 -3.068705559 -0.931967616 2.596175671 -0.034685958 0.691468000 0.268885076 0.669604123
1341839140.337608 -3.065289974 -0.937637091 2.604402781 -0.037393253 0.693263471 0.269636363 0.667295814
1341839140.369503 -3.070688248 -0.932178915 2.611093521 -0.033515748 0.694333911 0.270521492 0.666029453
1341839140.405652 -3.072856903 -0.937092185 2.615355492 -0.034631919 0.694104731 0.271872640 0.665660977
1341839140.437622 -3.067700386 -0.945259452 2.623034716 -0.037511528 0.695661783 0.272999436 0.663414538
1341839140.469802 -3.072559834 -0.938838780 2.632277489 -0.033489734 0.697675109 0.273155451 0.661448419
1341839140.505600 -3.078392506 -0.940513253 2.635139942 -0.032223705 0.696577251 0.274196148 0.662237227
1341839140.537508 -3.070716381 -0.955712855 2.639360189 -0.038505338 0.697441757 0.273248762 0.661383033
1341839140.569631 -3.074765444 -0.954974055 2.649546623 -0.036474269 0.701241672 0.272598028 0.657738566
1341839140.605614 -3.087280989 -0.944613278 2.655115128 -0.029957587 0.701773107 0.275517792 0.656282663
1341839140.637520 -3.088948250 -0.953669608 2.657169342 -0.034243297 0.700315356 0.278241009 0.656481385
1341839140.673589 -3.078538418 -0.964715898 2.668643475 -0.039901625 0.702810109 0.276884794 0.654064655
1341839140.705526 -3.089283943 -0.960059583 2.674645424 -0.037059035 0.704284430 0.275202990 0.653355479
1341839140.737690 -3.098407269 -0.961471438 2.680703402 -0.037013430 0.703751743 0.279034674 0.652305961
1341839140.780691 -3.088545561 -0.969767809 2.693192005 -0.040379543 0.705416977 0.282520831 0.648797572
1341839140.837561 -3.096987724 -0.972535789 2.708261251 -0.036763892 0.706619620 0.281491935 0.648150742
1341839140.873616 -3.092947006 -0.980044842 2.717209578 -0.040847760 0.707711518 0.280658782 0.647075415
1341839140.905496 -3.095816374 -0.977794647 2.726846218 -0.038770817 0.709004760 0.281450897 0.645441353
1341839140.941764 -3.095723391 -0.983110845 2.733436108 -0.039182015 0.709281325 0.283341914 0.644284248
1341839140.973483 -3.096452713 -0.987097859 2.738816023 -0.039990697 0.710062504 0.284010410 0.643078625
1341839141.005687 -3.096243382 -0.988553345 2.747057199 -0.040925253 0.710435987 0.283102959 0.643007457
1341839141.041564 -3.091181993 -0.992845535 2.760615349 -0.041288327 0.711674750 0.281501383 0.642317116
1341839141.074063 -3.093790054 -0.997313321 2.768033028 -0.039253134 0.711713374 0.281448632 0.642425060
1341839141.110271 -3.093827248 -1.002720237 2.774726868 -0.038999841 0.711795509 0.281623900 0.642272651
1341839141.141854 -3.090774536 -1.008538246 2.782993317 -0.039559107 0.712487280 0.280342251 0.642032087
1341839141.176858 -3.092412949 -1.010389566 2.791096449 -0.037174836 0.713621676 0.278965086 0.641514361
1341839141.209658 -3.098722219 -1.011859536 2.794388294 -0.036471903 0.712800443 0.278893054 0.642498255
1341839141.241623 -3.090748072 -1.022696495 2.802032948 -0.041205686 0.713498533 0.278119206 0.641772270
1341839141.273659 -3.094199657 -1.021309376 2.811292410 -0.038335536 0.715982914 0.277087867 0.639625788
1341839141.309576 -3.107376099 -1.019157529 2.816865921 -0.034665454 0.715732276 0.278940171 0.639310539
1341839141.341687 -3.098583221 -1.026121140 2.824964285 -0.039168727 0.715248585 0.279439062 0.639373958
1341839141.378026 -3.096272469 -1.030058026 2.832906485 -0.040485922 0.716395676 0.277013838 0.639062881
1341839141.409623 -3.103230715 -1.031257272 2.838120222 -0.040368713 0.717258692 0.276005059 0.638538599
1341839141.441571 -3.108194828 -1.027252913 2.847243071 -0.038139537 0.717829466 0.278513283 0.636943102
1341839141.477635 -3.098924398 -1.037235498 2.853591681 -0.041198567 0.718011260 0.280335367 0.635747254
1341839141.509696 -3.092762232 -1.045373678 2.861099243 -0.042705681 0.720231533 0.278845519 0.633788526
1341839141.541659 -3.098042965 -1.041345716 2.867903709 -0.039072298 0.721774995 0.276307672 0.633378446
1341839141.577526 -3.103041410 -1.046137333 2.872042894 -0.038793098 0.722289979 0.276078522 0.632908285
1341839141.645706 -3.100146532 -1.045974731 2.888758421 -0.033716757 0.724888742 0.279881150 0.628542781
1341839141.677487 -3.106730938 -1.046459436 2.891136169 -0.033296276 0.723511457 0.277782768 0.631077886
1341839141.709572 -3.097501278 -1.057038784 2.895406961 -0.041007668 0.722903490 0.274276674 0.632851541
1341839141.745638 -3.096508503 -1.056288838 2.906956673 -0.038341712 0.725504756 0.272112191 0.630973637
1341839141.777895 -3.116441965 -1.048149109 2.907996416 -0.031392895 0.724297822 0.274301887 0.631795585
1341839141.809561 -3.097198963 -1.063365698 2.915099859 -0.038784090 0.723766387 0.276360214 0.631096721
1341839141.845701 -3.091235399 -1.064162731 2.922825575 -0.037722021 0.725561261 0.273156643 0.630494475
1341839141.877530 -3.109080791 -1.059906006 2.927644014 -0.031672958 0.725351512 0.272154450 0.631501317
1341839141.913569 -3.105496407 -1.068525314 2.927652597 -0.037150372 0.723135471 0.273284584 0.633253932
1341839141.945636 -3.089726686 -1.078824043 2.937178135 -0.043282010 0.725136459 0.271232873 0.631455898
1341839141.977668 -3.099107742 -1.072758913 2.942532063 -0.038823929 0.726741731 0.269442171 0.630666375
1341839142.013466 -3.102387905 -1.075115323 2.943400621 -0.041175630 0.726325452 0.270157516 0.630690753
1341839142.048866 -3.091020107 -1.082934141 2.949315786 -0.047231928 0.727973461 0.270256460 0.628319383
1341839142.116693 -3.090389729 -1.076614857 2.961011410 -0.042428393 0.732748866 0.270054758 0.623176754
1341839142.181588 -3.071246862 -1.086314917 2.971140623 -0.048122343 0.735402882 0.271720290 0.618898213
1341839142.213523 -3.068141699 -1.083465099 2.978206635 -0.043913286 0.738533854 0.271217048 0.615695298
1341839142.245657 -3.077995777 -1.076642513 2.980420589 -0.039012399 0.738492250 0.272374779 0.615564048
1341839142.281484 -3.058043718 -1.091894150 2.987321377 -0.046821564 0.739189267 0.271639735 0.614506900
1341839142.313501 -3.054497480 -1.096563101 2.993495941 -0.048074406 0.743817925 0.266508639 0.611062109
1341839142.349595 -3.071621895 -1.086431265 2.996062279 -0.040266886 0.745458305 0.269352973 0.608374476
1341839142.413736 -3.044271231 -1.107393622 3.004217386 -0.049254946 0.749012053 0.274189711 0.601144552
1341839142.449600 -3.044410229 -1.102244258 3.009740353 -0.047178160 0.752821743 0.270981580 0.597998857
1341839142.481586 -3.051712990 -1.095407963 3.015836954 -0.042695843 0.754125357 0.270781815 0.596782386
1341839142.513495 -3.051177263 -1.099198699 3.019532919 -0.043685250 0.753683090 0.272447020 0.596511543
1341839142.549621 -3.034903049 -1.113241434 3.025844812 -0.050288461 0.756025434 0.271671444 0.593372643
1341839142.581646 -3.042696476 -1.104720116 3.035038471 -0.045042533 0.759626567 0.269372910 0.590234578
1341839142.617733 -3.053317070 -1.100571394 3.038587570 -0.042683609 0.758844674 0.270838678 0.590744615
1341839142.649501 -3.033597946 -1.116527081 3.043563128 -0.049972441 0.759751201 0.272660255 0.588164270
1341839142.681490 -3.034927368 -1.113905668 3.048485279 -0.047042500 0.762760639 0.271565288 0.585008979
1341839142.717648 -3.036954165 -1.113590002 3.052774429 -0.045423444 0.763423502 0.271341920 0.584375501
1341839142.749655 -3.028828144 -1.124020934 3.055788040 -0.048043929 0.764329791 0.271805227 0.582763731
1341839142.781698 -3.029413700 -1.124848843 3.061375141 -0.045834146 0.766587436 0.272201926 0.579783499
1341839142.817748 -3.028309822 -1.121379495 3.065984726 -0.043689158 0.767286301 0.272906899 0.578692377
1341839142.849646 -3.022354126 -1.127272367 3.069887877 -0.045505423 0.767845988 0.271817952 0.578322411
1341839142.885615 -3.023023844 -1.131464005 3.071294069 -0.047155119 0.768697321 0.271263540 0.577318728
1341839142.917485 -3.024439096 -1.128403902 3.076975346 -0.045304444 0.770266473 0.272342026 0.574862480
1341839142.949726 -3.020087242 -1.129899144 3.082558393 -0.045107782 0.770676017 0.273461044 0.573796928
1341839142.985900 -3.011358261 -1.139283419 3.083767653 -0.049907263 0.771568179 0.272749543 0.572537839
1341839143.025376 -3.017692566 -1.134937048 3.088665009 -0.047637548 0.774013698 0.272308618 0.569632769
1341839143.056750 -3.022922516 -1.127413273 3.094474792 -0.043498050 0.774364471 0.273871720 0.568737030
1341839143.092610 -3.012897730 -1.133925915 3.098667383 -0.047185529 0.773803592 0.274549365 0.568879783
1341839143.124560 -3.008814096 -1.136674047 3.102483988 -0.048646003 0.774719298 0.272418946 0.568534613
1341839143.160701 -3.010908604 -1.136894703 3.107481956 -0.048422411 0.775592685 0.269944251 0.568543136
1341839143.224815 -3.014243126 -1.141140699 3.116339684 -0.050152235 0.775316596 0.270840645 0.568343580
1341839143.285789 -3.020311832 -1.135479093 3.129455566 -0.048932362 0.775589406 0.272395313 0.567333639
1341839143.321671 -3.008721113 -1.142993331 3.135092735 -0.052905347 0.774851024 0.272696912 0.567840755
1341839143.353517 -3.007467031 -1.147319317 3.140305042 -0.054828946 0.775560439 0.270361394 0.567806721
1341839143.385603 -3.017138004 -1.143521905 3.145490646 -0.053008512 0.775779188 0.270292580 0.567713618
1341839143.421529 -3.012834549 -1.144882917 3.151237726 -0.053407323 0.775198460 0.273204088 0.567075372
1341839143.453645 -3.003821850 -1.153537869 3.157052040 -0.057333861 0.775802791 0.273192525 0.565869927
1341839143.485734 -3.007502079 -1.152965665 3.161201715 -0.057802558 0.776661515 0.271354705 0.565528452
1341839143.521668 -3.010250092 -1.152452230 3.168675900 -0.058954265 0.777369857 0.270917565 0.564645171
1341839143.553630 -3.007793427 -1.155808687 3.174233198 -0.060306679 0.777522922 0.272802383 0.563382745
1341839143.590154 -3.002305031 -1.159657121 3.180112839 -0.062149189 0.778631747 0.273530096 0.561294377
1341839143.621854 -3.007705450 -1.157773018 3.187858582 -0.061769780 0.780018091 0.273117781 0.559609711
1341839143.653546 -3.009457111 -1.159712553 3.194004297 -0.063538752 0.779783130 0.274960935 0.558835924
1341839143.689669 -2.995928049 -1.170820713 3.199228287 -0.070084296 0.781734228 0.274935782 0.555328906
1341839143.721563 -3.013293266 -1.168093204 3.206123352 -0.068778045 0.784862757 0.275326967 0.550867617
1341839143.753557 -3.013070822 -1.156805754 3.214091063 -0.064785980 0.785080135 0.283125609 0.547075689
1341839143.789597 -2.993983507 -1.163691878 3.219671726 -0.068536639 0.785039365 0.284577429 0.545922637
1341839143.821488 -2.989644289 -1.173161745 3.223445654 -0.074166007 0.787493229 0.278980553 0.544539988
1341839143.857691 -3.005607367 -1.162641883 3.232833385 -0.068814881 0.789610922 0.278124750 0.542610109
1341839143.889668 -2.996301889 -1.163543463 3.238815308 -0.067743585 0.789074242 0.282004863 0.541521966
1341839143.921613 -2.985626221 -1.174037099 3.243077040 -0.070495822 0.790209532 0.283205658 0.538882017
1341839143.957679 -2.991369724 -1.168255925 3.250715256 -0.066328146 0.791990042 0.283180803 0.536806345
1341839143.989692 -2.990535736 -1.169744611 3.255887032 -0.066719674 0.790792763 0.284082144 0.538045228
1341839144.021612 -2.982039213 -1.175452948 3.258865595 -0.070084572 0.790896297 0.283244222 0.537907004
1341839144.057581 -2.984042645 -1.173625588 3.263943434 -0.067907706 0.791716933 0.283551425 0.536816061
1341839144.089682 -2.980067730 -1.174651861 3.269306660 -0.066796415 0.791716516 0.284850925 0.536267817
1341839144.125588 -2.973703384 -1.179082632 3.271270752 -0.067633331 0.791570783 0.285175741 0.536205530
1341839144.157579 -2.968451738 -1.180387974 3.274713278 -0.068070784 0.792435169 0.284126878 0.535429657
1341839144.189633 -2.968693256 -1.179334641 3.279918432 -0.066046104 0.793496013 0.283164531 0.534621239
1341839144.225642 -2.969652891 -1.182318807 3.281398773 -0.065935925 0.792876363 0.284660280 0.534759879
1341839144.257760 -2.957839966 -1.188533425 3.283418655 -0.069028944 0.793590426 0.284534514 0.533375502
1341839144.289779 -2.963508844 -1.185639381 3.289765596 -0.065539449 0.795798957 0.283524066 0.531058252
1341839144.325641 -2.969867229 -1.186659336 3.289420128 -0.064728566 0.795085609 0.286249906 0.530763805
1341839144.357603 -2.954825401 -1.188168645 3.294110775 -0.067532323 0.795793831 0.287610322 0.528613269
1341839144.393630 -2.954331398 -1.188141704 3.296601772 -0.066831812 0.796294987 0.285903037 0.528873622
1341839144.425526 -2.955755711 -1.186730623 3.302597046 -0.066008419 0.796374857 0.284872234 0.529412746
1341839144.457696 -2.950207710 -1.187447190 3.306888580 -0.066093609 0.795941710 0.285212070 0.529870331
1341839144.493799 -2.943530560 -1.194096208 3.306902885 -0.067791015 0.795842528 0.285506874 0.529646039
1341839144.525996 -2.949725866 -1.188917756 3.312963963 -0.063269302 0.796574295 0.284868538 0.529449105
1341839144.561696 -2.948822737 -1.193116188 3.312557220 -0.064380966 0.794392407 0.286617905 0.531644642
1341839144.593602 -2.933283567 -1.198424101 3.315654755 -0.067255929 0.795308590 0.286655694 0.529895782
1341839144.627771 -2.942724228 -1.192101002 3.321449757 -0.060407527 0.796698451 0.286083043 0.528941453
1341839144.661818 -2.939239025 -1.197023392 3.319400787 -0.061911400 0.794414282 0.287199408 0.531591535
1341839144.732548 -2.936740398 -1.202390671 3.321470022 -0.062858559 0.795252383 0.282104790 0.532953441
1341839144.793602 -2.926680088 -1.207931995 3.322417259 -0.064589754 0.795737028 0.283756047 0.531143427
1341839144.829602 -2.930928707 -1.208060265 3.320526600 -0.062776409 0.795518816 0.283134580 0.532018602
1341839144.861614 -2.924834013 -1.210349798 3.321290970 -0.065059602 0.795900524 0.281916946 0.531820118
1341839144.893704 -2.924614429 -1.208408117 3.321097612 -0.063835606 0.796402216 0.279824227 0.532322288
1341839144.929498 -2.931889057 -1.210342407 3.319674969 -0.062666215 0.795480967 0.280537277 0.533462167
1341839144.961563 -2.923582554 -1.214070439 3.319499016 -0.065888062 0.795597315 0.281632096 0.532322407
1341839144.993581 -2.925282717 -1.207143068 3.322048187 -0.062933065 0.796662509 0.280113190 0.531888127
1341839145.029623 -2.927519798 -1.208687425 3.321368694 -0.062533423 0.795962274 0.280452847 0.532803893
1341839145.061626 -2.922798634 -1.211670160 3.320055723 -0.065708615 0.795548320 0.279838532 0.533362746
1341839145.097529 -2.923380613 -1.209371567 3.321959972 -0.065185577 0.796120405 0.277826548 0.533625007
1341839145.129540 -2.927656412 -1.209787726 3.323251963 -0.064427830 0.795571387 0.278291583 0.534293115
1341839145.161548 -2.924342394 -1.211292386 3.321409702 -0.066799574 0.794794023 0.278792411 0.534897327
1341839145.197472 -2.923528194 -1.213158846 3.322450161 -0.068654783 0.795452654 0.278107792 0.534039021
1341839145.229600 -2.926964283 -1.209364891 3.322814941 -0.068215832 0.795540154 0.277213246 0.534429967
1341839145.262518 -2.930363655 -1.208079338 3.321680069 -0.068564206 0.794786990 0.277882010 0.535158157
1341839145.297552 -2.923268318 -1.210262060 3.321554184 -0.071346819 0.795516610 0.277887195 0.533705652
1341839145.329591 -2.930692196 -1.204494238 3.322545052 -0.067491956 0.796045423 0.277794957 0.533466578
