4519.525823 0.000000000 0.000000000 0.000000000 0.000000000 0.000000000 0.000000000 1.000000000
4519.562686 0.021127490 0.002038190 0.000707938 -0.001538879 -0.007594986 0.002800610 0.999966025
4519.599550 0.040684812 0.000743985 0.003025807 -0.003674696 -0.014653145 0.004804828 0.999874353
4519.636413 0.061264690 0.000867656 0.003691491 -0.005786173 -0.021059323 0.006484218 0.999740481
4519.673276 0.085724451 0.001354367 0.004428814 -0.009072878 -0.026646864 0.007676836 0.999574244
4519.710140 0.108786091 0.003514279 0.002132314 -0.012109383 -0.029102696 0.009963135 0.999453425
4519.747004 0.129792869 0.000577839 0.008300377 -0.015950415 -0.029047027 0.010322839 0.999397457
4519.783867 0.147811174 -0.000711128 0.014636333 -0.018210080 -0.026381783 0.012008220 0.999413908
4519.820730 0.172599971 -0.000166969 0.008004466 -0.018684026 -0.023103554 0.013248104 0.999470651
4519.857594 0.193105787 -0.000146824 0.010541357 -0.018419957 -0.017784998 0.014175453 0.999571621
4519.894457 0.214879304 0.001389845 0.011946389 -0.018086478 -0.012337817 0.013996818 0.999662340
4519.931321 0.231492683 -0.003090517 0.017450169 -0.020000745 -0.006398143 0.012252662 0.999704421
4519.968184 0.251176387 0.003290068 0.019589778 -0.018819094 -0.001599737 0.012523007 0.999743164
4520.005048 0.272596836 0.001739346 0.021710273 -0.018603863 0.001415297 0.010221825 0.999773681
4520.041911 0.285856158 0.000249769 0.027547803 -0.017048821 0.004938307 0.010340702 0.999789000
4520.078774 0.302583933 -0.003115093 0.031860538 -0.014609388 0.006799894 0.008470486 0.999834299
4520.115638 0.314380288 -0.005765917 0.039613478 -0.011686551 0.009539781 0.007882467 0.999855101
4520.152501 0.327666581 -0.012512619 0.045160554 -0.011633623 0.011828371 0.007636731 0.999833226
4520.189365 0.347391278 -0.018474715 0.050050639 -0.012440112 0.011374800 0.007693063 0.999828339
4520.226228 0.362068325 -0.023104711 0.058962982 -0.011516884 0.008741863 0.008218437 0.999861658
4520.263092 0.376475453 -0.029551076 0.069886021 -0.010161534 0.004005371 0.007488281 0.999912322
4520.299955 0.388852328 -0.036082227 0.084750153 -0.008328932 -0.000820032 0.006188428 0.999945819
4520.336818 0.405836225 -0.042243306 0.093528077 -0.007230963 -0.004938614 0.005331102 0.999947429
4520.373682 0.417057723 -0.050367001 0.108927883 -0.008433236 -0.006161600 0.005983740 0.999927521
4520.410546 0.434056967 -0.057367984 0.120993771 -0.009306258 -0.008045754 0.007325997 0.999897480
4520.447409 0.446444899 -0.065960437 0.137795419 -0.009489817 -0.008458997 0.007394208 0.999891877
4520.484272 0.464121640 -0.073845290 0.150151327 -0.008445723 -0.008853641 0.005872170 0.999907911
4520.521136 0.485142469 -0.081567228 0.160209656 -0.007351684 -0.008279196 0.005825179 0.999921739
4520.557999 0.496640712 -0.091183700 0.174721867 -0.006361647 -0.005034015 0.006313675 0.999947190
4520.594863 0.513906956 -0.100437343 0.187753960 -0.005389096 -0.003174537 0.004846043 0.999968708
4520.631726 0.530599892 -0.107512757 0.199367985 -0.003775839 -0.001752662 0.000811950 0.999991000
4520.668590 0.545306802 -0.121569484 0.210682571 -0.001792984 0.000938662 -0.003287889 0.999992549
4520.705453 0.562408805 -0.128379703 0.220212266 0.001526794 0.005350899 -0.005306385 0.999970436
4520.742316 0.573390245 -0.137367994 0.231947288 0.003873448 0.012216506 -0.004760792 0.999906540
4520.779180 0.592159927 -0.138071850 0.244315267 0.006141579 0.017018953 -0.003573567 0.999829948
4520.816043 0.598774314 -0.149342939 0.260360926 0.005584470 0.021325396 -0.003283963 0.999751568
4520.852907 0.615769207 -0.152498439 0.270647049 0.007434180 0.019770928 -0.002189243 0.999774516
4520.889771 0.629494548 -0.161078051 0.282873333 0.008717248 0.015512443 -0.002083820 0.999839485
4520.926634 0.636054277 -0.167347848 0.300015479 0.010590444 0.010923638 -0.001449474 0.999883235
4520.963497 0.650731504 -0.174119532 0.312233150 0.012148250 0.004194578 -0.002362970 0.999914646
4521.000361 0.660180211 -0.180120841 0.325309485 0.014702028 -0.000333505 -0.005329874 0.999877632
4521.037224 0.672302783 -0.185034782 0.338578224 0.018200835 -0.002910053 -0.007862911 0.999799192
4521.074088 0.679376423 -0.192120805 0.352135211 0.021889266 -0.003042792 -0.010562983 0.999699950
4521.110951 0.690737009 -0.195307091 0.365870833 0.027108299 -0.003958202 -0.013468079 0.999533892
4521.147814 0.701956928 -0.199210808 0.382078081 0.032810811 -0.005003907 -0.017627200 0.999293625
4521.184678 0.716771543 -0.213318422 0.393465251 0.036106344 -0.007571773 -0.022750584 0.999060273
4521.221541 0.723535478 -0.217197895 0.411217302 0.040671438 -0.010443366 -0.028124223 0.998722076
4521.258405 0.730116248 -0.216467842 0.429053158 0.046437606 -0.015108051 -0.033653334 0.998239815
4521.295268 0.743004262 -0.231019795 0.445765257 0.049181469 -0.022492068 -0.041837599 0.997659743
4521.332132 0.748442948 -0.242242634 0.462622285 0.050142530 -0.028536670 -0.048719939 0.997144818
4521.368995 0.768374979 -0.251522213 0.475683838 0.051994290 -0.038059939 -0.054778144 0.996417284
4521.405859 0.772909760 -0.261888564 0.492974937 0.053406529 -0.046273611 -0.060281526 0.995676994
4521.442722 0.790185988 -0.266857743 0.503075302 0.053710721 -0.057321746 -0.066043802 0.994719863
4521.479586 0.801694810 -0.271805644 0.516649663 0.051603969 -0.068419881 -0.070935518 0.993792713
4521.516449 0.810650945 -0.279782146 0.532102585 0.048336286 -0.080395430 -0.075989813 0.992686093
4521.553312 0.804910660 -0.278087735 0.552405298 0.046075460 -0.090381213 -0.080314733 0.991593540
4521.590176 0.828283489 -0.291070431 0.568203986 0.040882222 -0.104286216 -0.083081357 0.990227520
4521.627039 0.832426727 -0.298686743 0.588665962 0.035945915 -0.113464013 -0.084808126 0.989263058
4521.663903 0.836638212 -0.304508686 0.610334873 0.032837119 -0.119419470 -0.086469740 0.988525987
4521.700766 0.841936588 -0.306946576 0.626464188 0.030374436 -0.123286761 -0.088252015 0.987972319
4521.737629 0.858576834 -0.310318589 0.639870882 0.029379096 -0.128133908 -0.091342509 0.987104416
4521.774493 0.856771588 -0.317083418 0.661931396 0.029541465 -0.129935563 -0.097010687 0.986322939
4521.811357 0.863436341 -0.315166891 0.679548562 0.031226650 -0.132574186 -0.101946235 0.985421717
4521.848220 0.870455623 -0.312941521 0.699930131 0.032503389 -0.136182263 -0.105798401 0.984481931
4521.885083 0.873900890 -0.323460102 0.720495820 0.029398870 -0.141637743 -0.109279841 0.983428895
4521.921947 0.890689373 -0.332603723 0.734555006 0.026512116 -0.152760491 -0.113348022 0.981383502
4521.958810 0.893558502 -0.335133076 0.762754917 0.024395324 -0.164387107 -0.117106855 0.979115784
4521.995674 0.899074674 -0.344940484 0.777260780 0.021799887 -0.175452143 -0.123486347 0.976469398
4522.032537 0.901356816 -0.350328028 0.801814318 0.018370789 -0.184049189 -0.128202319 0.974347293
4522.069401 0.909483790 -0.350231677 0.820475459 0.012870675 -0.188118324 -0.130382791 0.973368466
4522.106264 0.917485833 -0.355900019 0.841165364 0.006594002 -0.189605951 -0.134998575 0.972512960
4522.143128 0.929984331 -0.362634301 0.859537244 0.000934574 -0.189308897 -0.140533611 0.971808434
4522.179991 0.949062467 -0.369380295 0.872725666 -0.000076666 -0.188574389 -0.150966257 0.970385909
4522.216854 0.950272143 -0.373513460 0.886571407 0.001279651 -0.182717875 -0.160274744 0.970012665
4522.253718 0.967905879 -0.382068127 0.902284205 0.002302248 -0.179489121 -0.166014031 0.969648242
4522.290581 0.983501315 -0.385796636 0.916314244 0.002858674 -0.175225407 -0.167466432 0.970176697
4522.327445 0.994572639 -0.390342712 0.929360807 0.003005257 -0.172041282 -0.167872190 0.970675886
4522.364308 1.003092051 -0.397461534 0.941745043 0.001858230 -0.172738880 -0.167909727 0.970548391
4522.401171 1.011013269 -0.397910923 0.957984686 0.002412394 -0.179093227 -0.169593588 0.969101548
4522.438035 1.020727754 -0.400276870 0.973890126 0.003309554 -0.189423546 -0.170707881 0.966936707
4522.474899 1.030496597 -0.401641220 0.987691700 0.004803807 -0.200840533 -0.173926145 0.964048624
4522.511762 1.036965489 -0.411972344 0.997674525 0.004750837 -0.210206747 -0.178904682 0.961136639
4522.548625 1.056758404 -0.415272027 1.013884902 0.007609578 -0.221143723 -0.183937609 0.957707942
4522.585489 1.065521717 -0.419647127 1.025176764 0.009799163 -0.227500230 -0.188661546 0.955277145
4522.622352 1.071194649 -0.420840800 1.038975358 0.014691963 -0.233543187 -0.193487287 0.952787697
4522.659216 1.085135341 -0.426265627 1.053012848 0.019188877 -0.241488487 -0.199032381 0.949579537
4522.696079 1.100744128 -0.424850732 1.065814257 0.023883563 -0.249783859 -0.203878760 0.946293354
4522.732943 1.114120841 -0.426951051 1.077687025 0.026822148 -0.258815944 -0.209496513 0.942552984
4522.769806 1.118659735 -0.438496977 1.086726308 0.024241414 -0.267565310 -0.215528741 0.938812315
4522.806669 1.131813645 -0.445091158 1.100344062 0.018792508 -0.277911007 -0.218849689 0.935156226
4522.843533 1.140134573 -0.445745260 1.112386703 0.012022102 -0.287828594 -0.221933514 0.931534052
4522.880396 1.151915193 -0.445444196 1.125401735 0.003459575 -0.300313026 -0.221891418 0.927666068
4522.917260 1.160266876 -0.446004361 1.129818916 -0.004407493 -0.312477320 -0.221724495 0.923675716
4522.954123 1.179010272 -0.444273233 1.135415792 -0.009531857 -0.327131301 -0.220351517 0.918879449
4522.990987 1.191048026 -0.443520755 1.146673560 -0.015955875 -0.339226186 -0.217281744 0.915128171
4523.027850 1.204457998 -0.442529500 1.147382855 -0.021158459 -0.345580995 -0.214848533 0.913217485
4523.064714 1.222977042 -0.446364015 1.156566620 -0.023959460 -0.349720836 -0.212156236 0.912201166
4523.101577 1.238917470 -0.453831375 1.161319137 -0.027866092 -0.349736094 -0.206248790 0.913438320
4523.138441 1.253727794 -0.447955847 1.168209791 -0.028279545 -0.347919047 -0.204107732 0.914599657
4523.175304 1.279834151 -0.452360392 1.172231078 -0.032271594 -0.347792983 -0.200208873 0.915376961
4523.212167 1.303024530 -0.454638988 1.171712756 -0.034526028 -0.347078145 -0.197976589 0.916051269
4523.249031 1.322346091 -0.451506793 1.176653504 -0.033437092 -0.347598106 -0.198529258 0.915774882
4523.285894 1.346865773 -0.454779178 1.183345318 -0.033214152 -0.348784357 -0.200395450 0.914925098
4523.322758 1.368588090 -0.454252183 1.184066176 -0.031954817 -0.347114831 -0.201740786 0.915309131
4523.359621 1.387939572 -0.448604494 1.181871891 -0.028947258 -0.343357980 -0.203360006 0.916467130
4523.396485 1.419331670 -0.450850576 1.186810493 -0.028696952 -0.341767490 -0.204404831 0.916837037
4523.433348 1.443060160 -0.449079007 1.189008713 -0.028405437 -0.340725899 -0.203711480 0.917387962
4523.470212 1.471357226 -0.449762106 1.186148405 -0.027337356 -0.342262745 -0.203875527 0.916811705
4523.507075 1.499647856 -0.450597614 1.187114358 -0.026202170 -0.345333189 -0.204393685 0.915577233
4523.543938 1.527011156 -0.448029786 1.190494657 -0.024973357 -0.348004758 -0.205799133 0.914284289
4523.580802 1.547066569 -0.456817627 1.190639138 -0.026266601 -0.347834855 -0.207920641 0.913832605
4523.617665 1.572827697 -0.466685176 1.185400009 -0.027640449 -0.347337425 -0.208097726 0.913940907
4523.654529 1.595409155 -0.472558260 1.187245607 -0.027021050 -0.347751856 -0.208098203 0.913801730
4523.691392 1.622782826 -0.480685294 1.188148499 -0.027178004 -0.350234807 -0.205749646 0.913380504
4523.728256 1.641826749 -0.482277274 1.192784190 -0.024852548 -0.354360312 -0.203231990 0.912418723
4523.765119 1.667988300 -0.486473709 1.194751501 -0.022413652 -0.359633297 -0.200187370 0.911090851
4523.801983 1.686424375 -0.490802109 1.198990345 -0.016791882 -0.364499480 -0.198925659 0.909553051
4523.838846 1.714285254 -0.496792793 1.206175566 -0.012844739 -0.369456649 -0.195258752 0.908411145
4523.875710 1.735293508 -0.498513162 1.216338158 -0.008792096 -0.372601926 -0.193083629 0.907639325
4523.912573 1.759775758 -0.507959962 1.223178864 -0.006472632 -0.375364721 -0.191489294 0.906857908
4523.949436 1.777817249 -0.511481285 1.233627081 -0.003925991 -0.378591746 -0.189906210 0.905863404
4523.986300 1.795315266 -0.515405357 1.243758202 -0.000623510 -0.384065211 -0.187978208 0.903967738
4524.023163 1.816752791 -0.522377610 1.256061077 0.004298527 -0.392218530 -0.189975351 0.900030851
4524.060027 1.833019495 -0.528349936 1.274658918 0.006452513 -0.399724185 -0.194049895 0.895836830
4524.096890 1.851579666 -0.528416276 1.282269835 0.007045412 -0.403859913 -0.199204758 0.892840981
4524.133754 1.871765852 -0.537819624 1.297235131 0.004639708 -0.408533961 -0.204912618 0.889432013
4524.170617 1.890281916 -0.538821578 1.306042671 0.003229345 -0.411613762 -0.209664404 0.886907279
4524.207481 1.917634726 -0.543070734 1.305557489 -0.000262585 -0.413522780 -0.214541301 0.884856403
4524.244344 1.936985373 -0.549078107 1.315384388 -0.004952783 -0.415810943 -0.219611540 0.882523358
4524.281207 1.948220491 -0.552108824 1.323654294 -0.008083378 -0.418809950 -0.223562017 0.880086899
4524.318071 1.968512774 -0.559725285 1.333244324 -0.008835665 -0.424502581 -0.224952310 0.876992583
4524.354934 1.986284733 -0.555120349 1.340701580 -0.005831489 -0.429527879 -0.226264507 0.874228895
4524.391798 2.003008366 -0.557177961 1.351756454 -0.007048307 -0.433629960 -0.224751204 0.872583687
4524.428661 2.024293184 -0.559233785 1.355957508 -0.009770940 -0.435461968 -0.225064039 0.871563911
4524.465524 2.044162989 -0.563015103 1.364525795 -0.013946681 -0.438020051 -0.223997638 0.870499313
4524.502388 2.065473080 -0.562258363 1.369360447 -0.015905485 -0.441122741 -0.224062294 0.868880808
4524.539252 2.090878963 -0.564493954 1.371030092 -0.017674375 -0.445083857 -0.225310683 0.866500497
4524.576115 2.104445934 -0.563298523 1.376633048 -0.019597929 -0.448496103 -0.225696325 0.864597201
4524.612978 2.126411676 -0.564312875 1.381100893 -0.020286242 -0.451471984 -0.226512864 0.862817168
4524.649842 2.149394751 -0.565226138 1.383011103 -0.020815525 -0.453685701 -0.227326587 0.861428261
4524.686705 2.172508478 -0.566908538 1.389733315 -0.021865956 -0.455623418 -0.227796420 0.860254645
4524.723569 2.196939707 -0.563435793 1.401048899 -0.023543555 -0.456688643 -0.228923529 0.859345794
4524.760432 2.228571415 -0.579655409 1.410907984 -0.030334268 -0.458211005 -0.230938897 0.857781887
4524.797296 2.234180927 -0.570124686 1.399214506 -0.031990338 -0.455326885 -0.234472424 0.858298719
4524.834159 2.252124786 -0.577873051 1.404249907 -0.036323432 -0.457195818 -0.236903131 0.856463313
4524.871022 2.272266150 -0.583887339 1.407723188 -0.038921349 -0.458441317 -0.239554211 0.854944706
4524.907886 2.300070524 -0.601900935 1.425854087 -0.044314899 -0.460630357 -0.239110619 0.853628695
4524.944749 2.311063290 -0.603745818 1.425027370 -0.043891601 -0.457273126 -0.239962578 0.855215073
4524.981613 2.339160919 -0.591986179 1.436287403 -0.039632000 -0.456389785 -0.236329734 0.856904864
4525.018476 2.366871595 -0.594013333 1.470892191 -0.035470854 -0.459226578 -0.232545048 0.856607020
4525.055340 2.389270306 -0.602293491 1.479062319 -0.031903721 -0.458239615 -0.230270803 0.857889235
4525.092203 2.403735638 -0.607988536 1.492746234 -0.030057808 -0.458046108 -0.226084575 0.859171748
4525.129067 2.423711777 -0.617820919 1.503324032 -0.028444741 -0.460215837 -0.223036781 0.858863711
4525.165930 2.437347174 -0.629058480 1.508405566 -0.027917193 -0.463459730 -0.221609250 0.857505143
4525.202794 2.445359707 -0.654844046 1.495546818 -0.028607920 -0.465238661 -0.224300429 0.855817676
4525.239657 2.459227562 -0.641892135 1.516095877 -0.022841824 -0.473302782 -0.223106235 0.851872265
4525.276520 2.468979836 -0.644989491 1.522327662 -0.019231889 -0.478619188 -0.223940164 0.848766565
4525.313384 2.485733509 -0.652165413 1.532942295 -0.015888946 -0.484706134 -0.224755824 0.845158219
4525.350247 2.500467300 -0.665370703 1.550257087 -0.013428587 -0.489783764 -0.225584015 0.842047155
4525.387111 2.515803099 -0.671646416 1.575070143 -0.010101197 -0.495017618 -0.224086046 0.839428961
4525.423974 2.543060780 -0.687741399 1.613257408 -0.008194270 -0.502683580 -0.223409206 0.835063100
4525.460838 2.556873798 -0.697952449 1.632027149 -0.008220585 -0.505548120 -0.224327281 0.833085120
4525.497701 2.562970161 -0.705651283 1.644359469 -0.011028846 -0.505626976 -0.227039546 0.832269609
4525.534564 2.569740772 -0.710562289 1.660753012 -0.013323699 -0.507035553 -0.229893267 0.830594122
4525.571428 2.584458828 -0.711744428 1.684527874 -0.013675247 -0.510544837 -0.231400698 0.828016102
4525.608291 2.597174406 -0.731305242 1.710596800 -0.016231813 -0.514538050 -0.232672393 0.825136781
4525.645155 2.601291656 -0.734750211 1.727159977 -0.016551878 -0.516170979 -0.232051909 0.824284852
4525.682018 2.605689049 -0.745990455 1.737289190 -0.018685704 -0.515396416 -0.231943145 0.824754417
4525.718882 2.615842342 -0.753757000 1.760865450 -0.021957079 -0.516200006 -0.231747866 0.824225962
4525.755745 2.621882439 -0.756724536 1.780486107 -0.024256585 -0.516875267 -0.230696648 0.824033201
4525.792609 2.623194456 -0.760215640 1.801729918 -0.026500788 -0.518665373 -0.229079202 0.823290110
4525.829472 2.627761841 -0.767341435 1.814215422 -0.028102800 -0.520055413 -0.227577507 0.822776437
4525.866336 2.625483274 -0.771538496 1.830588102 -0.028205212 -0.521103740 -0.226529315 0.822398841
4525.903199 2.631255627 -0.778348804 1.850937366 -0.029586544 -0.521826208 -0.226564080 0.821882427
4525.940063 2.633071184 -0.784028411 1.867530346 -0.031894181 -0.520567000 -0.226872951 0.822509229
4525.976926 2.625772476 -0.788862884 1.878769159 -0.033091139 -0.518230021 -0.229551703 0.823194146
4526.013789 2.635167122 -0.796853304 1.920492768 -0.035452869 -0.521859586 -0.230113551 0.820642054
4526.050653 2.628327370 -0.807359576 1.938593149 -0.038231406 -0.520670354 -0.232618794 0.820566416
4526.087516 2.626688004 -0.812536001 1.951394916 -0.039271962 -0.517662406 -0.234655738 0.821839452
4526.124380 2.620921373 -0.821161926 1.973282099 -0.041898374 -0.515420735 -0.235782579 0.822795570
4526.161243 2.607697010 -0.832138419 1.977788925 -0.044315565 -0.510202289 -0.238738298 0.825065911
4526.198107 2.606059790 -0.846672058 1.983301044 -0.047134370 -0.506453276 -0.239667177 0.826948047
4526.234970 2.611360073 -0.844910741 2.035908222 -0.045931414 -0.509834588 -0.239981502 0.824844122
4526.271834 2.608294487 -0.853282154 2.054614782 -0.051241297 -0.507046998 -0.239141151 0.826492071
4526.308697 2.605886459 -0.859204054 2.077683687 -0.056879546 -0.506676555 -0.238365382 0.826574564
4526.345560 2.604277134 -0.866884947 2.097842216 -0.061330136 -0.508492589 -0.237061858 0.825515330
4526.382424 2.601284504 -0.874782324 2.117292643 -0.064664148 -0.510953903 -0.236765802 0.823824406
4526.419287 2.601935148 -0.880541503 2.134010553 -0.066770807 -0.513019562 -0.235178977 0.822826445
4526.456151 2.602540493 -0.890866041 2.164270163 -0.072002560 -0.515095115 -0.233272940 0.821630299
4526.493014 2.603261948 -0.896729410 2.181632757 -0.075425945 -0.513576269 -0.232532486 0.822483420
4526.529877 2.603815079 -0.903689206 2.201780796 -0.078818187 -0.512269199 -0.232702389 0.822932303
4526.566741 2.603944063 -0.908187449 2.221412420 -0.080579154 -0.510246456 -0.232798770 0.823990464
4526.603605 2.608040810 -0.911439717 2.241405964 -0.080103777 -0.509551287 -0.232747957 0.824481189
4526.640468 2.608489990 -0.918168783 2.263707638 -0.081257984 -0.509215534 -0.234130308 0.824184239
4526.677331 2.613910675 -0.924221873 2.283853292 -0.081967101 -0.509775817 -0.235656813 0.823332191
4526.714195 2.617190361 -0.931631982 2.302720070 -0.082230285 -0.511343181 -0.238129437 0.821620762
4526.751058 2.623440504 -0.937756360 2.324980021 -0.080879271 -0.515127838 -0.239726380 0.818921924
4526.787922 2.627840281 -0.947139919 2.343617678 -0.079437472 -0.517597556 -0.241996408 0.816835463
4526.824785 2.631315231 -0.955702484 2.371039629 -0.077882424 -0.520328939 -0.243511707 0.814796984
4526.861649 2.641628742 -0.962805390 2.391807795 -0.073539093 -0.521872938 -0.245000005 0.813766360
4526.898512 2.648353577 -0.971589327 2.418054104 -0.070812069 -0.522854924 -0.247265458 0.812691927
4526.935375 2.657610893 -0.982306540 2.440607548 -0.069061257 -0.522804081 -0.250716239 0.811817586
4526.972239 2.664253950 -0.992789447 2.463926077 -0.067253478 -0.523170412 -0.254755795 0.810474634
4527.009102 2.673997402 -1.003375530 2.483261824 -0.064224638 -0.523533523 -0.258663028 0.809247375
4527.045966 2.682245255 -1.016330957 2.503825426 -0.063315660 -0.523020744 -0.263029426 0.808242500
4527.082829 2.689652443 -1.026823401 2.523889780 -0.062687837 -0.521778584 -0.267012477 0.807788134
4527.119693 2.697099209 -1.038005948 2.545331240 -0.061331291 -0.522009492 -0.270267367 0.806659818
4527.156556 2.703773975 -1.048384666 2.562344551 -0.058668934 -0.522060990 -0.272830278 0.805961490
4527.193420 2.709195614 -1.056550980 2.583818436 -0.054672334 -0.522718310 -0.274693608 0.805183113
4527.230283 2.713359356 -1.065387249 2.604892492 -0.054258898 -0.521459520 -0.273662060 0.806377709
4527.267147 2.717532158 -1.074790001 2.622466803 -0.053379551 -0.520153821 -0.274383426 0.807034314
4527.304010 2.723870993 -1.086168289 2.638578176 -0.052295070 -0.520000398 -0.273669928 0.807446361
4527.340873 2.724916458 -1.092246175 2.662788391 -0.050408579 -0.522358477 -0.271581799 0.806749046
4527.377737 2.727052212 -1.097898722 2.681157112 -0.047523871 -0.523791969 -0.270564049 0.806336522
4527.414600 2.730381727 -1.107405424 2.697789907 -0.045557246 -0.524710238 -0.270763665 0.805785775
4527.451464 2.730309725 -1.113128901 2.716289997 -0.044994511 -0.523840964 -0.270080268 0.806611896
4527.488327 2.735052586 -1.123837233 2.732551813 -0.046094794 -0.522394419 -0.270523429 0.807339072
4527.525191 2.733518124 -1.134494305 2.754566193 -0.049331263 -0.522391737 -0.269806594 0.807389438
4527.562054 2.725932598 -1.136223435 2.778084755 -0.049086589 -0.523685277 -0.269613236 0.806630552
4527.598917 2.721432686 -1.144224524 2.798789024 -0.050016109 -0.526199758 -0.270575076 0.804612517
4527.635781 2.719242096 -1.152253389 2.819660664 -0.050076026 -0.529090583 -0.271326661 0.802457094
4527.672644 2.717293501 -1.159620523 2.838938713 -0.050244302 -0.529548585 -0.272372395 0.801789880
4527.709508 2.715429306 -1.166958451 2.863204479 -0.050889447 -0.529423594 -0.273710132 0.801376104
4527.746372 2.713334084 -1.174081326 2.885127306 -0.051265430 -0.527249396 -0.275877744 0.802042007
4527.783235 2.713239193 -1.184667230 2.905696630 -0.052302521 -0.523619294 -0.280238569 0.802840948
4527.820098 2.709176779 -1.191138029 2.921969891 -0.049664330 -0.519039333 -0.288278818 0.803135693
4527.856962 2.709371567 -1.200460792 2.942065954 -0.049079817 -0.516324878 -0.293616474 0.802987635
4527.893825 2.709827662 -1.207033157 2.960357666 -0.049258083 -0.513999164 -0.296210915 0.803515732
4527.930689 2.710635662 -1.213952541 2.978005171 -0.051349081 -0.513026416 -0.297392190 0.803570151
4527.967552 2.710161686 -1.218640327 2.995688438 -0.054321863 -0.514034510 -0.298615396 0.802275836
4528.004415 2.706123829 -1.221655607 3.012395382 -0.056227867 -0.517912984 -0.300331831 0.799002767
4528.041279 2.706266403 -1.223236322 3.033728123 -0.058503412 -0.525561392 -0.298794508 0.794408202
4528.078142 2.704889297 -1.227329135 3.050691605 -0.059022766 -0.532451987 -0.300523818 0.789111316
4528.115006 2.703968287 -1.231319070 3.069139004 -0.058603246 -0.538157046 -0.302596956 0.784466505
4528.151869 2.703172207 -1.235372424 3.087718487 -0.056486312 -0.542344630 -0.304745942 0.780897856
4528.188733 2.704321146 -1.243642807 3.103759289 -0.052412424 -0.544965625 -0.309323639 0.777550161
4528.225596 2.707812786 -1.252224207 3.120786667 -0.046784546 -0.548001111 -0.314391196 0.773733854
4528.262460 2.711240768 -1.260533810 3.137978554 -0.041385368 -0.551538587 -0.318846285 0.769694448
4528.299323 2.710716724 -1.264738083 3.156163216 -0.036922164 -0.556522667 -0.321869612 0.765061557
4528.336187 2.715332031 -1.277088165 3.173954487 -0.034929790 -0.562188745 -0.326597869 0.758984506
4528.373050 2.716872931 -1.283989191 3.190361023 -0.034658760 -0.566698849 -0.330548167 0.753915846
4528.409913 2.719604969 -1.286258936 3.209939480 -0.034833472 -0.573243439 -0.329377174 0.749459267
4528.446777 2.721706867 -1.297211170 3.225763798 -0.032463156 -0.580559015 -0.332857609 0.742363214
4528.483640 2.722970486 -1.309140086 3.242411137 -0.033252615 -0.586794913 -0.336563796 0.735724688
4528.520504 2.723534346 -1.314646721 3.258122921 -0.035574932 -0.591145039 -0.338528007 0.731218696
4528.557367 2.721442699 -1.325399280 3.271327734 -0.038380817 -0.595223069 -0.341678292 0.726286650
4528.594230 2.717994213 -1.331892729 3.285340309 -0.040390264 -0.600501955 -0.342325836 0.721511602
4528.631094 2.714796305 -1.337337971 3.300148010 -0.042762194 -0.606305122 -0.341357440 0.716966271
4528.667958 2.711373568 -1.344146729 3.314260483 -0.044808302 -0.611568332 -0.341429055 0.712321937
4528.704821 2.705920219 -1.353832364 3.327784777 -0.046775077 -0.616920471 -0.342097193 0.707241595
4528.741684 2.700586796 -1.360783577 3.343116999 -0.049089547 -0.622854412 -0.339768529 0.702993572
4528.778548 2.694164991 -1.367539048 3.356806278 -0.050005786 -0.628459752 -0.337858438 0.698848724
4528.815411 2.688538313 -1.372875929 3.372062206 -0.048597656 -0.634643495 -0.334939152 0.694752932
4528.852275 2.677821875 -1.376730680 3.383088589 -0.045398243 -0.638621688 -0.334349662 0.691600800
4528.889138 2.666492462 -1.379145741 3.395107269 -0.042745117 -0.641906202 -0.333982110 0.688901484
4528.926002 2.658868790 -1.388112307 3.409557581 -0.040952574 -0.645593286 -0.334566355 0.685271859
4528.962865 2.647399902 -1.392472148 3.423782825 -0.039643418 -0.650080979 -0.334372550 0.681188762
4528.999729 2.633193970 -1.398195505 3.434713602 -0.037359748 -0.654925048 -0.336371005 0.675671458
4529.036592 2.618973494 -1.403524995 3.447729826 -0.035890438 -0.659927785 -0.338239133 0.669926465
4529.073455 2.605780602 -1.412483573 3.460912704 -0.037579130 -0.663414419 -0.341351062 0.664792120
4529.110319 2.590886354 -1.415558696 3.471053600 -0.037512090 -0.666498661 -0.345538229 0.659526944
4529.147182 2.577849388 -1.425711036 3.482259274 -0.037205853 -0.670635760 -0.349892080 0.653022945
4529.184046 2.565378904 -1.432982087 3.494233608 -0.036206122 -0.674567938 -0.353748590 0.646922886
4529.220909 2.553214788 -1.440746903 3.506060600 -0.034664351 -0.677650452 -0.358393133 0.641204059
4529.257773 2.540153980 -1.443584323 3.513774157 -0.033121198 -0.678921103 -0.361535877 0.638170004
4529.294636 2.526729107 -1.448683739 3.524685383 -0.031693641 -0.681196988 -0.362824708 0.635078371
4529.331500 2.515887976 -1.462478161 3.535238743 -0.032236662 -0.682911336 -0.364870787 0.632030189
4529.368363 2.504001379 -1.462586880 3.548030615 -0.034016609 -0.684960604 -0.362909526 0.630847394
4529.405226 2.494164467 -1.466668367 3.556595802 -0.036475595 -0.686950803 -0.362253219 0.628920257
4529.442090 2.482649326 -1.471930981 3.570088148 -0.038260881 -0.692291796 -0.361969531 0.623094082
4529.478953 2.469944000 -1.477271795 3.580610991 -0.038454086 -0.697703838 -0.363137126 0.616329432
4529.515817 2.459980965 -1.476026773 3.595583916 -0.038658869 -0.703174949 -0.361273080 0.611172855
4529.552680 2.448857546 -1.478157878 3.605909348 -0.038395490 -0.705819666 -0.361652404 0.607907772
4529.589544 2.437267065 -1.487375379 3.617552280 -0.036523003 -0.708593905 -0.364765674 0.602915168
4529.626407 2.427799702 -1.491915226 3.630622149 -0.034241669 -0.712029219 -0.365383565 0.598612309
4529.663270 2.418904781 -1.504752874 3.644728661 -0.029476246 -0.717505634 -0.367347270 0.591077685
4529.700134 2.410210609 -1.507539988 3.659033537 -0.027377952 -0.722079039 -0.366931647 0.585844219
4529.736997 2.401214600 -1.508464217 3.672527552 -0.024881357 -0.726503074 -0.367536247 0.580078721
4529.773861 2.389764786 -1.513759971 3.683434486 -0.023368912 -0.730350375 -0.370044291 0.573680639
4529.810724 2.383152962 -1.522453547 3.697948933 -0.022435578 -0.735415697 -0.372122645 0.565848947
4529.847588 2.372323036 -1.528531075 3.710746288 -0.021958442 -0.740665257 -0.374773264 0.557205200
4529.884451 2.365852594 -1.536073804 3.722812653 -0.019764919 -0.745224774 -0.378288031 0.548769116
4529.921315 2.358520985 -1.546535015 3.735487461 -0.018537229 -0.748685956 -0.382558852 0.541086257
4529.958178 2.350458622 -1.550878286 3.746971846 -0.016836882 -0.751279652 -0.385682225 0.535298586
4529.995042 2.342780352 -1.560441971 3.759705544 -0.014618363 -0.754181802 -0.388065130 0.529529512
4530.031905 2.333178043 -1.566002607 3.769048452 -0.013302460 -0.756199300 -0.389756858 0.525428653
4530.068768 2.322998285 -1.572884560 3.779183865 -0.013131831 -0.758811712 -0.390926570 0.520776868
4530.105632 2.314132452 -1.578806877 3.790430784 -0.013299661 -0.762229264 -0.389844805 0.516575933
4530.142495 2.304516315 -1.584443450 3.798525095 -0.012423958 -0.765857041 -0.388899982 0.511923313
4530.179359 2.296427488 -1.592221141 3.805906057 -0.011248380 -0.769962311 -0.387312263 0.506972075
4530.216222 2.282980204 -1.597710371 3.815822601 -0.013369692 -0.774714470 -0.384575725 0.501737118
4530.253086 2.271000862 -1.605392933 3.821435452 0.012666328 0.779006124 0.383131385 -0.496184796
4530.289949 2.258574009 -1.610260725 3.829185963 0.011265019 0.783450544 0.380254954 -0.491410792
4530.326813 2.243005753 -1.611562490 3.837258339 0.008968871 0.787070572 0.376787305 -0.488334715
4530.363676 2.228242636 -1.617826462 3.843532085 0.006100567 0.788326442 0.375098020 -0.487653345
4530.400540 2.211910963 -1.622320294 3.851982594 0.002986329 0.789409935 0.372048378 -0.488265336
4530.437403 2.195920229 -1.623539925 3.857121468 -0.000212321 0.789585769 0.370414078 -0.489231706
4530.474266 2.175616264 -1.628169298 3.865052462 -0.003056922 0.791485369 0.368307173 -0.487741113
4530.511130 2.157358170 -1.634037256 3.870128632 -0.007098487 0.793992937 0.366339058 -0.485098481
4530.547993 2.139480114 -1.634760618 3.873547792 -0.009987013 0.796249449 0.364697248 -0.482579499
4530.584857 2.120419264 -1.640059471 3.877665758 -0.010197369 0.798204005 0.364054173 -0.479823917
4530.621720 2.097249508 -1.640922070 3.876174212 -0.010364543 0.801087439 0.363020331 -0.475781262
4530.658584 2.078761578 -1.649230003 3.883562803 -0.008976848 0.804308653 0.361430913 -0.471566230
4530.695447 2.061569929 -1.652376890 3.886025429 -0.009311045 0.806064725 0.361922145 -0.468172252
4530.732311 2.043601990 -1.654326200 3.890601158 -0.010203736 0.807494760 0.362733126 -0.465051353
4530.769174 2.031346321 -1.660699248 3.890790462 -0.013594498 0.807714403 0.364761591 -0.462992013
4530.806037 2.014304161 -1.664930105 3.892677546 -0.017829567 0.807426870 0.367042363 -0.461545110
4530.842901 2.000013351 -1.659791589 3.892869949 -0.022444438 0.806242049 0.367389083 -0.463136375
4530.879764 1.974900723 -1.660449982 3.898872852 -0.023869064 0.805330992 0.367835373 -0.464294523
4530.916628 1.963419080 -1.662374496 3.900149107 -0.022878384 0.803438425 0.369010329 -0.466684818
4530.953491 1.937219739 -1.663591743 3.907763243 -0.020165196 0.803388298 0.371356815 -0.465031892
4530.990355 1.918895841 -1.661355972 3.911343575 -0.019372240 0.804840386 0.374452055 -0.460045964
4531.027218 1.892608523 -1.653958082 3.913254261 -0.016178258 0.807615757 0.376829565 -0.453315020
4531.064082 1.878365517 -1.654048443 3.918165684 -0.014060386 0.810838282 0.379539251 -0.445301592
4531.100945 1.857958078 -1.653360248 3.919337749 -0.011963836 0.813510656 0.382321507 -0.438049704
4531.137808 1.838732481 -1.651779652 3.922850370 -0.011811953 0.816197574 0.384679466 -0.430933535
4531.174672 1.821431756 -1.652814865 3.927702427 -0.011569022 0.817913651 0.386818111 -0.425740808
4531.211535 1.797650695 -1.647057772 3.926976204 -0.010602495 0.818709791 0.389122397 -0.422120422
4531.248399 1.777991056 -1.644328356 3.932667255 -0.010991273 0.819548309 0.391863227 -0.417927027
4531.285262 1.759962201 -1.648251534 3.939820051 -0.009119656 0.821335733 0.393079013 -0.413295686
4531.322125 1.738773584 -1.649807096 3.945104599 -0.009221098 0.824045897 0.393829256 -0.407138526
4531.358989 1.716719627 -1.647299528 3.950376034 -0.010644292 0.826989710 0.394457430 -0.400472313
4531.395853 1.699554443 -1.650540352 3.953477859 -0.013224347 0.828460395 0.397344708 -0.394456208
4531.432716 1.677841902 -1.653097391 3.955997944 -0.013991556 0.829615891 0.399751306 -0.389539003
4531.469579 1.657248497 -1.654206276 3.962865114 -0.016473362 0.830968618 0.401770949 -0.384447575
4531.506443 1.634729147 -1.650811195 3.960420609 -0.019077031 0.831415355 0.404322535 -0.380667508
4531.543306 1.614568472 -1.652296543 3.963632107 -0.018503826 0.832645655 0.405808449 -0.376401842
4531.580170 1.596248627 -1.653231621 3.964285851 -0.018990504 0.834252656 0.408219337 -0.370160490
4531.617033 1.577977538 -1.654119849 3.964875937 -0.018681411 0.836992383 0.409972310 -0.361963391
4531.653897 1.554697156 -1.650632262 3.961040258 -0.016896192 0.839667261 0.411969334 -0.353489369
4531.690760 1.538951159 -1.653361797 3.960955143 -0.012819284 0.841881275 0.413105428 -0.347009301
4531.727623 1.521585107 -1.647623897 3.958066702 -0.010742818 0.843217790 0.414747566 -0.341837436
4531.764487 1.501344681 -1.642902255 3.955075264 -0.007999084 0.844372272 0.416612118 -0.336757809
4531.801350 1.481238008 -1.636837840 3.951958418 -0.005828147 0.844991863 0.418887287 -0.332397640
4531.838214 1.462918401 -1.635416746 3.949710369 -0.004477938 0.845453024 0.421189338 -0.328311861
4531.875077 1.439683557 -1.629703522 3.943808317 -0.003228195 0.845666051 0.423499167 -0.324787527
4531.911941 1.416537046 -1.623278499 3.940595150 -0.001931339 0.846088409 0.425450414 -0.321127117
4531.948804 1.394786954 -1.620818377 3.932927132 -0.000920842 0.846510530 0.428095073 -0.316470742
4531.985668 1.375792265 -1.607954979 3.924667358 -0.001194275 0.847405374 0.429624438 -0.311970413
4532.022531 1.356045246 -1.609273911 3.914588213 0.000824321 0.848167717 0.431639075 -0.307080626
4532.059395 1.338185549 -1.597289920 3.910337925 0.000935525 0.849750102 0.431151628 -0.303368092
4532.096258 1.312448502 -1.591684699 3.903013229 0.004747969 0.849966526 0.432448179 -0.300870329
4532.133121 1.296747804 -1.589452028 3.895530701 0.006715464 0.848784924 0.435352772 -0.299978316
4532.169985 1.278486490 -1.581695318 3.890823841 0.005319311 0.848876715 0.438063771 -0.295770377
4532.206848 1.263900042 -1.576834917 3.881088734 0.005062990 0.849612117 0.438702554 -0.292700678
4532.243712 1.244670272 -1.581279278 3.873847485 0.002997614 0.850932181 0.440226614 -0.286541313
4532.280575 1.222671032 -1.578944683 3.867580891 0.001516653 0.852129579 0.440531760 -0.282497168
4532.317439 1.205902696 -1.575453043 3.861291409 -0.000610975 0.851577759 0.441845447 -0.282112539
4532.354302 1.193345189 -1.574326873 3.858376026 -0.002208732 0.850353062 0.443389416 -0.283373654
4532.391165 1.180963039 -1.570638776 3.853356838 -0.006102533 0.849333465 0.445051670 -0.283768266
4532.428029 1.160843372 -1.570285320 3.847696304 -0.005648984 0.849337637 0.446667463 -0.281214923
4532.464893 1.137226343 -1.564696670 3.845702410 -0.003644268 0.850520134 0.447178990 -0.276827037
4532.501756 1.116517425 -1.563652754 3.838959694 -0.002293173 0.851058125 0.449351490 -0.271621197
4532.538620 1.091213703 -1.561802149 3.834662914 0.002211347 0.852748752 0.450190932 -0.264844894
4532.575483 1.075892925 -1.560605168 3.834445953 0.001326252 0.854884624 0.450469643 -0.257386059
4532.612346 1.060566664 -1.564820290 3.829572678 0.003605108 0.856327116 0.450599432 -0.252291590
4532.649210 1.041287780 -1.555583358 3.825440168 0.002187756 0.859086931 0.448539674 -0.246529847
4532.686073 1.017565012 -1.559399724 3.823055983 0.002409710 0.861730874 0.447771609 -0.238567859
4532.722937 0.997013152 -1.564651489 3.817277193 0.003294161 0.862726748 0.448746204 -0.233063459
4532.759800 0.970996141 -1.558316350 3.818060875 0.003360885 0.864738047 0.448422283 -0.226128906
4532.796664 0.958080292 -1.566592932 3.817706108 0.003453116 0.866566300 0.448192418 -0.219486743
4532.833527 0.939250469 -1.568735123 3.817341566 0.001903991 0.869489610 0.446532607 -0.211170092
4532.870390 0.917744160 -1.572540641 3.811893463 0.002307742 0.870578825 0.447257042 -0.205056891
4532.907254 0.901130795 -1.573680162 3.811290741 0.003264808 0.871133566 0.447577983 -0.201964393
4532.944117 0.883704782 -1.568507433 3.811239481 -0.000095391 0.872166514 0.447285116 -0.198145494
4532.980981 0.872351050 -1.574863553 3.809044361 -0.002129883 0.872788966 0.447376788 -0.195163801
4533.017844 0.856482506 -1.577609420 3.804780006 -0.004661165 0.873531699 0.447756708 -0.190878466
4533.054708 0.844731688 -1.579190612 3.800243378 -0.008044487 0.874017656 0.447958708 -0.188046426
4533.091571 0.827762306 -1.579573274 3.793175459 -0.006973736 0.874185741 0.448319048 -0.186442241
4533.128435 0.819272399 -1.582257748 3.793960571 -0.009487127 0.874769032 0.447749376 -0.184958324
4533.165298 0.804577351 -1.574038744 3.786763191 -0.009613989 0.875804961 0.446210176 -0.183765233
4533.202161 0.789304972 -1.571138740 3.778713226 -0.009388926 0.876486838 0.445533037 -0.182161838
4533.239025 0.779762983 -1.571332097 3.772134304 -0.009134062 0.877011240 0.444615006 -0.181893930
4533.275888 0.766735792 -1.571155787 3.764938116 -0.008650172 0.877645016 0.443489671 -0.181607530
4533.312752 0.753002048 -1.567442179 3.751775265 -0.010764963 0.877477229 0.443490624 -0.182301670
4533.349615 0.744749427 -1.562554121 3.743640423 -0.014039851 0.877697527 0.441508293 -0.185796678
4533.386478 0.731149554 -1.562849522 3.733219385 -0.017315906 0.877204597 0.441458106 -0.187954783
4533.423342 0.718835354 -1.554897904 3.720137119 -0.023148205 0.876772344 0.441199899 -0.189939573
4533.460206 0.710555017 -1.553388476 3.712211132 -0.027093286 0.876409948 0.440785050 -0.192041814
4533.497069 0.702299893 -1.549828291 3.702158928 -0.032102302 0.875817478 0.440643489 -0.194284722
4533.533932 0.696055055 -1.547899485 3.690315723 -0.038224339 0.874705017 0.441337526 -0.196599171
4533.570796 0.687751651 -1.538393497 3.680123091 -0.044264771 0.874058962 0.441037387 -0.198865965
4533.607659 0.678069532 -1.539322734 3.670847893 -0.048845701 0.873273790 0.441121966 -0.201043174
4533.644523 0.665417790 -1.528463125 3.661489964 -0.053314127 0.873221755 0.439379513 -0.203929096
4533.681386 0.665871501 -1.530214071 3.651491642 -0.058810797 0.871419191 0.440000027 -0.208734006
4533.718250 0.657950222 -1.522705078 3.643045664 -0.061863098 0.871174097 0.438800007 -0.211383998
4533.755113 0.650629222 -1.516918063 3.630438805 -0.062652051 0.870469570 0.438983172 -0.213661388
4533.791976 0.644593120 -1.512450814 3.620360374 -0.060720209 0.869498849 0.441116631 -0.213777736
4533.828840 0.638009667 -1.507259130 3.609582424 -0.055210557 0.868261635 0.444801688 -0.212661579
4533.865703 0.634032130 -1.502325177 3.599377632 -0.049543824 0.866772652 0.450141847 -0.208860993
4533.902567 0.626861095 -1.494179368 3.585243225 -0.041314185 0.865780234 0.455081463 -0.204006314
4533.939430 0.626598179 -1.485658050 3.571749210 -0.038835801 0.866158664 0.457558185 -0.197234526
4533.976294 0.622032225 -1.477523446 3.560456514 -0.037008684 0.867403924 0.457822829 -0.191413194
4534.013157 0.619091094 -1.461482763 3.548330784 -0.038509276 0.868072391 0.457149595 -0.189688310
4534.050021 0.616816878 -1.456659913 3.540258408 -0.039108567 0.866880000 0.459025592 -0.190486655
4534.086884 0.620685697 -1.453882933 3.526877880 -0.041198876 0.863069415 0.464009136 -0.195215926
4534.123748 0.612129509 -1.435688376 3.516737461 -0.043159056 0.860555649 0.467711776 -0.197045535
4534.160611 0.612859249 -1.424855471 3.507446289 -0.044999957 0.857204378 0.472664267 -0.199409559
4534.197474 0.610571861 -1.417012095 3.498534679 -0.043273579 0.854485989 0.477584362 -0.199735478
4534.234338 0.609070063 -1.402327538 3.491442204 -0.041381080 0.852914929 0.481145352 -0.198299959
4534.271201 0.613647342 -1.396287441 3.484084129 -0.039367974 0.850147724 0.486683995 -0.197072864
4534.308065 0.611094713 -1.386981249 3.477560043 -0.034607828 0.848553061 0.491098404 -0.193861648
4534.344928 0.612017572 -1.373025537 3.472952366 -0.032000974 0.846770287 0.495534599 -0.190791771
4534.381792 0.609094620 -1.359268069 3.469647884 -0.027624788 0.845134139 0.499361217 -0.188741997
4534.418655 0.616044998 -1.356828451 3.466127396 -0.024280762 0.842167497 0.504016876 -0.190082490
4534.455518 0.620284438 -1.351688743 3.464951515 -0.020382129 0.839424372 0.507445276 -0.193521410
4534.492382 0.629685283 -1.349786997 3.463912487 -0.017306367 0.836118758 0.510718703 -0.199429914
4534.529245 0.631732941 -1.340631723 3.465928078 -0.017331883 0.834149539 0.512151003 -0.203949764
4534.566109 0.643720627 -1.339656591 3.469035625 -0.018082296 0.831587076 0.513416111 -0.211044565
4534.602973 0.650589764 -1.337739229 3.469707966 -0.017356118 0.828258932 0.515885711 -0.218054771
4534.639836 0.659592688 -1.334213972 3.473548889 -0.018374832 0.825480759 0.517481029 -0.224626958
4534.676699 0.668546975 -1.330871582 3.474550724 -0.016778257 0.821342468 0.520915985 -0.231865332
4534.713563 0.684345663 -1.327028394 3.479204178 -0.017326176 0.818134069 0.523034751 -0.238308787
4534.750426 0.697758377 -1.328659773 3.483102798 -0.016523886 0.815638363 0.525484025 -0.241510943
4534.787290 0.707323551 -1.326176524 3.483241558 -0.014679646 0.813954175 0.527029037 -0.243933365
4534.824153 0.719043076 -1.329484701 3.487159967 -0.011314890 0.813366652 0.527046919 -0.246024951
4534.861017 0.739835978 -1.332811356 3.489991903 -0.012788096 0.813131213 0.525673687 -0.249642372
4534.897880 0.751042902 -1.336493492 3.490666389 -0.009965851 0.812481344 0.524814010 -0.253663212
4534.934743 0.770998240 -1.340757847 3.495692730 -0.009520746 0.812694490 0.521207929 -0.260344774
4534.971607 0.789389193 -1.350509405 3.496607780 -0.007640973 0.811425805 0.519460976 -0.267750025
4535.008470 0.806002080 -1.359155178 3.498688459 -0.005339419 0.810350060 0.517446816 -0.274869204
4535.045334 0.815975308 -1.363576889 3.501779079 0.000411686 0.809981108 0.514600873 -0.281276345
4535.082197 0.837376952 -1.374840021 3.508898258 0.003111200 0.810772777 0.511316001 -0.284945101
4535.119061 0.844430149 -1.376459360 3.508716345 0.004244081 0.813133597 0.508320570 -0.283559442
4535.155924 0.863773763 -1.386442423 3.503015995 0.004068105 0.813656390 0.506500840 -0.285313219
4535.192788 0.880690217 -1.389668703 3.510140896 0.003374039 0.816129446 0.501620770 -0.286876142
4535.229651 0.898407340 -1.397203207 3.508583546 0.000771715 0.814681888 0.502326190 -0.289760828
4535.266514 0.907413185 -1.405277610 3.507266045 0.001013558 0.813680232 0.503412604 -0.290687472
4535.303378 0.922694623 -1.407540083 3.503545046 -0.000474954 0.812599003 0.503489912 -0.293565392
4535.340241 0.939442813 -1.407367587 3.505411148 -0.003085316 0.813399255 0.501364052 -0.294968158
4535.377105 0.949453592 -1.408972979 3.501500607 -0.001807805 0.813049793 0.500184894 -0.297929257
4535.413968 0.964488626 -1.409251332 3.504453659 -0.002744176 0.813350797 0.497406662 -0.301727712
4535.450831 0.973014414 -1.406023741 3.507398605 -0.002056116 0.814158499 0.494292855 -0.304657698
4535.487695 1.001874447 -1.412105918 3.501281738 -0.001791451 0.811634243 0.493068933 -0.313256502
4535.524559 1.018877745 -1.404845834 3.506563663 -0.003234033 0.812897503 0.488654912 -0.316865206
4535.561422 1.026977301 -1.409569263 3.497794151 0.002256596 0.811651230 0.488417864 -0.320414037
4535.598285 1.047100306 -1.411909819 3.496675968 0.002527757 0.812350571 0.485213310 -0.323493779
4535.635149 1.062401533 -1.413443565 3.494121075 0.003763488 0.813320577 0.481917202 -0.325962216
4535.672012 1.080930591 -1.417246461 3.485906601 0.002113339 0.812522590 0.480924964 -0.329414278
4535.708876 1.105739832 -1.418231964 3.485576868 -0.000906120 0.811799884 0.478800178 -0.334261119
4535.745739 1.120300055 -1.418320060 3.486921787 -0.001652076 0.811390281 0.476647437 -0.338305056
4535.782603 1.147453070 -1.427205324 3.483575583 -0.003255217 0.809694827 0.475720078 -0.343619108
4535.819466 1.161433339 -1.430393934 3.479844570 -0.002447142 0.809496343 0.473722219 -0.346838385
4535.856330 1.183653593 -1.426074743 3.473493814 -0.006054691 0.810691714 0.469686866 -0.349480510
4535.893193 1.206328154 -1.427247643 3.466705322 -0.008955414 0.812762022 0.464792490 -0.351148993
4535.930056 1.222734928 -1.434080124 3.459346294 -0.008646199 0.814636588 0.460432529 -0.352554083
4535.966920 1.240004539 -1.435318708 3.454307318 -0.010665671 0.816627264 0.455839872 -0.353858948
4536.003783 1.262995601 -1.446751475 3.448844433 -0.011903046 0.817342997 0.452882826 -0.355957687
4536.040647 1.274788380 -1.447760582 3.446142673 -0.014034172 0.818309486 0.449440747 -0.358016342
4536.077510 1.296428680 -1.454212546 3.440943718 -0.015619451 0.817546308 0.446325034 -0.363549322
4536.114374 1.311773062 -1.447064400 3.444402695 -0.020634474 0.818563581 0.441424787 -0.366976857
4536.151237 1.332791090 -1.448369026 3.442245960 -0.023543691 0.817993283 0.437758207 -0.372425020
4536.188101 1.350435138 -1.446253300 3.438468456 -0.024864720 0.816574812 0.435048848 -0.378575981
4536.224964 1.375035763 -1.452092648 3.433041811 -0.026782230 0.814368546 0.432974607 -0.385512054
4536.261827 1.397480845 -1.456008792 3.433017969 -0.025638122 0.813366830 0.428040564 -0.393139035
4536.298691 1.413100600 -1.457069993 3.436576366 -0.023207176 0.812918723 0.423945248 -0.398616344
4536.335554 1.430104971 -1.453202724 3.438206673 -0.020211160 0.812810183 0.418868482 -0.404326975
4536.372418 1.454421759 -1.453889847 3.437571049 -0.017307678 0.812304080 0.415311038 -0.409120202
4536.409281 1.479057550 -1.456311464 3.438127518 -0.013158867 0.812578440 0.410889000 -0.413174868
4536.446145 1.502070665 -1.455400229 3.434914112 -0.008988227 0.812138379 0.407523811 -0.417462289
4536.483008 1.525923133 -1.457510710 3.439002275 -0.003931690 0.812271953 0.403889239 -0.420799613
4536.519871 1.552628517 -1.468641996 3.441784143 0.002741284 0.810974717 0.401176929 -0.425875068
4536.556735 1.579861879 -1.472313523 3.443165064 0.008465414 0.808101594 0.399210334 -0.433048755
4536.593598 1.605354309 -1.475699186 3.443635225 0.011909633 0.805214226 0.397113204 -0.440215081
4536.630462 1.628710985 -1.478741169 3.449769974 0.013127521 0.801933229 0.395752788 -0.447337121
4536.667325 1.652507782 -1.478649139 3.443102837 0.011972556 0.797106683 0.395131826 -0.456451952
4536.704189 1.674193859 -1.483843088 3.447017670 0.010217620 0.793243587 0.394897044 -0.463375151
4536.741052 1.703615189 -1.489477038 3.437858343 0.005905303 0.788465679 0.395754218 -0.470813811
4536.777916 1.724444151 -1.491420031 3.436098576 0.002116507 0.786545098 0.394874662 -0.474780262
4536.814779 1.746451855 -1.490170717 3.426239252 -0.001451576 0.784264207 0.394281685 -0.479029804
4536.851643 1.771014690 -1.494143963 3.417702436 -0.004920840 0.782189548 0.395116210 -0.481703728
4536.888506 1.793204069 -1.497107387 3.415603161 -0.006510255 0.780802786 0.395624399 -0.483514160
4536.925370 1.814204335 -1.492462397 3.412320852 -0.007178433 0.779184282 0.394634932 -0.486912310
4536.962233 1.832395792 -1.485052109 3.402548313 -0.007487385 0.777411759 0.393393874 -0.490730226
4536.999096 1.854309440 -1.482792854 3.402102470 -0.007694197 0.777925670 0.390243649 -0.492425054
4537.035960 1.871541500 -1.475973248 3.395962715 -0.006800676 0.778295696 0.386898249 -0.494488955
4537.072823 1.892019987 -1.471864462 3.386786699 -0.006539340 0.778053582 0.384670168 -0.496607214
4537.109687 1.911880374 -1.464307427 3.379257679 -0.005467539 0.777562499 0.381939262 -0.499488801
4537.146550 1.931628346 -1.459421515 3.373717546 0.003705563 -0.776366591 -0.379016876 0.503574669
4537.183414 1.950649977 -1.452653050 3.365984440 0.003131844 -0.774414420 -0.376216948 0.508658350
4537.220277 1.970328808 -1.448651791 3.356691360 0.001758085 -0.771948755 -0.373389035 0.514463484
4537.257141 1.998012304 -1.452008009 3.345437050 0.001089104 -0.768947303 -0.372333825 0.519698381
4537.294004 2.011577368 -1.440165997 3.337106943 0.001161795 -0.766825557 -0.371103525 0.523697734
4537.330867 2.025107861 -1.442400455 3.335242271 -0.001846525 -0.765039921 -0.371289849 0.526169538
4537.367731 2.045728207 -1.428878784 3.314875126 -0.001865233 -0.760517180 -0.373313010 0.531269789
4537.404594 2.070413113 -1.421617150 3.306911230 -0.003228769 -0.759505928 -0.371552736 0.533937216
4537.441458 2.091722012 -1.422627211 3.300612688 -0.003407439 -0.760184944 -0.370387256 0.533779383
4537.478321 2.111321926 -1.421191812 3.288879395 -0.003512203 -0.759956419 -0.370431811 0.534073174
4537.515185 2.129023075 -1.415328026 3.280040503 -0.003724444 -0.758840621 -0.371635765 0.534821451
4537.552048 2.147916794 -1.413310409 3.276226521 -0.005703652 -0.757606208 -0.371085644 0.536931753
4537.588912 2.168509007 -1.406996489 3.261266470 -0.004697202 -0.756320894 -0.369348109 0.539943159
4537.625775 2.183840990 -1.400305986 3.254407167 -0.003453550 -0.755536735 -0.366741002 0.542819798
4537.662638 2.206946850 -1.395988107 3.245497227 -0.003161489 -0.752796292 -0.364646882 0.548014939
4537.699502 2.225692272 -1.394875050 3.237331867 -0.002968851 -0.750165462 -0.362978935 0.552710712
4537.736365 2.251355171 -1.396832943 3.232946396 -0.002272219 -0.747913539 -0.360134184 0.557605147
4537.773229 2.266687155 -1.386741877 3.228989840 -0.002480182 -0.745890737 -0.356886506 0.562381387
4537.810092 2.294037342 -1.382795453 3.212891102 -0.001951256 -0.741947472 -0.354569674 0.569025934
4537.846956 2.317354441 -1.381590128 3.205099344 -0.002240615 -0.739493668 -0.351573318 0.574055970
4537.883819 2.335916042 -1.378663063 3.196218014 -0.003297100 -0.737576127 -0.348657966 0.578280449
4537.920683 2.359039783 -1.369095325 3.186000824 -0.004724710 -0.734758735 -0.344882429 0.584091961
4537.957546 2.381855011 -1.373086214 3.179741621 -0.006533321 -0.732754350 -0.342391461 0.588044584
4537.994409 2.402190447 -1.373012066 3.169069290 -0.008750175 -0.728444576 -0.341593474 0.593806207
4538.031273 2.422600269 -1.367002726 3.153754234 -0.012150702 -0.721632361 -0.342360288 0.601571739
4538.068136 2.447230339 -1.365901828 3.157288551 -0.017737264 -0.716813326 -0.340210289 0.608375788
4538.105000 2.467065096 -1.362475872 3.150632858 -0.020587515 -0.711787701 -0.339909643 0.614325464
4538.141863 2.491666555 -1.363507748 3.139709234 -0.020156892 -0.707236886 -0.340226978 0.619399130
4538.178727 2.512531281 -1.358413696 3.128020763 -0.019073572 -0.702606857 -0.338404238 0.625669479
4538.215590 2.529770613 -1.349232197 3.120394707 -0.017773556 -0.697650492 -0.337392926 0.631770432
4538.252454 2.547277212 -1.351168036 3.106622934 -0.018216386 -0.692001283 -0.337996185 0.637621343
4538.289317 2.560548067 -1.343787670 3.097740650 -0.017177444 -0.688290000 -0.338214695 0.641539216
4538.326180 2.578478098 -1.343160868 3.085640430 -0.016547952 -0.684149623 -0.340046912 0.645006597
4538.363044 2.593486071 -1.340265632 3.075006247 -0.016655333 -0.681002557 -0.339519322 0.648602188
4538.399907 2.608782053 -1.332165599 3.064622879 -0.016106157 -0.678018630 -0.336719453 0.653185546
4538.436771 2.619271755 -1.322658181 3.058879852 -0.015353165 -0.676647484 -0.333651394 0.656192899
4538.473634 2.634026527 -1.315286398 3.047882557 -0.014582386 -0.674491227 -0.330248266 0.660140097
4538.510498 2.646859407 -1.310219049 3.036513567 -0.013740063 -0.672672212 -0.327536941 0.663357317
4538.547361 2.656625748 -1.299753070 3.026442766 -0.012407276 -0.670701504 -0.324140638 0.667037010
4538.584224 2.664663315 -1.290605664 3.017685890 -0.011048780 -0.667631745 -0.320489109 0.671887279
4538.621088 2.676347971 -1.283443570 3.004570723 -0.009357477 -0.663076341 -0.317982405 0.677590907
4538.657951 2.685937166 -1.273266196 2.992585421 -0.007267459 -0.658912182 -0.313039958 0.683950245
4538.694815 2.695811272 -1.263624310 2.979486227 -0.005360854 -0.655360818 -0.306718349 0.690215468
4538.731678 2.705209970 -1.257301211 2.964047432 -0.004337035 -0.652124345 -0.301492721 0.695569694
4538.768542 2.713729858 -1.247279882 2.949885368 -0.003624883 -0.648681343 -0.298727751 0.699972272
4538.805405 2.721366167 -1.240537405 2.935278416 -0.006385297 -0.643935263 -0.297775269 0.704724431
4538.842269 2.731075764 -1.233824968 2.919410706 -0.010456128 -0.638737082 -0.297552198 0.709484577
4538.879132 2.736089945 -1.225231409 2.904523849 -0.013493990 -0.635363817 -0.295825332 0.713174701
4538.915996 2.743460655 -1.217203379 2.890373230 -0.013512352 -0.635444880 -0.290907621 0.715122402
4538.952859 2.750265360 -1.211145639 2.874737024 -0.012626176 -0.635938585 -0.286214828 0.716591775
4538.989722 2.759860039 -1.206173897 2.855766296 -0.011936229 -0.633847296 -0.283238441 0.719632685
4539.026586 2.767843246 -1.202144384 2.839617968 -0.013368598 -0.631067097 -0.281004429 0.722919226
4539.063449 2.775631189 -1.197612047 2.820525169 -0.012788444 -0.628355920 -0.278964788 0.726074338
4539.100313 2.782440186 -1.192082167 2.802272081 -0.011267668 -0.626952529 -0.278074414 0.727652490
4539.137176 2.790265322 -1.186416864 2.782697678 -0.011080062 -0.625948846 -0.278182328 0.728477836
4539.174040 2.798349619 -1.180256128 2.760119915 -0.012756247 -0.624755085 -0.278266221 0.729442477
4539.210903 2.805065632 -1.168838620 2.742276430 -0.015802898 -0.625492334 -0.276771426 0.729319632
4539.247766 2.811695099 -1.158655167 2.722534657 -0.019876627 -0.627318084 -0.275152326 0.728263736
4539.284630 2.818187714 -1.145132780 2.702004671 -0.023564823 -0.629900515 -0.272322327 0.726987362
4539.321494 2.828422308 -1.133220196 2.679356813 -0.025793597 -0.631894588 -0.270320773 0.725927353
4539.358357 2.830972910 -1.122816682 2.663273573 -0.029945716 -0.632935107 -0.268899322 0.725389242
4539.395221 2.845334530 -1.113374710 2.632791996 -0.031896576 -0.630393505 -0.269434780 0.727317989
4539.432084 2.853123665 -1.103784800 2.614480019 -0.032578383 -0.628973424 -0.269820660 0.728373408
4539.468947 2.863634825 -1.096675158 2.586485863 -0.031062391 -0.625445127 -0.270186782 0.731336176
4539.505811 2.876920700 -1.090104818 2.560032606 -0.029844251 -0.620689332 -0.269798785 0.735569656
4539.542674 2.887329578 -1.082625151 2.534336567 -0.031737462 -0.614956856 -0.270049751 0.740198612
4539.579538 2.894066811 -1.075441599 2.513861179 -0.036030781 -0.611605525 -0.270707339 0.742534876
4539.616401 2.904690742 -1.064513445 2.488160610 -0.034615494 -0.611717582 -0.271402806 0.742255986
4539.653265 2.913936853 -1.065420985 2.457671165 -0.035548378 -0.614328444 -0.269711494 0.740670323
4539.690128 2.923461437 -1.058034420 2.433593988 -0.034061316 -0.618264735 -0.268003166 0.738080502
4539.726991 2.928380966 -1.053704381 2.409286499 -0.034087602 -0.620679140 -0.266250640 0.736685872
4539.763855 2.932983398 -1.043320298 2.386397600 -0.032973226 -0.621467471 -0.265757054 0.736250043
4539.800718 2.938158274 -1.041353226 2.358924389 -0.035828777 -0.619592965 -0.266927719 0.737272263
4539.837582 2.939628124 -1.032738686 2.339947224 -0.037449103 -0.619652331 -0.267449945 0.736952543
4539.874445 2.941599369 -1.025311470 2.319643974 -0.037158072 -0.621045947 -0.267065197 0.735932946
4539.911309 2.940320492 -1.013946533 2.295867682 -0.035867069 -0.621876717 -0.265249610 0.735952139
4539.948172 2.941411495 -1.006577253 2.274210691 -0.034647789 -0.622606933 -0.263624609 0.735976994
4539.985036 2.939769745 -0.996803403 2.253491879 -0.033892997 -0.622303307 -0.261162877 0.737145722
4540.021899 2.935235977 -0.987877309 2.242988586 -0.033237502 -0.622654259 -0.258187473 0.737926960
4540.058762 2.934259892 -0.977609634 2.228321075 -0.031476557 -0.622286379 -0.255226552 0.739343166
4540.095626 2.927693844 -0.968225420 2.201348782 -0.029046327 -0.619669497 -0.253234804 0.742319465
4540.132489 2.922911167 -0.959665537 2.174044132 -0.027731901 -0.616814196 -0.251451015 0.745347917
4540.169353 2.913075447 -0.948845267 2.158338547 -0.025352418 -0.616227090 -0.249263838 0.746651769
4540.206216 2.908978939 -0.942580521 2.139906168 -0.023653554 -0.615324676 -0.246545523 0.748352408
4540.243080 2.907760620 -0.934122920 2.122643471 -0.022965543 -0.614135087 -0.242891803 0.750542641
4540.279943 2.901251554 -0.924232364 2.095524311 -0.023219777 -0.611093521 -0.240007311 0.753937662
4540.316807 2.893913746 -0.918443501 2.071618080 -0.025359903 -0.607627511 -0.237758920 0.757374704
4540.353670 2.887773514 -0.912174225 2.054604530 -0.027214555 -0.606234729 -0.234985068 0.759289682
4540.390533 2.880112171 -0.902957022 2.032802582 -0.028042916 -0.606045008 -0.231514230 0.760476232
4540.427397 2.876932859 -0.895756364 2.001369715 -0.028299076 -0.605842471 -0.228596926 0.761510015
4540.464260 2.872052431 -0.886414647 1.982620478 -0.030272143 -0.608357668 -0.225874782 0.760240138
4540.501124 2.864545584 -0.877711236 1.955840230 -0.032511014 -0.610509455 -0.223581463 0.759099841
4540.537987 2.853960037 -0.867692471 1.937073708 -0.032420099 -0.614851534 -0.220895380 0.756380677
4540.574851 2.849728823 -0.853339434 1.917411804 -0.030811984 -0.618692636 -0.217877284 0.754188001
4540.611714 2.842229128 -0.851353705 1.898766041 -0.030985082 -0.620226085 -0.218447939 0.752754927
4540.648577 2.834400892 -0.838719785 1.879451513 -0.031466272 -0.619022429 -0.218150064 0.753811359
4540.685441 2.827559948 -0.828396559 1.862707973 -0.033082489 -0.616507113 -0.218628943 0.755662560
4540.722304 2.825896502 -0.821060002 1.832092762 -0.033171076 -0.612661242 -0.219706565 0.758468747
4540.759168 2.820187092 -0.807607770 1.817220449 -0.031880610 -0.611842692 -0.218822658 0.759439766
4540.796031 2.814629555 -0.794526994 1.788182855 -0.028296135 -0.610075414 -0.218955874 0.760963619
4540.832895 2.812968969 -0.786476135 1.764415503 -0.026152790 -0.608352065 -0.217723340 0.762771487
4540.869758 2.813815117 -0.777815759 1.743475199 -0.025429951 -0.606853783 -0.215503529 0.764617562
4540.906622 2.807853937 -0.765800595 1.708866835 -0.023689235 -0.603447556 -0.214235783 0.767719209
4540.943485 2.814141273 -0.743507087 1.710986614 -0.021482255 -0.605106175 -0.208816692 0.767971754
4540.980349 2.806493998 -0.739350140 1.673968554 -0.024013354 -0.600099683 -0.207240909 0.772240222
4541.017212 2.806125641 -0.729890168 1.666630030 -0.028890645 -0.597643614 -0.203579396 0.774946988
4541.054075 2.808001518 -0.724795341 1.637076139 -0.032845218 -0.591752350 -0.201160729 0.779926062
4541.090939 2.807716370 -0.726509988 1.615369320 -0.037408553 -0.586398005 -0.198509678 0.784430921
4541.127802 2.809723139 -0.719054461 1.593033314 -0.035918090 -0.581539035 -0.195959687 0.788747072
4541.164666 2.808509350 -0.709799588 1.581560850 -0.033224609 -0.577107608 -0.192312539 0.793006182
4541.201529 2.807634354 -0.708858609 1.565365314 -0.031098666 -0.570889652 -0.189182147 0.798328280
4541.238393 2.804869890 -0.703057349 1.542427540 -0.028205955 -0.562707007 -0.187972933 0.804506958
4541.275256 2.801605701 -0.694434881 1.530245304 -0.025303926 -0.555994928 -0.188090086 0.809228897
4541.312119 2.801356077 -0.674305439 1.521794796 -0.020629389 -0.550526381 -0.188693270 0.812951386
4541.348983 2.793118000 -0.685511589 1.512235880 -0.019441903 -0.546103060 -0.191721484 0.815252304
4541.385847 2.790883064 -0.672113061 1.496248484 -0.014491188 -0.541788042 -0.191417009 0.818300247
4541.422710 2.782731533 -0.661494136 1.483765125 -0.011751139 -0.538598537 -0.190178707 0.820734739
4541.459574 2.771153212 -0.661021113 1.445046663 -0.010407706 -0.533197820 -0.189936385 0.824327588
4541.496437 2.757708073 -0.659716964 1.434114218 -0.008899319 -0.533419251 -0.187612697 0.824733973
4541.533300 2.744604349 -0.654548943 1.415612221 -0.007461975 -0.532929599 -0.184889376 0.825679243
4541.570164 2.733704090 -0.644768000 1.399359226 -0.005149628 -0.532806814 -0.181929633 0.826433301
4541.607027 2.721881390 -0.634963036 1.379835963 -0.004136873 -0.531323671 -0.178828910 0.828069031
4541.643891 2.704446077 -0.625629902 1.365451813 -0.003315871 -0.530128241 -0.175553426 0.829538405
4541.680754 2.687087059 -0.624146640 1.347731590 -0.002338848 -0.528612614 -0.174153104 0.830803156
4541.717618 2.671820164 -0.611926615 1.329913855 0.001024158 -0.527432024 -0.171008095 0.832208276
4541.754481 2.652401924 -0.604984760 1.311529636 0.004407541 -0.526182055 -0.169390336 0.833318651
4541.791344 2.634294033 -0.605542600 1.293434381 0.007037166 -0.524392009 -0.168995067 0.834508300
4541.828208 2.621721983 -0.597734690 1.284183264 0.006698985 -0.523201227 -0.165181696 0.836020708
4541.865071 2.609570265 -0.593918324 1.267565846 0.006005357 -0.521751285 -0.163656667 0.837231159
4541.901935 2.588390350 -0.581291556 1.251413107 0.006921671 -0.522219419 -0.160350680 0.837571859
4541.938798 2.572254181 -0.575873792 1.233836770 0.008386347 -0.524003386 -0.157274961 0.837027311
4541.975662 2.555039167 -0.569558382 1.220432281 0.008453901 -0.525922120 -0.154755741 0.836292505
4542.012525 2.540219307 -0.568556666 1.208915949 0.006071261 -0.527554154 -0.152916551 0.835623264
4542.049389 2.519860268 -0.561620057 1.193485498 0.006394010 -0.527789235 -0.152231276 0.835597575
4542.086252 2.507264137 -0.559407711 1.177630186 0.006766014 -0.527324319 -0.151675940 0.835988998
4542.123115 2.486678362 -0.554109752 1.159147501 0.008735901 -0.524455845 -0.153177887 0.837500036
4542.159979 2.469063520 -0.550881922 1.139187574 0.010046097 -0.519077957 -0.155180141 0.840461969
4542.196842 2.451853037 -0.545189023 1.125782490 0.011180785 -0.513371170 -0.157791793 0.843461156
4542.233706 2.425646305 -0.534931958 1.108708858 0.013349607 -0.507555485 -0.159999356 0.846527815
4542.270569 2.412851810 -0.526986897 1.093563318 0.014977281 -0.503662467 -0.159809425 0.848858476
4542.307433 2.396125317 -0.522410333 1.080701351 0.015719533 -0.501264811 -0.159596518 0.850303173
4542.344296 2.382547855 -0.517009139 1.063969254 0.015741808 -0.500326455 -0.157485843 0.851248384
4542.381160 2.368657827 -0.506957173 1.048531890 0.015292402 -0.500076354 -0.154540271 0.851943076
4542.418023 2.354520321 -0.498812377 1.031497717 0.014503027 -0.499919266 -0.152255744 0.852460325
4542.454886 2.344139099 -0.492410213 1.014307976 0.014117532 -0.499497741 -0.149064362 0.853277504
4542.491750 2.328405619 -0.484885871 1.001027346 0.014049761 -0.496842891 -0.147559375 0.855088294
4542.528613 2.317790508 -0.480646431 0.980875850 0.012451211 -0.491161048 -0.145614445 0.858721256
4542.565477 2.311926365 -0.475886941 0.964996457 0.012872432 -0.484835953 -0.144056603 0.862563670
4542.602340 2.293508053 -0.469987571 0.951855242 0.012076966 -0.476904213 -0.141193449 0.867456615
4542.639204 2.283486605 -0.465362430 0.941396415 0.012400269 -0.470711052 -0.138252541 0.871299982
4542.676067 2.272127628 -0.458549440 0.919714987 0.014815555 -0.463446826 -0.136317149 0.875451446
4542.712931 2.257750988 -0.457422972 0.906879365 0.015970357 -0.457936227 -0.134737894 0.878569901
4542.749794 2.248119593 -0.453616858 0.892773330 0.017729910 -0.453249812 -0.132029548 0.881373048
4542.786657 2.233230352 -0.451206177 0.874228477 0.018772237 -0.447796285 -0.131576344 0.884202361
4542.823521 2.217827320 -0.443204463 0.865320027 0.018659765 -0.444461703 -0.129545674 0.886184871
4542.860384 2.204143047 -0.439592212 0.851853013 0.018744739 -0.442342103 -0.126652867 0.887660503
4542.897248 2.188276291 -0.440427721 0.841364622 0.019800473 -0.441900998 -0.123840004 0.888253987
4542.934111 2.168314457 -0.436756253 0.833747447 0.021519572 -0.441999584 -0.121166848 0.888533533
4542.970975 2.147511482 -0.429064184 0.826405048 0.023309534 -0.441794038 -0.118529573 0.888946235
4543.007838 2.130201340 -0.427275360 0.814239204 0.024103910 -0.441406608 -0.117732294 0.889223397
4543.044702 2.100915909 -0.422443360 0.806859434 0.026645631 -0.440022588 -0.118027762 0.889797509
4543.081565 2.083337307 -0.415255845 0.799593806 0.028320391 -0.438819885 -0.116171360 0.890583694
4543.118428 2.054841042 -0.411940187 0.786654830 0.029008549 -0.435302675 -0.115440063 0.892380893
4543.155292 2.035499096 -0.409209251 0.784764230 0.028519699 -0.434288472 -0.113479786 0.893141925
4543.192155 2.011321783 -0.405963778 0.773377478 0.029989906 -0.434003115 -0.112318620 0.893379211
4543.229019 1.985734820 -0.398665130 0.767528057 0.033419520 -0.435591817 -0.110939018 0.892656386
4543.265882 1.961005449 -0.393980980 0.761831224 0.034367524 -0.437014937 -0.109590858 0.892091155
4543.302746 1.937404871 -0.393082261 0.753397107 0.033219598 -0.437041849 -0.108642831 0.892237425
4543.339609 1.908104897 -0.391688317 0.748787582 0.030992394 -0.436027795 -0.107136764 0.892995477
4543.376472 1.883284092 -0.386664838 0.740483105 0.029782379 -0.434798688 -0.104346223 0.893965840
4543.413336 1.858195543 -0.384683967 0.740757167 0.027726619 -0.434874445 -0.102167360 0.894246757
4543.450199 1.831056833 -0.381541967 0.737905264 0.023504974 -0.434769332 -0.101772852 0.894463778
4543.487063 1.810636759 -0.381152213 0.728246272 0.018579802 -0.435099989 -0.103593811 0.894209743
4543.523926 1.789926887 -0.382419646 0.722142398 0.013883638 -0.437165141 -0.106215127 0.892979443
4543.560790 1.767750859 -0.378592163 0.717408895 0.011156545 -0.439474642 -0.107427202 0.891738176
4543.597653 1.751871347 -0.373615205 0.712039053 0.008829176 -0.440119773 -0.108798563 0.891279697
4543.634517 1.732399940 -0.370600849 0.707207024 0.006452289 -0.438824356 -0.110088736 0.891780257
4543.671380 1.713323355 -0.368222237 0.702616990 0.005882149 -0.435295016 -0.111908995 0.893286049
4543.708244 1.695895553 -0.359669745 0.699507713 0.005907193 -0.430262089 -0.111387245 0.895785987
4543.745107 1.681128740 -0.356593490 0.690586150 0.006022760 -0.424124926 -0.111174718 0.898733497
4543.781971 1.666465044 -0.350146413 0.683995843 0.007019046 -0.418497652 -0.109736301 0.901536703
4543.818834 1.649745822 -0.346138060 0.676920354 0.008500880 -0.414011657 -0.108064733 0.903794289
4543.855697 1.640986800 -0.342168272 0.666208863 0.009202440 -0.410614491 -0.105478279 0.905640841
4543.892561 1.620994091 -0.334921390 0.655266523 0.010894831 -0.407643318 -0.104177564 0.907113671
4543.929424 1.608150244 -0.331826061 0.640379131 0.012312417 -0.406177074 -0.102996193 0.907887876
4543.966288 1.590176463 -0.325835526 0.627385318 0.015111432 -0.404549390 -0.101006173 0.908795476
4544.003151 1.578095436 -0.324441075 0.611898541 0.016042622 -0.402018607 -0.097365469 0.910298645
4544.040015 1.566317797 -0.323974311 0.596394956 0.016761266 -0.398590297 -0.093843870 0.912161291
4544.076878 1.542642832 -0.312402457 0.578750491 0.021340236 -0.392106473 -0.089987352 0.915259182
4544.113742 1.530578613 -0.311588109 0.563384533 0.024621924 -0.386898577 -0.086203285 0.917753935
4544.150605 1.516777754 -0.306528568 0.547347665 0.027899295 -0.380473763 -0.083043322 0.920633018
4544.187468 1.502478123 -0.307377994 0.528919339 0.030047884 -0.373634100 -0.081756659 0.923477411
4544.224332 1.488334179 -0.306872398 0.515661836 0.031464756 -0.368428141 -0.079897553 0.925681949
4544.261195 1.477089405 -0.306036174 0.505387664 0.033419043 -0.365545720 -0.079038583 0.926829219
4544.298059 1.455975294 -0.300081909 0.490240693 0.036326393 -0.362526298 -0.079192586 0.927892029
4544.334922 1.438843250 -0.301812410 0.479864687 0.038250320 -0.361210316 -0.080975413 0.928174019
4544.371786 1.421514750 -0.297002643 0.465918899 0.039824627 -0.358772039 -0.081403553 0.929015636
4544.408649 1.407968044 -0.296592563 0.455487162 0.040881120 -0.356486738 -0.082559936 0.929747164
4544.445513 1.381262302 -0.292569906 0.447174996 0.041842822 -0.353151947 -0.083229728 0.930916607
4544.482376 1.363840342 -0.289707154 0.438386708 0.043802220 -0.352402449 -0.083266899 0.931107163
4544.519239 1.344008446 -0.284341633 0.430711746 0.047420036 -0.352271378 -0.082340457 0.931061924
4544.556103 1.322282076 -0.280112803 0.423147172 0.051877797 -0.352794677 -0.081244104 0.930722296
4544.592967 1.299997330 -0.277598828 0.416086614 0.055632479 -0.353650153 -0.080381587 0.930255532
4544.629830 1.275365949 -0.274535179 0.408970892 0.057969466 -0.353850603 -0.079193316 0.930138588
4544.666693 1.254457831 -0.274847895 0.403507680 0.057047632 -0.352877259 -0.079082973 0.930574596
4544.703557 1.233326793 -0.272030085 0.397216618 0.056814402 -0.351209551 -0.077214025 0.931376398
4544.740420 1.205343962 -0.269864470 0.392503053 0.058350556 -0.348880649 -0.074446894 0.932381451
4544.777284 1.183139563 -0.270340979 0.389321923 0.061086982 -0.347785383 -0.072480671 0.932770193
4544.814147 1.157565236 -0.270091832 0.389113098 0.063762300 -0.347343802 -0.070135228 0.932934999
4544.851010 1.134799838 -0.269413531 0.383870035 0.064042553 -0.345728815 -0.066458359 0.933784485
4544.887874 1.110345006 -0.268346488 0.382904649 0.063676633 -0.344479620 -0.061188590 0.934630990
4544.924737 1.089264035 -0.269833684 0.380030125 0.064557724 -0.343254685 -0.056892980 0.935292304
4544.961601 1.063058019 -0.271226168 0.380337477 0.065094098 -0.341820091 -0.053218573 0.935996532
4544.998464 1.039737105 -0.272566319 0.378136635 0.064054877 -0.339428574 -0.052388392 0.936984897
4545.035328 1.017933726 -0.271750867 0.374967664 0.062322445 -0.337258905 -0.052273110 0.937891185
4545.072191 0.995407701 -0.272738695 0.373084813 0.060531344 -0.335544139 -0.054935496 0.938471198
4545.109055 0.974094093 -0.272922426 0.370815992 0.059993356 -0.333290875 -0.058236569 0.939109385
4545.145918 0.951160133 -0.271552831 0.368037760 0.059904125 -0.330178648 -0.060166724 0.940092325
4545.182781 0.930606306 -0.269522816 0.364958465 0.061406545 -0.326860338 -0.062322810 0.941014051
4545.219645 0.911768019 -0.266950786 0.358835340 0.062529787 -0.322556585 -0.063733578 0.942329705
4545.256508 0.890252292 -0.263297617 0.354492307 0.063254461 -0.318370879 -0.065152362 0.943606913
4545.293372 0.869108856 -0.258163810 0.347743988 0.063785270 -0.314240843 -0.065956891 0.944898844
4545.330235 0.849577308 -0.253006339 0.339952946 0.064907677 -0.311209470 -0.069108553 0.945600152
4545.367099 0.828209281 -0.247129157 0.332580030 0.066389687 -0.309032619 -0.070164047 0.946133316
4545.403962 0.807052791 -0.238237858 0.324056119 0.068528496 -0.306713283 -0.070683084 0.946696758
4545.440825 0.782441258 -0.233178958 0.317595363 0.067436375 -0.303022027 -0.072009392 0.947863221
4545.477689 0.763251424 -0.226127520 0.306946129 0.067652069 -0.298482180 -0.073390149 0.949181437
4545.514552 0.742650390 -0.220223129 0.296987832 0.067448430 -0.292857498 -0.073724166 0.950920582
4545.551416 0.723880768 -0.213523477 0.285835147 0.067446887 -0.285942674 -0.073366672 0.953050375
4545.588279 0.708237290 -0.209464490 0.276430547 0.066510156 -0.279254705 -0.073723227 0.955069661
4545.625143 0.688873529 -0.208205268 0.263968825 0.064499617 -0.270596534 -0.075513393 0.957556784
4545.662006 0.669986963 -0.205477759 0.253833652 0.063952670 -0.262910753 -0.075701363 0.959717274
4545.698870 0.652916074 -0.203860790 0.242271185 0.066542380 -0.257025063 -0.077734664 0.960972190
4545.735733 0.636382103 -0.202887043 0.231835663 0.071542732 -0.252197564 -0.078175977 0.961855769
4545.772597 0.617878199 -0.204629540 0.223510981 0.076147720 -0.247772187 -0.078583248 0.962618887
4545.809460 0.602579117 -0.204059049 0.216046631 0.079089858 -0.244357929 -0.078284413 0.963278532
4545.846323 0.585837483 -0.205650344 0.208942086 0.079310358 -0.241995260 -0.079126187 0.963787913
4545.883187 0.568106353 -0.205719784 0.202475622 0.079807028 -0.240862221 -0.080757856 0.963895440
4545.920050 0.549612522 -0.207526594 0.198927730 0.079371542 -0.241625190 -0.083049603 0.963545620
4545.956914 0.536996782 -0.205546826 0.195142001 0.080068044 -0.245034069 -0.083523124 0.962585747
4545.993777 0.522016525 -0.206540927 0.193850920 0.079931460 -0.247595310 -0.084572807 0.961849749
4546.030641 0.503465652 -0.208603010 0.194272965 0.079555959 -0.248903602 -0.084484942 0.961550891
4546.067504 0.488597691 -0.209175184 0.197503224 0.079776406 -0.249819309 -0.084336817 0.961308122
4546.104367 0.476754189 -0.206469893 0.200406909 0.079987139 -0.249552578 -0.082449012 0.961523652
4546.141231 0.461741239 -0.206950054 0.205479130 0.077883393 -0.246297419 -0.081493415 0.962616503
4546.178095 0.448541403 -0.203854024 0.210825160 0.077514701 -0.243199453 -0.080085859 0.963551641
4546.214958 0.436698765 -0.199105620 0.218692407 0.077689543 -0.240756765 -0.077857368 0.964333296
4546.251822 0.422371089 -0.197409630 0.226759076 0.073629603 -0.237117022 -0.077757478 0.965560973
4546.288685 0.411269546 -0.194883779 0.239050090 0.068366781 -0.236257374 -0.078443751 0.966103017
4546.325548 0.399551451 -0.191189528 0.248424128 0.061244931 -0.235325903 -0.076860085 0.966935039
4546.362412 0.386384159 -0.185321480 0.257161558 0.054498490 -0.235184759 -0.075756580 0.967460096
4546.399275 0.376590341 -0.177391648 0.265914321 0.048820790 -0.237160176 -0.072443545 0.967534781
4546.436139 0.368795455 -0.171804100 0.278932273 0.041973993 -0.241493911 -0.074393734 0.966635644
4546.473002 0.359065682 -0.164902627 0.289124280 0.033038996 -0.242075548 -0.074804150 0.966805160
4546.509866 0.351556391 -0.160812825 0.299568772 0.021079024 -0.241058901 -0.075467102 0.967342198
4546.546729 0.341920644 -0.157053918 0.310396791 0.006965573 -0.236027360 -0.076151088 0.968733013
4546.583592 0.336934775 -0.144808054 0.316003561 -0.000365666 -0.229822040 -0.080637731 0.969886184
4546.620456 0.328549445 -0.130439684 0.320665568 -0.006459943 -0.219708577 -0.083370745 0.971975148
4546.657319 0.324149936 -0.123193167 0.327281564 -0.014649347 -0.212490290 -0.088863671 0.973003864
4546.694183 0.320387095 -0.111630283 0.328707755 -0.019208767 -0.204196721 -0.092183724 0.974390507
4546.731046 0.319875240 -0.097483985 0.329674959 -0.022282057 -0.199199155 -0.093102410 0.975271821
4546.767910 0.319050282 -0.090268359 0.330743015 -0.025859877 -0.196687281 -0.097083665 0.975305200
