0.000000 0.000000000 0.000000000 0.000000000 0.000000000 0.000000000 0.000000000 1.000000000
1.000000 -0.000524917 0.000992350 0.000126053 0.001963065 -0.000531092 0.000447352 0.999997854
2.000000 -0.001236361 -0.000177967 0.000126913 0.002242627 -0.000487836 0.000458242 0.999997258
3.000000 -0.002158448 0.001300542 -0.000982310 0.000556601 -0.000554024 0.000324919 0.999999642
4.000000 -0.001443599 0.003984340 -0.000791016 0.000932155 -0.000141843 -0.000092346 0.999999523
5.000000 0.000756563 0.001748358 -0.000507814 0.000300041 -0.000152353 -0.000434424 0.999999821
6.000000 -0.000267934 0.000814761 -0.001293562 -0.001138718 0.000240253 -0.000693760 0.999999106
7.000000 -0.002580891 0.002208560 -0.000170381 -0.001681077 0.000940418 -0.000245500 0.999998093
8.000000 -0.003454370 0.001626765 -0.000890529 -0.001029093 0.000970611 -0.000372998 0.999998927
9.000000 -0.003274112 0.003025800 -0.001256551 -0.000406776 0.000957269 -0.000488682 0.999999344
10.000000 -0.002398273 0.001469101 -0.000873227 -0.001372331 0.000763239 -0.000316451 0.999998689
11.000000 0.002223239 -0.001206286 0.000154031 -0.001585403 -0.000234856 -0.000256814 0.999998689
12.000000 -0.000446238 -0.000155326 0.000516757 -0.000098307 0.000361641 -0.000067474 0.999999940
13.000000 -0.000732325 -0.000662547 0.000151472 0.000812841 0.000342094 0.000489538 0.999999464
14.000000 -0.005072531 0.000026898 0.000572569 0.001654577 0.001126345 0.001097998 0.999997377
15.000000 0.000667291 0.000308762 0.001089379 0.002447498 -0.000570055 0.001071596 0.999996245
16.000000 -0.001188017 0.000945365 0.000531514 0.002826343 -0.000220342 0.001269571 0.999995172
17.000000 0.000139337 0.000736389 0.000189037 0.002898222 -0.000849929 0.001132023 0.999994814
18.000000 0.000669369 0.000775417 0.000697273 0.002425303 -0.001110310 0.000514119 0.999996305
19.000000 -0.002290634 0.002137571 0.000690437 0.002410743 -0.000319666 -0.000487753 0.999996901
20.000000 -0.000973681 0.000225854 -0.000015429 0.001074545 -0.000444299 -0.001102976 0.999998689
21.000000 -0.000682114 0.001465367 0.000191331 0.000897894 -0.000443575 -0.001575764 0.999998271
22.000000 -0.002169697 0.000503133 -0.000398026 0.000425548 -0.000101302 -0.001859516 0.999998152
23.000000 -0.003585883 -0.000589625 -0.000322794 -0.000352370 0.000113753 -0.002159796 0.999997616
24.000000 -0.002783021 -0.002301149 -0.000140655 -0.000911425 -0.000175153 -0.002316687 0.999996901
25.000000 -0.004515817 0.000114833 -0.000397128 -0.000234414 -0.000313626 -0.002414853 0.999997020
26.000000 -0.003329644 0.002558685 -0.000542122 0.000692727 -0.000651501 -0.002463739 0.999996483
27.000000 -0.002867740 0.002552513 -0.000545160 0.000758805 -0.000714262 -0.002942329 0.999995112
28.000000 -0.001747044 0.001118399 0.000641208 0.000214049 -0.000900918 -0.003141315 0.999994636
29.000000 -0.004831374 0.000845672 0.000265051 0.000233852 -0.000262063 -0.003435295 0.999994040
30.000000 -0.002039833 -0.001521507 0.000209851 0.000080580 -0.000750017 -0.003906906 0.999992073
31.000000 -0.003316727 0.002330984 0.000101335 0.000983363 -0.000329846 -0.003752139 0.999992430
32.000000 -0.005194828 0.001725130 0.000280296 0.000024484 0.000012014 -0.004248667 0.999990940
33.000000 -0.003217669 0.003969702 0.000181349 0.000704002 -0.000561086 -0.004427462 0.999989808
34.000000 -0.002273562 0.006513143 -0.000736077 0.001134529 -0.000595435 -0.004760127 0.999987841
35.000000 -0.007719129 -0.000099240 0.000513593 -0.001166673 0.001208531 -0.005136343 0.999985397
36.000000 -0.004900374 0.004512346 0.000714654 -0.000414532 0.001435657 -0.005329906 0.999984682
37.000000 -0.005596834 0.003229324 0.000190266 -0.000698400 0.002488917 -0.005222169 0.999983013
38.000000 -0.004056884 0.004081333 -0.000196226 -0.000961581 0.003333673 -0.005090595 0.999981046
39.000000 -0.005546367 0.003671062 0.000386049 -0.003048095 0.004439492 -0.004049514 0.999977291
40.000000 -0.004839215 0.002988470 0.000952168 -0.004028281 0.004554824 -0.003000712 0.999976993
41.000000 -0.004370139 -0.001595014 0.002252458 -0.004472373 0.004644133 -0.002078372 0.999977052
42.000000 -0.004240170 -0.000052452 0.002198073 -0.004038336 0.004891179 -0.001515745 0.999978721
43.000000 -0.007100711 -0.000559725 0.002863792 -0.003911329 0.005899172 -0.001129958 0.999974310
44.000000 -0.004560609 0.001858691 0.003004050 -0.002495219 0.006071032 -0.001795873 0.999976814
45.000000 -0.005170313 -0.000908829 0.004354703 -0.002994435 0.006941595 -0.002893755 0.999967217
46.000000 -0.006950252 -0.001059882 0.004504048 -0.004032944 0.008383639 -0.004097526 0.999948323
47.000000 -0.005698320 0.000878628 0.006782552 -0.004394396 0.009049756 -0.005811116 0.999932468
48.000000 -0.005137778 0.000571736 0.007280874 -0.005059991 0.009162299 -0.007583627 0.999916434
49.000000 -0.004432180 0.002215255 0.008079851 -0.006756281 0.009264802 -0.009454291 0.999889553
50.000000 -0.006542838 0.006830417 0.009647808 -0.007092270 0.010171228 -0.011205762 0.999860287
51.000000 -0.004424431 0.003694345 0.012082152 -0.008527668 0.009532907 -0.012949245 0.999834359
52.000000 -0.004746395 0.005733482 0.012844731 -0.008575307 0.009322915 -0.014136385 0.999819815
53.000000 -0.004409765 0.004372704 0.015446015 -0.010452794 0.009182574 -0.014999902 0.999790668
54.000000 -0.003062805 0.003479819 0.018366039 -0.012128108 0.008600689 -0.016154498 0.999758959
55.000000 -0.001116444 0.007106664 0.020471189 -0.011945518 0.007003067 -0.016845701 0.999762177
56.000000 0.002250018 0.007048378 0.022999469 -0.011923207 0.004516070 -0.017369969 0.999767840
57.000000 0.002229113 0.005164573 0.025214989 -0.012090342 0.003126370 -0.018918779 0.999743044
58.000000 0.001429829 0.006883153 0.026872644 -0.009818899 0.001893542 -0.020137673 0.999747217
59.000000 0.004841868 0.004505061 0.030648075 -0.009131037 -0.000246990 -0.022904575 0.999695897
60.000000 0.003554956 0.004758905 0.034008846 -0.009187344 -0.001111116 -0.025115205 0.999641716
61.000000 0.004645631 0.004730643 0.036554836 -0.008834948 -0.002732954 -0.027529510 0.999578178
62.000000 0.004906262 0.005641107 0.038587783 -0.008200126 -0.004679541 -0.029667011 0.999515235
63.000000 0.007291053 0.002105416 0.042726427 -0.009111535 -0.007512053 -0.031984642 0.999418616
64.000000 0.009725664 0.003829392 0.044584084 -0.008415088 -0.010426573 -0.034187227 0.999325633
65.000000 0.012018112 0.005582999 0.047554817 -0.008484057 -0.013193571 -0.037447464 0.999175489
66.000000 0.013838395 0.003449035 0.050400104 -0.010066188 -0.015853710 -0.040434293 0.999005675
67.000000 0.012524031 0.002872238 0.053082790 -0.008281417 -0.017783483 -0.044093803 0.998834789
68.000000 0.017645391 0.004592511 0.056248773 -0.006161708 -0.021574430 -0.047616795 0.998613656
69.000000 0.017794717 0.004860096 0.059300806 -0.005792200 -0.024255961 -0.049913209 0.998442173
70.000000 0.017721750 0.002878997 0.062166572 -0.006754368 -0.026976040 -0.051698074 0.998275518
71.000000 0.020507939 0.007375348 0.064593181 -0.005128531 -0.030653907 -0.052605540 0.998131633
72.000000 0.020524401 0.006613055 0.067416281 -0.005702909 -0.033276375 -0.053810239 0.997980297
73.000000 0.025236905 0.006544102 0.069426328 -0.006327416 -0.037557431 -0.055452626 0.997734666
74.000000 0.025317919 0.004881236 0.072538659 -0.005785287 -0.040918265 -0.057544783 0.997487247
75.000000 0.027192885 0.009968495 0.074396789 -0.003255611 -0.044918552 -0.060209468 0.997169256
76.000000 0.028735008 0.006286222 0.077553056 -0.004859024 -0.048715536 -0.062943086 0.996815622
77.000000 0.030170560 0.006072642 0.079692669 -0.006318685 -0.052552693 -0.066565618 0.996377110
78.000000 0.033890698 0.006385734 0.083297595 -0.005943937 -0.056271024 -0.069738932 0.995959222
79.000000 0.032559082 0.006283596 0.084820747 -0.005564997 -0.059285231 -0.072468735 0.995591581
80.000000 0.034662154 0.006060386 0.086903766 -0.006489593 -0.064103708 -0.075647756 0.995050788
81.000000 0.037696805 0.006024826 0.090211280 -0.007027488 -0.068959855 -0.079160862 0.994448960
82.000000 0.034346744 0.007593649 0.091647357 -0.007578125 -0.072426915 -0.082125261 0.993957937
83.000000 0.038643077 0.010702287 0.095166057 -0.008708742 -0.077530541 -0.085279897 0.993297756
84.000000 0.039432768 0.008654058 0.097851872 -0.010854088 -0.081934437 -0.087747790 0.992708027
85.000000 0.037493590 0.012735698 0.099717356 -0.010447795 -0.085805416 -0.089953378 0.992187798
86.000000 0.040725797 0.010846103 0.103030294 -0.011191758 -0.091120765 -0.092971876 0.991427243
87.000000 0.040187456 0.014696909 0.105184078 -0.010130177 -0.095038056 -0.095422044 0.990837932
88.000000 0.038993493 0.012212468 0.107169241 -0.010928198 -0.098293550 -0.098149359 0.990245283
89.000000 0.042818949 0.009987704 0.111683384 -0.011006426 -0.102772765 -0.100813083 0.989521742
90.000000 0.044912994 0.008771324 0.114488527 -0.010471665 -0.106988415 -0.104294427 0.988719642
91.000000 0.045571275 0.010191891 0.117168956 -0.010130081 -0.110315897 -0.107118420 0.988055348
92.000000 0.041434944 0.011211049 0.119342357 -0.010373862 -0.112572283 -0.108731627 0.987622023
93.000000 0.046326246 0.012324182 0.122907147 -0.010852500 -0.117665820 -0.110034756 0.986878574
94.000000 0.043289520 0.008798107 0.126628399 -0.012477878 -0.121284433 -0.111288652 0.986280501
95.000000 0.046838678 0.006344218 0.130788580 -0.014181747 -0.127119109 -0.113588586 0.985259950
96.000000 0.048736908 0.005332243 0.134479925 -0.014837012 -0.132485911 -0.116586357 0.984192550
97.000000 0.049365509 0.003759809 0.137868404 -0.013790167 -0.136946708 -0.119931385 0.983194768
98.000000 0.048967775 0.005828202 0.139840961 -0.012822847 -0.140960872 -0.123124264 0.982245386
99.000000 0.052868478 0.009290189 0.142664090 -0.011180583 -0.146040380 -0.126763180 0.981059790
100.000000 0.046718292 0.001063063 0.147120535 -0.011040932 -0.149044171 -0.128816798 0.980341852
101.000000 0.051992219 0.001564565 0.150963098 -0.008343586 -0.154571295 -0.130952507 0.979229033
102.000000 0.050979935 0.000644869 0.154739290 -0.006719927 -0.158956558 -0.132903665 0.978276134
103.000000 0.053119469 0.000102704 0.157427415 -0.003890101 -0.164394662 -0.134724200 0.977143109
104.000000 0.054243673 0.001735948 0.160580277 -0.001060982 -0.168711305 -0.136596873 0.976153970
105.000000 0.052966345 0.000682232 0.162743047 0.001041688 -0.172343895 -0.138264358 0.975284278
106.000000 0.056645345 -0.001188705 0.166967928 0.003165592 -0.177408546 -0.139452443 0.974201858
107.000000 0.054027561 -0.001368989 0.168795243 0.004150013 -0.180790320 -0.140578389 0.973414302
108.000000 0.054010108 -0.002168945 0.170417190 0.005858535 -0.185156137 -0.141840667 0.972401202
109.000000 0.052812174 -0.003630707 0.172091857 0.008206873 -0.189927027 -0.142261013 0.971402168
110.000000 0.054798894 -0.000490818 0.176073790 0.011683547 -0.196448550 -0.141441107 0.970188558
111.000000 0.054382518 -0.002982421 0.179147989 0.013160285 -0.202629864 -0.141243204 0.968926370
112.000000 0.051853854 0.000565501 0.178159744 0.015878988 -0.207765311 -0.141463280 0.967765272
113.000000 0.054564577 -0.000247008 0.182249904 0.018282343 -0.214593783 -0.141698897 0.966197014
114.000000 0.058306638 -0.005276332 0.187745363 0.018651975 -0.221625909 -0.141907379 0.964570522
115.000000 0.055675521 -0.003965751 0.187788770 0.020486422 -0.226339504 -0.143079460 0.963264763
116.000000 0.056366965 -0.004404652 0.191764325 0.022101339 -0.232098877 -0.143253803 0.961831570
117.000000 0.057412557 -0.004286578 0.194788218 0.023276389 -0.239008233 -0.143652111 0.960050702
118.000000 0.057872266 -0.002794241 0.197452843 0.025392443 -0.246153787 -0.143709242 0.958181202
119.000000 0.057434008 -0.005012726 0.201166913 0.026485346 -0.252446443 -0.143921092 0.956481099
120.000000 0.058640599 -0.004424348 0.204459697 0.027907353 -0.259127021 -0.144846857 0.954512358
121.000000 0.058091365 -0.002947982 0.208173335 0.029812885 -0.265887201 -0.146411851 0.952354312
122.000000 0.059203133 -0.003780214 0.212999701 0.030885400 -0.273024768 -0.147054344 0.950199246
123.000000 0.059432343 -0.004485765 0.215653837 0.032089673 -0.279324263 -0.147653386 0.948233485
124.000000 0.060139798 -0.004347321 0.218673527 0.033497691 -0.286172479 -0.147865698 0.946107268
125.000000 0.058692180 -0.004264777 0.222590730 0.035145666 -0.292399108 -0.148937881 0.943973005
126.000000 0.059512734 -0.007876566 0.227286801 0.035186596 -0.298988491 -0.150425375 0.941668689
127.000000 0.059994601 -0.007280213 0.229789972 0.036450211 -0.304970443 -0.152594835 0.939350426
128.000000 0.060962796 -0.005630501 0.232117325 0.038546741 -0.310913295 -0.153212994 0.937215447
129.000000 0.060519241 -0.003348677 0.233391613 0.039395716 -0.316091955 -0.154356182 0.935258269
130.000000 0.062670633 -0.005331224 0.237144351 0.037973426 -0.322212398 -0.155396372 0.933053672
131.000000 0.061173126 -0.005342792 0.239278674 0.037534446 -0.327975690 -0.155893445 0.930978179
132.000000 0.063339740 -0.004437437 0.242870107 0.037971009 -0.334669858 -0.156988472 0.928390503
133.000000 0.061766483 -0.005291678 0.244203389 0.037343513 -0.340492427 -0.158959791 0.925960124
134.000000 0.064030230 -0.007245670 0.248445839 0.038040284 -0.347448289 -0.160397932 0.923095405
135.000000 0.063735634 -0.003185521 0.249803483 0.039308432 -0.353922874 -0.161862299 0.920322776
136.000000 0.063418970 -0.002221568 0.249769360 0.038714245 -0.360481411 -0.163111985 0.917577744
137.000000 0.065627068 -0.003962728 0.253029376 0.037484396 -0.367574990 -0.163244426 0.914786756
138.000000 0.066196471 -0.004425923 0.258117288 0.037256721 -0.375286520 -0.162314415 0.911825657
139.000000 0.065857470 -0.003600448 0.258596122 0.037525807 -0.382946581 -0.161349639 0.908795893
140.000000 0.065648288 -0.004712107 0.261822313 0.034843847 -0.397918284 -0.160787493 0.902548790
141.000000 0.067109488 -0.005267558 0.264541626 0.034138542 -0.406316549 -0.159404188 0.899072707
142.000000 0.064923868 -0.004610474 0.265175045 0.032877743 -0.413590342 -0.158341244 0.895985603
143.000000 0.064946458 -0.003707606 0.265987307 0.031852201 -0.420726091 -0.157117143 0.892910540
144.000000 0.065971978 -0.003438354 0.268653095 0.031602670 -0.428120315 -0.155958816 0.889601648
145.000000 0.062799767 -0.002520957 0.268451095 0.032390527 -0.434495598 -0.154884920 0.886665165
146.000000 0.065549418 -0.003553438 0.274433613 0.033462293 -0.442979604 -0.154021233 0.882568300
147.000000 0.062942013 -0.003940514 0.274522424 0.032927651 -0.449212760 -0.154185653 0.879403472
148.000000 0.063280351 -0.004622268 0.278132677 0.032246388 -0.456558049 -0.154383197 0.875603139
149.000000 0.061834276 -0.000005816 0.276961178 0.032728288 -0.462731391 -0.153903231 0.872423232
150.000000 0.060419865 -0.004979840 0.281346381 0.031441156 -0.469438106 -0.154497683 0.868774891
151.000000 0.061173402 -0.002497258 0.283062667 0.031999767 -0.476041317 -0.153856769 0.865268052
152.000000 0.060096748 -0.003241835 0.286459029 0.032333117 -0.483272552 -0.153479874 0.861304939
153.000000 0.056812786 -0.001227196 0.286864311 0.033495184 -0.489227027 -0.152940303 0.857988477
154.000000 0.055075429 -0.003370326 0.289851785 0.033327084 -0.495230019 -0.152876839 0.854555607
155.000000 0.051583171 -0.003380829 0.296419680 0.032973912 -0.505443394 -0.151864499 0.848750174
156.000000 0.051000752 0.000804587 0.295081377 0.032672547 -0.510703027 -0.150925428 0.845775664
157.000000 0.049544089 -0.001544151 0.295132488 0.031859454 -0.516455948 -0.150651038 0.842355371
158.000000 0.046578728 -0.001462623 0.298286676 0.030933606 -0.522397041 -0.151149690 0.838628769
159.000000 0.046212323 -0.002670667 0.302693903 0.030542213 -0.528669417 -0.151847139 0.834576726
160.000000 0.044454806 -0.000006397 0.301323771 0.031677805 -0.533855617 -0.152598545 0.831088662
161.000000 0.042365327 -0.001279602 0.307400405 0.031495068 -0.539643705 -0.154825062 0.826935291
162.000000 0.041872770 0.000723951 0.305593103 0.030633528 -0.544458807 -0.155299574 0.823716164
163.000000 0.038639404 -0.001049096 0.312346846 0.030406734 -0.550904930 -0.156208068 0.819254696
164.000000 0.038461268 -0.000592352 0.311388254 0.029681306 -0.556759834 -0.156821638 0.815195978
165.000000 0.035219319 -0.002730467 0.314538389 0.028054209 -0.562593102 -0.157196626 0.811166584
166.000000 0.036794476 0.000623476 0.315843642 0.028201705 -0.568480670 -0.156294271 0.807221472
167.000000 0.031914353 -0.000394504 0.317920148 0.028142205 -0.573653936 -0.156134248 0.803586483
168.000000 0.030727953 -0.001923853 0.321457267 0.026843810 -0.579001486 -0.156842470 0.799648106
169.000000 0.029318638 -0.000613629 0.321788251 0.026681442 -0.584035277 -0.156302944 0.796090603
170.000000 0.028636731 0.000826003 0.321451694 0.026781010 -0.589380920 -0.155638203 0.792268693
171.000000 0.026954278 0.002850370 0.320775241 0.025434460 -0.594249785 -0.155327961 0.788729012
172.000000 0.026500948 -0.000230404 0.325131088 0.023020692 -0.599959254 -0.155277774 0.784479320
173.000000 0.026272353 0.000744852 0.326271862 0.021490667 -0.605398893 -0.153643504 0.780656219
174.000000 0.025256049 0.001033369 0.324973762 0.019567605 -0.611047149 -0.151616022 0.776692390
175.000000 0.023065675 0.003604208 0.322444022 0.017597776 -0.616042316 -0.149584979 0.773179471
176.000000 0.023954090 0.001426080 0.329666018 0.015475137 -0.623055518 -0.147908807 0.767909706
177.000000 0.023356210 0.004243726 0.326110065 0.013877341 -0.628607273 -0.146158069 0.763739586
178.000000 0.021912005 0.006877209 0.324173987 0.012432822 -0.634372234 -0.144162372 0.759364545
179.000000 0.021567944 0.006406907 0.325908780 0.011097927 -0.640866339 -0.142164558 0.754292011
180.000000 0.020170234 0.000304170 0.325941026 0.008365015 -0.646947682 -0.141004249 0.749337375
181.000000 0.021851324 0.007461278 0.329577982 0.007889205 -0.653410435 -0.138384521 0.744205773
182.000000 0.020594392 0.006472645 0.330309600 0.006744317 -0.659784675 -0.136483401 0.738925576
183.000000 0.019628055 0.006383940 0.327168524 0.003978296 -0.672865629 -0.132625401 0.727768183
184.000000 0.018853765 0.005388241 0.332609892 0.004657518 -0.680716336 -0.130977109 0.720727861
185.000000 0.020029902 0.005873468 0.334747404 0.004712197 -0.687604964 -0.129954234 0.714345217
186.000000 0.018696688 0.008443952 0.334190935 0.004462454 -0.693856895 -0.129685864 0.708324969
187.000000 0.018498145 0.007992989 0.331620783 0.003564763 -0.699656129 -0.129558384 0.702625990
188.000000 0.019846953 0.009151665 0.332909524 0.002540459 -0.705646455 -0.130599424 0.696419716
189.000000 0.018021751 0.004478723 0.334049135 0.000311669 -0.711714625 -0.132859543 0.689790189
190.000000 0.021737009 0.014116080 0.333854169 0.002857568 -0.717695594 -0.131941319 0.683737099
191.000000 0.018839857 0.010128032 0.333748758 0.003917494 -0.723716915 -0.132559448 0.677234471
192.000000 0.019527242 0.013045524 0.329628319 0.004283099 -0.728554904 -0.132889390 0.671959758
193.000000 0.019839674 0.011217078 0.342552900 0.003410987 -0.735445559 -0.133326486 0.664328456
194.000000 0.018635862 0.008052623 0.339822382 0.002461095 -0.740319967 -0.133495629 0.658862114
195.000000 0.022625934 0.008325081 0.334324419 0.002428962 -0.744193375 -0.133437693 0.654495776
196.000000 0.021376964 0.012367096 0.348651081 0.002484290 -0.750803828 -0.132307962 0.647133768
197.000000 0.018408775 0.007359772 0.349247217 0.000552693 -0.755822003 -0.132616162 0.641206503
198.000000 0.021984976 0.013413911 0.341874182 0.000880305 -0.759377122 -0.130925402 0.637341499
199.000000 0.024171300 0.012351247 0.336610198 0.000044252 -0.763016701 -0.130117983 0.633146822
200.000000 0.020898528 0.007864390 0.347463071 -0.001956664 -0.768703699 -0.129751727 0.626302779
201.000000 0.023326408 0.010416649 0.350028008 -0.002521743 -0.773214936 -0.128422886 0.620999098
202.000000 0.019545764 0.009878376 0.350818545 -0.002889748 -0.777611732 -0.127547100 0.615664959
203.000000 0.022598349 0.010199226 0.347714454 -0.003586161 -0.781304181 -0.126008019 0.611287892
204.000000 0.019858532 0.009211151 0.351698518 -0.003948671 -0.785841286 -0.124467060 0.605760574
205.000000 0.022944435 0.008244574 0.345976502 -0.004680418 -0.788932502 -0.123143435 0.601996064
206.000000 0.021494381 0.012671523 0.353225321 -0.003972483 -0.793925047 -0.120002843 0.596042395
207.000000 0.021229707 0.005986379 0.351271003 -0.004792473 -0.797571421 -0.118310049 0.591489255
208.000000 0.023779675 0.009530701 0.347365379 -0.004714087 -0.800759554 -0.115539312 0.587718129
209.000000 0.021200411 0.011079550 0.352744341 -0.005916579 -0.804934025 -0.113605917 0.582357168
210.000000 0.025006168 0.013125867 0.351365745 -0.007130932 -0.808064461 -0.111932501 0.578318357
211.000000 0.020069323 0.006043280 0.351699471 -0.008909231 -0.811434090 -0.111554615 0.573629618
212.000000 0.023460075 0.008164801 0.348128527 -0.009715940 -0.814281940 -0.109283350 0.570006669
213.000000 0.024494782 0.012881022 0.348472357 -0.010243213 -0.817339361 -0.106961183 0.566048324
214.000000 0.021307319 0.009602346 0.350153387 -0.011122194 -0.820360184 -0.106385097 0.561754048
215.000000 0.024357826 0.005696815 0.345067680 -0.012178127 -0.822459459 -0.104960144 0.558923542
216.000000 0.025614724 0.011133566 0.345886081 -0.011560366 -0.825475872 -0.102133520 0.554999709
217.000000 0.017845735 0.006620418 0.351421475 -0.012637952 -0.829363942 -0.100482486 0.549453199
218.000000 0.020541921 0.017272379 0.353730589 -0.011078024 -0.832367837 -0.096806251 0.545591056
219.000000 0.019944929 0.005274195 0.347792357 -0.012341246 -0.834670424 -0.096399017 0.542107224
220.000000 0.021571718 0.010222303 0.347494751 -0.010559797 -0.837350965 -0.093716025 0.538469315
221.000000 0.017421760 0.008648269 0.349967003 -0.009613899 -0.840260506 -0.091852047 0.534259319
222.000000 0.017784029 0.003093919 0.349178910 -0.009192714 -0.842401862 -0.090222836 0.531163216
223.000000 0.022361562 0.008193219 0.343621254 -0.008129228 -0.843944013 -0.086991310 0.529268265
224.000000 0.015148252 0.002032815 0.348681331 -0.008855979 -0.846978307 -0.085421897 0.524645030
225.000000 0.020275459 0.006918240 0.345085710 -0.007859874 -0.849110723 -0.081874415 0.521771848
226.000000 0.021234155 0.010985821 0.344464183 -0.007372377 -0.851579249 -0.078701511 0.518231988
227.000000 0.017012209 0.004550230 0.346998751 -0.007199725 -0.854378343 -0.077107064 0.513848424
228.000000 0.014986113 0.009149285 0.348650277 -0.006400946 -0.856636405 -0.073502995 0.510617614
229.000000 0.020263419 0.006444493 0.337446779 -0.006794599 -0.857021153 -0.071917541 0.510192573
230.000000 0.018382773 0.005737061 0.339681029 -0.006943413 -0.859114349 -0.069623873 0.506978214
231.000000 0.018000543 0.002771111 0.336967021 -0.006983693 -0.860672534 -0.067522675 0.504613400
232.000000 0.016250014 0.007853068 0.340655118 -0.005178560 -0.862949014 -0.063888691 0.501208842
233.000000 0.018684626 0.007900238 0.335960329 -0.003878171 -0.863848031 -0.061131317 0.500014603
234.000000 0.016579747 0.008310165 0.335049838 0.002638115 0.865088344 0.058521099 -0.498187184
235.000000 0.013843119 0.015227137 0.343005955 -0.000475498 0.866949975 0.055733714 -0.495268881
236.000000 0.012332380 0.008924570 0.340901941 -0.000680806 0.867774367 0.054355621 -0.493976384
237.000000 0.014114887 0.000433861 0.327554077 -0.002509768 0.868266463 0.051311802 -0.493431062
238.000000 0.013700783 0.008189240 0.327194691 -0.005638275 0.869283617 0.047276180 -0.492015392
239.000000 0.007145330 0.002399204 0.331905872 -0.007139072 0.871163785 0.045097794 -0.488864899
240.000000 0.007284313 0.007133122 0.332775474 -0.010149717 0.872384191 0.040316924 -0.487049639
241.000000 0.005330697 -0.004456075 0.329701304 -0.011034118 0.873255074 0.037915744 -0.485660672
242.000000 0.004800051 0.001075480 0.326719046 -0.014499858 0.873752773 0.033566084 -0.484993994
243.000000 0.013744697 0.002010492 0.318080366 -0.016253680 0.873355150 0.029444078 -0.485921383
244.000000 0.001135930 0.006865823 0.335302025 -0.018180791 0.875895262 0.025222927 -0.481498420
245.000000 0.002470836 -0.007261419 0.321804613 -0.016779112 0.875375152 0.024714453 -0.482520491
246.000000 0.005474746 -0.003149181 0.317075431 -0.017009327 0.875668287 0.020264765 -0.482187778
247.000000 -0.003160551 -0.002378209 0.325378209 -0.018040888 0.877598584 0.016171599 -0.478783607
248.000000 0.006077275 -0.009437236 0.312413573 -0.018006632 0.876841128 0.013467435 -0.480254114
249.000000 0.011802614 0.004180639 0.305114955 -0.021157216 0.876688957 0.008016407 -0.480525285
250.000000 -0.001020744 -0.016933357 0.309187770 -0.019662518 0.878609836 0.007383605 -0.477078199
251.000000 -0.001420051 -0.009494102 0.307364643 -0.022657026 0.879573762 0.002496340 -0.475216150
252.000000 0.005696014 -0.003083852 0.298279047 -0.024745386 0.879587293 -0.002361827 -0.475087613
253.000000 0.000072226 -0.013456827 0.303996146 -0.025701070 0.881728649 -0.004301558 -0.471036673
254.000000 -0.008706510 -0.013641037 0.309731364 -0.028901653 0.883781731 -0.007560886 -0.466944724
255.000000 -0.016952813 -0.001610122 0.317031860 -0.032832388 0.885812700 -0.013223225 -0.462691098
256.000000 0.017128326 -0.019476134 0.263367295 -0.032386646 0.881223798 -0.013986155 -0.471381038
257.000000 0.018577330 -0.019104585 0.259948134 -0.034437854 0.882024586 -0.016735042 -0.469645262
258.000000 0.019470736 -0.022529241 0.257937759 -0.035068247 0.883070111 -0.018692169 -0.467555314
259.000000 0.015899859 -0.024259958 0.257892221 -0.036006108 0.884664953 -0.021281684 -0.464347422
260.000000 0.018776216 -0.023473136 0.254520118 -0.038055018 0.885801136 -0.024842866 -0.461834401
261.000000 0.015294515 -0.026940823 0.255173057 -0.039261043 0.887280881 -0.027070111 -0.458757520
262.000000 0.010754831 -0.025113761 0.255582571 -0.040928751 0.888929904 -0.029548787 -0.455252975
263.000000 0.016278274 -0.026736509 0.249398753 -0.041440174 0.889953792 -0.031633183 -0.453060985
264.000000 0.013968013 -0.024243837 0.249947965 -0.043340113 0.891752064 -0.034937061 -0.449087173
265.000000 0.008029602 -0.025797473 0.250907511 -0.045426525 0.893542528 -0.036641341 -0.445169181
266.000000 0.017709158 -0.027902171 0.242331028 -0.045711044 0.893953085 -0.037368286 -0.444254369
267.000000 0.009231724 -0.028267480 0.244996205 -0.046983283 0.896076977 -0.038989473 -0.439679950
268.000000 0.006147392 -0.027301315 0.245264888 -0.048808660 0.897686183 -0.041182078 -0.435983151
269.000000 0.002279237 -0.027161190 0.245157853 -0.051041249 0.898907542 -0.043451726 -0.432980299
270.000000 0.004459828 -0.031749912 0.240924031 -0.051107064 0.899599493 -0.044795893 -0.431395620
271.000000 0.005284593 -0.027981307 0.239495948 -0.051718380 0.900781393 -0.046382543 -0.428680241
272.000000 0.004151501 -0.029822687 0.239254177 -0.051712524 0.902310610 -0.048330996 -0.425235808
273.000000 0.000688829 -0.029893005 0.236895144 -0.052182328 0.903894663 -0.050447904 -0.421552479
274.000000 0.003799573 -0.031794801 0.233929902 -0.052664246 0.904955029 -0.051192340 -0.419120699
275.000000 0.004048489 -0.026496364 0.229894906 -0.053773664 0.906008661 -0.053062987 -0.416462451
276.000000 0.001556098 -0.028821228 0.227590576 -0.054127511 0.907364905 -0.054249413 -0.413298994
277.000000 -0.000923567 -0.033158012 0.230747119 -0.055038542 0.908879101 -0.055012893 -0.409735501
278.000000 0.003252603 -0.039544579 0.225622863 -0.054672394 0.909560919 -0.055297900 -0.408230275
279.000000 0.000154078 -0.029142236 0.222939759 -0.056942824 0.910387576 -0.057162110 -0.405813396
280.000000 -0.006848611 -0.028359318 0.225785941 -0.057263982 0.912107468 -0.057966121 -0.401772052
281.000000 -0.004786372 -0.034858137 0.224442899 -0.056604922 0.913543284 -0.057812139 -0.398612976
282.000000 -0.011291742 -0.036267605 0.224105418 -0.056533083 0.915464997 -0.058466926 -0.394093245
283.000000 -0.009856723 -0.032149419 0.222532362 -0.056793164 0.917070985 -0.059101973 -0.390207976
284.000000 -0.006509095 -0.029758301 0.215483308 -0.057095379 0.918430090 -0.059232067 -0.386933893
285.000000 -0.015487716 -0.042059928 0.223137915 -0.055165235 0.921423614 -0.057338446 -0.380325645
286.000000 -0.012791544 -0.037556238 0.219821453 -0.054397408 0.922968447 -0.058068719 -0.376560926
287.000000 -0.011579849 -0.030904813 0.211792856 -0.053998921 0.924358368 -0.059372839 -0.372988760
288.000000 -0.009477556 -0.034522139 0.211810708 -0.051290955 0.926462770 -0.058270551 -0.368294060
289.000000 -0.010036387 -0.034856230 0.208471775 -0.049132019 0.928223312 -0.058278929 -0.364130557
290.000000 -0.013536133 -0.032554097 0.208078340 -0.047755767 0.930087984 -0.059423175 -0.359339088
291.000000 -0.016718999 -0.035418607 0.205945030 -0.046187241 0.932004213 -0.059056394 -0.354608655
292.000000 -0.018510215 -0.039028905 0.205962226 -0.044592947 0.933829665 -0.057061758 -0.350310683
293.000000 -0.020799100 -0.041082852 0.207539678 -0.042328566 0.935665488 -0.056343041 -0.345780045
294.000000 -0.016672626 -0.036268339 0.198935062 -0.041385815 0.936478078 -0.058069408 -0.343400717
295.000000 -0.023508243 -0.029588357 0.198703796 -0.041396257 0.938182175 -0.059064649 -0.338543713
296.000000 -0.023734681 -0.042697206 0.197913021 -0.039070323 0.939851224 -0.057413723 -0.334450126
297.000000 -0.032219470 -0.046494674 0.202171654 -0.038640097 0.941857576 -0.055352941 -0.329161614
298.000000 -0.030413389 -0.036055747 0.195811987 -0.038955688 0.942849994 -0.055648364 -0.326220185
299.000000 -0.029111683 -0.035460088 0.193487048 -0.037618797 0.944212079 -0.055094976 -0.322510242
300.000000 -0.033733152 -0.033959068 0.190900892 -0.036316700 0.945706069 -0.054057218 -0.318432003
301.000000 -0.034151211 -0.034186371 0.188639492 -0.034154408 0.947079897 -0.053166691 -0.314716518
302.000000 -0.034910120 -0.034510925 0.187264144 -0.033241503 0.948540926 -0.052106816 -0.310564101
303.000000 -0.035877861 -0.034487996 0.184946418 -0.032878567 0.949917078 -0.051078081 -0.306541443
304.000000 -0.034904294 -0.034575511 0.182550222 -0.032523740 0.951234698 -0.049754530 -0.302686781
305.000000 -0.039958388 -0.035313595 0.181559220 -0.033200249 0.952898920 -0.048765693 -0.297495097
306.000000 -0.039443657 -0.034682766 0.179463983 -0.033903040 0.954177558 -0.048852921 -0.293273300
307.000000 -0.039930902 -0.035397604 0.179370880 -0.034661736 0.955494285 -0.048421513 -0.288936913
308.000000 -0.042634919 -0.036435865 0.176493138 -0.035152059 0.956820130 -0.046934903 -0.284704506
309.000000 -0.051200002 -0.034021825 0.177459329 -0.035836183 0.958434820 -0.046068013 -0.279278070
310.000000 -0.040096804 -0.035025351 0.172946572 -0.035088327 0.959244549 -0.045831606 -0.276619166
311.000000 -0.042444400 -0.035483241 0.170095295 -0.034933802 0.960555434 -0.045733728 -0.272068560
312.000000 -0.040231124 -0.034756821 0.168251485 -0.034056935 0.961809039 -0.045177232 -0.267810732
313.000000 -0.053985704 -0.035387151 0.170739919 -0.033428315 0.963843107 -0.044691887 -0.260560215
314.000000 -0.066030204 -0.031008258 0.172334164 -0.033244111 0.965728819 -0.044634078 -0.253516227
315.000000 -0.066460788 -0.029889513 0.169746250 -0.033040512 0.967091203 -0.043815102 -0.248441383
316.000000 -0.066483676 -0.030042598 0.169641778 -0.033275768 0.968210101 -0.042482644 -0.244248211
317.000000 -0.066590518 -0.029946847 0.169813082 -0.032664247 0.969291925 -0.040287279 -0.240381256
318.000000 -0.067258552 -0.028518859 0.165377378 -0.032210838 0.970110953 -0.038923580 -0.237343892
319.000000 -0.069737777 -0.031721655 0.165808633 -0.030639941 0.971065998 -0.037653599 -0.233825073
320.000000 -0.067153573 -0.031054966 0.162454575 -0.029339880 0.971684396 -0.037651043 -0.231410950
321.000000 -0.067859270 -0.032374062 0.161506444 -0.028299972 0.972395062 -0.036268596 -0.228761002
322.000000 -0.076730721 -0.026191425 0.163211197 -0.027791334 0.973327398 -0.035692681 -0.224916622
323.000000 -0.072660662 -0.031611860 0.157725602 -0.026315035 0.973909438 -0.033892203 -0.222843662
324.000000 -0.072270066 -0.032642540 0.157974660 -0.025961963 0.974690020 -0.032663047 -0.219632432
325.000000 -0.071648076 -0.031619266 0.154619381 -0.025110980 0.975340486 -0.031741288 -0.216962725
326.000000 -0.073680118 -0.031278953 0.153734565 -0.024878880 0.976058900 -0.030214464 -0.213955909
327.000000 -0.088528082 -0.024777269 0.156343043 -0.024968926 0.976954043 -0.030449931 -0.209785774
328.000000 -0.088660195 -0.024525112 0.155362546 -0.024322635 0.977281809 -0.029355364 -0.208487183
329.000000 -0.089032486 -0.023693040 0.152806967 -0.023500567 0.977537632 -0.028223932 -0.207536146
330.000000 -0.089349061 -0.022605713 0.150963143 -0.022788806 0.977789044 -0.027213626 -0.206563964
331.000000 -0.089927346 -0.021688566 0.148046225 -0.022244049 0.978036523 -0.025977485 -0.205608785
332.000000 -0.090312637 -0.021200256 0.146053955 -0.022166710 0.978263557 -0.024471803 -0.204719752
333.000000 -0.092045486 -0.020346155 0.143219441 -0.022087311 0.978497803 -0.023669818 -0.203700766
334.000000 -0.091148272 -0.019634768 0.140318424 -0.022671344 0.978545249 -0.022369217 -0.203555599
335.000000 -0.091364637 -0.018199805 0.138045281 -0.022525627 0.978557587 -0.019508366 -0.203806356
336.000000 -0.092449211 -0.022833567 0.136202902 -0.022370810 0.978700101 -0.016303614 -0.203420311
337.000000 -0.095061019 -0.022841010 0.133979619 -0.022425774 0.978936076 -0.014630491 -0.202403501
338.000000 -0.098136552 -0.022172173 0.131575972 -0.022278065 0.979298353 -0.012931040 -0.200776592
339.000000 -0.095191963 -0.024548128 0.127299100 -0.021306645 0.979462087 -0.011852805 -0.200148940
340.000000 -0.093800202 -0.024099046 0.122788832 -0.020815648 0.979670167 -0.012007603 -0.199170500
341.000000 -0.094010785 -0.024568208 0.121177800 -0.020933505 0.979923964 -0.012018706 -0.197905108
342.000000 -0.095127642 -0.024779748 0.119211778 -0.021930311 0.980031967 -0.011552189 -0.197288930
343.000000 -0.098740771 -0.022046110 0.117151424 -0.021862343 0.980201483 -0.010505829 -0.196511462
344.000000 -0.116518423 -0.017466873 0.117302671 -0.021792678 0.980863750 -0.010187884 -0.193203509
345.000000 -0.115343556 -0.019750549 0.113513611 -0.021667590 0.981024802 -0.009444505 -0.192436188
346.000000 -0.114466935 -0.016720168 0.108960718 -0.021453625 0.981075048 -0.010084787 -0.192171305
347.000000 -0.113263324 -0.018014180 0.107242785 -0.021116307 0.981106758 -0.009395916 -0.192081675
348.000000 -0.117096692 -0.015306547 0.102631569 -0.020780427 0.981181920 -0.009093483 -0.191748515
349.000000 -0.117255688 -0.013490958 0.101850033 -0.019573843 0.981169283 -0.008345113 -0.191973999
350.000000 -0.114170253 -0.014402928 0.097888470 -0.018450184 0.981077433 -0.007176236 -0.192600876
351.000000 -0.118020497 -0.014010934 0.096430242 -0.017350620 0.981251657 -0.005857067 -0.191858724
352.000000 -0.118698470 -0.014455605 0.092818595 -0.016370688 0.981344163 -0.004652161 -0.191504493
353.000000 -0.118859828 -0.014307081 0.089872815 -0.015317468 0.981482208 -0.003881332 -0.190900356
354.000000 -0.119391315 -0.014913765 0.087357424 -0.014754982 0.981649220 -0.003883523 -0.190084264
355.000000 -0.119363390 -0.015069318 0.085473761 -0.013913539 0.981852353 -0.004069193 -0.189092144
356.000000 -0.120380349 -0.015219717 0.083671793 -0.012405295 0.982204854 -0.004342667 -0.187352329
357.000000 -0.120678298 -0.015278635 0.079519749 -0.011524742 0.982578576 -0.005355132 -0.185412526
358.000000 -0.120904818 -0.015540997 0.079155460 -0.010956010 0.982940853 -0.006495364 -0.183480248
359.000000 -0.120951325 -0.015683807 0.075552396 -0.010298511 0.983333230 -0.005819912 -0.181427032
360.000000 -0.121543139 -0.015930258 0.072480328 -0.008775028 0.983862758 -0.004083885 -0.178662822
361.000000 -0.124283597 -0.011852978 0.070275515 -0.008221861 0.984556317 -0.003932092 -0.174830735
362.000000 -0.124651171 -0.011988276 0.067737862 -0.008032110 0.985253751 -0.003568020 -0.170873657
363.000000 -0.131339416 -0.012168570 0.068288594 -0.008157437 0.986098349 -0.002319447 -0.165946007
364.000000 -0.124717474 -0.013567748 0.063326977 -0.008094542 0.986552000 -0.001411288 -0.163240910
365.000000 -0.125066057 -0.014447855 0.060081441 -0.008421334 0.987121642 -0.002271081 -0.159733370
366.000000 -0.126143768 -0.014501818 0.057911593 -0.009012901 0.987685561 -0.003226432 -0.156158879
367.000000 -0.125787571 -0.014174031 0.056975443 -0.009447551 0.988331020 -0.002078109 -0.152013749
368.000000 -0.126906320 -0.013996826 0.055350304 -0.009806580 0.989047885 -0.001086316 -0.147264898
369.000000 -0.129119217 -0.013450817 0.051384885 -0.009879129 0.989777684 -0.000866785 -0.142273545
370.000000 -0.130007431 -0.013871541 0.049487907 -0.009581903 0.990504205 -0.001131868 -0.137143239
371.000000 -0.129950136 -0.014760143 0.044922393 -0.009369588 0.991155863 -0.002340738 -0.132351100
372.000000 -0.129243940 -0.014771151 0.045313075 -0.008642848 0.991824329 -0.003581128 -0.127267107
373.000000 -0.129489496 -0.015046846 0.041441686 -0.008127616 0.992446125 -0.005885618 -0.122270219
374.000000 -0.129737571 -0.015166279 0.039641168 -0.007881392 0.993010342 -0.008227726 -0.117476083
375.000000 -0.129561931 -0.015342060 0.038235396 -0.007099243 0.993481755 -0.009009538 -0.113412447
376.000000 -0.131073475 -0.013805666 0.036862999 -0.005661974 0.993908525 -0.009776524 -0.109627314
377.000000 -0.131908000 -0.014084225 0.034030918 -0.004489962 0.994260371 -0.012214987 -0.106192775
378.000000 -0.132649496 -0.014402703 0.029794833 -0.004153321 0.994672775 -0.013458355 -0.102115646
379.000000 -0.134448633 -0.014415032 0.027531281 -0.004111556 0.995134830 -0.013374972 -0.097523428
380.000000 -0.132734761 -0.015847573 0.026013613 -0.003726725 0.995505929 -0.013742538 -0.093622364
381.000000 -0.134622648 -0.015775811 0.021971978 -0.002906160 0.995809197 -0.014411299 -0.090266086
382.000000 -0.137124598 -0.015654115 0.022585867 -0.001578878 0.996144831 -0.014470886 -0.086507589
383.000000 -0.132853985 -0.016468273 0.018875536 -0.000187215 0.996406198 -0.014829232 -0.083394460
384.000000 -0.149422854 -0.018927658 0.021322405 0.000713161 0.996887326 -0.015190966 -0.077359006
385.000000 -0.149564222 -0.019024009 0.020630663 0.001693924 0.997118950 -0.015884273 -0.074153021
386.000000 -0.150452837 -0.019422725 0.015082158 0.002098118 0.997359276 -0.016152615 -0.070775464
387.000000 -0.150213122 -0.018799230 0.013125004 0.002564951 0.997583747 -0.017424366 -0.067204982
388.000000 -0.152640268 -0.018459514 0.010660014 0.002323826 0.997766852 -0.019015983 -0.063986652
389.000000 -0.152836680 -0.019112512 0.005563031 0.002558682 0.997906208 -0.020401984 -0.061322328
390.000000 -0.153893992 -0.020973019 0.004147898 0.002641073 0.998042047 -0.020941528 -0.058878075
391.000000 -0.154737905 -0.019934155 0.001678204 0.002493812 0.998115480 -0.023095585 -0.056796830
392.000000 -0.154813692 -0.019770274 -0.002464315 0.002849120 0.998136640 -0.024905453 -0.055631850
393.000000 -0.156096548 -0.020207185 -0.004596861 0.003360108 0.998183727 -0.026327305 -0.054081149
394.000000 -0.154952377 -0.019472128 -0.007408340 0.004542911 0.998209357 -0.027791636 -0.052773401
395.000000 -0.155867919 -0.014487528 -0.010050250 0.004854607 0.998169184 -0.030083951 -0.052245967
396.000000 -0.153729677 -0.021266859 -0.012427481 0.005249415 0.998168290 -0.031149350 -0.051597219
397.000000 -0.152643517 -0.022698369 -0.015154956 0.005181517 0.998165786 -0.033309344 -0.050286550
398.000000 -0.152455509 -0.022801826 -0.017013034 0.004774527 0.998204589 -0.034381401 -0.048812479
399.000000 -0.156561643 -0.020515287 -0.021075193 0.004504692 0.998298228 -0.035600182 -0.045966964
400.000000 -0.156952158 -0.021079816 -0.022775427 0.004100109 0.998339593 -0.037465882 -0.043560654
401.000000 -0.158444181 -0.021260269 -0.027986012 0.003655148 0.998387277 -0.039282806 -0.040821999
402.000000 -0.158193052 -0.021068396 -0.028791813 0.003846993 0.998393714 -0.041212380 -0.038688451
403.000000 -0.157878891 -0.021574365 -0.031267814 0.004159112 0.998353601 -0.043962251 -0.036608681
404.000000 -0.158897594 -0.022999369 -0.033038978 0.003514438 0.998332381 -0.046722438 -0.033721205
405.000000 -0.159730554 -0.023052549 -0.035732266 0.002324011 0.998321652 -0.048431315 -0.031668011
406.000000 -0.158804387 -0.023056576 -0.037277479 0.001756458 0.998224497 -0.051238317 -0.030322300
407.000000 -0.160392195 -0.023638144 -0.040077023 0.001589051 0.998161852 -0.053421039 -0.028574396
408.000000 -0.160077840 -0.023768900 -0.040115125 0.001475824 0.998155713 -0.054439474 -0.026818564
409.000000 -0.160829887 -0.023894835 -0.043810293 0.002063715 0.998155773 -0.055279050 -0.025001833
410.000000 -0.161398038 -0.024274202 -0.047488112 0.002425243 0.998065650 -0.057703517 -0.023008939
411.000000 -0.161117658 -0.024268452 -0.049394567 0.001861663 0.997973680 -0.059782602 -0.021704892
412.000000 -0.161211118 -0.024238706 -0.052101187 0.002068590 0.997897685 -0.061456360 -0.020469535
413.000000 -0.161810771 -0.024554230 -0.053868849 0.002531474 0.997850001 -0.062672630 -0.019002637
414.000000 -0.161558941 -0.024699895 -0.056483876 0.003780981 0.997840166 -0.063167617 -0.017621158
415.000000 -0.168564647 -0.029342217 -0.055751026 0.005076535 0.997870445 -0.063310660 -0.014850090
416.000000 -0.170139790 -0.028266085 -0.058410436 0.006921041 0.997794509 -0.064907186 -0.012052519
417.000000 -0.169948921 -0.029668298 -0.060457703 0.008015561 0.997702479 -0.066610813 -0.009404753
418.000000 -0.170869976 -0.030349318 -0.062402863 0.008219706 0.997533798 -0.069326080 -0.007252817
419.000000 -0.171748996 -0.030147936 -0.066705778 0.007745065 0.997320831 -0.072520226 -0.005653631
420.000000 -0.171579510 -0.030424802 -0.069713846 0.007260892 0.997207701 -0.074181721 -0.004591149
421.000000 -0.171924800 -0.030795138 -0.072266296 0.006746613 0.997112691 -0.075495176 -0.004606158
422.000000 -0.171700642 -0.030630274 -0.074499287 0.006600184 0.997002006 -0.076963894 -0.004477517
423.000000 -0.175716147 -0.033922017 -0.076403461 0.005965493 0.996935666 -0.077866852 -0.004521574
424.000000 -0.175832421 -0.034191523 -0.079297192 0.005281203 0.996711195 -0.080670260 -0.005582756
425.000000 -0.176708475 -0.034442160 -0.081922077 0.003413120 0.996553242 -0.082599171 -0.006875637
426.000000 -0.177183852 -0.034555759 -0.086473040 0.001987782 0.996493876 -0.083239861 -0.008194222
427.000000 -0.179379091 -0.034660850 -0.087047420 0.000119127 0.996488333 -0.083124220 -0.010067985
428.000000 -0.177636251 -0.035887219 -0.091715232 -0.001303280 0.996429443 -0.083593115 -0.011785176
429.000000 -0.172933355 -0.036562674 -0.095651574 -0.001776466 0.996386945 -0.083877958 -0.013207391
430.000000 -0.173077360 -0.036627211 -0.098147094 -0.001813096 0.996357679 -0.084059045 -0.014217078
431.000000 -0.173238665 -0.036560945 -0.101646379 -0.001139947 0.996235609 -0.085443638 -0.014584279
432.000000 -0.173579469 -0.036511481 -0.104385957 -0.001164885 0.996088505 -0.087071188 -0.014997535
433.000000 -0.174677163 -0.036855929 -0.107799582 -0.000653628 0.995965838 -0.088260882 -0.016174493
434.000000 -0.175069511 -0.037009824 -0.110015154 0.000350465 0.995895505 -0.088999830 -0.016461289
435.000000 -0.169873834 -0.037548590 -0.114930585 0.000569576 0.995653093 -0.091394104 -0.017934820
436.000000 -0.167821139 -0.038196098 -0.116838709 0.000096304 0.995364726 -0.094267696 -0.019044952
437.000000 -0.167190373 -0.040448219 -0.120918483 -0.001417134 0.995215952 -0.095511653 -0.020512167
438.000000 -0.166464418 -0.036716565 -0.122943267 -0.003360767 0.994955361 -0.097855836 -0.021835487
439.000000 -0.166277498 -0.036421031 -0.126516297 -0.004568792 0.994702339 -0.100166760 -0.022649325
440.000000 -0.166266158 -0.037930552 -0.128319666 -0.005867253 0.994472146 -0.102088980 -0.023844112
441.000000 -0.172322795 -0.039237302 -0.130019188 -0.006562837 0.994240820 -0.104222335 -0.024078567
442.000000 -0.169004649 -0.040423442 -0.133869961 -0.006836727 0.993979871 -0.106277667 -0.025734082
443.000000 -0.170030981 -0.040358942 -0.135492757 -0.006966582 0.993834257 -0.107270472 -0.027165778
444.000000 -0.170358196 -0.040185198 -0.137642413 -0.006295081 0.993822515 -0.107229657 -0.027909534
445.000000 -0.171590388 -0.040338971 -0.139713451 -0.006606511 0.993870378 -0.106755950 -0.027949000
446.000000 -0.172865242 -0.040720984 -0.143144801 -0.006993531 0.993977189 -0.105771087 -0.027800791
447.000000 -0.168881714 -0.040633410 -0.145146981 -0.006645031 0.993876278 -0.106470048 -0.028807949
448.000000 -0.168134913 -0.039059296 -0.147173494 -0.007100697 0.993736386 -0.107574202 -0.029415781
449.000000 -0.170423523 -0.039608993 -0.153927401 -0.005878370 0.993775010 -0.107243992 -0.029587898
450.000000 -0.170308620 -0.039981026 -0.155104429 -0.004762816 0.993531168 -0.109414741 -0.030026052
451.000000 -0.165858984 -0.040195484 -0.158226937 -0.003978561 0.993258774 -0.111518919 -0.031380121
452.000000 -0.168505639 -0.038599946 -0.159324214 -0.003350905 0.992988944 -0.113703333 -0.032143965
453.000000 -0.166290984 -0.037743084 -0.165096954 -0.002770352 0.992746770 -0.115413263 -0.033555459
454.000000 -0.171564430 -0.041837640 -0.166420937 -0.002627901 0.992843747 -0.114576869 -0.033562940
455.000000 -0.173586175 -0.039989322 -0.169215083 -0.002053397 0.992739439 -0.115488462 -0.033565052
456.000000 -0.173079312 -0.039905552 -0.171678185 -0.002081037 0.992475152 -0.117597193 -0.034053378
457.000000 -0.173783988 -0.039820287 -0.174790516 -0.001915635 0.992271423 -0.119177952 -0.034502115
458.000000 -0.176733747 -0.040797580 -0.176707789 -0.001727783 0.991976440 -0.121812679 -0.033785839
459.000000 -0.174184769 -0.040641781 -0.181139708 -0.002751499 0.991669238 -0.124235891 -0.033911269
460.000000 -0.181999281 -0.040543515 -0.181617662 -0.003787397 0.991539478 -0.125570625 -0.032667395
461.000000 -0.172788277 -0.040810410 -0.188027844 -0.002892775 0.991058230 -0.128880903 -0.034422912
462.000000 -0.171841130 -0.040756855 -0.190625325 -0.003511850 0.990741313 -0.131164506 -0.034859493
463.000000 -0.173737109 -0.040320478 -0.191015393 -0.004602422 0.990488350 -0.132955641 -0.035134602
464.000000 -0.175440252 -0.039969340 -0.194827050 -0.005829815 0.990218937 -0.134598017 -0.036275230
465.000000 -0.177527949 -0.043701887 -0.195641443 -0.006792730 0.990189493 -0.134664640 -0.036661536
466.000000 -0.178756684 -0.044174194 -0.200799689 -0.007396028 0.990141034 -0.134767875 -0.037465002
467.000000 -0.180402845 -0.043367632 -0.205513731 -0.007129794 0.989988506 -0.135618448 -0.038464680
468.000000 -0.179696605 -0.043868728 -0.207701191 -0.006736895 0.989696145 -0.137310445 -0.040025327
469.000000 -0.182562366 -0.045367215 -0.211541891 -0.006614245 0.989622533 -0.137880519 -0.039905373
470.000000 -0.182259232 -0.045525074 -0.212402925 -0.007996800 0.989074826 -0.141299814 -0.041248474
471.000000 -0.182472795 -0.047784261 -0.215003580 -0.009123381 0.988183618 -0.146871552 -0.042880356
472.000000 -0.183903754 -0.046169668 -0.216320083 -0.010946401 0.987290740 -0.152079493 -0.044821825
473.000000 -0.186875090 -0.048091620 -0.221102536 -0.012171884 0.986962318 -0.153741896 -0.046050310
474.000000 -0.186210558 -0.048571527 -0.224259108 -0.012931445 0.986636460 -0.155169502 -0.047996484
475.000000 -0.190708071 -0.050260797 -0.225409418 -0.013501311 0.986133397 -0.158161864 -0.048409719
476.000000 -0.188197091 -0.052027952 -0.231902853 -0.014673378 0.985731423 -0.159984946 -0.050230414
477.000000 -0.189140499 -0.051948700 -0.232582390 -0.014362416 0.985531449 -0.161004514 -0.050980117
478.000000 -0.190404311 -0.052799992 -0.235251755 -0.014258922 0.985294938 -0.162586331 -0.050560005
479.000000 -0.191862106 -0.054880172 -0.237722665 -0.014327511 0.985047817 -0.164354682 -0.049628939
480.000000 -0.192718714 -0.055127159 -0.239458561 -0.014503461 0.984854400 -0.165847689 -0.048435584
481.000000 -0.191192269 -0.058386900 -0.243451655 -0.014345401 0.984684587 -0.167175800 -0.047357392
482.000000 -0.197565034 -0.060353674 -0.242757112 -0.014979791 0.984353125 -0.169633120 -0.045267850
483.000000 -0.195940316 -0.054641448 -0.247325465 -0.015048798 0.983904183 -0.172431692 -0.044422831
484.000000 -0.196654767 -0.057338446 -0.247324824 -0.015554918 0.983909607 -0.172656909 -0.043237265
485.000000 -0.195972681 -0.058946915 -0.251831383 -0.015215160 0.983870983 -0.173174381 -0.042155541
486.000000 -0.196318716 -0.058967732 -0.252204061 -0.014561500 0.983780861 -0.174143076 -0.040463857
487.000000 -0.196723759 -0.059234761 -0.256323189 -0.014089380 0.983581066 -0.175751284 -0.038487457
488.000000 -0.196909711 -0.059328876 -0.258588135 -0.013709634 0.983315051 -0.177745521 -0.036195479
489.000000 -0.198169321 -0.059938189 -0.259284258 -0.013987757 0.983206511 -0.178849012 -0.033501558
490.000000 -0.197541684 -0.060767308 -0.260483593 -0.013249601 0.983244061 -0.179255903 -0.030379351
491.000000 -0.199189767 -0.060808063 -0.263021469 -0.012755192 0.983312190 -0.179550231 -0.026384758
492.000000 -0.202223077 -0.060161151 -0.264765292 -0.012806927 0.983234704 -0.180631816 -0.021393977
493.000000 -0.198613748 -0.065042496 -0.267838210 -0.012297263 0.983318985 -0.180567577 -0.018108938
494.000000 -0.199985519 -0.064172767 -0.268144429 -0.011917138 0.983085752 -0.182281271 -0.013187470
495.000000 -0.200721234 -0.062566951 -0.272662729 -0.010756016 0.982795715 -0.184187502 -0.008475070
496.000000 -0.200135633 -0.063226640 -0.274746001 -0.010198666 0.982621729 -0.185279921 -0.004676547
497.000000 -0.199253350 -0.062217742 -0.276405931 -0.009997699 0.982410908 -0.186449021 -0.002368373
498.000000 -0.200905055 -0.062019102 -0.277164042 -0.010175942 0.982445300 -0.186272398 0.000442718
499.000000 -0.201369002 -0.061384618 -0.280010194 -0.010364594 0.982420206 -0.186378017 0.002517049
500.000000 -0.201284349 -0.063707374 -0.282311380 -0.009717521 0.982033670 -0.188373521 0.005554736
501.000000 -0.201258838 -0.058525823 -0.285124004 -0.008754316 0.981321037 -0.191982821 0.008655046
502.000000 -0.201546431 -0.058862496 -0.287291497 -0.009270743 0.981155992 -0.192665651 0.011264555
503.000000 -0.198980704 -0.056184258 -0.291189760 -0.009094563 0.980976760 -0.193440869 0.013511191
504.000000 -0.200260594 -0.059853103 -0.292497724 -0.008733759 0.981120288 -0.192470893 0.016782029
505.000000 -0.200112447 -0.060688376 -0.294202924 -0.007169961 0.981076419 -0.192432523 0.020183226
506.000000 -0.202185288 -0.061666645 -0.297791481 -0.006158136 0.980896533 -0.192899317 0.024371197
507.000000 -0.201447919 -0.059603993 -0.301897705 -0.004786645 0.980560124 -0.194147661 0.028029080
508.000000 -0.199107558 -0.060905553 -0.303639174 -0.004012427 0.980280280 -0.195142612 0.030884489
509.000000 -0.198560208 -0.056837700 -0.304032862 -0.002189306 0.979679644 -0.197515130 0.034795284
510.000000 -0.197676092 -0.058814615 -0.308084309 -0.001081082 0.979514956 -0.197661415 0.038461398
511.000000 -0.197900131 -0.060962927 -0.308984190 0.000092749 0.979392827 -0.197645426 0.041544955
512.000000 -0.193341762 -0.061253686 -0.313055754 0.002039106 0.979219437 -0.198355988 0.042190317
513.000000 -0.194829077 -0.060179528 -0.316085279 0.003214644 0.978860795 -0.199572951 0.044629507
514.000000 -0.193925381 -0.060514301 -0.318872273 0.004548338 0.978649914 -0.200240403 0.046124347
515.000000 -0.191041768 -0.059683740 -0.322418094 0.006722714 0.978291988 -0.201759085 0.046828158
516.000000 -0.189715371 -0.060011961 -0.325797826 0.008090076 0.978089869 -0.202383310 0.048121914
517.000000 -0.186085343 -0.063463688 -0.326929063 0.009635198 0.977932215 -0.202945203 0.048672453
518.000000 -0.186180398 -0.063850299 -0.330241412 0.011221098 0.977610528 -0.204073533 0.050056450
519.000000 -0.186832502 -0.063879527 -0.331741929 0.011308210 0.977294862 -0.205207705 0.051543124
520.000000 -0.187222719 -0.064041644 -0.334709227 0.012256335 0.977061868 -0.205768317 0.053472068
521.000000 -0.187553585 -0.064214982 -0.337313414 0.013526843 0.976820827 -0.206273600 0.055581488
522.000000 -0.184652328 -0.068786383 -0.340283662 0.014457806 0.976773322 -0.205838412 0.057752527
523.000000 -0.181604058 -0.068541914 -0.342058480 0.015011076 0.976749778 -0.205287084 0.059930913
524.000000 -0.181862831 -0.066699371 -0.342815220 0.015906435 0.976726234 -0.204501614 0.062705189
525.000000 -0.181026354 -0.068907782 -0.345881820 0.016814014 0.976821244 -0.202997968 0.065797627
526.000000 -0.180860043 -0.067713760 -0.347492844 0.018176630 0.976748407 -0.202123716 0.069124132
527.000000 -0.179642245 -0.068758681 -0.349878609 0.020269383 0.976870835 -0.200067669 0.072701164
528.000000 -0.179606348 -0.066774175 -0.352367431 0.023149261 0.976830244 -0.198589042 0.076349519
529.000000 -0.180418566 -0.065690883 -0.353390694 0.024594862 0.976854861 -0.196716785 0.080325097
530.000000 -0.178846180 -0.067040473 -0.355620950 0.025775131 0.977070034 -0.194152787 0.083513029
531.000000 -0.182677299 -0.067883253 -0.356861532 0.026316684 0.977378011 -0.191005841 0.086927518
532.000000 -0.178503022 -0.064604253 -0.357945651 0.027892403 0.977500677 -0.189016625 0.089370564
533.000000 -0.176651105 -0.066875935 -0.359262526 0.029256273 0.977489233 -0.187470123 0.092269905
534.000000 -0.177042246 -0.062406328 -0.361746192 0.030569211 0.977285802 -0.186766431 0.095374584
535.000000 -0.178196579 -0.065704733 -0.361800879 0.031876661 0.977360189 -0.184282571 0.098949179
536.000000 -0.176558480 -0.063350208 -0.365147650 0.032676391 0.977217257 -0.183144063 0.102161698
537.000000 -0.175504163 -0.062746763 -0.364425004 0.033149309 0.977383196 -0.180535808 0.105024070
538.000000 -0.174996674 -0.061116330 -0.365794331 0.033011727 0.977555335 -0.177716494 0.108225159
539.000000 -0.176891476 -0.064189047 -0.365208089 0.032549750 0.977819979 -0.174342155 0.111415640
540.000000 -0.176119611 -0.064358816 -0.368428230 0.033061393 0.977700174 -0.172364935 0.115324147
541.000000 -0.178616673 -0.063546330 -0.368711531 0.033289682 0.977465630 -0.170517102 0.119902648
542.000000 -0.178232580 -0.059437770 -0.370815814 0.033690657 0.977119684 -0.169222444 0.124361791
543.000000 -0.176465780 -0.058168147 -0.371658713 0.033947710 0.976721585 -0.167876571 0.129150897
544.000000 -0.175948650 -0.057760715 -0.372590452 0.034871116 0.976130426 -0.166962996 0.134449601
545.000000 -0.178685457 -0.055477805 -0.374526083 0.034502719 0.975595236 -0.165023580 0.140679389
546.000000 -0.176962674 -0.057912517 -0.373357385 0.034350570 0.975490272 -0.160806894 0.146218553
547.000000 -0.177685723 -0.056595668 -0.374232411 0.033734899 0.975020826 -0.158247113 0.152165130
548.000000 -0.177288458 -0.055422533 -0.375657082 0.036257304 0.974617064 -0.155031160 0.157392383
549.000000 -0.178087875 -0.053203013 -0.377725720 0.036456153 0.974013686 -0.152858168 0.163103327
550.000000 -0.178230330 -0.048440691 -0.377689987 0.037425738 0.973136604 -0.152440175 0.168423355
551.000000 -0.180515647 -0.050254211 -0.376965463 0.037144847 0.972572565 -0.150434181 0.173471630
552.000000 -0.183154821 -0.048031971 -0.380529016 0.038804788 0.971856177 -0.148848414 0.178420469
553.000000 -0.183719575 -0.045816924 -0.381030083 0.038753472 0.971309662 -0.146769032 0.183069617
554.000000 -0.183669478 -0.048449043 -0.381297529 0.037810568 0.970764697 -0.144610777 0.187813759
555.000000 -0.184208781 -0.049391225 -0.382136047 0.039109208 0.969988763 -0.143496007 0.192357004
556.000000 -0.183393955 -0.046987560 -0.382148862 0.039939772 0.969241142 -0.143086091 0.196221262
557.000000 -0.180514231 -0.047626514 -0.384051323 0.039202418 0.968837559 -0.141516626 0.199474320
558.000000 -0.182220548 -0.048138838 -0.383771837 0.038474467 0.968453944 -0.139333293 0.202984974
559.000000 -0.185415238 -0.047598146 -0.386314601 0.037075721 0.967908919 -0.138074264 0.206671789
560.000000 -0.186201245 -0.046301480 -0.387477160 0.036528651 0.967390656 -0.136717051 0.210070148
561.000000 -0.185361624 -0.043531943 -0.389132321 0.036423847 0.966877699 -0.135859489 0.212985903
562.000000 -0.184181243 -0.039132174 -0.389845788 0.036365919 0.966369629 -0.135232002 0.215683937
563.000000 -0.185729027 -0.040060759 -0.390703022 0.034867078 0.965928316 -0.133337438 0.219061375
564.000000 -0.187396780 -0.039794698 -0.391178221 0.034666907 0.965479970 -0.131118074 0.222384006
565.000000 -0.185554147 -0.040938001 -0.389367521 0.033587661 0.965181828 -0.129068613 0.225027084
566.000000 -0.182679027 -0.041857719 -0.389854252 0.033843379 0.964725018 -0.127267197 0.227954775
567.000000 -0.183957040 -0.040760402 -0.388872594 0.033300310 0.964186728 -0.125684783 0.231167331
568.000000 -0.187074453 -0.039060052 -0.391545534 0.033532836 0.963544548 -0.123598590 0.234906062
569.000000 -0.189615190 -0.036770731 -0.394328237 0.033817854 0.962822556 -0.121952862 0.238655835
570.000000 -0.185974091 -0.040470511 -0.392045259 0.035558376 0.962499559 -0.118699536 0.241330951
571.000000 -0.187522769 -0.037432756 -0.393717885 0.035899572 0.961664200 -0.116656147 0.245569780
572.000000 -0.186913744 -0.039112628 -0.393611223 0.036924712 0.960834801 -0.114411324 0.249685973
573.000000 -0.186023295 -0.037413970 -0.396321267 0.038046014 0.959845245 -0.112916291 0.253967613
574.000000 -0.185824752 -0.038747139 -0.395400286 0.038694173 0.958999395 -0.110017054 0.258300692
575.000000 -0.188045532 -0.038700007 -0.396639377 0.039782304 0.957949281 -0.107273310 0.263140708
576.000000 -0.186094373 -0.034787849 -0.398390800 0.040527519 0.956968486 -0.105555765 0.267257899
577.000000 -0.186412871 -0.036890224 -0.396659225 0.040886089 0.956149876 -0.102194555 0.271407366
578.000000 -0.186976567 -0.036746271 -0.398416758 0.040880144 0.955166936 -0.099637672 0.275784880
579.000000 -0.185883909 -0.038865715 -0.397925824 0.040119115 0.954397202 -0.096674919 0.279589683
580.000000 -0.182865798 -0.036737055 -0.398091465 0.038920414 0.953593850 -0.094945043 0.283071458
581.000000 -0.186302379 -0.030095913 -0.402882397 0.037412029 0.952142775 -0.094355106 0.288308144
582.000000 -0.186106190 -0.030525263 -0.402295023 0.036526334 0.951101959 -0.091902681 0.292617083
583.000000 -0.183646247 -0.030184608 -0.401533842 0.036231246 0.950228214 -0.090023585 0.296056420
584.000000 -0.182437241 -0.026414357 -0.403881371 0.035275016 0.949374020 -0.087984279 0.299505264
585.000000 -0.183244929 -0.030869877 -0.403784752 0.034392297 0.948428214 -0.084145308 0.303678483
586.000000 -0.182973966 -0.028604262 -0.402450979 0.033986192 0.947390318 -0.082045570 0.307514220
587.000000 -0.184592143 -0.027228298 -0.402779788 0.033489496 0.946266055 -0.079697929 0.311620384
588.000000 -0.183377191 -0.029275812 -0.403995574 0.032777525 0.945220709 -0.076943718 0.315536141
589.000000 -0.182357267 -0.029049592 -0.403803021 0.032584343 0.944198906 -0.075004585 0.319062650
590.000000 -0.181392908 -0.031357009 -0.402807295 0.032929137 0.943298936 -0.072376929 0.322279990
591.000000 -0.180705205 -0.027316045 -0.403588235 0.033001833 0.942166746 -0.070238851 0.326035529
592.000000 -0.181393266 -0.030746562 -0.402915776 0.032404870 0.941319168 -0.067094989 0.329190552
593.000000 -0.181299061 -0.029840417 -0.403317273 0.032090437 0.940296590 -0.065604337 0.332428426
594.000000 -0.180162996 -0.028312311 -0.404974192 0.032095954 0.939329267 -0.063869961 0.335486174
595.000000 -0.180297047 -0.029903676 -0.401503235 0.031809863 0.938588679 -0.061017405 0.338106930
596.000000 -0.181102291 -0.029251063 -0.401838809 0.032048684 0.937662303 -0.059364945 0.340937108
597.000000 -0.179881722 -0.030406840 -0.401013732 0.032501690 0.936732233 -0.057757884 0.343715668
598.000000 -0.184182152 -0.028477803 -0.404723406 0.032188527 0.935259342 -0.056887273 0.347876012
599.000000 -0.182958394 -0.027560908 -0.402402639 0.032436039 0.934286773 -0.055654064 0.350654751
600.000000 -0.184342489 -0.027588258 -0.403736264 0.032538705 0.933013976 -0.054184575 0.354245812
601.000000 -0.182926357 -0.027390180 -0.402776003 0.032701522 0.932068825 -0.052096803 0.357021272
602.000000 -0.182482719 -0.025174562 -0.403242320 0.033204302 0.930977881 -0.049817815 0.360133022
603.000000 -0.186388180 -0.025346372 -0.401475132 0.032727133 0.929729998 -0.047496565 0.363696426
604.000000 -0.181785285 -0.024563272 -0.401044905 0.033186775 0.928461730 -0.046096645 0.367059380
605.000000 -0.182733685 -0.024394557 -0.403292298 0.032697462 0.927027762 -0.045471553 0.370786637
606.000000 -0.182707608 -0.023697976 -0.402666539 0.032474000 0.925746560 -0.044810772 0.374073118
607.000000 -0.184178770 -0.018828869 -0.404903710 0.032453191 0.924314380 -0.044951074 0.377583236
608.000000 -0.182551652 -0.019764129 -0.402303994 0.032001257 0.923422813 -0.043880079 0.379922062
609.000000 -0.183574349 -0.020937555 -0.404680401 0.031575635 0.922032058 -0.041919194 0.383539617
610.000000 -0.182374954 -0.019565947 -0.402753770 0.031635381 0.920888782 -0.041031729 0.386366963
611.000000 -0.181745738 -0.015650034 -0.401069760 0.032195251 0.919471502 -0.040024955 0.389786631
612.000000 -0.178918019 -0.020879641 -0.400961071 0.031688612 0.918327332 -0.038455065 0.392672837
613.000000 -0.182510376 -0.021771021 -0.402777970 0.033182848 0.916398704 -0.038332019 0.397042841
614.000000 -0.181541815 -0.023442119 -0.401031077 0.035198234 0.914399326 -0.037312590 0.401550382
615.000000 -0.180815056 -0.016238246 -0.403388917 0.036722824 0.912036955 -0.036782410 0.406801075
616.000000 -0.180672586 -0.014404285 -0.402840614 0.036742937 0.910366297 -0.034869712 0.410691291
617.000000 -0.180764765 -0.013582862 -0.403119266 0.036523018 0.908790708 -0.033256747 0.414318204
618.000000 -0.181588322 -0.019442959 -0.406278074 0.034851138 0.906895578 -0.029479688 0.418875575
619.000000 -0.179270536 -0.014057550 -0.403248370 0.034397084 0.905109107 -0.028099362 0.422853172
620.000000 -0.179212213 -0.016493246 -0.405295908 0.033730332 0.902997494 -0.027125031 0.427460015
621.000000 -0.180335209 -0.020260148 -0.407058358 0.032782368 0.901126087 -0.026529707 0.431501210
622.000000 -0.176497906 -0.017528318 -0.401326209 0.032690257 0.900164127 -0.026308214 0.433524758
623.000000 -0.175760880 -0.016985141 -0.402467340 0.031917207 0.898439705 -0.025873734 0.437170327
624.000000 -0.175794676 -0.017026691 -0.404980749 0.030646618 0.896886706 -0.025109068 0.440482199
625.000000 -0.174840719 -0.018367659 -0.405179977 0.030166041 0.895267963 -0.024699857 0.443818837
626.000000 -0.172599271 -0.016345255 -0.404025227 0.031054424 0.893407762 -0.024719711 0.447489828
627.000000 -0.172656208 -0.016879767 -0.405235559 0.030995907 0.891703308 -0.023577053 0.450941861
628.000000 -0.170276493 -0.017720863 -0.405986428 0.030623060 0.889993370 -0.022967454 0.454363823
629.000000 -0.171539485 -0.019355865 -0.408041239 0.030758012 0.888212621 -0.023959287 0.457775295
630.000000 -0.169865027 -0.018333307 -0.408786267 0.030336650 0.886703074 -0.024866281 0.460672438
631.000000 -0.167794228 -0.014265846 -0.408002347 0.029757580 0.885068536 -0.025694489 0.463797420
632.000000 -0.167593360 -0.020168314 -0.407624245 0.028968025 0.883285761 -0.024700211 0.467286825
633.000000 -0.163618445 -0.018514829 -0.405032009 0.029379964 0.881755769 -0.025880927 0.470078498
634.000000 -0.163635388 -0.013562178 -0.407246292 0.030335993 0.879552007 -0.027747480 0.474023312
635.000000 -0.158157840 -0.015329793 -0.400972575 0.030521175 0.878143311 -0.027809408 0.476612389
636.000000 -0.157004341 -0.014141282 -0.401541829 0.030718202 0.876104236 -0.028978515 0.480268627
637.000000 -0.156478614 -0.011438842 -0.407151282 0.030945368 0.873816907 -0.030676201 0.484298855
638.000000 -0.152555108 -0.017165650 -0.405359805 0.029836884 0.872375011 -0.029964263 0.487004757
639.000000 -0.150070563 -0.014686451 -0.402228296 0.030173359 0.870954633 -0.030699646 0.489474297
640.000000 -0.150150254 -0.016097216 -0.408969849 0.029790761 0.868845224 -0.031210747 0.493200064
641.000000 -0.145598114 -0.014389582 -0.406087935 0.030095052 0.867490828 -0.032318663 0.495489091
642.000000 -0.143934324 -0.014601924 -0.405913025 0.029615607 0.866134405 -0.032477833 0.497874737
643.000000 -0.138919711 -0.017031569 -0.401084065 0.029987194 0.865395546 -0.032461677 0.499136776
644.000000 -0.137655050 -0.018111166 -0.402130067 0.030010263 0.864195943 -0.032397479 0.501213551
645.000000 -0.135785788 -0.018834127 -0.403033972 0.029457822 0.862949550 -0.031578068 0.503441215
646.000000 -0.131439537 -0.018889837 -0.399217218 0.029623063 0.862305760 -0.031435907 0.504542410
647.000000 -0.129892945 -0.015594369 -0.398053586 0.030384544 0.861246109 -0.032643210 0.506227493
648.000000 -0.125588983 -0.018975683 -0.400942534 0.029745379 0.860025704 -0.031878751 0.508384287
649.000000 -0.125132889 -0.013444130 -0.400787592 0.029207719 0.859092355 -0.032602586 0.509945273
650.000000 -0.121168144 -0.018238287 -0.398469806 0.028118206 0.858621299 -0.031718619 0.510854781
651.000000 -0.121810175 -0.018709319 -0.402161211 0.026696777 0.857375324 -0.032316148 0.512981892
652.000000 -0.117604420 -0.017543204 -0.398135602 0.026996737 0.857165158 -0.032346155 0.513315439
653.000000 -0.113877289 -0.016021550 -0.399217039 0.026054950 0.857147574 -0.032547522 0.513380766
654.000000 -0.110061206 -0.017300379 -0.397617787 0.026623532 0.857118726 -0.031977262 0.513435423
655.000000 -0.106140792 -0.018877428 -0.396809131 0.025653534 0.857353747 -0.031882014 0.513098419
656.000000 -0.104909487 -0.018386126 -0.396761715 0.025830301 0.857423484 -0.031817105 0.512976885
657.000000 -0.103526726 -0.015206113 -0.398598403 0.026130544 0.856691062 -0.032236505 0.514157891
658.000000 -0.099619247 -0.016937202 -0.393402249 0.026678123 0.856622517 -0.030903520 0.514325798
659.000000 -0.096681416 -0.015675567 -0.394691259 0.026875451 0.856236458 -0.031277996 0.514935434
660.000000 -0.094510168 -0.018034980 -0.393993825 0.026911277 0.856221080 -0.030423675 0.515010357
661.000000 -0.091974825 -0.013668129 -0.390548885 0.027042693 0.856480658 -0.030098578 0.514590561
662.000000 -0.088383742 -0.013492191 -0.390019029 0.026521767 0.856568754 -0.030040709 0.514474630
663.000000 -0.088073812 -0.012115588 -0.390204698 0.025393147 0.857093692 -0.029944273 0.513662279
664.000000 -0.083998322 -0.010095792 -0.388255775 0.024553122 0.857782185 -0.029026022 0.512605369
665.000000 -0.080422767 -0.010677394 -0.385159373 0.023147121 0.858312547 -0.026962910 0.511895120
666.000000 -0.075932600 -0.014312243 -0.382158309 0.021428088 0.858619153 -0.024760015 0.511567056
667.000000 -0.077501319 -0.008752024 -0.389516473 0.019915750 0.857776046 -0.024737760 0.513041675
668.000000 -0.075173631 -0.006942949 -0.387760371 0.018053774 0.857802331 -0.023889730 0.513106704
669.000000 -0.072043352 -0.009379021 -0.389115691 0.015166129 0.857829213 -0.021465857 0.513262391
670.000000 -0.068233900 -0.003461131 -0.386285663 0.013056012 0.858318150 -0.021385944 0.512505710
671.000000 -0.068901740 -0.004394354 -0.388791412 0.011218301 0.858165979 -0.020683076 0.512832761
672.000000 -0.065816849 -0.004924664 -0.390537471 0.008840538 0.858077943 -0.018846355 0.513097405
673.000000 -0.063453570 -0.007056491 -0.390587002 0.007617156 0.858008087 -0.015925463 0.513332665
674.000000 -0.060654163 -0.008526603 -0.388171703 0.007355770 0.857844710 -0.014671797 0.513646960
675.000000 -0.056047879 -0.004256759 -0.388488024 0.007825451 0.857665181 -0.014627396 0.513940930
676.000000 -0.052415058 -0.006107769 -0.388451993 0.006799027 0.857359171 -0.012875293 0.514512599
677.000000 -0.051494457 -0.005607466 -0.390651405 0.006387008 0.856672525 -0.011992574 0.515681684
678.000000 -0.048954211 -0.002174957 -0.394429922 0.006668244 0.855373144 -0.011251345 0.517847240
679.000000 -0.047041938 -0.003981214 -0.393971950 0.007271044 0.854331672 -0.009525635 0.519590020
680.000000 -0.047074586 -0.003420254 -0.397536218 0.008748919 0.852429986 -0.009346735 0.522684574
681.000000 -0.041588128 -0.001033621 -0.396380812 0.010547536 0.850877881 -0.009054336 0.525179505
682.000000 -0.040325135 -0.002452686 -0.400970757 0.011496932 0.849073410 -0.008201233 0.528086126
683.000000 -0.037016451 -0.001080056 -0.401715457 0.013243824 0.847946525 -0.008147959 0.529853702
684.000000 -0.033267975 0.000901613 -0.402304232 0.014721047 0.847659230 -0.008088592 0.530275106
685.000000 -0.031116992 0.004127065 -0.403736115 0.014322336 0.847618282 -0.007006417 0.530366838
686.000000 -0.028695762 0.002210516 -0.404864639 0.012551683 0.847893596 -0.004947049 0.529994845
687.000000 -0.023927480 0.002846096 -0.407949954 0.011883521 0.848331034 -0.003114433 0.529323697
688.000000 -0.023929030 0.001809455 -0.411392212 0.010575288 0.848647833 -0.001403299 0.528850734
689.000000 -0.019137532 -0.000955753 -0.410954982 0.009322820 0.849408925 0.001275251 0.527651429
690.000000 -0.015799224 -0.002821535 -0.415718019 0.008147214 0.849305809 0.001601113 0.527835906
691.000000 -0.013645366 -0.002763381 -0.419448972 0.007802734 0.849434435 0.000305998 0.527636409
692.000000 -0.010105088 -0.003277786 -0.419016838 0.007097583 0.850195289 -0.000597504 0.526419342
693.000000 -0.008206815 -0.002826347 -0.422999829 0.005682937 0.850602448 -0.000763430 0.525778055
694.000000 -0.005607471 -0.002801067 -0.426231205 0.004621399 0.850833654 -0.000451113 0.525414586
695.000000 -0.001672909 -0.008650673 -0.423665673 0.002942305 0.851591110 0.001587706 0.524196029
696.000000 0.002581045 -0.009681163 -0.432433009 0.001689826 0.851272404 0.002818269 0.524713755
697.000000 0.004349530 0.000268787 -0.435086489 0.003343015 0.851862490 0.001409004 0.523752928
698.000000 0.008894980 -0.000003589 -0.438462615 0.002134052 0.853013098 0.004623547 0.521864653
699.000000 0.011417553 0.002459950 -0.439543277 0.002204654 0.853497386 0.005214768 0.521066487
700.000000 0.011832461 -0.000327741 -0.440866768 0.001042984 0.853874147 0.006695366 0.520435452
701.000000 0.014685109 0.000009818 -0.442456007 0.000251554 0.854056597 0.008808416 0.520105541
702.000000 0.016702667 -0.000074465 -0.444994003 -0.000352196 0.854199708 0.012341961 0.519798517
703.000000 0.021061182 -0.002236039 -0.448304117 -0.000715606 0.854665697 0.014753878 0.518968523
704.000000 0.021612927 -0.000093916 -0.450842857 -0.000328318 0.855162919 0.016609972 0.518092930
705.000000 0.024453953 0.003825185 -0.450366974 -0.000777078 0.856096804 0.018377684 0.516488016
706.000000 0.023540840 0.001497889 -0.457753628 -0.002505391 0.855818689 0.020617655 0.516858757
707.000000 0.029425234 0.000407112 -0.454801023 -0.002900812 0.856678367 0.021164861 0.515408337
708.000000 0.030094236 -0.000613669 -0.455361128 -0.002933366 0.857177079 0.021115448 0.514580369
709.000000 0.032374203 0.001740435 -0.458729744 -0.003119227 0.857752502 0.022200437 0.513573766
710.000000 0.031068414 -0.001275897 -0.462822646 -0.004063141 0.858136475 0.023550294 0.512865245
711.000000 0.037230015 0.001639899 -0.454360038 -0.003443446 0.860339642 0.023412848 0.509171426
712.000000 0.038854778 0.000464885 -0.459337771 -0.004897065 0.861172915 0.024323452 0.507706285
713.000000 0.039762646 0.000316717 -0.462318659 -0.006747811 0.862167120 0.025767883 0.505923033
714.000000 0.042021498 -0.004566835 -0.459506392 -0.008691661 0.863811076 0.026915256 0.503021359
715.000000 0.042629004 0.000401405 -0.465193838 -0.008022632 0.865041554 0.025370253 0.500993967
716.000000 0.046130940 0.000544091 -0.464278907 -0.008138704 0.867063344 0.024137113 0.497546285
717.000000 0.048281997 -0.000872844 -0.464471459 -0.007990876 0.869077027 0.024144553 0.494022518
718.000000 0.052890837 0.000608888 -0.458839118 -0.007626015 0.871530592 0.024085339 0.489689916
719.000000 0.058676422 0.002935610 -0.458222151 -0.008150126 0.873538852 0.024903046 0.486048639
720.000000 0.062913626 0.004924238 -0.455912769 -0.008173889 0.875758708 0.026321264 0.481961638
721.000000 0.065086052 0.000238512 -0.461645097 -0.008219293 0.877254069 0.026765356 0.479209125
722.000000 0.074226335 0.006672401 -0.451221138 -0.006259374 0.880175531 0.026569016 0.473862767
723.000000 0.070431665 -0.001478057 -0.460166276 -0.007055665 0.881032646 0.027740231 0.472188741
724.000000 0.079183295 -0.001561221 -0.449492604 -0.006778168 0.883887231 0.028265998 0.466795921
725.000000 0.079599842 0.000105571 -0.454862714 -0.007403276 0.885016263 0.028621217 0.464620531
726.000000 0.083446249 -0.000951570 -0.453203112 -0.008280645 0.887043893 0.030300139 0.460615337
727.000000 0.083120152 0.000203665 -0.457717240 -0.007371025 0.888344944 0.030379117 0.458111435
728.000000 0.086440951 0.003249776 -0.453010142 -0.005183331 0.890761554 0.030162046 0.453439355
729.000000 0.091443151 0.004274270 -0.450523436 -0.003709212 0.892882884 0.032049183 0.449131668
730.000000 0.096249893 -0.002747742 -0.450757861 -0.003865646 0.895040989 0.035258546 0.444571167
731.000000 0.102233276 0.000772525 -0.445885241 -0.002447901 0.897697508 0.036039922 0.439129084
732.000000 0.106334284 0.001078451 -0.444991112 -0.001295519 0.899955928 0.037476625 0.434365243
733.000000 0.106407419 -0.002632473 -0.447198749 -0.001445745 0.901942492 0.038253523 0.430156142
734.000000 0.113761768 -0.002638582 -0.442790151 -0.000952200 0.904501557 0.038542848 0.424723923
735.000000 0.114985794 0.000833638 -0.446564794 -0.000821690 0.906189442 0.037916042 0.421167850
736.000000 0.119326234 -0.002600098 -0.438346684 -0.001694035 0.908842146 0.039501484 0.415262192
737.000000 0.125548974 -0.003692046 -0.437413216 -0.002040280 0.911100507 0.040483057 0.410186291
738.000000 0.123492479 0.002020450 -0.440609455 -0.000928479 0.912774980 0.039865185 0.406511664
739.000000 0.127200857 0.001626020 -0.436347872 -0.001483146 0.914812386 0.041323964 0.401756525
740.000000 0.130014777 0.000892200 -0.433629066 -0.002847173 0.916687429 0.044049505 0.397159576
741.000000 0.139685184 0.000144877 -0.424516141 -0.004224488 0.919186473 0.046379548 0.391059279
742.000000 0.134333417 -0.003233653 -0.430457741 -0.006896042 0.920043349 0.047769781 0.388832480
743.000000 0.138136834 -0.007134315 -0.429972678 -0.008670027 0.921501994 0.049129300 0.385156035
744.000000 0.139241263 -0.000988062 -0.430553347 -0.009715510 0.922503054 0.048887506 0.382758021
745.000000 0.140675202 -0.001875482 -0.431223273 -0.010050310 0.923107326 0.048199784 0.381377250
746.000000 0.141946197 -0.001603521 -0.429750800 -0.010111394 0.923777223 0.046250131 0.379992545
747.000000 0.146724626 -0.003238343 -0.427608252 -0.013039677 0.925138831 0.049264889 0.376192898
748.000000 0.148614049 -0.002220675 -0.427467883 -0.013911268 0.925927818 0.048970215 0.374253899
749.000000 0.148506820 -0.000667382 -0.430101097 -0.013792468 0.926369250 0.048410103 0.373237520
750.000000 0.148074359 -0.001976419 -0.431688219 -0.014282526 0.926852167 0.048514340 0.372004598
751.000000 0.148059085 0.002003625 -0.433715582 -0.013242478 0.927465677 0.046605419 0.370755970
752.000000 0.151992753 0.001343016 -0.430297226 -0.012020907 0.928933084 0.045497783 0.367244780
753.000000 0.154237956 -0.002837118 -0.430162907 -0.011208811 0.930181980 0.046450455 0.363975585
754.000000 0.157620311 -0.003177635 -0.428544670 -0.009611821 0.931807101 0.046078082 0.359888881
755.000000 0.156542540 -0.000539735 -0.430379093 -0.009130028 0.933249593 0.045093074 0.356270134
756.000000 0.164838761 0.001331449 -0.421336263 -0.009127625 0.935588419 0.046925362 0.349841416
757.000000 0.169095814 0.002196275 -0.418650866 -0.009943176 0.937586069 0.049894806 0.344011635
758.000000 0.162767246 0.003051303 -0.425398171 -0.011215262 0.938882828 0.052470490 0.340029597
759.000000 0.170849830 0.000286844 -0.419801354 -0.010795288 0.941138983 0.055109661 0.333322465
760.000000 0.167297602 0.004097354 -0.423507154 -0.009847290 0.942264915 0.057185713 0.329802573
761.000000 0.171208069 0.000649583 -0.422345072 -0.009624469 0.944127619 0.060494877 0.323837668
762.000000 0.182286859 0.001830228 -0.415882230 -0.007172223 0.946570456 0.063324846 0.316137552
763.000000 0.187326953 -0.001369517 -0.412355304 -0.005168611 0.948480308 0.066436894 0.309749126
764.000000 0.192741647 -0.003286667 -0.412364304 -0.004452918 0.950227082 0.069866024 0.303590894
765.000000 0.188799188 0.001115777 -0.416250587 -0.003749049 0.951600432 0.071722530 0.298828423
766.000000 0.186450854 0.001943700 -0.417794019 -0.002994831 0.953052998 0.073308222 0.293780357
767.000000 0.188559741 0.002847783 -0.417479426 -0.001581431 0.954480648 0.074377038 0.288846403
768.000000 0.193976834 -0.001371704 -0.418448567 -0.000726407 0.955668509 0.077045187 0.284185171
769.000000 0.197637022 0.009269934 -0.415419102 0.001789060 0.956949055 0.075743914 0.280192941
770.000000 0.201008022 0.006001197 -0.415962428 0.004715022 0.957587719 0.076480277 0.277766526
771.000000 0.199315190 -0.002485186 -0.417317688 0.006941451 0.957570136 0.080443963 0.276658654
772.000000 0.206927389 -0.001481555 -0.412634045 0.008835070 0.958000958 0.081669256 0.274747461
773.000000 0.208923966 -0.000886306 -0.411510289 0.010397177 0.958052754 0.081858367 0.274455786
774.000000 0.207207322 0.000791684 -0.414675057 0.009980082 0.957773089 0.081707351 0.275490493
775.000000 0.213034362 -0.001291998 -0.413115531 0.009643481 0.957746506 0.081057221 0.275786787
776.000000 0.212202728 -0.000568174 -0.413151622 0.007811424 0.957512438 0.079798788 0.277021825
777.000000 0.211357087 -0.000696667 -0.415942609 0.005629704 0.957078755 0.079260424 0.278722674
778.000000 0.214122683 -0.001080543 -0.415008307 0.003789039 0.956824839 0.076600976 0.280364394
779.000000 0.213507742 -0.001346774 -0.418817788 0.003059862 0.956228077 0.072416693 0.283503652
780.000000 0.220909938 -0.008270059 -0.416422337 0.001035065 0.955858469 0.069452271 0.285499394
781.000000 0.216571882 -0.004588656 -0.419565022 -0.001123728 0.954958677 0.064317986 0.289682299
782.000000 0.215091556 -0.005092308 -0.422991753 -0.003256129 0.954473794 0.060418621 0.292093813
783.000000 0.218387440 -0.000716671 -0.419896960 -0.002822848 0.954395950 0.056608323 0.293114126
784.000000 0.217980862 -0.007676125 -0.421797127 -0.003343459 0.953852296 0.056510504 0.294891655
785.000000 0.219849408 -0.005883709 -0.420895815 -0.003775363 0.953581572 0.055714529 0.295911849
786.000000 0.215249851 -0.004071664 -0.424265862 -0.003046297 0.952800155 0.053587414 0.298816025
787.000000 0.219660863 -0.005780041 -0.422513872 -0.002154091 0.952792048 0.051845104 0.299156815
788.000000 0.222988695 -0.006276626 -0.420747429 -0.002533350 0.952873230 0.049393822 0.299309969
789.000000 0.222474679 -0.007480893 -0.421933085 -0.001429085 0.952819169 0.045442007 0.300114334
790.000000 0.223247603 -0.007898159 -0.420812070 0.000100280 0.952944040 0.040917929 0.300372064
791.000000 0.223444939 -0.006203528 -0.422944725 0.001911415 0.952796280 0.037826665 0.301238537
792.000000 0.222048283 -0.005758770 -0.423742414 0.002869559 0.952353358 0.035024360 0.302965611
793.000000 0.219895914 -0.008532129 -0.424631715 0.003309238 0.951705992 0.031459514 0.305376947
794.000000 0.227354869 -0.009327158 -0.422296107 0.005015509 0.951682091 0.027483417 0.305811614
795.000000 0.223238483 -0.008278597 -0.423197329 0.005485518 0.950999320 0.022865107 0.308297634
796.000000 0.230129257 -0.011969417 -0.420243949 0.005942979 0.950632691 0.016742550 0.309809387
797.000000 0.228564948 -0.012519056 -0.419438422 0.006114849 0.949722767 0.009575181 0.312885940
798.000000 0.233540446 -0.015101394 -0.416694790 0.006018341 0.949335992 0.004726517 0.314169645
799.000000 0.233331576 -0.017887084 -0.416957021 0.005575682 0.948475003 0.001457660 0.316799521
800.000000 0.231209308 -0.015145272 -0.419480771 0.006001364 0.947208941 -0.001133165 0.320558697
801.000000 0.232431531 -0.012217968 -0.415896624 0.006351533 0.946169257 -0.003671024 0.323589027
802.000000 0.232435808 -0.016479328 -0.417874843 0.007043508 0.944771111 -0.004608113 0.327622861
803.000000 0.230672419 -0.016372247 -0.421627641 0.007421240 0.943006754 -0.006241868 0.332632303
804.000000 0.237107098 -0.016122859 -0.415543407 0.008347086 0.942263722 -0.008030804 0.334671348
805.000000 0.234418675 -0.012288224 -0.418729305 0.008767631 0.940494299 -0.010530406 0.339533180
806.000000 0.230431125 -0.015258459 -0.422266811 0.008125152 0.938822508 -0.010936874 0.344131798
807.000000 0.229311079 -0.015788669 -0.422478080 0.007087280 0.937402785 -0.011460699 0.347986281
808.000000 0.232044399 -0.015580764 -0.420361936 0.006749437 0.936324418 -0.012768510 0.350838989
809.000000 0.235294938 -0.015928861 -0.416375518 0.006634412 0.935193360 -0.013487705 0.353818446
810.000000 0.232979387 -0.018535698 -0.419184417 0.005401128 0.933334351 -0.013563620 0.358711362
811.000000 0.233294070 -0.017380390 -0.418529063 0.004481434 0.931556940 -0.013551450 0.363315254
812.000000 0.233538836 -0.016450876 -0.417957872 0.003597747 0.929831684 -0.013039374 0.367736369
813.000000 0.234952584 -0.016933251 -0.416784346 0.003166056 0.928250551 -0.011578392 0.371761799
814.000000 0.236071885 -0.017968241 -0.416792750 0.002061686 0.926516116 -0.009606837 0.376126766
815.000000 0.232381001 -0.014753290 -0.419678152 0.001496899 0.924367726 -0.008237744 0.381410778
816.000000 0.236341387 -0.017018259 -0.415795535 0.001016183 0.922915578 -0.005587968 0.384960592
817.000000 0.236823320 -0.014906919 -0.415846348 0.000695610 0.921212554 -0.003689751 0.389041632
818.000000 0.237510458 -0.013089399 -0.410497963 0.000193012 0.919670165 -0.002005626 0.392686576
819.000000 0.236602098 -0.016094277 -0.412045300 -0.001002796 0.917653501 0.000782507 0.397379398
820.000000 0.238391936 -0.016221678 -0.409950793 -0.001987152 0.916101277 0.003027540 0.400930583
821.000000 0.236869991 -0.016980626 -0.408537328 -0.002489573 0.914365351 0.005375937 0.404846877
822.000000 0.235901818 -0.016937535 -0.412023306 -0.003207619 0.912449658 0.008372216 0.409090757
823.000000 0.234368652 -0.015841641 -0.410948366 -0.004135594 0.910728276 0.010982705 0.412839353
824.000000 0.235932350 -0.018857004 -0.409712553 -0.006099429 0.909350097 0.014435776 0.415736526
825.000000 0.237243429 -0.017312881 -0.405983388 -0.007380378 0.907997251 0.017309163 0.418553412
826.000000 0.235847592 -0.015624611 -0.407314450 -0.008885923 0.906352103 0.019308463 0.421988219
827.000000 0.234120578 -0.019983083 -0.407084227 -0.010670842 0.905024648 0.023010356 0.424602240
828.000000 0.234125644 -0.015589401 -0.408144772 -0.012765221 0.903523147 0.024797376 0.427630752
829.000000 0.235595077 -0.012032749 -0.402820379 -0.013407350 0.902907550 0.026112648 0.428831339
830.000000 0.234595388 -0.013575299 -0.402424932 -0.016454661 0.900278568 0.028387381 0.434075892
831.000000 0.236577690 -0.013080791 -0.399514198 -0.017158581 0.899518669 0.028659742 0.435603529
832.000000 0.235875830 -0.010030195 -0.398989618 -0.017688861 0.897833109 0.029272826 0.439005584
833.000000 0.232495695 -0.010978093 -0.399459839 -0.019119585 0.895856380 0.030262776 0.442899466
834.000000 0.235405892 -0.011542177 -0.396164298 -0.019498395 0.894284070 0.030548384 0.446029842
835.000000 0.235142410 -0.009406229 -0.391707242 -0.019664690 0.892481863 0.030790903 0.449601293
836.000000 0.231983632 -0.010771960 -0.394823581 -0.021225108 0.890048206 0.031693723 0.454267770
837.000000 0.230647311 -0.011078496 -0.395538926 -0.023460809 0.888143957 0.032438651 0.457818270
838.000000 0.229092002 -0.013861533 -0.396190703 -0.025999974 0.886329353 0.032923423 0.461151063
839.000000 0.227794454 -0.010056302 -0.393332601 -0.027478015 0.885143161 0.032882113 0.463341415
840.000000 0.224410951 -0.007228352 -0.392297387 -0.029790703 0.883665681 0.033830199 0.465943128
841.000000 0.224027961 -0.013782535 -0.392744839 -0.033995837 0.881726205 0.037398390 0.469046354
842.000000 0.223178893 -0.012291253 -0.387792766 -0.036454257 0.880155027 0.039044872 0.471671194
843.000000 0.223074391 -0.011616256 -0.388264537 -0.037888587 0.877949774 0.040231440 0.475552410
844.000000 0.222647160 -0.006920259 -0.386315197 -0.038876943 0.875635564 0.041636009 0.479601234
845.000000 0.222108483 -0.012291435 -0.384126425 -0.041580893 0.873275280 0.043944929 0.483456433
846.000000 0.220271230 -0.009745203 -0.387065768 -0.042182885 0.870439589 0.044361398 0.488454252
847.000000 0.217918828 -0.014897063 -0.391979784 -0.042824779 0.866987228 0.045605373 0.494387776
848.000000 0.218186677 -0.003929093 -0.384248376 -0.041041501 0.864674270 0.043799285 0.498734027
849.000000 0.216157675 -0.005611058 -0.387707591 -0.040547192 0.860833347 0.043397475 0.505409181
850.000000 0.215512514 -0.008397311 -0.383984417 -0.040805683 0.857131004 0.042907115 0.511683643
851.000000 0.211917490 -0.004386559 -0.386607111 -0.040898748 0.852558136 0.041306220 0.519389749
852.000000 0.210033149 -0.002638038 -0.384005785 -0.042016704 0.848914385 0.040017698 0.525335610
853.000000 0.210283712 0.000961009 -0.383530796 -0.042974856 0.845382214 0.038667783 0.531024456
854.000000 0.208126828 -0.003732968 -0.384065807 -0.044872731 0.841720700 0.039122447 0.536620975
855.000000 0.205438793 -0.005459622 -0.386826992 -0.047751416 0.838052750 0.040505152 0.541983962
856.000000 0.204750896 -0.003120504 -0.383783132 -0.049671981 0.835275650 0.042353660 0.545942664
857.000000 0.207621604 -0.001429249 -0.376423270 -0.050221015 0.833245814 0.043018535 0.548933983
858.000000 0.212220192 -0.000131603 -0.366282821 -0.050346956 0.831487060 0.044183049 0.551490963
859.000000 0.209731966 0.000659898 -0.369047403 -0.050845880 0.828137100 0.044985853 0.556399047
860.000000 0.209607184 0.002310980 -0.366381288 -0.050584771 0.825743735 0.044653140 0.559995174
861.000000 0.207511738 -0.001522798 -0.364290446 -0.050988581 0.823619187 0.045002624 0.563050926
862.000000 0.205114305 0.001841828 -0.362434447 -0.050772369 0.821722269 0.044445001 0.565879226
863.000000 0.203257963 0.000274718 -0.360336512 -0.050141871 0.819826543 0.044216096 0.568696141
864.000000 0.198692352 0.003106173 -0.358988255 -0.048634320 0.817884922 0.042838022 0.571720123
865.000000 0.199211866 -0.001225207 -0.354754180 -0.048797801 0.815910041 0.043441147 0.574475825
866.000000 0.196724594 0.004601501 -0.353997439 -0.048358135 0.813695848 0.042925235 0.577683270
867.000000 0.194346726 0.000132024 -0.352112442 -0.048276030 0.811807275 0.042537741 0.580369592
868.000000 0.194186330 -0.002347786 -0.350624830 -0.047826782 0.810118377 0.041466154 0.582839072
869.000000 0.190086693 0.003704894 -0.345509171 -0.045456398 0.808949292 0.038625658 0.584844232
870.000000 0.186750293 0.001344565 -0.344522774 -0.044552878 0.807318509 0.036855321 0.587276399
871.000000 0.187013835 0.000838755 -0.339287788 -0.044506494 0.806132257 0.037085511 0.588892758
872.000000 0.182908878 0.001454139 -0.336504281 -0.044976190 0.804836869 0.038325224 0.590547144
873.000000 0.176826417 0.001490336 -0.339661300 -0.043266114 0.803107679 0.037327226 0.593087494
874.000000 0.176150545 0.001097796 -0.335635781 -0.040656067 0.802577615 0.035062257 0.594127059
875.000000 0.172148764 0.001098575 -0.332289129 -0.038859881 0.802122116 0.032882523 0.594986320
876.000000 0.167880058 -0.004069518 -0.334967256 -0.038125131 0.800887227 0.031509500 0.596769094
877.000000 0.165132701 0.003376393 -0.330859542 -0.036303196 0.800204873 0.028066900 0.597968698
878.000000 0.165156320 -0.002190689 -0.324039996 -0.037772067 0.799441338 0.027413672 0.598928511
879.000000 0.163914621 -0.004581112 -0.321232438 -0.037823007 0.798075080 0.025073385 0.600846767
880.000000 0.158932999 -0.005026620 -0.314214855 -0.036668800 0.797037780 0.021426391 0.602434278
881.000000 0.154204935 -0.003783373 -0.321467757 -0.036725450 0.794439435 0.019069152 0.605931997
882.000000 0.153393418 -0.006020807 -0.312421203 -0.037227236 0.793374658 0.018649558 0.607308030
883.000000 0.150972426 -0.006995525 -0.309106439 -0.038173981 0.791434884 0.017876651 0.609798431
884.000000 0.145178288 -0.003244226 -0.310614586 -0.037698258 0.789007485 0.016049914 0.613015890
885.000000 0.145141214 -0.003517942 -0.306690782 -0.038075246 0.787201703 0.015466078 0.615324736
886.000000 0.141759157 -0.012756480 -0.306839287 -0.039297774 0.784510970 0.016477458 0.618649125
887.000000 0.137572691 -0.004453380 -0.301599741 -0.038188390 0.782173097 0.015513462 0.621696293
888.000000 0.141084164 -0.009085859 -0.283408880 -0.038314674 0.780947745 0.017609721 0.623171270
889.000000 0.139957398 -0.008570855 -0.280770600 -0.037690956 0.777259171 0.018147269 0.627788424
890.000000 0.134615630 -0.011118495 -0.284302860 -0.037391223 0.772245765 0.018384887 0.633956075
891.000000 0.132274330 -0.009593576 -0.283794016 -0.035581563 0.767561376 0.018077785 0.639731705
892.000000 0.132228523 -0.010876100 -0.275555223 -0.033451695 0.763560236 0.018572353 0.644602001
893.000000 0.122561097 -0.005737271 -0.287155986 -0.031285960 0.756927311 0.016949661 0.652529597
894.000000 0.125430286 -0.011731536 -0.277351648 -0.030534033 0.753576577 0.017428229 0.656419218
895.000000 0.120286427 -0.008584787 -0.277965665 -0.029174075 0.748965085 0.016379535 0.661764264
896.000000 0.119228698 -0.005590403 -0.278463066 -0.028451931 0.744498730 0.015530318 0.666836441
897.000000 0.116312712 -0.002366149 -0.277810812 -0.027443970 0.739963591 0.014423500 0.671931982
898.000000 0.118564919 -0.015360972 -0.261366755 -0.026539396 0.737183034 0.016314398 0.674974561
899.000000 0.115381494 -0.015993446 -0.259380311 -0.024943199 0.732247353 0.016520055 0.680381358
900.000000 0.113713846 -0.014095700 -0.260161161 -0.024431195 0.727552533 0.017216999 0.685400605
901.000000 0.111859284 -0.014394183 -0.262103856 -0.024797995 0.722835660 0.017119369 0.690362573
902.000000 0.110358000 -0.014978653 -0.255693734 -0.024469940 0.719628274 0.017343903 0.693711460
903.000000 0.108395360 -0.017610013 -0.257261038 -0.025300687 0.715458453 0.017533818 0.697976768
904.000000 0.102778554 -0.015240952 -0.257816672 -0.025464971 0.711367309 0.016345521 0.702168703
905.000000 0.099163800 -0.014466827 -0.263013273 -0.025299488 0.706389904 0.015319644 0.707204819
906.000000 0.094823405 -0.011900801 -0.263983279 -0.025101403 0.702134430 0.013584615 0.711472094
907.000000 0.093226694 -0.010968195 -0.262720853 -0.025221536 0.698288500 0.013509694 0.715244353
908.000000 0.090814002 -0.012187097 -0.259331405 -0.025902014 0.695155025 0.013765694 0.718261123
909.000000 0.087628216 -0.010391206 -0.262280792 -0.025538947 0.691529989 0.013289321 0.721773863
910.000000 0.085782796 -0.013586743 -0.261838913 -0.025470247 0.688449621 0.013317661 0.724714458
911.000000 0.084217526 -0.010375211 -0.260089308 -0.025241900 0.685808361 0.012910096 0.727229714
912.000000 0.080846429 -0.006744385 -0.261344671 -0.024798382 0.682743371 0.011865154 0.730140924
913.000000 0.076206148 -0.006237583 -0.265262336 -0.024108868 0.679248989 0.010926896 0.733430386
914.000000 0.074370056 -0.010417232 -0.260734767 -0.024222320 0.676818430 0.010659742 0.735674143
915.000000 0.072432160 -0.008725247 -0.268642634 -0.023974404 0.672793448 0.009614201 0.739379346
916.000000 0.069390297 -0.008663791 -0.264050394 -0.023646833 0.670577049 0.009669119 0.741399825
917.000000 0.067359760 -0.010803223 -0.261295199 -0.024145592 0.668622792 0.010581169 0.743134320
918.000000 0.064537629 -0.008984777 -0.264389426 -0.023607409 0.665826321 0.010470370 0.745659649
919.000000 0.061381139 -0.005268434 -0.265899926 -0.022583060 0.663331568 0.009239922 0.747927666
920.000000 0.060285196 -0.006408235 -0.263170779 -0.021376042 0.661659002 0.009500490 0.749439895
921.000000 0.059238635 -0.009111485 -0.262827367 -0.020491280 0.659917593 0.009098028 0.751003385
922.000000 0.057871059 -0.006340542 -0.264742881 -0.017562075 0.657964647 0.007924907 0.752802312
923.000000 0.054374635 -0.004571908 -0.264529556 -0.015269556 0.656424463 0.006335230 0.754210591
924.000000 0.056004405 -0.007943179 -0.261342674 -0.014190971 0.655753255 0.006108707 0.754817188
925.000000 0.051764127 -0.005101002 -0.263473660 -0.013578326 0.653920829 0.005388928 0.756421924
926.000000 0.051488582 -0.003188821 -0.268526763 -0.012786950 0.651469231 0.004360323 0.758554757
927.000000 0.051459376 -0.005028366 -0.268688142 -0.012150527 0.649991453 0.003417817 0.759836674
928.000000 0.049864750 -0.006188394 -0.266823173 -0.010491919 0.648610234 0.001840226 0.761046171
929.000000 0.049679108 -0.004500803 -0.265892059 -0.009430159 0.647353530 -0.000123212 0.762131453
930.000000 0.050876085 -0.010424647 -0.263106257 -0.009309212 0.646826148 -0.000755589 0.762580216
931.000000 0.048848134 -0.009272584 -0.264155209 -0.007879633 0.646159828 -0.001977108 0.763158858
932.000000 0.048627771 -0.005706551 -0.255868793 -0.005789304 0.647424161 -0.003389299 0.762100339
933.000000 0.046562385 -0.007616562 -0.269083977 -0.005153455 0.645102561 -0.004922246 0.764062762
934.000000 0.044236846 -0.007332318 -0.269818544 -0.003056626 0.645110428 -0.006994966 0.764051199
935.000000 0.045312904 -0.009484359 -0.262918293 -0.001243372 0.646158993 -0.007760919 0.763162374
936.000000 0.045823127 -0.008535113 -0.264453888 -0.000038416 0.645893693 -0.009163871 0.763372302
937.000000 0.045653582 -0.010175097 -0.263494521 0.001107289 0.646012902 -0.009734929 0.763263643
938.000000 0.045487303 -0.007957476 -0.263140202 0.001797600 0.646074891 -0.010945492 0.763193429
939.000000 0.044825882 -0.008897454 -0.262738705 0.002179236 0.646616161 -0.011315338 0.762728453
940.000000 0.045538642 -0.009496479 -0.262862474 0.002715830 0.647324264 -0.012279388 0.762110949
941.000000 0.044004146 -0.007893005 -0.263660282 0.004069381 0.647939682 -0.013704647 0.761557519
942.000000 0.045682333 -0.009686553 -0.264729381 0.004840614 0.648238003 -0.015106861 0.761272490
943.000000 0.045490351 -0.011096228 -0.265832305 0.005439672 0.648427486 -0.016332993 0.761081696
944.000000 0.045388766 -0.009681880 -0.263596594 0.007377297 0.649287105 -0.017483305 0.760306656
945.000000 0.045156904 -0.010582005 -0.263267249 0.008388398 0.649666369 -0.018752366 0.759941816
946.000000 0.045656525 -0.013207630 -0.264504731 0.009257641 0.650089264 -0.019336142 0.759555399
947.000000 0.046622708 -0.010655683 -0.264269590 0.010638139 0.650813460 -0.021050569 0.758871257
948.000000 0.047005106 -0.014351537 -0.265494764 0.011490313 0.651303113 -0.021561449 0.758424282
949.000000 0.046197373 -0.015368032 -0.267518610 0.012188102 0.651361525 -0.022293266 0.758342087
950.000000 0.046160031 -0.013076774 -0.264354140 0.013574705 0.652108669 -0.023173191 0.757649660
951.000000 0.046084817 -0.014897407 -0.264625013 0.013996685 0.652331233 -0.024495911 0.757408738
952.000000 0.047047246 -0.012554296 -0.264203459 0.015617108 0.652592003 -0.025390221 0.757122934
953.000000 0.048082493 -0.011793565 -0.268275023 0.016038774 0.652348399 -0.026102992 0.757299781
954.000000 0.049224280 -0.013560575 -0.265126020 0.017041549 0.653048694 -0.026145656 0.756672680
955.000000 0.048233092 -0.014190032 -0.268740565 0.017645774 0.652900994 -0.026425634 0.756776452
956.000000 0.049255464 -0.014696662 -0.266708553 0.018883059 0.653508663 -0.026471641 0.756220281
957.000000 0.047767371 -0.009606129 -0.263919443 0.020905402 0.654401481 -0.026678517 0.755387306
958.000000 0.049786799 -0.011756992 -0.266491503 0.021650657 0.654370666 -0.026166497 0.755410969
959.000000 0.050160926 -0.011758898 -0.263871610 0.022313254 0.655316889 -0.025744192 0.754585385
960.000000 0.049366366 -0.015482050 -0.267267495 0.022056010 0.655082047 -0.024918308 0.754824579
961.000000 0.049693894 -0.015344813 -0.269028395 0.023287227 0.655313015 -0.024584822 0.754598081
962.000000 0.050031405 -0.014985451 -0.270634264 0.024253013 0.655619264 -0.024434499 0.754306436
963.000000 0.049619488 -0.012960574 -0.266548216 0.025791340 0.656762838 -0.024273189 0.753265023
964.000000 0.049493283 -0.012777850 -0.267247647 0.026835708 0.657485425 -0.024433635 0.752592683
965.000000 0.050838038 -0.015974861 -0.265860677 0.027256247 0.658459187 -0.024300251 0.751730084
