0.000000 0.000000000 0.000000000 0.000000000 0.000000000 0.000000000 0.000000000 1.000000000
1.000000 0.000905632 -0.000487818 -0.000033035 -0.000088591 -0.000837496 0.000050881 0.999999642
2.000000 -0.003381057 -0.002935338 -0.000369146 0.000106838 -0.001019947 0.000312914 0.999999404
3.000000 -0.001118626 -0.003023101 -0.000741030 0.000634324 -0.002378263 -0.000016112 0.999996960
4.000000 -0.003744831 -0.000811937 0.001036637 0.000972161 -0.002120814 -0.000228230 0.999997258
5.000000 -0.004767574 -0.002989806 -0.000268304 0.000861546 -0.002258706 -0.000366116 0.999997020
6.000000 -0.006079705 -0.002708296 -0.000056453 0.000721690 -0.002115172 -0.000236387 0.999997497
7.000000 -0.006982372 -0.003568061 -0.000014865 0.000603576 -0.002128398 -0.000174716 0.999997556
8.000000 -0.007853521 -0.001562000 -0.000030051 0.000768321 -0.002177876 -0.000384616 0.999997258
9.000000 -0.006727956 -0.001677367 -0.000174451 0.000648651 -0.002445131 -0.000777481 0.999996483
10.000000 -0.010033124 -0.000365620 0.000648490 0.000881118 -0.002241703 -0.001080779 0.999996483
11.000000 -0.009573128 0.003184407 0.000216668 0.001021990 -0.002269473 -0.001879651 0.999995112
12.000000 -0.012070579 -0.001286024 0.001369585 0.000000887 -0.001415013 -0.002536959 0.999995768
13.000000 -0.010400796 -0.003355941 -0.000486294 -0.000803785 -0.001661578 -0.002753831 0.999994516
14.000000 -0.016997181 -0.001605458 0.000967853 -0.000135867 -0.000472038 -0.002846121 0.999995828
15.000000 -0.015023101 -0.001881470 0.000520495 0.000187929 -0.000780593 -0.003043977 0.999995053
16.000000 -0.017033076 0.001443872 -0.001818565 -0.000114564 0.000129177 -0.003132891 0.999995053
17.000000 -0.019684058 -0.000043815 -0.001024195 -0.001334865 0.000732566 -0.003356480 0.999993205
18.000000 -0.019556072 0.004243447 -0.000235789 -0.001258026 0.001018306 -0.003890639 0.999991119
19.000000 -0.022215210 0.002147734 -0.002160290 -0.002115114 0.001992564 -0.004519579 0.999985576
20.000000 -0.023124425 0.003503211 -0.001928743 -0.002653517 0.002818510 -0.004610454 0.999981880
21.000000 -0.030708021 0.003313497 -0.002769598 -0.002911579 0.004658801 -0.004435866 0.999975085
22.000000 -0.026956359 0.003963157 -0.004920953 -0.003575575 0.004677790 -0.004387708 0.999973059
23.000000 -0.037023116 0.003697651 -0.004572913 -0.004401210 0.007226902 -0.004579958 0.999953687
24.000000 -0.038387306 0.000421789 -0.005007236 -0.004591549 0.008334151 -0.004706065 0.999943674
25.000000 -0.042835705 0.003091164 -0.004576099 -0.003542307 0.010426528 -0.004601108 0.999928772
26.000000 -0.050658844 0.000601113 -0.005804039 -0.004613043 0.012970765 -0.004148103 0.999896646
27.000000 -0.056999035 0.002358092 -0.006358542 -0.004733344 0.014898858 -0.003386309 0.999872088
28.000000 -0.062954687 -0.000346532 -0.010420045 -0.004667125 0.017054703 -0.002727618 0.999839962
29.000000 -0.069995150 0.001163475 -0.007035218 -0.004307485 0.019417150 -0.002309842 0.999799550
30.000000 -0.075297907 0.001758050 -0.009603836 -0.004776902 0.021088976 -0.002039712 0.999764085
31.000000 -0.084606357 0.000153121 -0.010976667 -0.004874364 0.023787094 -0.001408817 0.999704182
32.000000 -0.086206950 0.001225412 -0.011699934 -0.004385590 0.024854597 -0.000901436 0.999681056
33.000000 -0.117372110 0.000675686 -0.012169395 -0.004598393 0.029730702 -0.001195302 0.999546647
34.000000 -0.121214516 0.001529160 -0.014467064 -0.004749074 0.030637776 -0.000023956 0.999519289
35.000000 -0.125962675 -0.001462184 -0.017525760 -0.004617964 0.031371448 0.001728647 0.999495625
36.000000 -0.137592971 -0.000470921 -0.014153483 -0.004155784 0.033444505 0.002754023 0.999428153
37.000000 -0.149722904 0.000809352 -0.013663716 -0.004736184 0.036150210 0.002902570 0.999330938
38.000000 -0.154583871 0.001823948 -0.015956707 -0.005231070 0.037619323 0.002946301 0.999274135
39.000000 -0.162338421 0.002626223 -0.017391546 -0.006088917 0.040150408 0.002368944 0.999172270
40.000000 -0.174293756 0.005223048 -0.013799367 -0.007161823 0.043332644 0.001815661 0.999033391
41.000000 -0.185852796 0.005566598 -0.012343852 -0.008807997 0.045987315 0.001446523 0.998902142
42.000000 -0.191299766 0.001934222 -0.009083916 -0.009833454 0.046552483 0.000880859 0.998867035
43.000000 -0.197446436 0.005566214 -0.010477087 -0.009589822 0.047786895 0.000371482 0.998811483
44.000000 -0.211754024 0.002371106 -0.006865714 -0.010535613 0.049528100 -0.000341367 0.998717129
45.000000 -0.215816885 -0.001328238 -0.007117733 -0.010522919 0.050015397 -0.001003461 0.998692513
46.000000 -0.216763645 0.000464266 -0.007658448 -0.009535823 0.049845748 -0.002049182 0.998709321
47.000000 -0.223469898 0.001790317 -0.005293936 -0.009773418 0.050883304 -0.002657505 0.998653233
48.000000 -0.230057999 0.004321439 -0.005238073 -0.009311595 0.052136187 -0.002797649 0.998592675
49.000000 -0.243570000 0.001791905 -0.000647301 -0.008956194 0.054426931 -0.002368125 0.998474777
50.000000 -0.240573779 0.003048073 -0.003843097 -0.008316728 0.053596143 -0.002144454 0.998525739
51.000000 -0.247977227 0.001582377 -0.003676450 -0.007527891 0.054688215 -0.001998528 0.998473108
52.000000 -0.252093077 0.003778327 -0.006310768 -0.006090411 0.055408541 -0.002843267 0.998441160
53.000000 -0.262325168 0.006271145 -0.000988025 -0.005900552 0.056739610 -0.003695569 0.998364747
54.000000 -0.265960485 0.007899068 -0.001574004 -0.006266162 0.056776494 -0.004771363 0.998355865
55.000000 -0.289486080 0.002572363 0.008426722 -0.006745934 0.061101191 -0.005521533 0.998093486
56.000000 -0.292385817 0.004755112 0.009155473 -0.005931417 0.061423779 -0.005541122 0.998078763
57.000000 -0.302133679 0.008570374 0.010193612 -0.006532142 0.063138284 -0.005076198 0.997970521
58.000000 -0.315734655 0.006386257 0.013917116 -0.007195245 0.065490067 -0.003554514 0.997820973
59.000000 -0.318689138 0.008110336 0.012158336 -0.006405926 0.065907173 -0.002422847 0.997802258
60.000000 -0.326455981 0.007151706 0.012865713 -0.007267315 0.067618400 -0.001194989 0.997684062
61.000000 -0.347406209 0.008767560 0.021884758 -0.007992431 0.073050134 0.000228917 0.997296214
62.000000 -0.357948333 0.011378769 0.022363164 -0.008497677 0.076652944 0.001783696 0.997020066
63.000000 -0.368314266 0.008502265 0.027697152 -0.010119880 0.080131143 0.004017767 0.996724844
64.000000 -0.382389903 0.010587844 0.030561261 -0.010594537 0.084119879 0.006165091 0.996380270
65.000000 -0.392191947 0.010663167 0.032107912 -0.011810903 0.087512277 0.007797355 0.996062875
66.000000 -0.404061168 0.006239133 0.035338681 -0.012932607 0.091256797 0.008618762 0.995706081
67.000000 -0.415900767 0.006998155 0.034382239 -0.012685215 0.094500639 0.009381375 0.995399773
68.000000 -0.423841685 0.004363477 0.037497398 -0.013814160 0.096936852 0.009126612 0.995152771
69.000000 -0.433767796 0.002855458 0.039308079 -0.015078432 0.099762306 0.008657919 0.994859397
70.000000 -0.441735476 0.002965486 0.035508070 -0.015563577 0.101263918 0.007419590 0.994710207
71.000000 -0.457358599 0.002033230 0.037413076 -0.016423179 0.106038742 0.003812814 0.994219065
72.000000 -0.467977971 -0.000291324 0.039455034 -0.016176604 0.109099105 0.002415827 0.993896306
73.000000 -0.470934808 -0.004463659 0.036201052 -0.016346995 0.110312089 0.000833298 0.993762195
74.000000 -0.468873024 -0.005841552 0.031336360 -0.016051840 0.110517919 -0.000636103 0.993744314
75.000000 -0.468751848 -0.011361180 0.023341686 -0.014839948 0.111721493 -0.001659471 0.993627369
76.000000 -0.469696492 -0.011302941 0.018349655 -0.012426309 0.113561809 -0.002875846 0.993449032
77.000000 -0.463468790 -0.014513679 0.011309668 -0.011522073 0.114635088 -0.003022317 0.993336260
78.000000 -0.475082189 -0.018392768 0.010837846 -0.010900977 0.118731953 -0.003076404 0.992861748
79.000000 -0.479823649 -0.019081967 0.005801558 -0.008842782 0.121715538 -0.002502544 0.992522478
80.000000 -0.491246551 -0.020220550 0.007783934 -0.006898577 0.126038417 -0.001839537 0.991999686
81.000000 -0.498880982 -0.017626554 0.006732337 -0.006545609 0.130262464 -0.001105217 0.991457283
82.000000 -0.503095031 -0.018722605 0.003913701 -0.006843241 0.133912310 0.000163365 0.990969539
83.000000 -0.516826272 -0.017341120 0.003287688 -0.006586846 0.138859048 0.000736136 0.990289986
84.000000 -0.529381514 -0.022279011 0.004537269 -0.008221976 0.144478709 0.001594506 0.989472449
85.000000 -0.551531971 -0.019820223 0.012344733 -0.007943355 0.152130544 0.003190872 0.988323331
86.000000 -0.555235624 -0.020956237 0.007356942 -0.008625283 0.154809818 0.005138545 0.987893283
87.000000 -0.569142103 -0.021202348 0.007710084 -0.009456044 0.158778548 0.007163338 0.987242937
88.000000 -0.579451561 -0.019426746 0.008869752 -0.009486765 0.162054226 0.008986341 0.986695349
89.000000 -0.585497677 -0.016052514 0.005580097 -0.009085390 0.164380103 0.010699494 0.986297190
90.000000 -0.600645065 -0.014297159 0.010363460 -0.009980175 0.168525934 0.012494821 0.985567510
91.000000 -0.612609923 -0.018640563 0.013212740 -0.011978712 0.172549546 0.013232677 0.984839082
92.000000 -0.623124003 -0.018814404 0.013165578 -0.011780833 0.175157323 0.014702131 0.984360158
93.000000 -0.627803802 -0.015067050 0.011491999 -0.011871003 0.177202642 0.014615904 0.983994246
94.000000 -0.643804491 -0.019392027 0.018606111 -0.013294034 0.181072503 0.015533798 0.983257174
95.000000 -0.653047860 -0.015784236 0.016925648 -0.012756682 0.183952197 0.015486877 0.982730389
96.000000 -0.657742262 -0.016365061 0.020403042 -0.013233585 0.185727835 0.015975274 0.982382238
97.000000 -0.672913611 -0.015167002 0.022408128 -0.014552427 0.189607531 0.016418787 0.981614828
98.000000 -0.678534150 -0.016478051 0.026932687 -0.015704978 0.191597894 0.016861105 0.981202960
99.000000 -0.688784420 -0.010908898 0.030778244 -0.014808560 0.194356784 0.016971836 0.980672240
100.000000 -0.696453810 -0.013632974 0.038255811 -0.015296723 0.197175920 0.016727380 0.980106056
101.000000 -0.701173544 -0.007700761 0.038751230 -0.015087157 0.198438287 0.016050430 0.979865789
102.000000 -0.713638604 -0.009314250 0.045004740 -0.015904045 0.202118710 0.015603259 0.979107559
103.000000 -0.727445781 -0.012727535 0.063052967 -0.016645106 0.206844583 0.016627703 0.978090882
104.000000 -0.729566157 -0.012979533 0.064360723 -0.017595626 0.208841801 0.017355233 0.977637112
105.000000 -0.737969160 -0.012149971 0.070794106 -0.017289121 0.211933985 0.018414782 0.976957500
106.000000 -0.733216941 -0.005861520 0.062868476 -0.016030168 0.211947739 0.018723130 0.976970136
107.000000 -0.743740916 -0.003447362 0.070912391 -0.016769662 0.215314031 0.018654613 0.976222634
108.000000 -0.744931161 -0.005760051 0.072175279 -0.018170014 0.217385128 0.019267175 0.975726545
109.000000 -0.748858333 -0.007246980 0.078805372 -0.019181063 0.220971495 0.020038629 0.974885702
110.000000 -0.758652985 -0.005674831 0.086297870 -0.020009330 0.225236997 0.020713594 0.973878264
111.000000 -0.766764462 -0.005466177 0.097064808 -0.021464137 0.229666844 0.021957301 0.972784817
112.000000 -0.769735813 0.001653515 0.096935496 -0.021409230 0.232759550 0.022862582 0.972029805
113.000000 -0.782925606 -0.001168000 0.110052451 -0.022813095 0.238410249 0.024369806 0.970590651
114.000000 -0.784520090 -0.003241250 0.114847437 -0.024736604 0.241058111 0.025149059 0.969869375
115.000000 -0.795374930 -0.004476262 0.124946654 -0.026151033 0.246186838 0.026683616 0.968501985
116.000000 -0.804777861 -0.010031896 0.136464462 -0.026486615 0.250127703 0.027745975 0.967452705
117.000000 -0.806683362 -0.011348043 0.140509188 -0.025780920 0.253101110 0.027531127 0.966704309
118.000000 -0.813883603 -0.007674394 0.147793248 -0.025720801 0.257036269 0.027140321 0.965678096
119.000000 -0.818525374 -0.012492249 0.157247081 -0.026961826 0.260715336 0.027012672 0.964661002
120.000000 -0.832143426 -0.010003103 0.177158043 -0.026993517 0.265785962 0.026338372 0.963294089
121.000000 -0.833175182 -0.009393048 0.175232843 -0.028212599 0.267652541 0.026009182 0.962751091
122.000000 -0.836954832 -0.015546938 0.181787044 -0.028956132 0.270456582 0.026281474 0.961937666
123.000000 -0.847610772 -0.016244153 0.195992157 -0.027205493 0.275357455 0.026587784 0.960588992
124.000000 -0.851088703 -0.016016763 0.201389238 -0.026012562 0.278803557 0.027482213 0.959602356
125.000000 -0.855732024 -0.018029664 0.209632039 -0.025858637 0.282120854 0.027883450 0.958624840
126.000000 -0.865571737 -0.016482651 0.225386918 -0.025037656 0.287275612 0.027665922 0.957120895
127.000000 -0.872543752 -0.016449574 0.231112450 -0.025257610 0.291203797 0.027219992 0.955940068
128.000000 -0.877431691 -0.015625024 0.239214420 -0.025448482 0.294795603 0.027533149 0.954824507
129.000000 -0.886983693 -0.018659726 0.259636045 -0.026112858 0.299938649 0.028180299 0.953184545
130.000000 -0.890443027 -0.021724990 0.264299482 -0.027077056 0.303530961 0.029355416 0.951984286
131.000000 -0.890011191 -0.020040426 0.262210906 -0.026963785 0.306415796 0.030257959 0.951034546
132.000000 -0.899109483 -0.021482144 0.282081634 -0.027584290 0.312678367 0.030909719 0.948955178
133.000000 -0.906067967 -0.022822080 0.294632405 -0.027961640 0.319148004 0.031986762 0.946752131
134.000000 -0.907273233 -0.023821808 0.297658384 -0.027360911 0.323690087 0.032991283 0.945191860
135.000000 -0.915376902 -0.023361370 0.307867944 -0.026541799 0.328929305 0.034366444 0.943355680
136.000000 -0.923521042 -0.022453658 0.322396666 -0.025802458 0.333386987 0.035950825 0.941750944
137.000000 -0.930130780 -0.024585076 0.327135980 -0.025491241 0.337926567 0.037556391 0.940077305
138.000000 -0.934289992 -0.021813281 0.331212729 -0.025418503 0.342808008 0.038957682 0.938253105
139.000000 -0.944126725 -0.022298688 0.344533026 -0.026938343 0.349309862 0.040602617 0.935739458
140.000000 -0.951231360 -0.022855632 0.351243854 -0.028342957 0.354652911 0.041635059 0.933640480
141.000000 -0.959812522 -0.023462914 0.364789397 -0.029135361 0.360680938 0.042985894 0.931242526
142.000000 -0.964614213 -0.027794786 0.375572711 -0.030649481 0.365435183 0.044484653 0.929267943
143.000000 -0.973860264 -0.026106998 0.384465754 -0.029570239 0.370365500 0.046232320 0.927263498
144.000000 -0.978044093 -0.026367538 0.390724331 -0.028615510 0.374177754 0.046972092 0.925724447
145.000000 -0.984147191 -0.027537216 0.402184874 -0.028173145 0.378966004 0.047305208 0.923771262
146.000000 -0.993238926 -0.023681708 0.420119822 -0.027383959 0.385974735 0.047527321 0.920877218
147.000000 -0.994985342 -0.029797696 0.426719010 -0.029025739 0.389937431 0.047836848 0.919139802
148.000000 -1.001178861 -0.033173513 0.441173226 -0.029884769 0.395207167 0.048172779 0.916841090
149.000000 -1.006462693 -0.033733483 0.449287385 -0.030240476 0.399292827 0.048660390 0.915031672
150.000000 -1.006551385 -0.035085876 0.457466513 -0.031292595 0.402512908 0.048620205 0.913586438
151.000000 -1.008026600 -0.034526698 0.465742111 -0.031651117 0.406319082 0.049000893 0.911867261
152.000000 -1.011234164 -0.030078564 0.473569721 -0.031109970 0.410154253 0.049136508 0.910160065
153.000000 -1.016199112 -0.029462267 0.486075193 -0.031549521 0.414296299 0.050370742 0.908199310
154.000000 -1.021214843 -0.026128322 0.496071696 -0.031890370 0.418186158 0.052110244 0.906304479
155.000000 -1.022117615 -0.031269331 0.509896874 -0.033336595 0.422378540 0.054515880 0.904164255
156.000000 -1.024673820 -0.034092363 0.518354475 -0.033995952 0.426742136 0.056335948 0.901976526
157.000000 -1.025807619 -0.031288430 0.532837272 -0.033421453 0.431310654 0.057951007 0.899719834
158.000000 -1.028145075 -0.027376540 0.542150736 -0.032528616 0.435735375 0.059235238 0.897534251
159.000000 -1.031684041 -0.032877240 0.561019182 -0.033373673 0.441269755 0.060863815 0.894685864
160.000000 -1.029625893 -0.032919131 0.570697188 -0.032705367 0.445742637 0.061139822 0.892471731
161.000000 -1.030194402 -0.029286973 0.580407143 -0.031799097 0.450733155 0.060900263 0.890011013
162.000000 -1.031568766 -0.032319617 0.592200875 -0.032527182 0.455972522 0.061031964 0.887302697
163.000000 -1.031513095 -0.029522479 0.605474830 -0.031847306 0.460681528 0.060299169 0.884941995
164.000000 -1.032650709 -0.032061744 0.624672651 -0.031640373 0.465735197 0.060018394 0.882319331
165.000000 -1.032509923 -0.036441106 0.638403833 -0.031835284 0.469919592 0.058738168 0.880177200
166.000000 -1.031347871 -0.037962139 0.648930073 -0.031646110 0.472882569 0.057625782 0.878669381
167.000000 -1.029301405 -0.038325503 0.659556031 -0.030295454 0.475672364 0.056410048 0.877288938
168.000000 -1.030527711 -0.037281390 0.676542342 -0.030212849 0.479105681 0.055470988 0.875481546
169.000000 -1.029446602 -0.036961693 0.689945698 -0.031278878 0.482646286 0.056123324 0.873455405
170.000000 -1.029967546 -0.037053768 0.698402047 -0.031404838 0.485661060 0.056822386 0.871732950
171.000000 -1.030807495 -0.038886059 0.710805118 -0.030915834 0.488493651 0.056961644 0.870157182
172.000000 -1.029592991 -0.041381381 0.726044416 -0.030559286 0.491239488 0.057006642 0.868619680
173.000000 -1.028058290 -0.049471162 0.734470010 -0.030943600 0.492821991 0.057194378 0.867696822
174.000000 -1.031322122 -0.045921799 0.747558475 -0.029296232 0.494621158 0.056971043 0.866744459
175.000000 -1.031729460 -0.042075954 0.761727333 -0.028116301 0.495170683 0.056440126 0.866504431
176.000000 -1.029484987 -0.040743530 0.768683791 -0.028583352 0.495091915 0.055232130 0.866612017
177.000000 -1.028877735 -0.041864771 0.778981566 -0.031108465 0.496110469 0.054954864 0.865959942
178.000000 -1.031709433 -0.041382413 0.794999301 -0.033180062 0.498621225 0.055084188 0.864431441
179.000000 -1.031331539 -0.039316267 0.801367581 -0.033411730 0.500229895 0.054989304 0.863498628
180.000000 -1.028046370 -0.047901295 0.816866636 -0.034791715 0.502839804 0.054892100 0.861932993
181.000000 -1.028997421 -0.046639301 0.832386076 -0.034965571 0.506104231 0.054359142 0.860047102
182.000000 -1.029884100 -0.051576715 0.848526418 -0.036033574 0.508918464 0.054096054 0.858357251
183.000000 -1.028889775 -0.047237296 0.858870983 -0.036117576 0.511113584 0.053922229 0.857059419
184.000000 -1.024523616 -0.046823762 0.874473333 -0.037017744 0.514256418 0.054191831 0.855121791
185.000000 -1.026323318 -0.045335740 0.885763228 -0.037656240 0.517951727 0.054401368 0.852847278
186.000000 -1.022542953 -0.050920412 0.899303555 -0.040150363 0.522244990 0.054975405 0.850073993
187.000000 -1.021314144 -0.052780829 0.918794453 -0.040851049 0.527406454 0.056110144 0.846773446
188.000000 -1.018520832 -0.052215397 0.930918634 -0.039828017 0.532001674 0.055716459 0.843968987
189.000000 -1.016725898 -0.049593680 0.947073817 -0.038276482 0.536480904 0.055309489 0.841227710
190.000000 -1.014736056 -0.050347112 0.963271022 -0.038250633 0.541228175 0.055496447 0.838170111
191.000000 -1.009809852 -0.061672173 0.974500000 -0.038466029 0.545338571 0.056237079 0.835442126
192.000000 -1.009898901 -0.060595721 0.994056880 -0.034859613 0.550554395 0.055154558 0.832245529
193.000000 -1.013939857 -0.054241672 1.014215827 -0.032689635 0.556053162 0.053913675 0.828751802
194.000000 -1.011326790 -0.054891899 1.024444699 -0.034862697 0.560328841 0.054548964 0.825736403
195.000000 -1.010218143 -0.058772162 1.045701146 -0.037086274 0.565397084 0.056381516 0.822053432
196.000000 -1.008162498 -0.060139924 1.053196073 -0.037957665 0.569466591 0.057383586 0.819130123
197.000000 -1.006737947 -0.062490933 1.071749330 -0.037186600 0.574830174 0.058470991 0.815333366
198.000000 -1.004964709 -0.065793000 1.086184144 -0.035594728 0.579242349 0.059174076 0.812225163
199.000000 -1.003698468 -0.065131791 1.098091841 -0.034027871 0.583376706 0.059390377 0.809312344
200.000000 -1.004525185 -0.062183045 1.118351102 -0.033624426 0.588586926 0.060376875 0.805474639
201.000000 -1.002846479 -0.063974530 1.131881475 -0.033958808 0.592698276 0.061513800 0.802353799
202.000000 -0.999736905 -0.067454748 1.145408869 -0.033803485 0.596692622 0.062893346 0.799286962
203.000000 -0.996588707 -0.073920757 1.160437942 -0.033780448 0.600456715 0.063895069 0.796384335
204.000000 -0.993378162 -0.069590785 1.170302391 -0.033252664 0.602951169 0.064122081 0.794501424
205.000000 -0.991418123 -0.063112013 1.188577056 -0.033291962 0.606018424 0.064358309 0.792143524
206.000000 -0.988434434 -0.065023065 1.196941257 -0.034597646 0.607969046 0.064721748 0.790561616
207.000000 -0.983443618 -0.067090623 1.210303545 -0.034491651 0.609982431 0.064281441 0.789049804
208.000000 -0.981735349 -0.066257030 1.218545318 -0.033776000 0.612388134 0.062944569 0.787323296
209.000000 -0.976180077 -0.067584962 1.230610728 -0.032849714 0.615378380 0.061321441 0.785156012
210.000000 -0.968927264 -0.069078848 1.246059775 -0.032327943 0.619156241 0.059933558 0.782309711
211.000000 -0.963453054 -0.067462608 1.257992625 -0.031977057 0.622036874 0.059553817 0.780064702
212.000000 -0.956121981 -0.073095039 1.275083542 -0.031174937 0.625808120 0.058457948 0.777158260
213.000000 -0.949170887 -0.073785342 1.288095474 -0.028886769 0.628490150 0.056044471 0.775257766
214.000000 -0.940822124 -0.071334057 1.290584445 -0.026518658 0.629967749 0.054574490 0.774247408
215.000000 -0.930646658 -0.081110463 1.306267262 -0.026024610 0.632381618 0.054586243 0.772293031
216.000000 -0.924006343 -0.080511585 1.325958848 -0.022317672 0.635276616 0.052890997 0.770148098
217.000000 -0.915174007 -0.080359235 1.336471081 -0.019414166 0.637105584 0.050876386 0.768850565
218.000000 -0.905786097 -0.085103929 1.347436070 -0.018412169 0.639491975 0.049697597 0.766968846
219.000000 -0.894038081 -0.089651346 1.354396224 -0.016608380 0.642008543 0.048486058 0.764982522
220.000000 -0.883737743 -0.090775594 1.371119618 -0.013638515 0.645843983 0.046499275 0.761930048
221.000000 -0.874655247 -0.093622938 1.383066297 -0.011793873 0.648743451 0.045233015 0.759570181
222.000000 -0.865673542 -0.092400700 1.391681075 -0.009698249 0.651148677 0.043890085 0.757618010
223.000000 -0.854408443 -0.099477790 1.406353235 -0.008487321 0.654637814 0.042959385 0.754673243
224.000000 -0.842875898 -0.099158168 1.411100864 -0.005973850 0.657083392 0.041803017 0.752634168
225.000000 -0.832349956 -0.103716046 1.419565439 -0.003989385 0.659648955 0.041149691 0.750435889
226.000000 -0.821221411 -0.109978884 1.432611823 -0.000703216 0.661782503 0.040985290 0.748574376
227.000000 -0.811009765 -0.110298268 1.444640040 0.003777579 0.663208961 0.039312314 0.747391522
228.000000 -0.798894942 -0.118681639 1.453467965 0.007214264 0.664119005 0.037175052 0.746667266
229.000000 -0.787362993 -0.125293046 1.461156249 0.010387052 0.664823055 0.034284472 0.746141434
230.000000 -0.776476383 -0.125430077 1.466113687 0.013655238 0.665557146 0.030108737 0.745614290
231.000000 -0.768525839 -0.128252909 1.474202871 0.014714011 0.666664660 0.026070753 0.744756341
232.000000 -0.760961056 -0.128282592 1.479761839 0.016578168 0.667505801 0.022426808 0.744082153
233.000000 -0.747340560 -0.133696139 1.489611983 0.017119244 0.669026673 0.019040804 0.742797256
234.000000 -0.738789320 -0.137523755 1.494754195 0.018512867 0.670197964 0.016170079 0.741775215
235.000000 -0.727741361 -0.140221924 1.505495071 0.020100875 0.671646237 0.013739791 0.740471840
236.000000 -0.717726529 -0.145355687 1.513696551 0.020904202 0.672735453 0.011623992 0.739496410
237.000000 -0.707146704 -0.151171267 1.521270156 0.022213496 0.673648179 0.009869382 0.738652349
238.000000 -0.695784926 -0.157095805 1.528690338 0.024233103 0.674626887 0.007420553 0.737723708
239.000000 -0.685648501 -0.162062824 1.537299156 0.026366293 0.675662220 0.004718854 0.736724555
240.000000 -0.676015317 -0.164211109 1.545574427 0.029610541 0.676781833 0.002273798 0.735584438
241.000000 -0.666067183 -0.167414173 1.554947972 0.031621967 0.678254306 0.000442369 0.734146476
242.000000 -0.655327141 -0.173393086 1.563357115 0.032424431 0.679987729 -0.001241756 0.732505143
243.000000 -0.641991913 -0.179471254 1.569961190 0.034137316 0.682472169 -0.003963420 0.730103195
244.000000 -0.635445297 -0.180361822 1.577036142 0.037272729 0.685506403 -0.006940259 0.727078795
245.000000 -0.624758184 -0.182327285 1.583428741 0.040252496 0.688272476 -0.009120633 0.724277318
246.000000 -0.614243150 -0.181016460 1.593632698 0.043884415 0.691315472 -0.010563916 0.721141815
247.000000 -0.606828570 -0.184920669 1.605946183 0.045829110 0.694908679 -0.010729745 0.717555940
248.000000 -0.593343616 -0.190922037 1.609505773 0.047197856 0.697956562 -0.010367388 0.714507878
249.000000 -0.585029244 -0.191351935 1.617230773 0.049052477 0.701690614 -0.010358335 0.710715711
250.000000 -0.574797690 -0.194410056 1.625159621 0.050769944 0.705792546 -0.009886656 0.706527770
251.000000 -0.567295074 -0.191253930 1.639190197 0.053014152 0.710080683 -0.010576910 0.702042043
252.000000 -0.557983577 -0.188780174 1.651146173 0.053839497 0.713698387 -0.010113705 0.698307693
253.000000 -0.550176203 -0.191547945 1.660690427 0.053069104 0.717001081 -0.008121315 0.695001602
254.000000 -0.538424313 -0.200072736 1.669434547 0.052768834 0.719722211 -0.005995853 0.692227900
255.000000 -0.528300762 -0.205705255 1.677218676 0.053885058 0.721934378 -0.005275364 0.689840078
256.000000 -0.519061744 -0.204517707 1.685046077 0.055675842 0.723904967 -0.006081922 0.687622547
257.000000 -0.509040117 -0.209926933 1.692459822 0.055569634 0.726438224 -0.006116866 0.684954107
258.000000 -0.497459292 -0.213523597 1.699843407 0.056766424 0.729470551 -0.006999067 0.681616724
259.000000 -0.487147272 -0.214711040 1.707346916 0.057630856 0.732925415 -0.008773361 0.677806735
260.000000 -0.476408482 -0.215182126 1.714001894 0.057982534 0.735711277 -0.010246209 0.674731016
261.000000 -0.466899455 -0.215712085 1.724778771 0.058213342 0.738785148 -0.010523195 0.671339691
262.000000 -0.455714405 -0.218808830 1.727004290 0.056989152 0.740674436 -0.011157233 0.669349790
263.000000 -0.444275141 -0.218302846 1.733472109 0.056671683 0.742796242 -0.011969448 0.667007387
264.000000 -0.434340805 -0.220343098 1.742909431 0.056530107 0.744594634 -0.011940213 0.665011704
265.000000 -0.421056271 -0.222998515 1.744603992 0.056070138 0.745236397 -0.012835345 0.664314747
266.000000 -0.412108660 -0.222016945 1.748108149 0.056332074 0.746012032 -0.014043673 0.663396955
267.000000 -0.400463045 -0.219810218 1.754774451 0.056142580 0.747486234 -0.015147509 0.661727250
268.000000 -0.386914253 -0.222710788 1.756466269 0.055081107 0.748713613 -0.015703363 0.660414577
269.000000 -0.364369631 -0.222918272 1.765595198 0.054847974 0.751269758 -0.017203735 0.657487214
270.000000 -0.349351227 -0.229580283 1.770912290 0.056467317 0.751891792 -0.018637320 0.656599462
271.000000 -0.337924451 -0.227466226 1.773439527 0.058646597 0.752270043 -0.021985792 0.655871153
272.000000 -0.325241894 -0.227651790 1.778049469 0.060022905 0.753384709 -0.023887474 0.654399097
273.000000 -0.309891582 -0.231224597 1.783431172 0.060478032 0.754820645 -0.025404640 0.652642965
274.000000 -0.300224662 -0.231504679 1.783421636 0.060523838 0.755364895 -0.027044857 0.651942730
275.000000 -0.287076473 -0.232022732 1.788609982 0.060032796 0.756488502 -0.028441539 0.650624514
276.000000 -0.266870350 -0.235358119 1.799150825 0.059817910 0.758259416 -0.029753355 0.648520768
277.000000 -0.253827274 -0.235156298 1.801335216 0.060238849 0.758932710 -0.031819381 0.647595525
278.000000 -0.240306199 -0.239570245 1.804825544 0.060317874 0.759595275 -0.033623934 0.646719575
279.000000 -0.224804044 -0.242129773 1.810163856 0.061171528 0.760336697 -0.035248134 0.645680845
280.000000 -0.212380424 -0.243240818 1.810951829 0.061660498 0.760728776 -0.037214473 0.645061791
281.000000 -0.201069534 -0.243559718 1.813909292 0.061601609 0.761660457 -0.038576450 0.643886983
282.000000 -0.190161407 -0.243813574 1.816188097 0.061285168 0.762655616 -0.038885478 0.642719567
283.000000 -0.179016232 -0.245934665 1.821455479 0.061616432 0.763830423 -0.039489586 0.641254246
284.000000 -0.167203844 -0.248676658 1.826348305 0.062739059 0.764276564 -0.040529940 0.640548587
285.000000 -0.154959321 -0.246627286 1.829975247 0.064054571 0.763971746 -0.041926205 0.640692055
286.000000 -0.145398170 -0.245044753 1.834058404 0.064428195 0.763307154 -0.041941054 0.641445339
287.000000 -0.136613101 -0.245579451 1.837467432 0.062935844 0.762408614 -0.041715808 0.642675698
288.000000 -0.129582375 -0.246570826 1.844288945 0.061262853 0.761841655 -0.041310195 0.643535256
289.000000 -0.119565755 -0.246945173 1.849402308 0.060212132 0.761003852 -0.040319238 0.644687414
290.000000 -0.114187449 -0.242808029 1.855115891 0.059909005 0.760246158 -0.040009480 0.645628333
291.000000 -0.105140537 -0.246446371 1.862482786 0.059473723 0.759625018 -0.039078128 0.646456182
292.000000 -0.100011200 -0.247652888 1.863937140 0.059046142 0.758370519 -0.039213877 0.647958279
293.000000 -0.092430770 -0.245585307 1.874723792 0.060007077 0.758691013 -0.038580615 0.647532761
294.000000 -0.085069507 -0.244264886 1.884150982 0.060019061 0.759721756 -0.037617095 0.646378756
295.000000 -0.079520077 -0.245976359 1.889970303 0.058822021 0.760719240 -0.036432631 0.645382702
296.000000 -0.077057600 -0.246431589 1.897353649 0.057625689 0.761983156 -0.035419781 0.644054711
297.000000 -0.068127990 -0.243443221 1.910021186 0.057291638 0.764219999 -0.034453426 0.641481459
298.000000 -0.063064069 -0.243870303 1.917383790 0.056487437 0.765799880 -0.033766124 0.639702678
299.000000 -0.059089333 -0.244813144 1.925760746 0.055879902 0.767209888 -0.033402517 0.638083577
300.000000 -0.054135919 -0.247055471 1.934221983 0.055140089 0.768378496 -0.033078939 0.636757314
301.000000 -0.050681144 -0.245683923 1.943113685 0.054452918 0.769389987 -0.032717213 0.635612667
302.000000 -0.045465231 -0.246193171 1.954332232 0.054433208 0.770744383 -0.031045452 0.634055436
303.000000 -0.044367611 -0.245636448 1.962246060 0.053528372 0.771682560 -0.029844081 0.633048236
304.000000 -0.038755000 -0.243838191 1.974295735 0.054291312 0.772766471 -0.028709121 0.631712139
305.000000 -0.034388244 -0.245571956 1.988872886 0.054908656 0.773874700 -0.027477767 0.630355418
306.000000 -0.031670839 -0.246301562 1.999103665 0.054168742 0.774467230 -0.026024289 0.629753172
307.000000 -0.028536350 -0.247723490 2.010802507 0.053232502 0.775578558 -0.024273232 0.628534019
308.000000 -0.027039677 -0.246603727 2.020513535 0.052418988 0.776733220 -0.022296673 0.627248526
309.000000 -0.026799381 -0.245050073 2.032484055 0.051605750 0.778433442 -0.020167433 0.625277102
310.000000 -0.023601472 -0.246788174 2.043676376 0.051024385 0.779635012 -0.017994685 0.623892665
311.000000 -0.021004677 -0.245405689 2.068658352 0.052734673 0.781265974 -0.015188697 0.621781111
312.000000 -0.020008117 -0.246462464 2.078343630 0.052966401 0.780922115 -0.014150933 0.622217715
313.000000 -0.021090716 -0.244345903 2.093532801 0.053858604 0.780727148 -0.012757173 0.622415960
314.000000 -0.022091508 -0.244294912 2.103098154 0.052923065 0.779715180 -0.011637395 0.623785198
315.000000 -0.022600055 -0.243985772 2.115172148 0.052737843 0.778349459 -0.011107034 0.625513792
316.000000 -0.022183567 -0.245768815 2.127030134 0.052439056 0.776405692 -0.010895736 0.627953470
317.000000 -0.022528559 -0.245285481 2.139891148 0.052806973 0.774135709 -0.010732736 0.630721986
318.000000 -0.026313871 -0.243448928 2.145981073 0.052342124 0.770800233 -0.011136984 0.634825408
319.000000 -0.024121195 -0.243615985 2.158724308 0.052135479 0.768124521 -0.011082729 0.638078213
320.000000 -0.028044671 -0.243747473 2.168029308 0.051681720 0.764300168 -0.011540993 0.642682731
321.000000 -0.028568804 -0.244413316 2.178166628 0.051409032 0.760016143 -0.012116468 0.647754431
322.000000 -0.029385924 -0.241775692 2.188819170 0.051921383 0.755319536 -0.013041858 0.653166473
323.000000 -0.030942440 -0.241170391 2.199079514 0.051774859 0.750098586 -0.013278636 0.659162462
324.000000 -0.032085344 -0.243072212 2.207445860 0.050621770 0.744160712 -0.013559244 0.665941715
325.000000 -0.035204321 -0.240828589 2.215328932 0.051466681 0.737860322 -0.013754598 0.672847867
326.000000 -0.037009016 -0.242424667 2.224744558 0.050503198 0.730919480 -0.014304754 0.680442154
327.000000 -0.036989368 -0.245099887 2.231693029 0.050467651 0.723908901 -0.013902697 0.687906742
328.000000 -0.038353428 -0.247415289 2.239886999 0.049469475 0.716975868 -0.014264223 0.695194185
329.000000 -0.039839838 -0.248032987 2.248467922 0.049279474 0.710521758 -0.014809155 0.701791346
330.000000 -0.041131645 -0.248396605 2.258968830 0.049478319 0.704291701 -0.014714763 0.708031476
331.000000 -0.044830300 -0.248138621 2.265687227 0.048380926 0.697827220 -0.014389103 0.714485407
332.000000 -0.046458349 -0.250448257 2.274300098 0.046869647 0.691405237 -0.014285814 0.720803738
333.000000 -0.047681719 -0.248861670 2.284525156 0.048805367 0.685136497 -0.014015010 0.726642668
334.000000 -0.050152361 -0.249935135 2.291912317 0.048780270 0.678895652 -0.014285862 0.732473314
335.000000 -0.051489130 -0.252918571 2.299950838 0.049283274 0.672066212 -0.014087024 0.738714933
336.000000 -0.053359210 -0.255531728 2.307805538 0.049861483 0.664681673 -0.015279628 0.745304346
337.000000 -0.054874241 -0.257980943 2.313073158 0.051178135 0.657265663 -0.017043756 0.751726151
338.000000 -0.057611138 -0.256937116 2.319477797 0.053273302 0.650186718 -0.018769162 0.757672012
339.000000 -0.059740990 -0.257713437 2.324306250 0.053853832 0.643467963 -0.020061538 0.763312757
340.000000 -0.061681390 -0.258001566 2.328906536 0.054331064 0.636354744 -0.020604411 0.769204974
341.000000 -0.064533919 -0.257584006 2.334568024 0.054952137 0.629701257 -0.021542341 0.774591804
342.000000 -0.066295683 -0.257510513 2.340220928 0.055860657 0.623439372 -0.021049529 0.779589593
343.000000 -0.067733765 -0.258666039 2.345639229 0.056159299 0.616644204 -0.021068491 0.784953654
344.000000 -0.069597244 -0.258832484 2.350980043 0.058541480 0.609394312 -0.021591796 0.790408254
345.000000 -0.070882559 -0.258418977 2.356131315 0.060377538 0.602174163 -0.022477727 0.795761049
346.000000 -0.073561370 -0.257255942 2.360709667 0.060842946 0.596311092 -0.022630190 0.800124407
347.000000 -0.073275208 -0.259958029 2.366425991 0.060950961 0.590921104 -0.023153007 0.804090321
348.000000 -0.076112866 -0.258651048 2.371697664 0.062789530 0.585925281 -0.024346104 0.807561934
349.000000 -0.075534284 -0.259210587 2.380677223 0.062783062 0.577958643 -0.023741888 0.813300908
350.000000 -0.075314343 -0.259292752 2.384388924 0.063039266 0.574351072 -0.024369974 0.815814316
351.000000 -0.075855851 -0.259221584 2.389815331 0.063351162 0.572387457 -0.024836257 0.817155063
352.000000 -0.076531291 -0.257934123 2.393877983 0.063308574 0.570743561 -0.024899552 0.818305433
353.000000 -0.075944066 -0.258041203 2.398956776 0.062819175 0.568640709 -0.024861123 0.819806933
354.000000 -0.076830804 -0.257061332 2.403473139 0.062640838 0.566259146 -0.024267219 0.821485102
355.000000 -0.076337874 -0.257105798 2.408176661 0.061570596 0.563733757 -0.024123738 0.823305130
356.000000 -0.075784922 -0.257019937 2.414005995 0.060952630 0.561441004 -0.024266370 0.824912071
357.000000 -0.076477408 -0.256861031 2.419530869 0.060751874 0.559706748 -0.024136236 0.826108336
358.000000 -0.076335371 -0.255289376 2.425094843 0.060178250 0.558619618 -0.023897953 0.826892734
359.000000 -0.076642811 -0.253831536 2.431855202 0.059511028 0.557856619 -0.023015799 0.827480972
360.000000 -0.076591969 -0.254179269 2.437653065 0.058383454 0.556973696 -0.022263093 0.828176320
361.000000 -0.076865256 -0.253637135 2.443150043 0.058155183 0.555793047 -0.021553436 0.829003930
362.000000 -0.076504290 -0.254362047 2.451725483 0.058212947 0.555488408 -0.021731691 0.829199374
363.000000 -0.077079415 -0.253324538 2.458199501 0.058931898 0.555129766 -0.022437163 0.829369962
364.000000 -0.077462733 -0.252390385 2.465858221 0.059158254 0.554789424 -0.021990996 0.829593480
365.000000 -0.077630162 -0.253677130 2.473944664 0.058054652 0.554782450 -0.021674657 0.829684436
366.000000 -0.077675641 -0.254351109 2.480576515 0.058363710 0.554986775 -0.021723639 0.829524815
367.000000 -0.077282071 -0.255065680 2.488701344 0.058927212 0.556384265 -0.021063283 0.828565300
368.000000 -0.078304946 -0.254888803 2.495536089 0.058702189 0.557833970 -0.020100903 0.827629924
369.000000 -0.078599036 -0.255481869 2.503532410 0.058191642 0.559877038 -0.018942911 0.826312661
370.000000 -0.079198241 -0.254718959 2.510619640 0.057917908 0.562021494 -0.018429872 0.824886441
371.000000 -0.078928053 -0.254294306 2.517932415 0.056756806 0.565044582 -0.017198900 0.822926164
372.000000 -0.078774750 -0.254556119 2.525397301 0.054855812 0.569051862 -0.016296061 0.820308030
373.000000 -0.079158664 -0.253355145 2.532434464 0.053362120 0.573557675 -0.015526114 0.817277789
374.000000 -0.078339696 -0.253530860 2.539784193 0.050885767 0.579120755 -0.014268691 0.813526988
375.000000 -0.077408135 -0.253985375 2.546894312 0.048519943 0.584835589 -0.013075176 0.809593797
376.000000 -0.075791657 -0.255626410 2.559319496 0.043675244 0.596857011 -0.012364349 0.801062644
377.000000 -0.074492514 -0.256752163 2.566179514 0.041366972 0.603632629 -0.012521925 0.796090245
378.000000 -0.072199285 -0.257447869 2.572236300 0.039653320 0.609784722 -0.012648094 0.791473448
379.000000 -0.069611251 -0.258514732 2.577594757 0.038385551 0.615927279 -0.012549798 0.786767185
380.000000 -0.067080915 -0.259543151 2.582915306 0.037621882 0.622093976 -0.012279715 0.781941712
381.000000 -0.065158933 -0.260024518 2.587441683 0.037005097 0.628332198 -0.011561815 0.776978493
382.000000 -0.062705934 -0.260788590 2.591765404 0.036609463 0.634830058 -0.011458719 0.771698892
383.000000 -0.059967488 -0.261440754 2.595684290 0.036924981 0.641501009 -0.011440074 0.766147614
384.000000 -0.057517141 -0.260995984 2.597743750 0.037906073 0.648058236 -0.011568808 0.760558903
385.000000 -0.053881824 -0.261384964 2.600033045 0.039143953 0.654865921 -0.012396742 0.754628837
386.000000 -0.050612986 -0.263656288 2.602567911 0.040051900 0.663331926 -0.013808037 0.747125089
387.000000 -0.047200412 -0.264778703 2.603512526 0.040665712 0.672303736 -0.014315891 0.739018977
388.000000 -0.045262054 -0.265237302 2.603647232 0.039512407 0.681007504 -0.014521532 0.731065392
389.000000 -0.041033208 -0.268473148 2.605101347 0.038470466 0.689465284 -0.014456049 0.723151863
390.000000 -0.037415732 -0.269226789 2.606384993 0.038328905 0.697237194 -0.016040336 0.715635359
391.000000 -0.034826685 -0.268433243 2.607190371 0.037995648 0.705013454 -0.016390214 0.707985699
392.000000 -0.032159932 -0.265689373 2.607922316 0.037797429 0.713717043 -0.016384609 0.699221611
393.000000 -0.029726140 -0.265425324 2.608746290 0.036714751 0.722927868 -0.015863238 0.689764857
394.000000 -0.027418643 -0.265579581 2.608826160 0.036147926 0.731256127 -0.014511406 0.680989861
395.000000 -0.024707526 -0.265121311 2.609184504 0.036346123 0.739285588 -0.013834068 0.672268093
396.000000 -0.020875245 -0.265236914 2.609147549 0.036575787 0.747514486 -0.012610807 0.663117826
397.000000 -0.016827971 -0.263464451 2.609082460 0.036477044 0.755439758 -0.011852067 0.654094636
398.000000 -0.011882246 -0.265261084 2.607164145 0.035494946 0.762891829 -0.011259817 0.645452797
399.000000 -0.008824438 -0.265455395 2.608076572 0.034754988 0.770644724 -0.011807521 0.636206985
400.000000 -0.004456580 -0.265483260 2.608766317 0.034690972 0.778607726 -0.012555281 0.626425445
401.000000 0.001394868 -0.265119791 2.609896660 0.035196077 0.786733925 -0.012743799 0.616156280
402.000000 0.007065356 -0.266113162 2.611681223 0.034247667 0.793867350 -0.013563766 0.606974304
403.000000 0.012947679 -0.266217530 2.611447573 0.033271469 0.800378203 -0.013668936 0.598415315
404.000000 0.016649008 -0.266742855 2.611541748 0.030514656 0.807171762 -0.014041745 0.589360118
405.000000 0.022314131 -0.267990232 2.614687681 0.028403251 0.814961970 -0.013844000 0.578652501
406.000000 0.028222263 -0.269219756 2.617094278 0.026234347 0.822953343 -0.013494515 0.567342281
407.000000 0.033587635 -0.270928204 2.619282961 0.024052797 0.831052125 -0.012294317 0.555538177
408.000000 0.039015353 -0.274304509 2.621448517 0.022835733 0.838638365 -0.011054552 0.544097364
409.000000 0.047393739 -0.278719127 2.626446247 0.021921799 0.846465349 -0.010800948 0.531882644
410.000000 0.050770283 -0.276324391 2.627974987 0.022050250 0.854422867 -0.010241732 0.519009054
411.000000 0.054060817 -0.275440544 2.633877277 0.021228489 0.862713099 -0.008460134 0.505177140
412.000000 0.063363433 -0.276647389 2.643056870 0.021195162 0.870897651 -0.006359006 0.490965962
413.000000 0.068834782 -0.275827944 2.646644354 0.020815849 0.878194690 -0.005388138 0.477819800
414.000000 0.072609663 -0.270165205 2.652171850 0.020409610 0.885109127 -0.003550190 0.464922190
415.000000 0.077290773 -0.268592417 2.657523870 0.018198289 0.891082048 -0.000271780 0.453477085
416.000000 0.084763885 -0.272601217 2.659077644 0.014964110 0.896360457 0.002443388 0.443066537
417.000000 0.085965395 -0.268389225 2.657767296 0.012649789 0.901182175 0.003612591 0.433240831
418.000000 0.093327761 -0.271221846 2.663511515 0.009287606 0.906650543 0.005959559 0.421738088
419.000000 0.098601699 -0.274795800 2.663169146 0.006558879 0.911294460 0.006474070 0.411652058
420.000000 0.103890061 -0.267436564 2.664989471 0.005955429 0.915596306 0.004531967 0.402029067
421.000000 0.111731648 -0.262481928 2.666344404 0.002291156 0.922996938 0.005749930 0.384757429
422.000000 0.119274378 -0.262646407 2.665517807 0.000488567 0.926584721 0.006653601 0.376026809
423.000000 0.129958153 -0.261593133 2.667591572 -0.000894064 0.930002332 0.007301596 0.367479950
424.000000 0.132610798 -0.259153962 2.662430048 -0.002998299 0.932852149 0.007850149 0.360161453
425.000000 0.140619636 -0.262067795 2.662435532 -0.005106035 0.935903490 0.007599428 0.352137566
426.000000 0.145846605 -0.254691511 2.657716751 -0.005239958 0.938622117 0.006303115 0.344849676
427.000000 0.158206224 -0.258411407 2.654187202 -0.007453894 0.941491485 0.006551399 0.336890548
428.000000 0.168507457 -0.251089662 2.652000904 -0.007268920 0.944072187 0.005460242 0.329613507
429.000000 0.175776482 -0.245314449 2.646418095 -0.006997976 0.946293116 0.004317864 0.323205411
430.000000 0.193668246 -0.252952278 2.642940760 -0.008366846 0.948966086 0.005436047 0.315220207
431.000000 0.204678416 -0.252478421 2.637293816 -0.008601270 0.951164186 0.006682645 0.308493197
432.000000 0.217887878 -0.252347678 2.634944916 -0.008572904 0.953169465 0.007300214 0.302227080
433.000000 0.225948334 -0.245307013 2.624982595 -0.007176343 0.955001056 0.007079100 0.296431005
434.000000 0.240993738 -0.242806867 2.619133711 -0.005908100 0.957080960 0.008511334 0.289635450
435.000000 0.254017949 -0.249361664 2.609957457 -0.004769761 0.958721638 0.010382090 0.284116626
436.000000 0.275420427 -0.254249752 2.602030277 -0.003030740 0.960304141 0.009337883 0.278782308
437.000000 0.285320520 -0.254602522 2.595360279 -0.000639119 0.961224794 0.004979512 0.275720328
438.000000 0.293570995 -0.249024108 2.581537485 0.002996630 0.962077379 0.000234470 0.272760183
439.000000 0.297969222 -0.238835335 2.575427771 0.005769040 0.963166237 -0.002722666 0.268830955
440.000000 0.305533051 -0.235433936 2.567947865 0.006521147 0.964436710 -0.001085754 0.264231265
441.000000 0.319078803 -0.236935869 2.558380842 0.005361443 0.965865791 0.002558320 0.258974910
442.000000 0.344315529 -0.240252838 2.540209055 0.004585292 0.968627572 0.004794734 0.248428211
443.000000 0.353241324 -0.242764726 2.526777267 0.005074940 0.969884455 0.004382640 0.243473053
444.000000 0.364594162 -0.234794751 2.522932768 0.005413017 0.971359193 0.002454054 0.237541527
445.000000 0.372263193 -0.235900104 2.512263775 0.004789426 0.972472847 0.002524364 0.232953250
446.000000 0.380394459 -0.235150814 2.504338741 0.004653648 0.973657548 0.002204929 0.227957249
447.000000 0.388343751 -0.228901014 2.498502254 0.004199616 0.974933803 0.001534031 0.222450331
448.000000 0.392536342 -0.231961623 2.487874031 0.003634429 0.976218760 0.002458037 0.216743365
449.000000 0.399139524 -0.233826444 2.481626034 0.003674997 0.977664828 0.003699498 0.210105419
450.000000 0.416264951 -0.225031435 2.475625515 0.003863359 0.979151249 0.004233103 0.203051642
451.000000 0.422096491 -0.225500673 2.468107939 0.002459715 0.980270743 0.004983930 0.197581321
452.000000 0.428417504 -0.222934976 2.462569952 0.001754646 0.981312156 0.005034297 0.192348644
453.000000 0.436624587 -0.220905066 2.457071066 0.001090438 0.982261777 0.006101268 0.187412202
454.000000 0.453360498 -0.218411803 2.450773239 0.000522926 0.983239233 0.006551501 0.182201535
455.000000 0.459426343 -0.214895353 2.444251537 0.000430262 0.983840048 0.006910616 0.178915605
456.000000 0.467054069 -0.215952292 2.440822124 -0.000181545 0.984534025 0.008870669 0.174968675
457.000000 0.479714513 -0.216321453 2.434609890 -0.000248023 0.985334992 0.010800501 0.170288861
458.000000 0.492713809 -0.218608961 2.429386616 -0.000016767 0.986162663 0.011460338 0.165383920
459.000000 0.501762748 -0.214193910 2.425511837 0.002769878 0.986896574 0.010130139 0.161011919
460.000000 0.509763181 -0.214082494 2.421181679 0.004999016 0.987681448 0.010828233 0.156022742
461.000000 0.511680067 -0.211841628 2.418083906 0.006973984 0.988251984 0.010856379 0.152287319
462.000000 0.530390203 -0.209305406 2.409781694 0.008326050 0.989134729 0.010132935 0.146425515
463.000000 0.535987973 -0.201924354 2.408918142 0.009083134 0.989907265 0.009082124 0.141133428
464.000000 0.530111611 -0.198483109 2.402858973 0.008475224 0.990587354 0.010191756 0.136238754
465.000000 0.557113111 -0.205274612 2.401998997 0.006881802 0.991889298 0.013027943 0.126247793
466.000000 0.572082639 -0.200397193 2.400905371 0.006153882 0.992880940 0.013468590 0.118186884
467.000000 0.580955029 -0.197508842 2.397380114 0.006248814 0.993755937 0.014979602 0.110388801
468.000000 0.581060410 -0.193922043 2.397559881 0.005748390 0.994446337 0.017199768 0.103670515
469.000000 0.600989103 -0.200883612 2.397074938 0.005256722 0.995414078 0.020948365 0.093190014
470.000000 0.611245751 -0.191484064 2.397616386 0.003734162 0.996178508 0.023439499 0.084053628
471.000000 0.631634653 -0.198493719 2.393155575 0.002832479 0.996789336 0.027855482 0.075014211
472.000000 0.640411973 -0.197106421 2.387307167 0.001969367 0.997284770 0.029544564 0.067425981
473.000000 0.648974776 -0.201419801 2.379290104 0.002037130 0.997649193 0.031444803 0.060853515
474.000000 0.654593766 -0.195255920 2.378700256 0.002136393 0.998063982 0.032101359 0.053228647
475.000000 0.664019406 -0.194426939 2.374607086 0.002264026 0.998410046 0.033826396 0.045034025
476.000000 0.672743618 -0.193539321 2.365389109 0.001598296 0.998639464 0.034924190 0.038689833
477.000000 0.682517529 -0.196366012 2.368018389 0.000710204 0.998893142 0.036065798 0.030186677
478.000000 0.692285120 -0.189352840 2.367248535 0.000022171 0.999076247 0.035871342 0.023660999
479.000000 0.697831333 -0.195090398 2.371737003 -0.001827319 0.999122202 0.038613137 0.016142718
480.000000 0.701341987 -0.196445435 2.364297152 -0.003031743 0.999106169 0.040797513 0.010644992
481.000000 0.713274717 -0.195407748 2.364778757 -0.003928864 0.999145210 0.040995423 0.003575871
482.000000 0.708329260 -0.197305858 2.369213820 -0.003951813 0.999125659 0.041592482 -0.001525719
483.000000 0.708279014 -0.194036141 2.366295099 -0.003432604 0.999083817 0.042340312 -0.005206553
484.000000 0.722718716 -0.192620844 2.360794783 -0.003104995 0.999014676 0.042865068 -0.011076882
485.000000 0.723825812 -0.195432469 2.361164570 -0.001958039 0.999038517 0.041303489 -0.014568556
486.000000 0.744739175 -0.201138258 2.352056265 -0.001239250 0.999033928 0.038779072 -0.020635532
487.000000 0.744665444 -0.195564374 2.349305630 -0.000078064 0.999034822 0.037199922 -0.023356764
488.000000 0.723849893 -0.181780905 2.356055737 0.000380771 0.999006331 0.035673227 -0.026712883
489.000000 0.746727347 -0.184800267 2.339335918 0.000448694 0.998713195 0.035873991 -0.035844438
490.000000 0.753912151 -0.200979143 2.337429762 -0.000149687 0.998349190 0.037892882 -0.043161791
491.000000 0.752182484 -0.185520291 2.326916218 -0.000334394 0.998258948 0.035564054 -0.047054268
492.000000 0.767238498 -0.185326949 2.309682608 -0.002166063 0.997950971 0.034660902 -0.053738300
493.000000 0.762076139 -0.196974754 2.300879955 -0.005482330 0.997653425 0.035074037 -0.058543559
494.000000 0.775741935 -0.190051004 2.291228056 -0.007535241 0.997246504 0.035090365 -0.064895034
495.000000 0.777039409 -0.192679301 2.284934521 -0.009617195 0.996969044 0.036438838 -0.068062186
496.000000 0.778591514 -0.186056092 2.278053761 -0.011106983 0.996679246 0.035621177 -0.072375335
497.000000 0.778268576 -0.191283345 2.265073776 -0.011419632 0.996383011 0.036951050 -0.075664610
498.000000 0.777254224 -0.185330108 2.259470224 -0.011650366 0.996034145 0.036326967 -0.080377378
499.000000 0.778000832 -0.182090521 2.248724937 -0.011163225 0.995617449 0.035963055 -0.085603774
500.000000 0.775498152 -0.182671204 2.239618778 -0.010881303 0.995250285 0.035859324 -0.089847572
501.000000 0.778831363 -0.179104909 2.232431412 -0.010554218 0.994782269 0.035481777 -0.095067680
502.000000 0.778828382 -0.180877030 2.220185041 -0.010750652 0.994324028 0.036310624 -0.099426642
503.000000 0.779341578 -0.178286433 2.208949566 -0.010673925 0.993994892 0.035868108 -0.102828264
504.000000 0.776570797 -0.178275570 2.196838379 -0.010797670 0.993610561 0.037103668 -0.106041670
505.000000 0.768811464 -0.188533127 2.186064243 -0.010077419 0.993169188 0.038988784 -0.109513946
506.000000 0.776372910 -0.182054937 2.174681425 -0.009490344 0.992672145 0.036756124 -0.114721186
507.000000 0.767205656 -0.180828094 2.164425611 -0.008355805 0.992452979 0.035016563 -0.117222629
508.000000 0.777479887 -0.176750317 2.155569315 -0.007308280 0.991971254 0.034159113 -0.121543184
509.000000 0.776481986 -0.180910170 2.140872240 -0.005964017 0.991459370 0.034780726 -0.125550866
510.000000 0.778602839 -0.186944425 2.126673698 -0.004138623 0.990927994 0.034486536 -0.129827827
511.000000 0.771463335 -0.185782209 2.114567995 -0.003035532 0.990578294 0.031826109 -0.133163661
512.000000 0.780006647 -0.184183344 2.104357243 -0.002534642 0.989734530 0.029842434 -0.139744446
513.000000 0.776251376 -0.185353711 2.094206572 -0.002660747 0.989131153 0.029159322 -0.144090906
514.000000 0.781574667 -0.186302841 2.082906246 -0.002922011 0.988326907 0.027530808 -0.149811327
515.000000 0.782415152 -0.182862759 2.070500135 -0.003190652 0.987607300 0.024889288 -0.154926166
516.000000 0.785975814 -0.183351770 2.068498611 -0.003679898 0.986883759 0.023357939 -0.159691453
517.000000 0.804349959 -0.186015815 2.047098637 -0.004411553 0.985653400 0.023657804 -0.167057291
518.000000 0.784110963 -0.184334293 2.053185225 -0.004965741 0.985356390 0.022195231 -0.168983683
519.000000 0.780097067 -0.186196655 2.054312229 -0.005879761 0.984797776 0.020403726 -0.172401950
520.000000 0.771277666 -0.191096365 2.048575640 -0.007237038 0.984274387 0.018586269 -0.175516695
521.000000 0.778459251 -0.177779615 2.041373014 -0.008857885 0.983435571 0.016118899 -0.180322468
522.000000 0.777001679 -0.175886139 2.046923161 -0.010698065 0.982824922 0.016501877 -0.183489382
523.000000 0.786807001 -0.181330591 2.027448893 -0.012201292 0.981605649 0.018203327 -0.189657822
524.000000 0.792447388 -0.181162924 2.018787146 -0.013594802 0.980579078 0.018332658 -0.194791496
525.000000 0.797392607 -0.173059702 2.006079197 -0.014279021 0.979538679 0.018026780 -0.199937820
526.000000 0.792088568 -0.179178476 1.999325514 -0.014369599 0.978661060 0.020374052 -0.203963071
527.000000 0.796777606 -0.178335011 1.993509769 -0.014678207 0.977592707 0.020662069 -0.208974138
528.000000 0.807073355 -0.174254373 1.976627588 -0.015509755 0.976049781 0.020831501 -0.215991333
529.000000 0.811386108 -0.169935405 1.973720312 -0.016678894 0.974930584 0.021313483 -0.220857069
530.000000 0.807674229 -0.181067675 1.959676862 -0.016444784 0.973784804 0.022959312 -0.225711361
531.000000 0.810524583 -0.175655156 1.953422189 -0.017544495 0.972638190 0.023281755 -0.230488658
532.000000 0.809540808 -0.172168553 1.947658539 -0.018238541 0.971860886 0.023607494 -0.233658865
533.000000 0.811928034 -0.167587772 1.933285356 -0.017706327 0.970587671 0.024120068 -0.238881379
534.000000 0.821212351 -0.169161767 1.916032791 -0.017572932 0.969146430 0.025147445 -0.244568989
535.000000 0.825887144 -0.167990908 1.909182072 -0.017273139 0.968026400 0.024534760 -0.249047190
536.000000 0.827421367 -0.165876150 1.897329092 -0.017967800 0.966730356 0.024688400 -0.253968596
537.000000 0.838126302 -0.166244596 1.882401586 -0.017541246 0.965182781 0.024944892 -0.259792596
538.000000 0.838004112 -0.167457566 1.875414252 -0.017545151 0.964098632 0.025395555 -0.263744354
539.000000 0.847619057 -0.162048757 1.847283244 -0.017931422 0.962580085 0.025026653 -0.269242823
540.000000 0.843121171 -0.165787041 1.840056062 -0.018038154 0.961693883 0.024833795 -0.272401839
541.000000 0.850355387 -0.161992490 1.826384544 -0.018877588 0.960495055 0.023371948 -0.276670605
542.000000 0.850371599 -0.158005685 1.821397781 -0.019908886 0.959360898 0.023496535 -0.280496448
543.000000 0.850244105 -0.161799699 1.810173869 -0.020929972 0.958432496 0.025251966 -0.283428043
544.000000 0.853559971 -0.159616143 1.799093723 -0.022836370 0.957457900 0.026235446 -0.286469102
545.000000 0.853642464 -0.160107732 1.793200612 -0.024392586 0.956671298 0.028167129 -0.288776100
546.000000 0.855246186 -0.158075958 1.782936573 -0.025635242 0.955828369 0.028978065 -0.291367948
547.000000 0.855469823 -0.161693290 1.777500987 -0.026229799 0.954971254 0.029695686 -0.294040859
548.000000 0.854088008 -0.158989713 1.771669269 -0.027062988 0.954016328 0.029870385 -0.297032446
549.000000 0.847775817 -0.163889349 1.766004801 -0.026877878 0.953310370 0.030674335 -0.299225688
550.000000 0.852830410 -0.161703497 1.758141279 -0.026862906 0.952115119 0.029797563 -0.303096175
551.000000 0.849887550 -0.163877830 1.750738263 -0.027024185 0.950982094 0.029509105 -0.306646228
552.000000 0.854365587 -0.163963810 1.746258140 -0.026539572 0.949631929 0.028450845 -0.310942650
553.000000 0.854519844 -0.162970006 1.740229487 -0.026086900 0.948295772 0.028009867 -0.315071493
554.000000 0.850268126 -0.164149463 1.734043241 -0.025325539 0.947129488 0.028128549 -0.318611175
555.000000 0.858402729 -0.168423563 1.722785473 -0.024270859 0.945658326 0.027276192 -0.323105752
556.000000 0.853934407 -0.166473031 1.720501423 -0.023892878 0.944931209 0.024955552 -0.325440198
557.000000 0.852637887 -0.161916465 1.714336514 -0.023471396 0.943823576 0.024462542 -0.328706205
558.000000 0.857130527 -0.162917659 1.708384514 -0.022378653 0.942234993 0.025198763 -0.333252788
559.000000 0.851193368 -0.165639192 1.705952406 -0.021482049 0.941072583 0.024954850 -0.336597979
560.000000 0.852368474 -0.167476714 1.699262381 -0.020337690 0.939397335 0.024634607 -0.341338813
561.000000 0.848137021 -0.164178148 1.695950150 -0.020160152 0.938029408 0.023712507 -0.345155150
562.000000 0.850618780 -0.168981582 1.686650038 -0.019824825 0.936234951 0.023463184 -0.350029409
563.000000 0.849794030 -0.165330008 1.681255579 -0.020066500 0.934625745 0.022017643 -0.354382992
564.000000 0.854316533 -0.157950073 1.670246840 -0.020614037 0.932309031 0.021305772 -0.360445619
565.000000 0.859161675 -0.162748933 1.660664678 -0.019867422 0.929799557 0.022877453 -0.366817027
566.000000 0.859201431 -0.162238330 1.654970765 -0.019958878 0.927667439 0.023376821 -0.372140139
567.000000 0.859365046 -0.161993861 1.647549629 -0.020035854 0.925640345 0.023834055 -0.377121300
568.000000 0.857408762 -0.156956881 1.639148474 -0.020074524 0.923737586 0.024298804 -0.381726980
569.000000 0.861922562 -0.157060206 1.624999166 -0.019984277 0.921447396 0.025192877 -0.387170136
570.000000 0.860862494 -0.160824895 1.615897059 -0.020175138 0.919772446 0.024558250 -0.391162992
571.000000 0.859732032 -0.154843643 1.608077526 -0.022159297 0.918046176 0.022974111 -0.395186543
572.000000 0.857960939 -0.155667454 1.598353744 -0.023351973 0.916138828 0.024294561 -0.399442255
573.000000 0.851020575 -0.160560086 1.592782736 -0.023933094 0.915047050 0.024859283 -0.401868314
574.000000 0.855769515 -0.151013866 1.581689835 -0.025889326 0.913380325 0.023370976 -0.405610591
575.000000 0.850867510 -0.149481505 1.576544166 -0.026522446 0.912338793 0.024360221 -0.407849312
576.000000 0.850111485 -0.152705655 1.565601468 -0.026677180 0.910680950 0.026350973 -0.411405176
577.000000 0.851008952 -0.149534494 1.555700779 -0.027417358 0.909033358 0.026118094 -0.414999336
578.000000 0.853677154 -0.144930929 1.548453093 -0.028124182 0.907376528 0.026119478 -0.418562710
579.000000 0.849391580 -0.149012625 1.539032221 -0.027505804 0.906274199 0.027513741 -0.420895994
580.000000 0.851815581 -0.151070625 1.526089787 -0.026705528 0.904947639 0.028003315 -0.423759907
581.000000 0.851608872 -0.145345122 1.518139601 -0.027164847 0.904072702 0.027382374 -0.425634682
582.000000 0.848364294 -0.138381004 1.509851933 -0.027098315 0.903009295 0.027361766 -0.427891582
583.000000 0.842854381 -0.144585177 1.497901201 -0.025126716 0.901520550 0.029495548 -0.430998057
584.000000 0.845137775 -0.145089164 1.483524680 -0.024543826 0.899526417 0.030353447 -0.435118973
585.000000 0.850085974 -0.129223466 1.474500418 -0.025341105 0.897559643 0.029731041 -0.439159065
586.000000 0.834651530 -0.135235399 1.469943166 -0.022773018 0.896451533 0.032678280 -0.441348195
587.000000 0.841000736 -0.134200916 1.442868948 -0.018203815 0.891781688 0.034054540 -0.450815260
588.000000 0.838710606 -0.139575481 1.434366226 -0.015425337 0.890066326 0.034028035 -0.454297394
589.000000 0.834638834 -0.138074040 1.423482895 -0.013853946 0.888796210 0.032376111 -0.456947654
590.000000 0.832384706 -0.134926528 1.412974834 -0.012827895 0.887363255 0.030209983 -0.459901392
591.000000 0.832325220 -0.135025144 1.400002718 -0.012096318 0.885489345 0.030359956 -0.463508934
592.000000 0.831004500 -0.130627036 1.387869000 -0.012142205 0.883258462 0.030691486 -0.467723310
593.000000 0.825883567 -0.130707622 1.377023578 -0.012014218 0.881238937 0.031569287 -0.471462518
594.000000 0.823523819 -0.128618509 1.368017793 -0.012709525 0.879408717 0.032713909 -0.474772155
595.000000 0.820036709 -0.131193191 1.356878281 -0.012403515 0.877463579 0.034181405 -0.478263021
596.000000 0.819670558 -0.132598430 1.346420765 -0.012294809 0.875419915 0.034364805 -0.481983185
597.000000 0.814045966 -0.131195128 1.334812999 -0.012475315 0.873558283 0.033825397 -0.485382468
598.000000 0.811211467 -0.129370496 1.325418234 -0.012479906 0.871892095 0.032869488 -0.488434225
599.000000 0.811819315 -0.133557469 1.310788631 -0.012486952 0.869823754 0.032373521 -0.492140919
600.000000 0.809259057 -0.137451276 1.302043796 -0.013178126 0.868404627 0.032176979 -0.494635642
601.000000 0.805920899 -0.134828717 1.289922714 -0.014994585 0.866825402 0.031665068 -0.497379303
602.000000 0.801799536 -0.136811167 1.280638218 -0.016151438 0.865376949 0.031917308 -0.499843121
603.000000 0.800410628 -0.140060067 1.270651579 0.017182887 -0.863746464 -0.032371610 0.502592206
604.000000 0.796968699 -0.134438246 1.263344884 0.018769773 -0.862239361 -0.031390399 0.505178809
605.000000 0.793914378 -0.133489549 1.257001877 0.019032000 -0.860935807 -0.031223856 0.507397711
606.000000 0.792533815 -0.130813688 1.246797800 0.018805556 -0.859540045 -0.031303957 0.509762108
607.000000 0.792115033 -0.131627977 1.233404875 0.018584494 -0.857713282 -0.031501099 0.512825787
608.000000 0.789965868 -0.126943246 1.224891424 0.019722637 -0.856372476 -0.030472936 0.515081227
609.000000 0.784553170 -0.130138293 1.218523264 0.019244749 -0.854758978 -0.031804092 0.517692149
610.000000 0.786735296 -0.129340887 1.201893449 0.018053204 -0.852150559 -0.033044070 0.521940172
611.000000 0.783423424 -0.125805959 1.193005085 0.017346777 -0.850326061 -0.033174049 0.524923086
612.000000 0.783900142 -0.125074640 1.183456659 0.015769280 -0.848560035 -0.032854915 0.527842641
613.000000 0.781827271 -0.125195786 1.168752432 0.013623179 -0.846847534 -0.033081517 0.530631006
614.000000 0.778636813 -0.120515764 1.164434791 0.012249555 -0.845709682 -0.032874301 0.532488823
615.000000 0.776500046 -0.118076980 1.154385686 0.011418091 -0.843995929 -0.033840850 0.535159111
616.000000 0.774975061 -0.117461324 1.144167185 0.009955751 -0.841849327 -0.035024539 0.538482964
617.000000 0.775311351 -0.115576446 1.127096176 0.008637196 -0.838756084 -0.036495965 0.543214202
618.000000 0.774007320 -0.115179375 1.114068270 0.007681510 -0.835968673 -0.038474686 0.547372878
619.000000 0.768244386 -0.117457755 1.107381105 0.006102927 -0.833189130 -0.039768353 0.551522613
620.000000 0.768304229 -0.117175981 1.095684886 0.004778040 -0.830209553 -0.039817445 0.556007147
621.000000 0.764263868 -0.114456907 1.085973859 0.003914370 -0.827791572 -0.039993104 0.559594870
622.000000 0.761976480 -0.112739801 1.078278184 0.002956101 -0.825142443 -0.040496256 0.563463748
623.000000 0.763422787 -0.115520820 1.061975837 0.002336518 -0.821646929 -0.041052260 0.568511724
624.000000 0.761200845 -0.113936290 1.051910162 0.002849715 -0.818776250 -0.041066322 0.572634995
625.000000 0.756811023 -0.111936122 1.043056250 0.002945481 -0.815782070 -0.041554932 0.576857150
626.000000 0.757295072 -0.109911561 1.032804132 0.002239860 -0.811877787 -0.042200111 0.582295895
627.000000 0.749876618 -0.110742427 1.029986858 0.000940303 -0.808872461 -0.042368058 0.586454988
628.000000 0.750004828 -0.113820285 1.018122911 -0.000703592 -0.804654360 -0.041873746 0.592264771
629.000000 0.744514585 -0.112077758 1.010616183 -0.001475850 -0.800884783 -0.041306481 0.597390354
630.000000 0.739636540 -0.116716124 1.002318859 -0.003396450 -0.796726763 -0.040902179 0.602944374
631.000000 0.740240633 -0.105066188 0.993989348 -0.002740387 -0.792773604 -0.038185250 0.608312726
632.000000 0.732526779 -0.114122689 0.984693408 -0.005048882 -0.788735569 -0.038907081 0.613479376
633.000000 0.726421595 -0.115752101 0.978118539 -0.005792669 -0.785356462 -0.037744649 0.617864907
634.000000 0.721230388 -0.119851954 0.975275517 -0.006586514 -0.782570064 -0.036510695 0.621456146
635.000000 0.721121907 -0.113857612 0.960082710 -0.005196834 -0.777955353 -0.034651522 0.627341926
636.000000 0.710853934 -0.119877845 0.964834571 -0.005641845 -0.775857985 -0.035241496 0.629897237
637.000000 0.714071751 -0.106244996 0.948542237 -0.003265241 -0.771014392 -0.032127015 0.635998428
638.000000 0.709124863 -0.108658716 0.938571692 -0.003088497 -0.766840279 -0.032925069 0.640985489
639.000000 0.705195129 -0.101412296 0.936497152 -0.000960001 -0.764093578 -0.032974560 0.644261360
640.000000 0.694016874 -0.105888814 0.938455820 -0.001818889 -0.762324333 -0.034158621 0.646290600
641.000000 0.695408821 -0.103048727 0.930871069 -0.001380231 -0.759420156 -0.034309845 0.649693668
642.000000 0.691559017 -0.102255970 0.917180717 -0.001743008 -0.755701005 -0.034813289 0.653988540
643.000000 0.683433712 -0.103819817 0.913888395 -0.002463723 -0.753695667 -0.035247575 0.656273067
644.000000 0.676712811 -0.110635117 0.906021535 -0.004150738 -0.750994682 -0.036237270 0.659300089
645.000000 0.671711564 -0.098544002 0.909586072 -0.002835752 -0.750060558 -0.034862317 0.660443485
646.000000 0.667886257 -0.079201624 0.893366635 -0.001033058 -0.746384621 -0.031699985 0.664758563
647.000000 0.664355874 -0.088360533 0.885042667 -0.003163219 -0.743664622 -0.031716794 0.667792618
648.000000 0.654724002 -0.091190025 0.883435309 -0.003791430 -0.742290139 -0.031857055 0.669310153
649.000000 0.638343632 -0.075375937 0.884904504 -0.004749394 -0.739278734 -0.030865742 0.672675014
650.000000 0.618308008 -0.088245541 0.878994942 -0.010781647 -0.734997690 -0.034454972 0.677107871
651.000000 0.609326005 -0.078673482 0.871845424 -0.011177707 -0.731981695 -0.032616816 0.680451334
652.000000 0.599804342 -0.090766281 0.865550160 -0.013607100 -0.729147494 -0.033298872 0.683410585
653.000000 0.590127826 -0.086197227 0.867579043 -0.012758069 -0.727665901 -0.030350719 0.685141146
654.000000 0.577675700 -0.092903212 0.845368683 -0.013733323 -0.722153246 -0.030675536 0.690916181
655.000000 0.568782985 -0.089769565 0.842807472 -0.011744908 -0.719224036 -0.031641051 0.693957984
656.000000 0.557484448 -0.096746817 0.841186047 -0.011462989 -0.716513157 -0.033935189 0.696653366
657.000000 0.551635444 -0.082664877 0.820815623 -0.008305961 -0.710941672 -0.032974001 0.702428401
658.000000 0.537351310 -0.096634433 0.831661701 -0.008934365 -0.710205197 -0.035719011 0.703031182
659.000000 0.526035666 -0.100333244 0.832910776 -0.007823117 -0.707897484 -0.035555083 0.705376327
660.000000 0.513303578 -0.108711913 0.825209737 -0.007781699 -0.704547644 -0.036100455 0.708695173
661.000000 0.501422107 -0.114911556 0.817440391 -0.006871197 -0.701141357 -0.035258278 0.712116838
662.000000 0.490910590 -0.106573641 0.821883321 -0.002828784 -0.700065494 -0.031481050 0.713378787
663.000000 0.484734148 -0.095179215 0.811704993 0.000226875 -0.696083486 -0.027976168 0.717415512
664.000000 0.468774557 -0.095486179 0.810404539 0.000344264 -0.693337679 -0.027585100 0.720084548
665.000000 0.459161013 -0.104005180 0.821059525 -0.000725963 -0.693343937 -0.027915925 0.720065534
666.000000 0.447506428 -0.106669217 0.819235206 -0.000256741 -0.691501021 -0.026674137 0.721882761
667.000000 0.442119360 -0.102572531 0.796383679 0.000429761 -0.686097324 -0.021870920 0.727180779
668.000000 0.431757569 -0.099363223 0.791080773 0.002540812 -0.683656454 -0.017140971 0.729598224
669.000000 0.418093741 -0.107261129 0.796607375 0.002177827 -0.683240831 -0.014879563 0.730038285
670.000000 0.411666304 -0.102415927 0.783892155 0.003632921 -0.679634273 -0.011923574 0.733445227
671.000000 0.398157179 -0.095848553 0.785332203 0.006257317 -0.678336978 -0.009795759 0.734658957
672.000000 0.391754448 -0.109518059 0.787053347 0.005543137 -0.676688254 -0.011268694 0.736162543
673.000000 0.384147257 -0.099326409 0.774810493 0.008181343 -0.671938121 -0.008930142 0.740508258
674.000000 0.373362452 -0.118255548 0.766168118 0.005910424 -0.667685986 -0.012146140 0.744320512
675.000000 0.364775807 -0.122039795 0.765247285 0.006339470 -0.664718032 -0.011462492 0.746979475
676.000000 0.356912792 -0.124705039 0.761758208 0.007466275 -0.661660552 -0.009277287 0.749709010
677.000000 0.348609746 -0.125572279 0.759111226 0.009035103 -0.659144163 -0.006804904 0.751931608
678.000000 0.339665592 -0.126985908 0.756856680 0.010922806 -0.656774759 -0.004780009 0.753992617
679.000000 0.331691444 -0.124443866 0.753884912 0.013248308 -0.654260218 -0.002814920 0.756148279
680.000000 0.322596610 -0.129233152 0.747038722 0.013270671 -0.650488317 -0.002861620 0.759394884
681.000000 0.315558136 -0.128570303 0.745522857 0.014983828 -0.647596121 -0.002118947 0.761833489
682.000000 0.307197928 -0.134950697 0.740145743 0.015520420 -0.644283712 -0.001544241 0.764627516
683.000000 0.298777819 -0.137449011 0.731921613 0.016614016 -0.640590370 0.000097474 0.767703056
684.000000 0.290201962 -0.139435023 0.728394866 0.017369680 -0.638117313 0.001355852 0.769742012
685.000000 0.282580048 -0.138546377 0.725878119 0.018484795 -0.635372281 0.003021186 0.771978855
686.000000 0.274838328 -0.141594186 0.721362174 0.020168895 -0.632206440 0.004797453 0.774522603
687.000000 0.267085195 -0.145329535 0.715531647 0.021680249 -0.628430784 0.007070299 0.777531207
688.000000 0.258617967 -0.143019915 0.711481273 0.024404874 -0.624471724 0.010011367 0.780601859
689.000000 0.249776542 -0.150910348 0.701594353 0.025374766 -0.619297147 0.010180045 0.784680545
690.000000 0.241164356 -0.151079699 0.695062220 0.027925229 -0.614558160 0.012236849 0.788282156
691.000000 0.233363301 -0.156976238 0.687542319 0.029541722 -0.609618723 0.014140208 0.792017937
692.000000 0.225379378 -0.156467780 0.680251122 0.031526532 -0.604986548 0.017581930 0.795417070
693.000000 0.217746168 -0.161368206 0.677313387 0.031792007 -0.601374567 0.018551456 0.798118889
694.000000 0.208588749 -0.157861412 0.665996730 0.031777941 -0.595459580 0.020572338 0.802492917
695.000000 0.202448353 -0.159805119 0.660124183 0.030339183 -0.590156853 0.021194769 0.806439877
696.000000 0.194253713 -0.162219197 0.652971268 0.028620666 -0.584020317 0.022324342 0.810927093
697.000000 0.186848551 -0.163038701 0.645477235 0.027936691 -0.578085244 0.024446128 0.815131485
698.000000 0.179721341 -0.170183688 0.645180702 0.027263781 -0.574532270 0.025716778 0.817623377
699.000000 0.170408860 -0.171805128 0.631813824 0.027999850 -0.568123579 0.028609294 0.821969032
700.000000 0.162649214 -0.172423452 0.628980994 0.029056480 -0.563940823 0.031636108 0.824697256
701.000000 0.154667377 -0.175253853 0.624229670 0.029602040 -0.558971524 0.033662759 0.827974260
702.000000 0.146851450 -0.178130895 0.618805766 0.029084537 -0.553588510 0.035194434 0.831537902
703.000000 0.137113109 -0.184818000 0.614228308 0.028331937 -0.548784912 0.036911879 0.834667623
704.000000 0.128454730 -0.189808935 0.609135747 0.029971072 -0.544514656 0.039408401 0.837288797
705.000000 0.121221393 -0.184445858 0.602142811 0.032908808 -0.539729953 0.043292169 0.840080023
706.000000 0.114220962 -0.191963211 0.601701558 0.032937165 -0.536200106 0.043930117 0.842303216
707.000000 0.107354060 -0.191069260 0.605606019 0.036008075 -0.533203602 0.045656919 0.843986273
708.000000 0.100237235 -0.194149241 0.597917736 0.036493339 -0.527047575 0.045023788 0.847857296
709.000000 0.092239380 -0.191700876 0.592934489 0.035892785 -0.521446586 0.044979677 0.851341307
710.000000 0.084528193 -0.197400168 0.590710640 0.035270076 -0.518013299 0.045214575 0.853448212
711.000000 0.076170415 -0.201600373 0.588400960 0.037200544 -0.515333474 0.045553036 0.854969263
712.000000 0.071333453 -0.198859051 0.580875695 0.037972059 -0.511142969 0.044763636 0.857488930
713.000000 0.062506855 -0.208061054 0.582826316 0.036165863 -0.508676827 0.041584928 0.859191835
714.000000 0.055373713 -0.209625542 0.582365632 0.038409289 -0.505921423 0.042579643 0.860671341
715.000000 0.048215479 -0.212847292 0.584661663 0.041571639 -0.504351795 0.043305069 0.861409128
716.000000 0.041397691 -0.219947964 0.588099480 0.043100070 -0.503347218 0.042464737 0.861963272
717.000000 0.034017697 -0.219814330 0.592299104 0.045073215 -0.501581132 0.044453572 0.862791181
718.000000 0.026601434 -0.226535857 0.591959715 0.047384355 -0.498573333 0.044713341 0.864395797
719.000000 0.019974083 -0.229252562 0.596073866 0.050233189 -0.496579289 0.045565829 0.865337729
720.000000 0.012060970 -0.226641357 0.600329161 0.052960616 -0.494129747 0.046806123 0.866510332
721.000000 0.005930632 -0.228642702 0.607532263 0.054756053 -0.492690265 0.046966117 0.867209494
722.000000 -0.015909225 -0.228106678 0.580741525 0.056670610 -0.481755763 0.047497340 0.873180270
723.000000 -0.024214029 -0.230341390 0.585907936 0.057449963 -0.479429662 0.047332015 0.874417722
724.000000 -0.030857950 -0.233887538 0.593144715 0.058322988 -0.477691144 0.047985815 0.875275373
725.000000 -0.039646119 -0.234335676 0.598857343 0.061373495 -0.476073772 0.050029855 0.875833333
726.000000 -0.048440993 -0.237302214 0.604073346 0.064191192 -0.474540353 0.051397134 0.876384199
727.000000 -0.057419449 -0.238735303 0.611929536 0.067015991 -0.473444730 0.053289048 0.876652300
728.000000 -0.065244228 -0.241324335 0.619509339 0.068654187 -0.471903712 0.054445501 0.877285123
729.000000 -0.073145032 -0.243120044 0.626837254 0.068938278 -0.469269067 0.055043492 0.878637731
730.000000 -0.081615776 -0.245698035 0.634004354 0.068948783 -0.466045171 0.055481594 0.880323648
731.000000 -0.093149781 -0.248655051 0.639731109 0.069979861 -0.461406410 0.056187127 0.882638097
732.000000 -0.100720227 -0.254982054 0.648740709 0.071459316 -0.457480341 0.055996984 0.884573162
733.000000 -0.110797346 -0.255145222 0.658294678 0.074393861 -0.453496724 0.056045774 0.886377573
734.000000 -0.119803250 -0.260899633 0.665837646 0.076156683 -0.449261069 0.054987594 0.888448656
735.000000 -0.125363886 -0.266383111 0.677573204 0.078419544 -0.445837319 0.054166790 0.890025496
736.000000 -0.136530429 -0.268105894 0.682734013 0.081340998 -0.440083444 0.053847518 0.892642498
737.000000 -0.143615603 -0.273992807 0.693186045 0.084950089 -0.436243057 0.054435182 0.894154489
738.000000 -0.153318793 -0.275450587 0.700724483 0.090047583 -0.432126850 0.057227492 0.895479083
739.000000 -0.156952441 -0.277608871 0.710597396 0.094393998 -0.429998636 0.059833869 0.895885527
740.000000 -0.165848851 -0.281069875 0.719668269 0.100092784 -0.427906334 0.063108787 0.896044016
741.000000 -0.172558367 -0.286987692 0.727283478 0.105801076 -0.425760299 0.065043345 0.896272123
742.000000 -0.175804317 -0.286428213 0.737387061 0.110664770 -0.424497098 0.067004994 0.896139443
743.000000 -0.181518525 -0.289498806 0.743254542 0.113552444 -0.422439158 0.065953575 0.896828353
744.000000 -0.186231554 -0.292683214 0.748169422 0.116360992 -0.420495957 0.064833738 0.897463024
745.000000 -0.187244892 -0.296430022 0.756448865 0.119460031 -0.420064837 0.063810378 0.897331059
746.000000 -0.193456143 -0.298973799 0.761501312 0.124277048 -0.418503106 0.064072520 0.897387922
747.000000 -0.196898282 -0.303702176 0.767951727 0.129781485 -0.417568773 0.064438604 0.897017717
748.000000 -0.203388751 -0.306885302 0.772329211 0.135222077 -0.415457726 0.064924866 0.897159219
749.000000 -0.209182680 -0.308017969 0.778767586 0.141250074 -0.413789064 0.066228949 0.896906257
750.000000 -0.211666137 -0.309964836 0.782461226 0.146386817 -0.412405312 0.067051172 0.896658719
751.000000 -0.213759303 -0.313165009 0.788907945 0.150934353 -0.411667466 0.068129070 0.896162450
752.000000 -0.219625533 -0.312684417 0.793015361 0.156137735 -0.410217524 0.070228659 0.895773709
753.000000 -0.224898636 -0.315820277 0.795495868 0.160377368 -0.408731312 0.071980275 0.895564973
754.000000 -0.226741374 -0.315557063 0.799300671 0.165244684 -0.408518255 0.073922589 0.894618630
755.000000 -0.227341354 -0.318451464 0.805007935 0.169401512 -0.409111500 0.075540259 0.893434167
756.000000 -0.236676723 -0.320641488 0.804054022 0.173216626 -0.407480747 0.077438638 0.893285334
757.000000 -0.237213999 -0.319704920 0.808655143 0.177576050 -0.408171982 0.079584353 0.891924143
758.000000 -0.242693275 -0.323933840 0.812520504 0.182329133 -0.407964647 0.081798635 0.890859067
759.000000 -0.247950375 -0.327757180 0.816628635 0.188324481 -0.408216804 0.084296048 0.889262140
760.000000 -0.253987998 -0.331598312 0.819415569 0.193907648 -0.408248484 0.085892387 0.887893856
761.000000 -0.262009412 -0.334447354 0.821084857 0.198754475 -0.408093870 0.088079840 0.886678100
762.000000 -0.268068373 -0.339766443 0.823159158 0.202697426 -0.408265591 0.088750735 0.885638893
763.000000 -0.274803936 -0.343682885 0.826286197 0.206972525 -0.408366174 0.089467324 0.884530962
764.000000 -0.281559676 -0.347209811 0.828746974 0.210745066 -0.408244401 0.090548262 0.883585870
765.000000 -0.289506495 -0.348897308 0.831414878 0.214647040 -0.407575905 0.091894396 0.882815897
766.000000 -0.297383934 -0.355167866 0.833159328 0.217629388 -0.406752467 0.092317395 0.882421315
767.000000 -0.306324273 -0.360022575 0.834118247 0.220616341 -0.405065984 0.093332022 0.882348597
768.000000 -0.315251023 -0.361544937 0.837525487 0.224471018 -0.403788865 0.095578432 0.881721079
769.000000 -0.322785765 -0.368588656 0.839017034 0.227453157 -0.402301192 0.095446765 0.881651163
770.000000 -0.331006974 -0.369968265 0.841407537 0.231137991 -0.400924087 0.096546866 0.881200194
771.000000 -0.338230520 -0.373865038 0.844503522 0.233576640 -0.399471074 0.096686088 0.881201804
772.000000 -0.346169770 -0.378101528 0.845973015 0.235781148 -0.397602230 0.097440392 0.881376803
773.000000 -0.356853843 -0.378739268 0.845927954 0.238292307 -0.394905746 0.100400917 0.881581485
774.000000 -0.364248514 -0.381503731 0.848450005 0.239991620 -0.393755019 0.101583496 0.881499708
775.000000 -0.372277498 -0.384063005 0.850993752 0.242485791 -0.392977983 0.103376150 0.880955338
776.000000 -0.380778313 -0.387792468 0.852337837 0.245717138 -0.392007083 0.105438031 0.880247891
777.000000 -0.391795427 -0.388969839 0.851293325 0.249486983 -0.389872372 0.107874028 0.879840314
778.000000 -0.399214327 -0.392267197 0.852959871 0.251993805 -0.388612568 0.108323038 0.879628062
779.000000 -0.405094206 -0.393238276 0.855568767 0.254768491 -0.387495518 0.109342344 0.879195392
780.000000 -0.412547767 -0.397726953 0.856963694 0.256513029 -0.385474324 0.109830931 0.879515648
781.000000 -0.424025744 -0.397924304 0.857356310 0.258404970 -0.381934077 0.111771584 0.880261481
782.000000 -0.429293871 -0.401376903 0.858568788 0.259239405 -0.379503012 0.111061983 0.881156981
783.000000 -0.435612202 -0.402921736 0.859896839 0.261295944 -0.376735538 0.111195363 0.881720126
784.000000 -0.443487704 -0.404581249 0.861277997 0.262864739 -0.373285592 0.111042149 0.882739842
785.000000 -0.447652400 -0.404087961 0.861185312 0.264694333 -0.370074898 0.109772213 0.883703351
786.000000 -0.454238474 -0.406777173 0.863009334 0.265997648 -0.366599768 0.109639712 0.884776235
787.000000 -0.458704352 -0.407490373 0.864672780 0.267473489 -0.363023907 0.108333267 0.885965884
788.000000 -0.463982999 -0.405818284 0.865368366 0.268590122 -0.358902335 0.107534781 0.887403369
789.000000 -0.468855828 -0.406129897 0.868298888 0.269131929 -0.354883581 0.107390553 0.888871729
790.000000 -0.473903924 -0.408979505 0.868052959 0.269519806 -0.350271970 0.106353059 0.890706241
791.000000 -0.477672696 -0.407736063 0.869300485 0.271163315 -0.346327960 0.105995074 0.891791761
792.000000 -0.481302500 -0.405519009 0.870939314 0.272079527 -0.342759430 0.106208935 0.892865241
793.000000 -0.482423842 -0.405361295 0.872453451 0.271995425 -0.339565694 0.103465073 0.894432008
794.000000 -0.488678396 -0.404991359 0.872716010 0.271232665 -0.335301727 0.101955421 0.896443367
795.000000 -0.492160052 -0.403623700 0.875436127 0.270773530 -0.332560718 0.100293659 0.897789657
796.000000 -0.494632661 -0.402281106 0.876502633 0.268815726 -0.329618156 0.097760394 0.899740458
797.000000 -0.497205645 -0.402290314 0.877252281 0.265791625 -0.326484919 0.095209502 0.902051866
798.000000 -0.498640776 -0.398791313 0.879456282 0.263473988 -0.324025035 0.093300872 0.903816462
799.000000 -0.501280546 -0.398454785 0.880491138 0.260265559 -0.320988178 0.090622351 0.906099319
800.000000 -0.502302170 -0.395467639 0.883444071 0.258182645 -0.319361001 0.088294908 0.907498896
801.000000 -0.507376909 -0.392626733 0.884152114 0.256915033 -0.316667050 0.087897882 0.908840239
802.000000 -0.503321052 -0.393517494 0.887452006 0.256149977 -0.316309065 0.084176645 0.909532905
803.000000 -0.505987644 -0.392708927 0.888702631 0.255804569 -0.313551456 0.082068242 0.910776794
804.000000 -0.507036448 -0.390570343 0.891352057 0.255335480 -0.311081648 0.079856157 0.911951244
805.000000 -0.508486629 -0.389780462 0.892037749 0.253628761 -0.307957649 0.077139385 0.913719893
806.000000 -0.510705173 -0.385316044 0.895378530 0.252585709 -0.304991901 0.075491413 0.915140092
807.000000 -0.510833025 -0.383793175 0.896946549 0.250112563 -0.302515864 0.073211372 0.916824937
808.000000 -0.512271643 -0.380221486 0.899766326 0.248312309 -0.300008178 0.071553282 0.918268085
809.000000 -0.512308002 -0.378317028 0.901803017 0.245440215 -0.298313290 0.069334902 0.919761360
810.000000 -0.510079801 -0.375192881 0.903434277 0.242452651 -0.297229856 0.067669995 0.921027660
811.000000 -0.514066339 -0.371228725 0.905705810 0.241148338 -0.295325845 0.067051195 0.922027230
812.000000 -0.515128136 -0.368266791 0.908407927 0.239068285 -0.294713199 0.065884821 0.922848701
813.000000 -0.511506081 -0.366052955 0.911205232 0.236710891 -0.295135558 0.063942641 0.923457801
814.000000 -0.514713049 -0.362415791 0.914868176 0.234459430 -0.293682694 0.064110786 0.924483120
815.000000 -0.517189085 -0.356811106 0.916356504 0.231387421 -0.291813225 0.063433528 0.925894737
816.000000 -0.518042505 -0.353116512 0.920215666 0.228076413 -0.291194379 0.063277930 0.926921189
817.000000 -0.516355217 -0.350367665 0.924424171 0.225080147 -0.291201413 0.061933078 0.927741885
818.000000 -0.519015849 -0.345664442 0.929038763 0.223258048 -0.291071355 0.062455975 0.928187788
819.000000 -0.518669844 -0.344514102 0.933298945 0.220519453 -0.291049480 0.061793275 0.928893387
820.000000 -0.516771793 -0.344015777 0.937755704 0.218448192 -0.291031599 0.058882214 0.929577231
821.000000 -0.518364191 -0.341453075 0.943248808 0.216493309 -0.290063739 0.056706909 0.930471957
822.000000 -0.518364429 -0.339945495 0.948351920 0.213626638 -0.288765252 0.053904783 0.931704104
823.000000 -0.519006491 -0.339188635 0.953897655 0.210762084 -0.286704570 0.052193228 0.933089316
824.000000 -0.519876301 -0.337533534 0.959738851 0.208968788 -0.284773707 0.050169215 0.934194326
825.000000 -0.520504296 -0.337210894 0.966015041 0.207517251 -0.282752961 0.048113000 0.935239255
826.000000 -0.521836519 -0.334634036 0.971351981 0.206215531 -0.280650616 0.045521695 0.936289549
827.000000 -0.521657884 -0.330540985 0.976523042 0.203221589 -0.278836578 0.042547863 0.937625110
828.000000 -0.521094382 -0.328488618 0.983287096 0.198886231 -0.276721388 0.039199874 0.939325809
829.000000 -0.522474647 -0.324767292 0.989063501 0.194072351 -0.274059266 0.037178572 0.941193521
830.000000 -0.522726655 -0.317802578 0.997060776 0.189912125 -0.271807462 0.034811869 0.942784250
831.000000 -0.522473633 -0.314277530 1.002693295 0.184775695 -0.270087242 0.032321118 0.944386661
832.000000 -0.522431850 -0.311447412 1.009234190 0.180512846 -0.268902332 0.030733321 0.945601463
833.000000 -0.523267627 -0.305375338 1.016597271 0.177842066 -0.268134177 0.029377252 0.946368456
834.000000 -0.524357736 -0.304223835 1.021838069 0.173150375 -0.267318428 0.027461603 0.947526038
835.000000 -0.525528610 -0.299769074 1.029359698 0.169301316 -0.265928656 0.025690660 0.948661685
836.000000 -0.524974108 -0.297518909 1.036498427 0.165514857 -0.264964044 0.022673998 0.949676156
837.000000 -0.527233601 -0.292296439 1.042006850 0.161409855 -0.262548536 0.019915784 0.951114357
838.000000 -0.527904391 -0.288865387 1.047615290 0.156865254 -0.259316474 0.016954729 0.952817261
839.000000 -0.529635429 -0.287239373 1.052633524 0.152909547 -0.255954236 0.014075840 0.954414964
840.000000 -0.530472159 -0.286914080 1.058416247 0.149246082 -0.253034443 0.012190591 0.955798388
841.000000 -0.532143116 -0.284158826 1.063479066 0.147043049 -0.250642747 0.011407397 0.956779242
842.000000 -0.532602131 -0.279669970 1.068097234 0.144532859 -0.249167532 0.010285696 0.957559407
843.000000 -0.532547712 -0.274183124 1.074413419 0.141696602 -0.247775435 0.008897538 0.958358049
844.000000 -0.533161998 -0.273674965 1.078782201 0.137075201 -0.245483145 0.006300089 0.959639847
845.000000 -0.535505772 -0.270453721 1.083613634 0.133399248 -0.242270648 0.004493505 0.960983515
846.000000 -0.535452485 -0.265830427 1.087154269 0.130625486 -0.239936918 0.003032161 0.961955309
847.000000 -0.536464810 -0.263315439 1.089911938 0.127006426 -0.237201154 0.002940919 0.963118017
848.000000 -0.534978747 -0.257761121 1.095257998 0.124534756 -0.236096963 0.002607213 0.963712871
849.000000 -0.539047182 -0.253628463 1.097467542 0.122056708 -0.233053088 0.002886585 0.964769483
850.000000 -0.539165378 -0.250884235 1.101395488 0.119621545 -0.231960654 0.002790994 0.965337873
851.000000 -0.538669109 -0.244788244 1.106265783 0.117876038 -0.231301233 0.002725957 0.965710878
852.000000 -0.539341867 -0.241540417 1.108281970 0.114328586 -0.229635283 0.002281468 0.966535747
853.000000 -0.540776074 -0.239588693 1.110778570 0.111185372 -0.227130637 0.001545899 0.967495263
854.000000 -0.539073050 -0.236607671 1.114454150 0.108855776 -0.225222021 -0.000047154 0.968207359
855.000000 -0.541435838 -0.234877214 1.115937948 0.107064009 -0.221369028 -0.001610398 0.969293773
856.000000 -0.539798677 -0.229920968 1.121874690 0.107915036 -0.220479801 -0.002346411 0.969400585
857.000000 -0.540120065 -0.228208750 1.123960137 0.107758269 -0.219570145 -0.002611679 0.969623804
858.000000 -0.539827466 -0.222433910 1.126387835 0.107198916 -0.218990922 -0.003038812 0.969815493
859.000000 -0.541342795 -0.219394550 1.127494812 0.104719728 -0.217401817 -0.003266891 0.970442951
860.000000 -0.541657686 -0.215928227 1.129477024 0.102478810 -0.216761559 -0.003669524 0.970823944
861.000000 -0.541554630 -0.211863801 1.132524610 0.100795813 -0.216428041 -0.003617385 0.971074641
862.000000 -0.542074084 -0.205547884 1.133095384 0.098522767 -0.215475038 -0.003887487 0.971518755
863.000000 -0.541968524 -0.201963231 1.134642005 0.095798090 -0.214305252 -0.004261513 0.972048223
864.000000 -0.544246435 -0.199430272 1.136003733 0.093844756 -0.212390542 -0.003989203 0.972660005
865.000000 -0.543933809 -0.200394019 1.137651682 0.091535576 -0.211580306 -0.003397651 0.973058820
866.000000 -0.544155061 -0.197227374 1.139021993 0.090586878 -0.211487606 -0.002795173 0.973169684
867.000000 -0.544892251 -0.192119077 1.140100837 0.089689814 -0.211449400 -0.003019130 0.973260403
868.000000 -0.544904649 -0.189875916 1.140578985 0.087545075 -0.210684553 -0.003486969 0.973619878
869.000000 -0.545644760 -0.186066911 1.141252995 0.085785300 -0.209488198 -0.003758623 0.974033594
870.000000 -0.546391010 -0.185377762 1.142263651 0.083676517 -0.208631694 -0.003835604 0.974400520
871.000000 -0.546662927 -0.182064295 1.143425345 0.082199432 -0.208454549 -0.004468111 0.974561453
872.000000 -0.547530830 -0.180778697 1.144411922 0.080005415 -0.207942694 -0.004587648 0.974852741
873.000000 -0.548485935 -0.178847462 1.145039678 0.078454763 -0.207609728 -0.004900696 0.975048244
874.000000 -0.550224721 -0.179836527 1.147202849 0.076625861 -0.207467854 -0.005461808 0.975220859
875.000000 -0.550638914 -0.177931696 1.148859620 0.076345019 -0.207870007 -0.006046148 0.975153804
876.000000 -0.551552534 -0.177577257 1.149383068 0.075514473 -0.207958758 -0.006028502 0.975199699
877.000000 -0.552851617 -0.177710116 1.151247382 0.075513303 -0.207926527 -0.005759308 0.975208282
878.000000 -0.553678334 -0.178195998 1.152329683 0.075049587 -0.207733482 -0.005653389 0.975285828
879.000000 -0.554251730 -0.178965896 1.153535247 0.074930966 -0.207695514 -0.005304123 0.975305021
880.000000 -0.555758178 -0.177556023 1.154354811 0.075916789 -0.207492605 -0.004757695 0.975274742
