4977.154708 0.000000000 0.000000000 0.000000000 0.000000000 0.000000000 0.000000000 1.000000000
4977.191572 0.001190552 0.003378437 -0.006050245 -0.002997146 0.002761694 0.002831178 0.999987721
4977.228435 -0.005824980 0.008709886 -0.009777848 -0.003976584 0.009560873 0.005035763 0.999933660
4977.265299 -0.011649791 0.019529194 -0.014496152 -0.001825678 0.016829422 0.009147773 0.999814868
4977.302162 -0.020279083 0.025706649 -0.022004394 -0.001581640 0.022787770 0.011451749 0.999673486
4977.339025 -0.029478440 0.028224532 -0.027541865 -0.001423758 0.028188756 0.015708275 0.999478161
4977.375889 -0.033446010 0.036150035 -0.037982110 0.000905218 0.030117283 0.020369375 0.999338388
4977.412752 -0.042375021 0.034676377 -0.051550113 0.001651298 0.032407064 0.026606739 0.999119163
4977.449616 -0.050927497 0.052098829 -0.057648458 0.009114164 0.033814818 0.032890107 0.998845220
4977.486479 -0.055133857 0.047047190 -0.068019137 0.009217400 0.032640517 0.038609535 0.998678625
4977.523343 -0.076458089 0.059315547 -0.080888085 0.012283755 0.035090458 0.044553034 0.998314977
4977.560206 -0.096640505 0.070129797 -0.091720447 0.015237390 0.037647195 0.049811903 0.997932494
4977.597069 -0.110948764 0.088990435 -0.104114607 0.018346282 0.039459839 0.055663764 0.997500837
4977.633933 -0.124387220 0.096473321 -0.114006355 0.016600994 0.042024564 0.060287341 0.997157872
4977.670796 -0.146402925 0.110039994 -0.127626017 0.015179449 0.046748895 0.064766981 0.996689200
4977.707659 -0.171557635 0.130686626 -0.139393538 0.015650662 0.051796328 0.066031188 0.996349394
4977.744523 -0.184106693 0.132857949 -0.152283028 0.012369587 0.053954087 0.067831732 0.996160030
4977.781386 -0.196031615 0.133564413 -0.169026688 0.006909217 0.056081183 0.069716968 0.995965183
4977.818250 -0.207181126 0.138955757 -0.178019881 0.004038933 0.058678184 0.073481284 0.995560646
4977.855113 -0.218006313 0.154042393 -0.186692446 0.007689670 0.060711801 0.073699273 0.995401084
4977.891977 -0.230717316 0.152812988 -0.199900508 0.008299804 0.062585630 0.073295452 0.995309949
4977.928840 -0.239854589 0.155702963 -0.210889831 0.009904277 0.063183300 0.073528618 0.995240271
4977.965703 -0.251127094 0.161855578 -0.220920280 0.012161347 0.063767210 0.073079981 0.995211124
4978.002567 -0.271239638 0.169657946 -0.228429139 0.014899760 0.065991700 0.069056608 0.995316148
4978.039430 -0.275457323 0.175837383 -0.240807801 0.015959777 0.064066306 0.067999415 0.995498300
4978.076294 -0.280643880 0.183931917 -0.250946432 0.017222213 0.062875062 0.067966662 0.995555460
4978.113157 -0.288876414 0.186603233 -0.258872241 0.017343868 0.062930658 0.068599150 0.995506465
4978.150021 -0.297570974 0.202480733 -0.264889538 0.020501606 0.063349776 0.067610271 0.995487511
4978.186884 -0.302992404 0.208392933 -0.276551127 0.020627720 0.062964968 0.067056186 0.995546818
4978.223747 -0.308190972 0.217599511 -0.282201767 0.021304034 0.063219428 0.066176482 0.995575309
4978.260611 -0.316385806 0.224622071 -0.291313648 0.020652298 0.065570399 0.066433556 0.995419800
4978.297474 -0.312529922 0.236567795 -0.298956335 0.021313831 0.065754719 0.066231579 0.995407164
4978.334338 -0.323870927 0.241948634 -0.305505723 0.020153051 0.069589175 0.065971822 0.995187879
4978.371201 -0.326712698 0.245973140 -0.318153650 0.015840344 0.070353732 0.065933429 0.995214641
4978.408064 -0.338806391 0.261015594 -0.326633245 0.015830327 0.073639937 0.067441791 0.994875968
4978.444928 -0.341404319 0.268109202 -0.336324185 0.014555199 0.073967762 0.068138443 0.994823635
4978.481791 -0.345122755 0.278973520 -0.345965028 0.012245501 0.073304743 0.071596310 0.994660974
4978.518655 -0.351245105 0.287637472 -0.355303377 0.010388651 0.072375447 0.076272786 0.994402468
4978.555518 -0.357432753 0.292490959 -0.363267034 0.009423977 0.070339642 0.078147523 0.994412601
4978.592381 -0.360160649 0.296539128 -0.376687199 0.010699607 0.067068003 0.079147242 0.994546652
4978.629245 -0.373443544 0.300108373 -0.381912589 0.013963900 0.067278430 0.079942994 0.994428277
4978.666108 -0.381649733 0.302904010 -0.392111450 0.018426478 0.067606516 0.083053306 0.994078398
4978.702972 -0.391929120 0.303171158 -0.404330015 0.022680182 0.069108173 0.084430702 0.993771136
4978.739835 -0.398395270 0.307538986 -0.411279261 0.026789451 0.070303239 0.086053558 0.993445754
4978.776698 -0.404499650 0.312858462 -0.420849055 0.029807834 0.072352700 0.089760214 0.992884517
4978.813562 -0.412091821 0.309370607 -0.425384253 0.031017492 0.075853921 0.092399932 0.992343843
4978.850425 -0.423934013 0.309544355 -0.432768911 0.033067901 0.080520801 0.094947994 0.991669178
4978.887289 -0.433313638 0.317694783 -0.438024700 0.035509039 0.084882520 0.098471954 0.990877032
4978.924152 -0.447616309 0.309678078 -0.440560311 0.033826001 0.091296792 0.102825694 0.989923000
4978.961016 -0.462694943 0.320363939 -0.442345262 0.037145559 0.097217120 0.106145322 0.988889337
4978.997879 -0.484953463 0.323761702 -0.441471517 0.039329264 0.104897536 0.110397592 0.987553596
4979.034742 -0.500818968 0.321958035 -0.442565888 0.040318225 0.110331759 0.114549384 0.986448050
4979.071606 -0.514667988 0.324362308 -0.444128990 0.041451871 0.114031143 0.117879577 0.985587656
4979.108469 -0.537779689 0.327396661 -0.439384162 0.043043319 0.119076498 0.119533643 0.984723210
4979.145333 -0.553815305 0.324162781 -0.441366136 0.042347461 0.121431619 0.122257046 0.984131217
4979.182196 -0.567289352 0.328797400 -0.437225461 0.042032633 0.123438753 0.126487151 0.983360112
4979.219059 -0.579342246 0.330563962 -0.436762035 0.042603619 0.126255140 0.132274151 0.982215941
4979.255923 -0.593358040 0.334052622 -0.439851344 0.042974848 0.128529251 0.137718469 0.981155932
4979.292786 -0.611466706 0.338227570 -0.441773385 0.042810049 0.131873593 0.140443042 0.980332792
4979.329650 -0.626520753 0.331071079 -0.443711877 0.041646808 0.136833146 0.141186073 0.979596198
4979.366513 -0.642740726 0.329635203 -0.446227282 0.040084936 0.143566519 0.143548116 0.978353620
4979.403376 -0.654482365 0.320247591 -0.450607777 0.036833338 0.151962876 0.146485209 0.976776659
4979.440240 -0.660507083 0.326551557 -0.451971471 0.039768383 0.160585135 0.148278967 0.975009859
4979.477103 -0.682115674 0.318697006 -0.456591070 0.040044609 0.173510537 0.147903129 0.972838700
4979.513967 -0.679569483 0.310456485 -0.461076140 0.039926339 0.180208668 0.147989035 0.971612036
4979.550830 -0.692308366 0.303960353 -0.465859264 0.039633401 0.189571381 0.148780853 0.969719648
4979.587694 -0.687254906 0.305496693 -0.471394598 0.039747026 0.192325413 0.148285910 0.969248354
4979.624557 -0.696809947 0.298812568 -0.468487293 0.040534832 0.198027432 0.148758933 0.967994213
4979.661420 -0.698033214 0.288289219 -0.464616090 0.040346541 0.199736729 0.147346482 0.967866957
4979.698284 -0.696055472 0.287829667 -0.466265053 0.040068522 0.198377892 0.147421077 0.968146563
4979.735147 -0.689269900 0.284937978 -0.464924097 0.041202698 0.196050584 0.150021702 0.968173504
4979.772011 -0.690188885 0.287412077 -0.465389073 0.043465801 0.194234192 0.153182298 0.967945755
4979.808874 -0.690090656 0.282752991 -0.462805718 0.044302408 0.192154318 0.155522540 0.967949808
4979.845737 -0.692868888 0.273936242 -0.455893576 0.044630885 0.191492677 0.156662434 0.967881978
4979.882601 -0.692706168 0.271636486 -0.455243587 0.044266295 0.188971654 0.157622606 0.968238235
4979.919464 -0.690816164 0.270246774 -0.449536562 0.044490386 0.187036693 0.155234098 0.968989313
4979.956328 -0.693230867 0.262713641 -0.442372859 0.044932622 0.186971605 0.151232839 0.969613969
4979.993191 -0.686657906 0.255640596 -0.440467477 0.043661304 0.185243651 0.149891809 0.970211804
4980.030054 -0.686320543 0.251346350 -0.431598276 0.045513701 0.187593669 0.150533676 0.969575524
4980.066918 -0.677575290 0.244111449 -0.431764841 0.046915002 0.188385084 0.149803534 0.969468355
4980.103781 -0.681200624 0.236635953 -0.423601747 0.048656076 0.192183778 0.149069041 0.968749940
4980.140645 -0.682873368 0.227063268 -0.416707635 0.049338836 0.195233300 0.148910910 0.968129754
4980.177508 -0.677495718 0.219399735 -0.412977576 0.049581967 0.194560260 0.150011942 0.968082786
4980.214372 -0.672423244 0.218823478 -0.411232293 0.050528202 0.192118958 0.151915506 0.968224585
4980.251235 -0.673924327 0.209166974 -0.403456390 0.052376699 0.190911010 0.152081788 0.968339205
4980.288098 -0.670099735 0.200775877 -0.400108695 0.051880427 0.185954452 0.151923969 0.969354689
4980.324962 -0.667295456 0.190129280 -0.399196357 0.047355413 0.180280298 0.151456118 0.970730364
4980.361825 -0.672792196 0.190658242 -0.390688837 0.047330115 0.177811950 0.153329134 0.970892847
4980.398689 -0.680202365 0.181032985 -0.387518227 0.043954797 0.175720274 0.153378397 0.971424460
4980.435552 -0.691571534 0.172594354 -0.381996185 0.042357948 0.175655544 0.151332885 0.971827805
4980.472415 -0.690959692 0.172517240 -0.378738731 0.043530900 0.174045712 0.149064228 0.972416043
4980.509279 -0.698455811 0.172233760 -0.374297082 0.044117782 0.174400792 0.147574812 0.972553194
4980.546142 -0.710629642 0.169429824 -0.371770650 0.045748193 0.176773742 0.147861570 0.972005725
4980.583006 -0.718204856 0.174251825 -0.366119742 0.049505915 0.178140551 0.149317339 0.971349299
4980.619869 -0.731043458 0.180174097 -0.359761536 0.053236287 0.180096895 0.151755229 0.970412970
4980.656733 -0.746674538 0.175472632 -0.357544094 0.053807162 0.182798222 0.156937450 0.969051182
4980.693596 -0.759211183 0.180588141 -0.353812367 0.055919796 0.183851793 0.161718801 0.967945516
4980.730459 -0.774761260 0.179377124 -0.349985480 0.055498242 0.185792506 0.166736305 0.966747165
4980.767323 -0.792863250 0.175816372 -0.343799472 0.054836039 0.188256875 0.171240166 0.965520144
4980.804186 -0.809365630 0.176298127 -0.342030406 0.055395421 0.190181807 0.173367187 0.964731097
4980.841050 -0.821734786 0.171861559 -0.337967992 0.054441810 0.191298470 0.175368160 0.964202762
4980.877913 -0.830843270 0.178577214 -0.334863603 0.054201379 0.191243246 0.178690508 0.963617086
4980.914776 -0.851007700 0.177534997 -0.329965711 0.053943191 0.194793984 0.180811882 0.962524056
4980.951640 -0.857070565 0.176669061 -0.328866661 0.053896807 0.194698423 0.181328297 0.962448835
4980.988503 -0.861330867 0.172868088 -0.322174907 0.053814281 0.194789082 0.182248503 0.962261260
4981.025367 -0.868174434 0.166262642 -0.317845136 0.052593518 0.195242047 0.182220593 0.962242246
4981.062230 -0.872795165 0.166374087 -0.315512151 0.051128734 0.193956986 0.183468446 0.962343931
4981.099093 -0.874720216 0.162136197 -0.310804307 0.048123464 0.193487138 0.186777592 0.961956859
4981.135957 -0.869547904 0.169960022 -0.302399307 0.048291720 0.191741690 0.187487379 0.962159812
4981.172820 -0.864832282 0.163179368 -0.297985673 0.043946732 0.190117225 0.188010693 0.962588251
4981.209684 -0.866362035 0.158761099 -0.286700666 0.040285408 0.189901501 0.187682465 0.962855041
4981.246547 -0.860698700 0.155729428 -0.282639325 0.036380280 0.187040821 0.187049285 0.963693321
4981.283411 -0.862889290 0.157754377 -0.272045523 0.033941496 0.186314210 0.188001558 0.963737667
4981.320274 -0.851687849 0.152585626 -0.266527891 0.029085606 0.183195814 0.190149352 0.964072883
4981.357137 -0.843768716 0.151567981 -0.261266738 0.026558017 0.180751547 0.190980881 0.964442730
4981.394001 -0.826663852 0.153372601 -0.259786367 0.023697611 0.175594464 0.190514922 0.965561509
4981.430864 -0.818377912 0.158461571 -0.255579710 0.023121325 0.173525080 0.189671636 0.966115475
4981.467728 -0.806907952 0.158726603 -0.254246473 0.022246672 0.170427158 0.189026386 0.966813684
4981.504591 -0.796366811 0.160426289 -0.250134170 0.021898795 0.166859463 0.187650561 0.967711568
4981.541455 -0.776071906 0.159932733 -0.250106812 0.022450488 0.162142754 0.185995802 0.968819499
4981.578318 -0.770587265 0.153694734 -0.247672558 0.022805512 0.161141902 0.182697684 0.969605446
4981.615181 -0.748808086 0.161570266 -0.249414667 0.026089773 0.155977413 0.178874627 0.971078932
4981.652045 -0.733400226 0.149326906 -0.249105170 0.023299610 0.152846321 0.176944405 0.972000957
4981.688908 -0.721234202 0.152993977 -0.250066191 0.023012850 0.149422735 0.175036743 0.972885072
4981.725771 -0.703596711 0.146589279 -0.250727534 0.021392494 0.144914657 0.171869636 0.974167824
4981.762635 -0.685813785 0.145816430 -0.249653161 0.019977136 0.139816627 0.168210045 0.975580633
4981.799498 -0.667966545 0.147341371 -0.250562340 0.018664951 0.134858772 0.167146012 0.976487041
4981.836362 -0.649563670 0.143893018 -0.251327634 0.017365484 0.131194472 0.166849524 0.977060735
4981.873225 -0.626841605 0.138879552 -0.254839271 0.015593832 0.127039239 0.167993680 0.977443576
4981.910089 -0.611229539 0.138646767 -0.254287839 0.016489604 0.125409827 0.169636995 0.977355480
4981.946952 -0.596505165 0.137977093 -0.255362064 0.017387616 0.124368757 0.171480805 0.977151155
4981.983815 -0.583117962 0.139154553 -0.256009340 0.018929329 0.122294761 0.171025798 0.977464020
4982.020679 -0.569633126 0.135415256 -0.252496719 0.020048510 0.120028540 0.171385005 0.977659643
4982.057542 -0.558610260 0.130575761 -0.250791192 0.020227585 0.116794422 0.170297936 0.978237450
4982.094406 -0.545551956 0.124501489 -0.249833182 0.019485589 0.112526536 0.169712931 0.978854239
4982.131269 -0.536133051 0.121941224 -0.242779076 0.020089345 0.109168500 0.167150378 0.979662895
4982.168133 -0.523584366 0.122302532 -0.237122610 0.020954235 0.104659662 0.165222377 0.980463564
4982.204996 -0.509526730 0.120160632 -0.232249856 0.020859396 0.099895760 0.163306549 0.981283188
4982.241859 -0.499964327 0.116897807 -0.224701747 0.021245308 0.096711814 0.161540315 0.981886029
4982.278723 -0.488992214 0.112771831 -0.218197703 0.021946898 0.093327887 0.159172282 0.982584536
4982.315586 -0.478963226 0.109629892 -0.209124491 0.022694249 0.089978330 0.157631651 0.983128190
4982.352450 -0.464892894 0.100127839 -0.203477442 0.021777593 0.087422445 0.155524909 0.983714938
4982.389313 -0.449643731 0.103538051 -0.194217026 0.023536662 0.084971718 0.153254002 0.984245420
4982.426177 -0.437959909 0.098271556 -0.183247149 0.021600036 0.084781177 0.149805978 0.984836936
4982.463040 -0.419844866 0.094159350 -0.177706093 0.018635783 0.082593925 0.146134511 0.985634685
4982.499903 -0.413167745 0.092200920 -0.172921717 0.014025330 0.082206890 0.142489791 0.986276805
4982.536767 -0.398284644 0.086249046 -0.168509066 0.009631335 0.080146357 0.137814403 0.987163126
4982.573630 -0.386556387 0.075233720 -0.160532460 0.009128040 0.080413766 0.131966561 0.987944901
4982.610493 -0.376133382 0.070804186 -0.163170084 0.009655830 0.079208903 0.127223149 0.988659203
4982.647357 -0.360897779 0.061310463 -0.156580463 0.006873654 0.076805286 0.125246570 0.989124358
4982.684220 -0.349860042 0.056813661 -0.153158739 0.004322355 0.075386174 0.124041058 0.989399850
4982.721084 -0.335233241 0.046958290 -0.150030717 -0.000357507 0.072856754 0.122913562 0.989739358
4982.757947 -0.320925623 0.040652227 -0.145355597 -0.002403170 0.071011327 0.122172065 0.989962399
4982.794811 -0.311654568 0.040769603 -0.141567171 -0.001292140 0.071261585 0.122337691 0.989926040
4982.831674 -0.292192161 0.038473412 -0.139369816 -0.001816032 0.068528213 0.123927034 0.989920557
4982.868537 -0.277143538 0.039655257 -0.134817794 -0.001443490 0.066616111 0.125494838 0.989854157
4982.905401 -0.264163315 0.043143768 -0.129441932 0.000295877 0.064709179 0.126162857 0.989896715
4982.942264 -0.251861334 0.043011710 -0.127177730 0.000373854 0.061804872 0.125514567 0.990164697
4982.979128 -0.232210159 0.040629178 -0.121127896 -0.001241331 0.057086777 0.124033689 0.990633726
4983.015991 -0.209968090 0.037250966 -0.117540233 -0.003340070 0.052038237 0.123544805 0.990967989
4983.052855 -0.191614777 0.039152913 -0.111719877 -0.003917348 0.047831103 0.120436169 0.991560340
4983.089718 -0.175002843 0.035420720 -0.110273592 -0.005175528 0.044917468 0.117827326 0.992004216
4983.126581 -0.155023277 0.035255611 -0.105442904 -0.004656882 0.040884390 0.114176825 0.992607892
4983.163445 -0.128752753 0.029235948 -0.104502775 -0.005340799 0.034263805 0.107792050 0.993568480
4983.200308 -0.107808985 0.024019854 -0.105742790 -0.007227905 0.028313061 0.102196001 0.994334996
4983.237172 -0.087343961 0.029457960 -0.103114560 -0.007302055 0.021749226 0.096562080 0.995062530
4983.274035 -0.072168887 0.027738616 -0.101738423 -0.008319989 0.017078824 0.091448478 0.995628595
4983.310899 -0.046832498 0.020440135 -0.102669939 -0.011440853 0.009928182 0.086475961 0.996138752
4983.347762 -0.025847496 0.011235630 -0.106230646 -0.014631284 0.004633466 0.081796840 0.996530831
4983.384625 -0.011004345 0.008283511 -0.101235509 -0.014269393 0.001062554 0.077066764 0.996923268
4983.421489 0.021429799 0.002188473 -0.104147844 -0.014501790 -0.006940349 0.072103836 0.997267544
4983.458352 0.043463260 0.002596868 -0.104981467 -0.012870003 -0.012187861 0.068887621 0.997466922
4983.495215 0.056037921 0.006780264 -0.097815737 -0.011105845 -0.016042301 0.065882288 0.997636616
4983.532079 0.071508914 -0.001001343 -0.096226722 -0.014428038 -0.021596238 0.064101450 0.997605383
4983.568942 0.088875592 -0.005925363 -0.090683632 -0.017571140 -0.029366652 0.060761992 0.997565448
4983.605806 0.099493496 -0.006692701 -0.085251182 -0.019815883 -0.036194470 0.055928785 0.997581720
4983.642669 0.111920364 -0.018824540 -0.079214633 -0.024896467 -0.043837268 0.052494027 0.997347891
4983.679533 0.124951541 -0.010617686 -0.073339343 -0.021692436 -0.051353369 0.048359495 0.997273088
4983.716396 0.129254818 -0.023383824 -0.067834906 -0.024558445 -0.055979405 0.048428215 0.996954262
4983.753259 0.143065572 -0.020132309 -0.058434334 -0.024740880 -0.063031308 0.047195982 0.996587873
4983.790123 0.160460442 -0.021509759 -0.049446996 -0.025417957 -0.069265664 0.044160500 0.996296167
4983.826986 0.181268394 -0.024159081 -0.040610515 -0.026683060 -0.074521020 0.040965494 0.996020317
4983.863850 0.198465884 -0.032379888 -0.032919019 -0.030450096 -0.076952137 0.038898170 0.995810270
4983.900713 0.224249601 -0.031863291 -0.025237132 -0.031221431 -0.080680266 0.036456186 0.995583713
4983.937577 0.228229642 -0.041345958 -0.019919749 -0.035234213 -0.078435972 0.030858098 0.995818317
4983.974440 0.249789149 -0.037723262 -0.010171894 -0.035893809 -0.080498122 0.027257204 0.995735228
4984.011303 0.263125718 -0.045274671 -0.004549921 -0.040139701 -0.079932891 0.023908867 0.995704710
4984.048167 0.274201959 -0.054632299 -0.002601199 -0.045670424 -0.079173140 0.022125142 0.995568335
4984.085030 0.286633968 -0.056683078 0.001844406 -0.047003437 -0.078860208 0.021993991 0.995534003
4984.121894 0.299817771 -0.058156691 0.009756211 -0.047359869 -0.079784386 0.022608181 0.995429754
4984.158757 0.308368713 -0.063284136 0.015132818 -0.049077023 -0.081094421 0.025623539 0.995167613
4984.195620 0.326799780 -0.071806282 0.016982578 -0.051821906 -0.086039625 0.027846722 0.994553268
4984.232484 0.337749928 -0.071066938 0.018588152 -0.050779205 -0.090932883 0.025813147 0.994226515
4984.269347 0.354972750 -0.078712091 0.025823049 -0.050283562 -0.099472761 0.023156300 0.993499160
4984.306211 0.368561417 -0.081774138 0.027684443 -0.047364485 -0.106975652 0.022753779 0.992872119
4984.343074 0.378967732 -0.083131060 0.029486224 -0.045652855 -0.114162683 0.020758929 0.992195427
4984.379937 0.396382034 -0.090453722 0.030380063 -0.044857234 -0.122366138 0.020621648 0.991256297
4984.416801 0.402868211 -0.101890773 0.029809125 -0.045195911 -0.126856700 0.015811885 0.990764678
4984.453664 0.427549869 -0.091479547 0.037033208 -0.041509267 -0.137003794 0.011507489 0.989633501
4984.490528 0.434494674 -0.094475329 0.040400006 -0.044036876 -0.140791133 0.005261505 0.989045441
4984.527391 0.440883964 -0.105811350 0.038675211 -0.049424592 -0.142469212 -0.002314390 0.988561749
4984.564255 0.474308908 -0.106486060 0.051367760 -0.052386869 -0.151083261 -0.008595672 0.987094522
4984.601118 0.496829599 -0.107217163 0.060007438 -0.054592725 -0.154059723 -0.013943101 0.986453652
4984.637981 0.517290473 -0.099768698 0.058559112 -0.052269857 -0.153457284 -0.021101534 0.986546218
4984.674845 0.535952091 -0.103352651 0.057542741 -0.052033115 -0.152712211 -0.025257207 0.986576676
4984.711708 0.547370493 -0.111261614 0.054820664 -0.052683897 -0.150698185 -0.031061986 0.986686170
4984.748572 0.566492796 -0.112979516 0.056408525 -0.051202767 -0.150802150 -0.033158995 0.986679971
4984.785435 0.595062137 -0.110776767 0.056878015 -0.049876280 -0.153588057 -0.032722890 0.986332715
4984.822298 0.610045969 -0.121539414 0.052740693 -0.052511845 -0.154225171 -0.034810729 0.986024976
4984.859162 0.625844002 -0.112755634 0.051714361 -0.048121631 -0.156726465 -0.038719587 0.985708833
4984.896025 0.656060338 -0.123621538 0.060562029 -0.050197907 -0.164366841 -0.039789323 0.984317303
4984.932889 0.682925105 -0.116319790 0.067403853 -0.047838751 -0.170035318 -0.037091207 0.983577013
4984.969752 0.704730511 -0.124256931 0.066673473 -0.048572488 -0.172192559 -0.034477063 0.983260810
4985.006616 0.716182470 -0.132519603 0.062764511 -0.048571210 -0.172278434 -0.034507375 0.983244777
4985.043479 0.744891644 -0.120985501 0.068962276 -0.043197289 -0.176871657 -0.031231392 0.982789457
4985.080342 0.753109515 -0.131792545 0.062250972 -0.044257056 -0.174020961 -0.031108653 0.983254969
4985.117206 0.757321060 -0.132313699 0.062573239 -0.041577104 -0.170970514 -0.030997859 0.983910322
4985.154069 0.798797667 -0.144203186 0.076542765 -0.042086586 -0.178444296 -0.028339360 0.982640922
4985.190933 0.810677826 -0.133881316 0.083452135 -0.037268147 -0.177965015 -0.025678895 0.982995510
4985.227796 0.833732128 -0.142681122 0.090333194 -0.038685717 -0.179948881 -0.022436241 0.982658863
4985.264659 0.851611912 -0.132011607 0.090234160 -0.034932364 -0.179815531 -0.020456161 0.982867062
4985.301523 0.869827926 -0.138138592 0.103647783 -0.035192098 -0.181642845 -0.019618189 0.982538819
4985.338386 0.884721935 -0.157941028 0.108202368 -0.038606502 -0.181567356 -0.020542676 0.982405603
4985.375250 0.893485427 -0.150338352 0.108547553 -0.034554202 -0.180099487 -0.021754166 0.982800543
4985.412113 0.892631829 -0.147059441 0.109637961 -0.033236265 -0.175578907 -0.023169830 0.983631313
4985.448976 0.910611331 -0.138171375 0.120416984 -0.030139903 -0.176417351 -0.022639574 0.983593404
4985.485840 0.929477334 -0.142932713 0.126377404 -0.032337379 -0.177319899 -0.021420289 0.983388603
4985.522703 0.939280570 -0.153968975 0.136421904 -0.035924435 -0.175766736 -0.021114541 0.983549535
4985.559567 0.949357390 -0.155639619 0.140281111 -0.036486469 -0.172794446 -0.021114593 0.984055400
4985.596430 0.964290142 -0.170433849 0.145767465 -0.040291861 -0.171325296 -0.020167222 0.984183669
4985.633294 0.972366333 -0.164844915 0.150282398 -0.035805259 -0.168183491 -0.019180248 0.984918475
4985.670157 0.989787817 -0.186037406 0.152357563 -0.038834903 -0.167347565 -0.018275330 0.984963298
4985.707020 0.996755421 -0.173693836 0.154466867 -0.035063185 -0.164279699 -0.015135420 0.985674262
4985.743884 1.002339840 -0.166656181 0.160448924 -0.034066550 -0.162766442 -0.014345850 0.985971987
4985.780747 1.009063363 -0.200898245 0.160343945 -0.045086760 -0.161655411 -0.016276080 0.985682428
4985.817611 1.024096847 -0.193969056 0.164271876 -0.044027574 -0.163741350 -0.016823214 0.985376775
4985.854474 1.034447551 -0.195116684 0.170370311 -0.045053836 -0.165044487 -0.016863605 0.985112250
4985.891337 1.041777611 -0.194971472 0.181873381 -0.045763493 -0.165747315 -0.016970729 0.984959662
4985.928201 1.051571846 -0.187957466 0.190904617 -0.045063592 -0.167219937 -0.016784232 0.984746218
4985.965064 1.054204464 -0.185617253 0.190517589 -0.044697672 -0.165413484 -0.017896183 0.985048294
4986.001928 1.068770528 -0.190501496 0.192334354 -0.047348913 -0.167259574 -0.018931940 0.984593272
4986.038791 1.074964285 -0.189655170 0.200720027 -0.047403999 -0.167441860 -0.019241290 0.984553635
4986.075654 1.077958226 -0.196869954 0.194629908 -0.048948649 -0.165325388 -0.021068217 0.984798312
4986.112518 1.098239660 -0.189407676 0.207026884 -0.048185743 -0.170323372 -0.018289730 0.984039426
4986.149381 1.101301670 -0.191826478 0.204209507 -0.049570844 -0.169108465 -0.019296676 0.984160900
4986.186245 1.121750116 -0.191765398 0.212325796 -0.049340747 -0.173895970 -0.019622868 0.983331382
4986.223108 1.137220025 -0.197293550 0.212971270 -0.050745092 -0.176715776 -0.020413067 0.982740939
4986.259971 1.143080473 -0.190919861 0.214939833 -0.048075639 -0.176718220 -0.021715693 0.982846797
4986.296835 1.152117491 -0.184166238 0.212632522 -0.045325018 -0.176809505 -0.023333894 0.982923985
4986.333698 1.168931127 -0.185339272 0.221198454 -0.045599982 -0.180740148 -0.023407176 0.982194304
4986.370562 1.182389021 -0.181006595 0.218308002 -0.043788999 -0.182244495 -0.027223926 0.981900334
4986.407425 1.189867973 -0.168219954 0.219514281 -0.040004030 -0.181878805 -0.030010695 0.982048452
4986.444289 1.209697485 -0.181310251 0.222971648 -0.043742418 -0.184877932 -0.033056207 0.981230855
4986.481152 1.226972461 -0.168309793 0.229515716 -0.039919332 -0.187048882 -0.036551900 0.980858326
4986.518015 1.252822161 -0.176613986 0.237040371 -0.043504037 -0.191119060 -0.037901916 0.979869545
4986.554879 1.270714283 -0.178852022 0.235149652 -0.044432063 -0.192052975 -0.039794650 0.979570270
4986.591742 1.288095832 -0.183153689 0.227252722 -0.046038542 -0.191786811 -0.041249990 0.979487956
4986.628606 1.308927894 -0.186996400 0.226878703 -0.047581658 -0.194146365 -0.041549698 0.978936553
4986.665469 1.334357500 -0.191339329 0.233714879 -0.048913624 -0.200041234 -0.042543843 0.977640510
4986.702332 1.344566822 -0.195662126 0.222249538 -0.050908405 -0.201478258 -0.045035031 0.977131903
4986.739196 1.362923980 -0.200680271 0.221801221 -0.053454518 -0.206856802 -0.047120381 0.975772798
4986.776059 1.379202247 -0.202251881 0.220932275 -0.053229902 -0.211201429 -0.048388589 0.974791825
4986.812923 1.394652486 -0.199020088 0.222045869 -0.050478376 -0.214209110 -0.048441961 0.974279106
4986.849786 1.416288972 -0.205342114 0.218275040 -0.051653352 -0.217422575 -0.046203792 0.973614156
4986.886649 1.433006048 -0.204007134 0.223830104 -0.052515179 -0.219763219 -0.042692792 0.973202765
4986.923513 1.448637009 -0.204481050 0.225326538 -0.053022008 -0.222082853 -0.043292638 0.972622037
4986.960376 1.458794475 -0.199672759 0.222212732 -0.052046429 -0.222530246 -0.045942273 0.972450972
4986.997240 1.472551942 -0.199426234 0.227604240 -0.053301990 -0.223757923 -0.047435414 0.972029448
4987.034103 1.483935833 -0.200906113 0.227522731 -0.053545747 -0.222497761 -0.049549885 0.972199857
4987.070967 1.498926759 -0.212487519 0.234759480 -0.055864066 -0.222685158 -0.049538653 0.972027004
4987.107830 1.508775949 -0.205694944 0.236441404 -0.052941117 -0.220423087 -0.047687102 0.972798526
4987.144693 1.530239820 -0.213373423 0.250399172 -0.054266192 -0.222066656 -0.043596420 0.972543538
4987.181557 1.536692500 -0.208103538 0.250883013 -0.050543729 -0.219175294 -0.040042017 0.973552406
4987.218420 1.552339435 -0.236707687 0.260459483 -0.056759950 -0.221670344 -0.036908280 0.972768366
4987.255284 1.564433932 -0.243374407 0.265380561 -0.056061715 -0.222790793 -0.033474639 0.972677112
4987.292147 1.574339867 -0.243647546 0.272779137 -0.053559594 -0.224502355 -0.031444922 0.972492278
4987.329010 1.583694696 -0.244753838 0.279225200 -0.052822862 -0.226215497 -0.030925782 0.972152174
4987.365874 1.596300840 -0.251933783 0.285891265 -0.055794701 -0.228577882 -0.029697176 0.971471667
4987.402737 1.605476379 -0.254837960 0.289242983 -0.057846613 -0.229272038 -0.031743571 0.971123278
4987.439601 1.617135525 -0.253863335 0.302016109 -0.057627585 -0.232007533 -0.036153257 0.970332146
4987.476464 1.624925375 -0.259298414 0.299759954 -0.056475896 -0.230296314 -0.041013844 0.970614195
4987.513327 1.633361101 -0.262280673 0.305227816 -0.056100100 -0.228934005 -0.043376468 0.970855534
4987.550191 1.643739939 -0.271557629 0.307049692 -0.060136616 -0.226903841 -0.045855876 0.970976532
4987.587054 1.651379347 -0.269253582 0.309862822 -0.061568432 -0.224069312 -0.047795422 0.971451402
4987.623918 1.658546329 -0.280473143 0.309491247 -0.065334834 -0.221264571 -0.052805513 0.971588850
4987.660781 1.669852614 -0.274145931 0.320209891 -0.064008497 -0.221631572 -0.056448445 0.971388638
4987.697645 1.678888440 -0.276653945 0.323123336 -0.064780235 -0.220510662 -0.059194949 0.971429110
4987.734508 1.688646436 -0.279607534 0.328525811 -0.065690108 -0.221563607 -0.062040627 0.970950723
4987.771371 1.698064089 -0.283277959 0.332462043 -0.067038924 -0.224175945 -0.065229304 0.970049500
4987.808235 1.705729127 -0.278959244 0.333190382 -0.065234482 -0.228276834 -0.071067959 0.968805194
4987.845098 1.719104052 -0.289828956 0.332840770 -0.069650151 -0.235782146 -0.075229600 0.966383040
4987.881962 1.730373979 -0.282815665 0.342157423 -0.068943165 -0.244533494 -0.080555096 0.963826239
4987.918825 1.740925550 -0.284283459 0.346174866 -0.072376184 -0.252960265 -0.084371261 0.961069286
4987.955688 1.757968068 -0.298208177 0.349310577 -0.078762457 -0.264080077 -0.089464143 0.957107306
4987.992552 1.772917390 -0.281174064 0.358597934 -0.075430967 -0.274059653 -0.094318122 0.954099357
4988.029415 1.789873600 -0.282508910 0.359752834 -0.077483289 -0.282504708 -0.098944850 0.950998068
4988.066279 1.808612943 -0.280137062 0.370950103 -0.078636266 -0.292693377 -0.104887411 0.947177708
4988.103142 1.821579695 -0.279259682 0.360009551 -0.079747528 -0.296588719 -0.111192480 0.945151687
4988.140006 1.838848948 -0.279997259 0.361378193 -0.083085276 -0.302493304 -0.118138283 0.942145407
4988.176869 1.859084249 -0.278979182 0.353817999 -0.084747821 -0.305903941 -0.127622634 0.939655840
4988.213732 1.876618624 -0.283597708 0.362566054 -0.093822822 -0.309218138 -0.132569864 0.937020063
4988.250596 1.896312594 -0.279366016 0.362646580 -0.097239688 -0.310570627 -0.137469113 0.935517311
4988.287459 1.912741780 -0.282493770 0.359635532 -0.099864818 -0.311178356 -0.143821090 0.934082747
4988.324323 1.931673765 -0.278353572 0.361287832 -0.096477307 -0.315072000 -0.150667533 0.932052076
4988.361186 1.945221066 -0.285315037 0.363075018 -0.097510017 -0.316833526 -0.154716879 0.930683076
4988.398049 1.957848787 -0.292090118 0.359850764 -0.097581483 -0.317416400 -0.157349870 0.930035293
4988.434913 1.971831322 -0.295580387 0.364566565 -0.097334214 -0.319922149 -0.160139889 0.928725541
4988.471776 1.986266613 -0.294816136 0.370055139 -0.095351614 -0.323592454 -0.164435491 0.926907182
4988.508640 1.998072863 -0.306819052 0.370563209 -0.098675527 -0.325667113 -0.167978182 0.925195873
4988.545503 2.007933140 -0.304768980 0.380019367 -0.099349335 -0.328200310 -0.171480402 0.923584700
4988.582366 2.016601562 -0.305791765 0.382673621 -0.098977953 -0.329898328 -0.176116973 0.922146022
4988.619230 2.027839661 -0.307303518 0.391415477 -0.098367468 -0.333321929 -0.178271532 0.920564830
4988.656093 2.037204027 -0.311613202 0.396829784 -0.097164951 -0.336084008 -0.181498498 0.919056475
4988.692957 2.049810410 -0.319525868 0.411799371 -0.097908378 -0.340793371 -0.181371734 0.917266667
4988.729820 2.057686090 -0.328357816 0.419551969 -0.097266927 -0.342445403 -0.184090301 0.916177392
4988.766684 2.064359903 -0.330219805 0.432535768 -0.094412126 -0.345024765 -0.186368361 0.915047050
4988.803547 2.068843126 -0.342644840 0.446001649 -0.095480300 -0.345523059 -0.186140016 0.914794624
4988.840410 2.075626850 -0.351217180 0.462645650 -0.096738487 -0.346295267 -0.186731130 0.914249837
4988.877274 2.086489439 -0.370151669 0.466397047 -0.099528864 -0.344478518 -0.189176798 0.914133847
4988.914137 2.094843864 -0.379393190 0.476863146 -0.101821408 -0.343522161 -0.192038789 0.913644373
4988.951001 2.105257988 -0.387458205 0.489750981 -0.102451429 -0.343476802 -0.194341987 0.913103819
4988.987864 2.114503145 -0.404786319 0.499672234 -0.100115515 -0.342293292 -0.198593512 0.912892580
4989.024728 2.122283459 -0.430476159 0.497766495 -0.097761475 -0.338364065 -0.201405525 0.913995802
4989.061591 2.124895811 -0.426918238 0.514115214 -0.090607442 -0.338016719 -0.200430334 0.915075243
4989.098454 2.134126425 -0.432338446 0.524044573 -0.087299399 -0.338949859 -0.199495509 0.915255904
4989.135318 2.140748501 -0.449744076 0.527918041 -0.088505223 -0.340671837 -0.199604020 0.914476752
4989.172181 2.147439241 -0.468408108 0.540298462 -0.089365922 -0.347146541 -0.201214552 0.911600649
4989.209044 2.151130676 -0.468632728 0.550840914 -0.085260674 -0.353420377 -0.202178538 0.909367085
4989.245908 2.157201052 -0.487227589 0.559677899 -0.085869409 -0.361486375 -0.204350650 0.905646086
4989.282771 2.156931877 -0.496908396 0.569522440 -0.082724094 -0.370130032 -0.208270565 0.901545286
4989.319635 2.162733316 -0.509852171 0.579060614 -0.079910502 -0.379093885 -0.208993599 0.897899687
4989.356498 2.165736198 -0.518876076 0.590037346 -0.077935897 -0.387453288 -0.210173339 0.894222081
4989.393362 2.167860985 -0.527446449 0.601971447 -0.077836886 -0.394538045 -0.211757943 0.890752316
4989.430225 2.172163725 -0.536175013 0.610329211 -0.075769454 -0.401291996 -0.214583427 0.887230337
4989.467088 2.173423767 -0.542854607 0.622640491 -0.073400281 -0.407355815 -0.219344646 0.883493960
4989.503952 2.175856590 -0.551336110 0.630344629 -0.073363319 -0.410412639 -0.222077042 0.881397247
4989.540815 2.178190947 -0.559455276 0.639001787 -0.071080983 -0.411770225 -0.225253046 0.880144179
4989.577679 2.177989006 -0.570036054 0.639612198 -0.069320649 -0.410780758 -0.226987869 0.880301297
4989.614542 2.180869341 -0.575656652 0.639272869 -0.066915110 -0.408762455 -0.226738453 0.881490409
4989.651406 2.179198742 -0.577569485 0.645514965 -0.064674966 -0.406552881 -0.223702431 0.883452952
4989.688269 2.182776451 -0.584141731 0.645662427 -0.063365787 -0.404242158 -0.218843326 0.885822058
4989.725132 2.181551933 -0.580622375 0.648021638 -0.060440961 -0.401577026 -0.212257266 0.888836145
4989.761996 2.176839352 -0.593358636 0.651593983 -0.064125896 -0.400495708 -0.205324292 0.890692413
4989.798859 2.175757408 -0.597685158 0.646099389 -0.062454652 -0.398338407 -0.201583683 0.892630935
4989.835723 2.170254946 -0.600453019 0.645842195 -0.061506484 -0.398005128 -0.198031202 0.893640041
4989.872586 2.165284157 -0.597909331 0.646648467 -0.060936563 -0.398298502 -0.193432316 0.894555211
4989.909450 2.164703846 -0.591428339 0.643252969 -0.059530854 -0.399107873 -0.189054444 0.895224810
4989.946313 2.155788660 -0.591320157 0.645624459 -0.061180025 -0.400630653 -0.183870956 0.895512998
4989.983176 2.152687550 -0.587389410 0.627203822 -0.059638284 -0.398699582 -0.181178048 0.897026420
4990.020040 2.147243738 -0.585179389 0.633933187 -0.058550175 -0.400688231 -0.176112458 0.897220850
4990.056903 2.141828060 -0.582690120 0.622478366 -0.056870963 -0.398784965 -0.170329824 0.899290800
4990.093766 2.133187294 -0.568979025 0.612165570 -0.050892431 -0.396078527 -0.166885287 0.901488245
4990.130630 2.125599623 -0.569673419 0.606183589 -0.049809657 -0.394319683 -0.162289202 0.903157353
4990.167493 2.117079735 -0.543971658 0.587764382 -0.043238837 -0.388532698 -0.156798974 0.906965733
4990.204357 2.108736038 -0.531187296 0.570546031 -0.040587094 -0.382366359 -0.150941074 0.910695016
4990.241220 2.096163511 -0.539725184 0.565491736 -0.045505475 -0.377731919 -0.147444904 0.912966490
4990.278084 2.085697174 -0.527826726 0.546160340 -0.045130350 -0.370333880 -0.145244732 0.916362405
4990.314947 2.072866440 -0.518468857 0.546463847 -0.046922501 -0.365328938 -0.143678755 0.918525696
4990.351810 2.062577963 -0.508181036 0.532504737 -0.047003869 -0.357712328 -0.145498142 0.921228945
4990.388674 2.053200245 -0.501368463 0.528466344 -0.049997702 -0.352035761 -0.146503642 0.923096836
4990.425537 2.039226532 -0.491251230 0.506412745 -0.049747020 -0.342411071 -0.146665409 0.926697969
4990.462401 2.025203466 -0.481015325 0.503368139 -0.048310786 -0.336367309 -0.145762488 0.929126680
4990.499264 2.012320995 -0.471876889 0.492214382 -0.046363208 -0.331071109 -0.144287571 0.931355715
4990.536128 1.995510578 -0.467329949 0.494097292 -0.046525657 -0.328631461 -0.141162843 0.932689548
4990.572991 1.981072903 -0.461598486 0.484331012 -0.049181204 -0.325980157 -0.137835205 0.933980525
4990.609854 1.964151382 -0.453386456 0.479626775 -0.050541848 -0.325361669 -0.135829270 0.934417307
4990.646718 1.944606066 -0.441520393 0.475057244 -0.048058413 -0.324937493 -0.136417463 0.934610248
4990.683581 1.927508116 -0.437288284 0.474496365 -0.045953870 -0.326056212 -0.136614755 0.934297621
4990.720445 1.905053258 -0.439833671 0.475169301 -0.047009300 -0.325668544 -0.135107175 0.934599459
4990.757308 1.883135796 -0.438364834 0.477658570 -0.047290098 -0.325271130 -0.133063167 0.935016870
4990.794172 1.861120343 -0.439395308 0.476626575 -0.048789937 -0.323752344 -0.130575404 0.935817301
4990.831035 1.841745496 -0.433003128 0.479776919 -0.045993052 -0.323105305 -0.129846781 0.936283827
4990.867898 1.819406748 -0.435054630 0.482456982 -0.043053869 -0.322607666 -0.129361600 0.936662316
4990.904762 1.799277782 -0.424171507 0.477820456 -0.040010314 -0.319924027 -0.126251414 0.938140929
4990.941625 1.774890065 -0.425103992 0.482413888 -0.045533121 -0.317143291 -0.123861521 0.939151347
4990.978488 1.748666167 -0.414779872 0.470709085 -0.047626667 -0.310731471 -0.120819345 0.941583931
4991.015352 1.728545189 -0.408944339 0.471320212 -0.044509441 -0.309922755 -0.120162949 0.942086875
4991.052215 1.706337214 -0.413587153 0.468473971 -0.042297170 -0.310142815 -0.119714759 0.942173421
4991.089079 1.683993101 -0.419820011 0.468888342 -0.046224400 -0.310245305 -0.117177501 0.942274153
4991.125942 1.655979395 -0.414485455 0.461789072 -0.048187297 -0.307653397 -0.114798717 0.943317890
4991.162806 1.641433716 -0.419206500 0.466004968 -0.051803593 -0.310349017 -0.113735728 0.942371488
4991.199669 1.621984959 -0.426807165 0.459341586 -0.054053467 -0.310171187 -0.115148395 0.942132115
4991.236532 1.602410436 -0.426585793 0.462769687 -0.055266391 -0.310784727 -0.116012067 0.941753507
4991.273396 1.582269907 -0.439501524 0.464929491 -0.061010517 -0.309050798 -0.117010847 0.941845953
4991.310259 1.556364059 -0.430045068 0.458319694 -0.058717739 -0.303513646 -0.120399706 0.943363965
4991.347123 1.533692002 -0.427970946 0.459443301 -0.059442870 -0.298561215 -0.122619323 0.944612205
4991.383986 1.512854218 -0.423098743 0.459891289 -0.057670753 -0.293182671 -0.125275135 0.946057141
4991.420850 1.490407586 -0.425320476 0.460481197 -0.057051476 -0.288161576 -0.127350464 0.947359443
4991.457713 1.467623591 -0.422745198 0.457992315 -0.056800712 -0.283521950 -0.128296077 0.948645949
4991.494576 1.451223493 -0.428986311 0.450826913 -0.059712727 -0.279093891 -0.127331302 0.949909329
4991.531440 1.426442266 -0.426082790 0.465576649 -0.059465274 -0.278363496 -0.124837600 0.950470030
4991.568303 1.397729397 -0.420782954 0.444043547 -0.053334124 -0.271804571 -0.125143841 0.952689230
4991.605167 1.387548804 -0.431088984 0.444998622 -0.055401459 -0.273293614 -0.122461237 0.952493846
4991.642030 1.361857653 -0.423896968 0.443542928 -0.057049565 -0.268844694 -0.117638990 0.954268813
4991.678893 1.341121316 -0.423030674 0.434482962 -0.058926225 -0.261821389 -0.112529479 0.956720650
4991.715757 1.318882704 -0.424746692 0.431398749 -0.061201882 -0.254753828 -0.107760690 0.959032059
4991.752620 1.299998283 -0.422798693 0.430311888 -0.061042633 -0.248714939 -0.106251568 0.960794091
4991.789484 1.285360336 -0.418804348 0.430007041 -0.061996404 -0.244025588 -0.105251797 0.962044716
4991.826347 1.266888142 -0.422342986 0.430571705 -0.065858833 -0.238891721 -0.103143588 0.963304043
4991.863210 1.239809632 -0.409931630 0.423080504 -0.064120762 -0.230363697 -0.102109171 0.965605915
4991.900074 1.221920490 -0.406791180 0.421475291 -0.064315937 -0.226183012 -0.100875832 0.966710269
4991.936937 1.202515483 -0.427942753 0.438199639 -0.074780002 -0.225096658 -0.097485781 0.966558814
4991.973801 1.178646207 -0.420427412 0.441082329 -0.074113987 -0.220696867 -0.095674247 0.967804968
4992.010664 1.160036206 -0.401489168 0.444184303 -0.066649780 -0.218716726 -0.095384799 0.968825340
4992.047528 1.138885736 -0.412220508 0.450908631 -0.069213070 -0.217700392 -0.094686672 0.968943000
4992.084391 1.115108967 -0.423613578 0.457282335 -0.074596345 -0.216288894 -0.093303099 0.968993843
4992.121254 1.097216606 -0.405837238 0.458438456 -0.068491437 -0.214922503 -0.092761777 0.969800234
4992.158118 1.067045927 -0.406849355 0.459476501 -0.069377020 -0.211418614 -0.092636362 0.970519185
4992.194981 1.056540370 -0.404998958 0.479152203 -0.069044366 -0.217807680 -0.092367649 0.969154716
4992.231845 1.034021139 -0.409232110 0.486030996 -0.069981001 -0.219680265 -0.092064135 0.968693674
4992.268708 1.004859447 -0.396714389 0.485806972 -0.065184623 -0.219394743 -0.088604726 0.969415307
4992.305571 0.980988801 -0.417438924 0.501028955 -0.068655707 -0.224335268 -0.088905536 0.968016446
4992.342435 0.960690439 -0.418339521 0.510209620 -0.067245021 -0.228134811 -0.086313665 0.967461944
4992.379298 0.939027250 -0.427579224 0.513313234 -0.073610254 -0.230425164 -0.082306825 0.966804683
4992.416162 0.912806988 -0.428389221 0.520200193 -0.072631024 -0.230219886 -0.081285872 0.967014015
4992.453025 0.885155201 -0.437595606 0.522293031 -0.069538936 -0.229160011 -0.080559023 0.967553735
4992.489888 0.875928283 -0.444812864 0.552575946 -0.067691810 -0.238179982 -0.082666688 0.965326011
4992.526752 0.850619078 -0.445401102 0.541698575 -0.068192877 -0.232077226 -0.082023591 0.966830909
4992.563615 0.820724428 -0.447082400 0.543750882 -0.071752995 -0.225187436 -0.082564563 0.968155563
4992.600479 0.800189018 -0.444869578 0.539266944 -0.070548147 -0.220535934 -0.083584636 0.969226718
4992.637342 0.775245726 -0.452032000 0.544372261 -0.071957216 -0.216879532 -0.088027231 0.969554842
4992.674206 0.754933596 -0.453076571 0.542571545 -0.071692668 -0.214583144 -0.090265103 0.969879627
4992.711069 0.728040397 -0.446955651 0.544970095 -0.071306035 -0.211050466 -0.089330725 0.970769405
4992.747932 0.709188581 -0.445817947 0.540385723 -0.072491787 -0.209596917 -0.088747270 0.971049964
4992.784796 0.695412755 -0.438592553 0.545323968 -0.071480468 -0.212245420 -0.087614484 0.970652401
4992.821659 0.668404818 -0.440783232 0.541867912 -0.075600170 -0.210376471 -0.087125637 0.970791161
4992.858523 0.648046851 -0.436534882 0.540500402 -0.079340667 -0.210292533 -0.083473541 0.970831752
4992.895386 0.629358232 -0.436841428 0.545451045 -0.084817879 -0.210686386 -0.078400418 0.970706224
4992.932249 0.608908832 -0.426598579 0.542238474 -0.085682660 -0.208370656 -0.075113192 0.971389830
4992.969113 0.587483108 -0.423093438 0.534463882 -0.087519556 -0.204615772 -0.069195718 0.972463191
4993.005976 0.569539487 -0.414913028 0.529971659 -0.086042285 -0.201376304 -0.064918980 0.973565519
4993.042840 0.555236936 -0.412174314 0.529286504 -0.084841840 -0.199234515 -0.061215866 0.974351108
4993.079703 0.530798793 -0.404952943 0.512542725 -0.080726303 -0.190960869 -0.055839211 0.976677597
4993.116567 0.509048641 -0.401043266 0.503437638 -0.079460256 -0.184160411 -0.052331839 0.978280306
4993.153430 0.482786596 -0.393170476 0.488127559 -0.077427320 -0.172958359 -0.044293460 0.980881512
4993.190293 0.473675102 -0.392549515 0.484103441 -0.077189751 -0.169597998 -0.038387191 0.981735587
4993.227157 0.447547674 -0.383896798 0.474884331 -0.073621809 -0.161504790 -0.037331216 0.983413637
4993.264020 0.416947842 -0.370390564 0.464007378 -0.070927076 -0.151663229 -0.036407836 0.985211670
4993.300884 0.406175017 -0.372940838 0.461792618 -0.075828359 -0.150884062 -0.036351718 0.984968305
4993.337747 0.390394837 -0.386939645 0.458247125 -0.083572127 -0.148376122 -0.036367778 0.984722078
4993.374610 0.375692576 -0.366962701 0.458537102 -0.076525845 -0.147573680 -0.037523393 0.985371888
4993.411474 0.351641774 -0.357544690 0.454010546 -0.074318297 -0.143425360 -0.037313856 0.986161053
4993.448337 0.335170269 -0.350253701 0.449291348 -0.072535053 -0.142108142 -0.032422442 0.986657321
4993.485201 0.320714772 -0.346108764 0.455561310 -0.072637796 -0.143412396 -0.027673388 0.986605704
4993.522064 0.299858630 -0.333395779 0.452465296 -0.071358949 -0.140714034 -0.021293763 0.987245679
4993.558927 0.280090272 -0.326268703 0.451692164 -0.070901707 -0.138836652 -0.015202963 0.987656891
4993.595791 0.263396829 -0.322507679 0.456371814 -0.069866247 -0.139038056 -0.013409982 0.987728357
4993.632654 0.249215782 -0.328221440 0.466829628 -0.070090413 -0.140456930 -0.010906373 0.987542510
4993.669518 0.224651739 -0.322247863 0.465840220 -0.062385228 -0.137113571 -0.009717198 0.988541126
4993.706381 0.202995151 -0.321501702 0.463209033 -0.058656465 -0.135300517 -0.008288651 0.989032090
4993.743244 0.190076008 -0.322997212 0.461842209 -0.061827056 -0.134687468 -0.003789032 0.988950133
4993.780108 0.168869644 -0.322305501 0.463011384 -0.062440004 -0.129439786 0.000472320 0.989619315
4993.816971 0.138323337 -0.327413172 0.447872102 -0.061881807 -0.120616242 0.003238780 0.990763247
4993.853835 0.123454899 -0.326634347 0.445655912 -0.060899790 -0.119343430 0.003550955 0.990977168
4993.890698 0.108240329 -0.326127768 0.440680683 -0.062838763 -0.117115676 0.009950150 0.991078317
4993.927562 0.089392945 -0.320287853 0.437934935 -0.062467597 -0.113863535 0.012505058 0.991451740
4993.964425 0.071694911 -0.312711388 0.428429902 -0.059495866 -0.110520795 0.014751399 0.991981745
4994.001288 0.060958065 -0.312764287 0.425219119 -0.062025242 -0.108177550 0.019131448 0.992010295
4994.038152 0.045748197 -0.304549396 0.415142149 -0.061909664 -0.103392258 0.023824114 0.992426157
4994.075015 0.031451128 -0.292844981 0.406407863 -0.060474016 -0.098418564 0.026895372 0.992941737
4994.111879 0.011221826 -0.283755600 0.401390731 -0.060532182 -0.090201549 0.032353774 0.993555605
4994.148742 -0.007176645 -0.275443703 0.391497880 -0.061233673 -0.081941545 0.034118466 0.994168997
4994.185605 -0.024430070 -0.256790370 0.383292794 -0.059414312 -0.074293651 0.038208086 0.994731426
4994.222469 -0.040453576 -0.247051239 0.370060861 -0.061049026 -0.067048587 0.041804262 0.995002449
4994.259332 -0.063891932 -0.230250508 0.358471602 -0.059214469 -0.058716848 0.046499155 0.995431483
4994.296196 -0.072530113 -0.223031551 0.349822283 -0.061043374 -0.056642815 0.055134274 0.995000243
4994.333059 -0.094618961 -0.208883047 0.335356802 -0.060647771 -0.050697368 0.063250214 0.994862318
4994.369922 -0.110443994 -0.190152854 0.322689503 -0.060188696 -0.046728995 0.071945019 0.994493663
4994.406786 -0.114315495 -0.185776398 0.309442431 -0.066071607 -0.045844883 0.084208466 0.993197680
4994.443649 -0.131670222 -0.175277144 0.294458628 -0.067651778 -0.038474496 0.092392020 0.992676497
4994.480513 -0.144249871 -0.159882233 0.282268316 -0.067112125 -0.032118350 0.100057304 0.992195964
4994.517376 -0.161478907 -0.150281027 0.264359623 -0.068583205 -0.022028236 0.107553862 0.991586268
4994.554240 -0.177338466 -0.130140617 0.249464229 -0.065159246 -0.011380455 0.114359342 0.991234899
4994.591103 -0.187858835 -0.124531649 0.230882704 -0.065152161 -0.002781292 0.117807806 0.990892887
4994.627966 -0.192098260 -0.112793535 0.214034200 -0.062122382 0.002289552 0.118748888 0.990976393
4994.664830 -0.204220608 -0.103728883 0.199527547 -0.058674205 0.009122838 0.119115666 0.991103232
4994.701693 -0.216233313 -0.091961391 0.176653147 -0.053359624 0.014910439 0.118980296 0.991349638
4994.738557 -0.223658279 -0.082958654 0.158212751 -0.046617325 0.017551661 0.116543226 0.991935730
4994.775420 -0.230085284 -0.073915862 0.138474882 -0.040435411 0.018528216 0.115151703 0.992351651
4994.812284 -0.240308061 -0.063451849 0.124173567 -0.033902775 0.019919062 0.112154953 0.992912412
4994.849147 -0.247618079 -0.053551644 0.104873963 -0.028991962 0.021144398 0.111821502 0.993080199
4994.886010 -0.249380961 -0.047700435 0.085103244 -0.025698721 0.021326426 0.111260578 0.993229985
4994.922874 -0.263321966 -0.030011838 0.074541226 -0.019220972 0.024572378 0.111993514 0.993219078
4994.959737 -0.272050649 -0.014016125 0.061605349 -0.015219821 0.026407560 0.112785913 0.993151724
4994.996600 -0.278032959 -0.002785929 0.047844611 -0.015432991 0.026955782 0.114853874 0.992896676
4995.033464 -0.278968722 0.005679914 0.030517893 -0.018894222 0.025302757 0.115489468 0.992806613
4995.070327 -0.284075230 0.019063622 0.017533366 -0.022586241 0.024072707 0.116405986 0.992653012
4995.107191 -0.291538388 0.032344844 0.008321913 -0.026861995 0.024613235 0.118213661 0.992319584
4995.144054 -0.298383147 0.043930508 -0.002249174 -0.030171670 0.026956489 0.120259628 0.991917670
4995.180918 -0.302461296 0.057361566 -0.013593741 -0.029319126 0.031312875 0.120134532 0.991830409
4995.217781 -0.304689020 0.050074022 -0.033645749 -0.033127587 0.038569275 0.122753680 0.991133988
4995.254644 -0.306087852 0.064033180 -0.044287354 -0.028980019 0.046421923 0.129073471 0.990123808
4995.291508 -0.308900774 0.071224451 -0.054784518 -0.027399311 0.054905001 0.135463014 0.988880455
4995.328371 -0.312862962 0.077713564 -0.072711207 -0.027268687 0.062327206 0.139160767 0.987930179
4995.365235 -0.317368239 0.075128160 -0.078828678 -0.028621553 0.069347367 0.142511085 0.986945927
4995.402098 -0.329575241 0.087230355 -0.086489186 -0.025479758 0.078309819 0.148386016 0.985494792
4995.438962 -0.334271550 0.093280725 -0.098288998 -0.024142314 0.085901678 0.155516773 0.983794987
4995.475825 -0.340344191 0.100854412 -0.108684510 -0.021472706 0.093929879 0.162475094 0.981996894
4995.512688 -0.354621768 0.109404393 -0.116483986 -0.018067405 0.103725642 0.169739276 0.979848564
4995.549552 -0.369555861 0.117376551 -0.122679554 -0.014791276 0.113915093 0.178431511 0.977224052
4995.586415 -0.381156534 0.129656076 -0.135773212 -0.010149922 0.121108085 0.188021749 0.974616706
4995.623279 -0.399348289 0.131030247 -0.142348140 -0.007551480 0.128729045 0.198396623 0.971602082
4995.660142 -0.418426245 0.143166453 -0.151497290 -0.002573617 0.133685470 0.208880305 0.968757272
4995.697006 -0.446670294 0.149159998 -0.152530059 0.001177488 0.140389681 0.219095632 0.965549827
4995.733869 -0.463258713 0.155890405 -0.164153934 0.003656208 0.141246065 0.227962002 0.963363647
4995.770732 -0.485893786 0.159976333 -0.169798195 0.007122981 0.141987249 0.229425266 0.962887824
4995.807596 -0.505630851 0.158581212 -0.177759647 0.008135187 0.141233712 0.227951333 0.963340580
4995.844459 -0.523978829 0.159986496 -0.183856338 0.009106250 0.139945284 0.225612894 0.964070141
4995.881322 -0.543712258 0.159889415 -0.187369227 0.010349186 0.140300930 0.223580435 0.964479327
4995.918186 -0.559123933 0.155584589 -0.191642314 0.012532070 0.142627910 0.222536728 0.964353502
4995.955049 -0.579453826 0.154397458 -0.192065790 0.015314099 0.148398235 0.220227093 0.963972807
4995.991913 -0.594197333 0.147531435 -0.189585388 0.015208047 0.155243188 0.219540969 0.963052511
4996.028776 -0.610811532 0.138791218 -0.188620836 0.014258438 0.164544940 0.220149636 0.961382270
4996.065639 -0.624102175 0.131768718 -0.186044395 0.014456687 0.173078015 0.219312429 0.960071445
4996.102503 -0.644587100 0.132114917 -0.177507862 0.016505634 0.182556480 0.215755016 0.959088385
4996.139366 -0.653631926 0.129390746 -0.174516290 0.017254561 0.187902167 0.213933200 0.958450675
4996.176230 -0.668313801 0.128293157 -0.165613741 0.018001592 0.193747491 0.213492036 0.957370937
4996.213093 -0.681824505 0.119627967 -0.158780962 0.017243499 0.198107556 0.216454178 0.955826223
4996.249957 -0.699316740 0.128064603 -0.141738266 0.022319205 0.202802494 0.219472438 0.954046607
4996.286820 -0.711965680 0.117255703 -0.132448062 0.024095271 0.206013560 0.224458739 0.952153444
4996.323683 -0.726500571 0.118156582 -0.119696021 0.028934674 0.208086863 0.228553087 0.950592577
4996.360547 -0.745417118 0.111911379 -0.107735574 0.028254109 0.210307762 0.235285178 0.948479474
4996.397410 -0.759868383 0.100376725 -0.100236565 0.024349662 0.211418584 0.242713794 0.946466744
4996.434274 -0.769180775 0.094823219 -0.094192445 0.026436016 0.212791532 0.246619508 0.945092499
4996.471137 -0.790256441 0.086704925 -0.083064973 0.030705454 0.219025329 0.245617941 0.943799257
4996.508001 -0.797411978 0.088545084 -0.078978419 0.032226574 0.221105605 0.247729599 0.942710936
4996.544864 -0.803404629 0.078590527 -0.074077547 0.027244657 0.223866582 0.251388401 0.941246688
4996.581728 -0.814463973 0.073788904 -0.065892637 0.021729793 0.227409169 0.254264921 0.939767122
4996.618591 -0.817978203 0.069704771 -0.057208240 0.015184563 0.228805527 0.254405826 0.939518571
4996.655454 -0.832163274 0.066072702 -0.040476054 0.010504711 0.233799219 0.256566375 0.937763989
4996.692317 -0.838341653 0.051061668 -0.030325979 0.004694758 0.237186253 0.260752350 0.935803831
4996.729181 -0.853098631 0.047237393 -0.017231792 0.003389833 0.241166741 0.267305076 0.932938993
4996.766044 -0.862739086 0.042520300 -0.010648251 0.002628048 0.242410064 0.275141478 0.930337369
4996.802908 -0.871691585 0.039510287 0.003342003 0.001981264 0.243123785 0.282236159 0.928024590
4996.839771 -0.877561212 0.033221796 0.012449175 0.001705148 0.242920831 0.289028674 0.925985396
4996.876635 -0.899580419 0.029942788 0.030543953 0.002543767 0.248045012 0.292805135 0.923435092
4996.913498 -0.915080786 0.025993694 0.048594415 0.002225128 0.252528191 0.295814306 0.921259165
4996.950361 -0.929552674 0.019868288 0.058647394 0.001707494 0.257665068 0.298843354 0.918857157
4996.987225 -0.941364467 0.011143833 0.068642616 0.001717567 0.263457000 0.303009421 0.915845394
4997.024088 -0.961043894 0.004083946 0.081738740 0.005075587 0.271367192 0.308910549 0.911541760
4997.060952 -0.982060432 0.000825047 0.091896623 0.009223773 0.277734548 0.314712495 0.907598197
4997.097815 -1.002586603 -0.015708327 0.104660600 0.006855858 0.282860130 0.321934193 0.903494060
4997.134679 -1.021056533 -0.024759822 0.114910424 0.006343303 0.284259319 0.328675777 0.900626779
4997.171542 -1.038022995 -0.035442397 0.125542164 0.009327912 0.286301941 0.331639081 0.898865759
4997.208405 -1.056358933 -0.048861265 0.132539809 0.010254991 0.287458122 0.334848255 0.897295535
4997.245269 -1.070633888 -0.059035219 0.143970013 0.009038438 0.287712634 0.336788565 0.896500528
4997.282132 -1.081447363 -0.073641047 0.152893186 0.008492651 0.289128155 0.337747186 0.895689428
4997.318995 -1.095221996 -0.084611744 0.166466773 0.011946595 0.294101596 0.338612944 0.893701732
4997.355859 -1.104712248 -0.100012064 0.177161813 0.013734350 0.299894482 0.341391116 0.890688956
4997.392723 -1.117548585 -0.108782582 0.193133235 0.016365647 0.306362540 0.343322009 0.887695968
4997.429586 -1.129764795 -0.123604670 0.207333982 0.015923942 0.312931687 0.345427603 0.884590268
4997.466449 -1.136695623 -0.124627918 0.222453356 0.018578347 0.317309022 0.346347481 0.882617295
4997.503313 -1.147437811 -0.143850327 0.242079020 0.015807245 0.324489087 0.348386943 0.879251719
4997.540176 -1.152678251 -0.156480134 0.261500746 0.014190723 0.329271078 0.351218551 0.876370192
4997.577039 -1.159649849 -0.163516670 0.283311993 0.014636669 0.333435386 0.353427112 0.873896956
4997.613903 -1.166799307 -0.176327795 0.303932160 0.014400714 0.336845189 0.358225793 0.870633185
4997.650766 -1.166037083 -0.185412809 0.323584855 0.014777118 0.336824805 0.364037871 0.868220687
4997.687630 -1.178135514 -0.186289042 0.345565856 0.020277916 0.338359147 0.370891511 0.864604771
4997.724493 -1.183706403 -0.204189971 0.369153053 0.021346062 0.338832974 0.379495203 0.860650897
4997.761357 -1.195476532 -0.217724800 0.394870579 0.019579941 0.339410156 0.387500584 0.856890082
4997.798220 -1.195105076 -0.227135807 0.409544051 0.013672417 0.335985899 0.395195186 0.854837596
4997.835083 -1.203317523 -0.245399982 0.427389413 0.010407615 0.340188712 0.398773730 0.851553202
4997.871947 -1.202321172 -0.257029414 0.445411474 0.014743497 0.345686555 0.403822273 0.846883118
4997.908810 -1.218631744 -0.272552788 0.466269016 0.014964895 0.355922699 0.408150643 0.840540409
4997.945674 -1.206097484 -0.285124958 0.480766326 0.008254526 0.355228096 0.419619679 0.835262954
4997.982537 -1.210225940 -0.298601300 0.500257015 0.005595568 0.360195667 0.422336042 0.831781268
4998.019401 -1.219523311 -0.309643775 0.513007641 0.005996725 0.365742385 0.422177136 0.829435349
4998.056264 -1.215205193 -0.324694216 0.528650343 0.003512810 0.368929058 0.425093412 0.826543748
4998.093127 -1.218169332 -0.339232326 0.543081045 0.001637893 0.373489946 0.428168535 0.822906017
4998.129991 -1.226493597 -0.350489974 0.559554815 0.001968812 0.378498584 0.430270225 0.819513559
4998.166854 -1.227370620 -0.356893599 0.564243197 0.003397900 0.379405707 0.432041943 0.818156183
4998.203717 -1.244116068 -0.365694672 0.583647251 0.006494469 0.387520522 0.433121532 0.813751459
4998.240581 -1.253886580 -0.379771143 0.602787495 0.008140388 0.394440591 0.435459077 0.809151232
4998.277445 -1.269391060 -0.394345939 0.632004917 0.011350022 0.403858215 0.438532919 0.802781820
4998.314308 -1.273890734 -0.394236922 0.645536125 0.014617965 0.404795676 0.441701740 0.800516307
4998.351171 -1.283710361 -0.409417838 0.657727838 0.015241475 0.407820761 0.448169827 0.795357585
4998.388035 -1.293433547 -0.431069583 0.675513864 0.013392079 0.413125515 0.451850086 0.790556371
4998.424898 -1.309202671 -0.444233507 0.692154348 0.012136606 0.417228073 0.457586527 0.785103798
4998.461761 -1.321786165 -0.457534939 0.711662412 0.010022223 0.420476705 0.467761248 0.777366221
4998.498625 -1.335544586 -0.474469155 0.727824211 0.011239771 0.426958650 0.472416431 0.770975173
4998.535488 -1.344117880 -0.482127249 0.740803003 0.013692635 0.430997819 0.473893046 0.767775178
4998.572352 -1.356879473 -0.501282096 0.757789016 0.010541897 0.436453849 0.475354612 0.763829112
4998.609215 -1.362195969 -0.517429113 0.772155166 0.007911331 0.441361159 0.477882951 0.759450853
4998.646079 -1.368947506 -0.533085763 0.790129066 0.007905735 0.448766530 0.480121940 0.753677070
4998.682942 -1.375662088 -0.547771096 0.808174312 0.008482811 0.457202673 0.481688350 0.747576118
4998.719805 -1.377217770 -0.560269654 0.816336870 0.007800605 0.462510765 0.483432174 0.743179858
4998.756669 -1.379247665 -0.574851871 0.831980944 0.005599095 0.470320433 0.483187109 0.738442659
4998.793532 -1.375111103 -0.589536190 0.847377419 0.002751726 0.476727247 0.483983397 0.733814418
4998.830396 -1.380457878 -0.598147154 0.867718339 0.005342038 0.485080481 0.484759182 0.727789044
4998.867259 -1.377114534 -0.612406492 0.884547174 0.004260270 0.491092354 0.486009568 0.722914159
4998.904123 -1.378657103 -0.620615840 0.904063642 0.007428376 0.496720970 0.486687928 0.718573570
4998.940986 -1.372692585 -0.628371358 0.922138691 0.011264637 0.498885840 0.490327001 0.714538634
4998.977849 -1.368880987 -0.639114141 0.944254160 0.015711684 0.501161337 0.496216923 0.708773017
4999.014713 -1.364485264 -0.653763413 0.971859336 0.021875409 0.505138814 0.501074374 0.702339411
4999.051576 -1.355358839 -0.662569046 0.983168244 0.025245845 0.502166450 0.505760431 0.700997829
4999.088439 -1.352979660 -0.675317347 0.997915506 0.026940521 0.499562263 0.515060544 0.696006000
4999.125303 -1.347856760 -0.686046839 1.013693571 0.028463449 0.498885363 0.522428751 0.690920711
4999.162166 -1.335182190 -0.702697635 1.032894850 0.028645208 0.502328396 0.527781904 0.684318602
4999.199030 -1.334026814 -0.714075804 1.045495391 0.029364822 0.505797267 0.533013642 0.677645385
4999.235893 -1.328063607 -0.725963116 1.056822896 0.024507888 0.508500397 0.538692296 0.671295285
4999.272757 -1.315824628 -0.745355129 1.066933870 0.015651317 0.512564361 0.540075600 0.667346358
4999.309620 -1.311672449 -0.765445054 1.077434301 0.011248357 0.519632339 0.541055441 0.661146522
4999.346483 -1.309069276 -0.776728213 1.101336598 0.009540195 0.529947698 0.538558245 0.654995799
4999.383347 -1.303730965 -0.786185920 1.117085457 0.009492588 0.535292029 0.540087223 0.649367511
4999.420210 -1.303580165 -0.800230503 1.132040739 0.009280495 0.540648162 0.539340794 0.645542324
4999.457074 -1.300227761 -0.818343639 1.149408937 0.010313097 0.544652522 0.541604042 0.640243948
4999.493937 -1.296572685 -0.832986116 1.166068316 0.013594664 0.547460496 0.543195128 0.636428475
4999.530801 -1.293394804 -0.840035021 1.183956742 0.019917406 0.550458372 0.543241799 0.633630216
4999.567664 -1.292935729 -0.856558979 1.199134946 0.024565024 0.553237200 0.545893013 0.628749549
4999.604527 -1.290361166 -0.868709028 1.218202591 0.028816344 0.556669354 0.548977137 0.622826576
4999.641391 -1.288598537 -0.883310437 1.236120224 0.031303458 0.560831845 0.552093089 0.616182566
4999.678254 -1.290429115 -0.888774157 1.255670905 0.035297550 0.566772342 0.553111911 0.609582126
4999.715118 -1.292769432 -0.907614946 1.273380756 0.036196731 0.573023677 0.560140491 0.597140133
4999.751981 -1.295456409 -0.922130227 1.292505980 0.034897324 0.578040540 0.569393575 0.583474338
4999.788844 -1.294438481 -0.934301972 1.305838585 0.031168835 0.582722008 0.576313794 0.572124124
4999.825708 -1.296221018 -0.950230837 1.324181557 0.029733196 0.592598796 0.578108788 0.560118675
4999.862571 -1.296630502 -0.963411331 1.339401960 0.026564855 0.599909306 0.579657853 0.550817609
4999.899435 -1.293256879 -0.976419330 1.348873854 0.021593733 0.602903128 0.585325360 0.541697085
4999.936298 -1.293272018 -0.985937238 1.358682752 0.018802801 0.605786383 0.590734959 0.532636344
4999.973161 -1.285214663 -0.993849516 1.378012538 0.015624879 0.611555934 0.592743278 0.523842096
5000.010025 -1.284854293 -1.005495787 1.393953800 0.015057743 0.616329193 0.595707595 0.514824212
5000.046888 -1.277261615 -1.017949820 1.409734964 0.013533041 0.620160401 0.599555433 0.505718529
5000.083752 -1.268652558 -1.022412062 1.421810150 0.015098192 0.621891022 0.604238093 0.497915477
5000.120615 -1.260092378 -1.028522849 1.430498123 0.017026909 0.623498857 0.609085798 0.489871114
5000.157479 -1.252377748 -1.034473181 1.444164515 0.020461652 0.626888394 0.611865819 0.481884271
5000.194342 -1.239981890 -1.042809129 1.455764413 0.021893000 0.630370200 0.613221049 0.475514501
5000.231205 -1.233381867 -1.047064662 1.463520646 0.023910245 0.632394195 0.614332318 0.471276581
5000.268069 -1.222136259 -1.055346727 1.475393653 0.026650155 0.636455894 0.616689980 0.462500840
5000.304932 -1.207897782 -1.063202858 1.494633198 0.029134797 0.642638624 0.617791057 0.452217788
5000.341796 -1.197740555 -1.071960688 1.509791374 0.032695446 0.647725701 0.618683636 0.443410575
5000.378659 -1.184259772 -1.078786373 1.523360014 0.036117125 0.651001096 0.620720148 0.435430408
5000.415522 -1.168279409 -1.086092949 1.533865213 0.039124411 0.652082741 0.625383139 0.426794231
5000.452386 -1.162097096 -1.093961000 1.544321537 0.043160632 0.654040575 0.626892626 0.421157509
5000.489249 -1.146667361 -1.106817126 1.548410416 0.044214882 0.655117810 0.629659474 0.415204406
5000.526113 -1.134743929 -1.118399262 1.561351776 0.043989014 0.657115638 0.631378174 0.409421086
5000.562976 -1.121038556 -1.129076838 1.568468690 0.041030921 0.657313824 0.633291602 0.406444013
5000.599840 -1.105715156 -1.142186046 1.572777629 0.037120603 0.658260584 0.634337723 0.403646767
5000.636703 -1.094388485 -1.150396824 1.582238555 0.036878027 0.661889791 0.632451594 0.400682956
5000.673566 -1.081522465 -1.163122535 1.584676862 0.037384469 0.663333476 0.633198261 0.397052974
5000.710430 -1.072422981 -1.173943877 1.591843724 0.039247908 0.666815400 0.630829036 0.394805670
5000.747293 -1.056170225 -1.191677809 1.597592831 0.039943643 0.668934524 0.630582452 0.391531497
5000.784157 -1.046103239 -1.198102474 1.617337823 0.042407442 0.674430847 0.624463916 0.391649693
5000.821020 -1.032971621 -1.209879756 1.624275923 0.045370020 0.676680744 0.622262657 0.390939772
5000.857883 -1.024658561 -1.231940389 1.640432239 0.046058048 0.682729900 0.616868734 0.388884932
5000.894747 -1.014701366 -1.249229670 1.646437049 0.048358500 0.685426772 0.615500212 0.386019588
5000.931610 -1.003672242 -1.263733745 1.660300016 0.048837777 0.689960659 0.612918735 0.381968290
5000.968474 -0.998230219 -1.275471449 1.685839891 0.051740691 0.697006166 0.608897448 0.375165462
5001.005337 -0.987458706 -1.289649487 1.701409578 0.052412879 0.702569485 0.607140541 0.367463470
5001.042200 -0.973591149 -1.301612020 1.716325641 0.051754914 0.706469119 0.608238161 0.358146876
5001.079064 -0.962704539 -1.314923525 1.734901905 0.052521743 0.710208952 0.610414445 0.346754819
5001.115927 -0.957979143 -1.328370929 1.747869134 0.054334130 0.711258590 0.615096748 0.335879415
5001.152791 -0.947623849 -1.342803240 1.774942994 0.051703069 0.715724826 0.616206110 0.324584037
5001.189654 -0.940714598 -1.364709139 1.785309434 0.051266186 0.717048407 0.619883418 0.314575791
5001.226517 -0.926656365 -1.373278737 1.806108713 0.050775576 0.720671952 0.620411515 0.305193782
5001.263381 -0.917787552 -1.385960102 1.823381543 0.050245218 0.722043276 0.622520566 0.297652602
5001.300244 -0.906314373 -1.397129416 1.840059876 0.048702974 0.723352134 0.623618662 0.292385995
5001.337108 -0.891831517 -1.410879254 1.851106286 0.047543358 0.723573923 0.626548648 0.285687268
5001.373971 -0.879775822 -1.420653343 1.861770272 0.048538752 0.722856581 0.630323470 0.278952748
5001.410835 -0.869645357 -1.426766276 1.870319843 0.050617233 0.722317040 0.633509815 0.272692651
5001.447698 -0.854421735 -1.436652422 1.887563825 0.050248630 0.725180387 0.633626759 0.264774591
5001.484561 -0.845471025 -1.441007495 1.888906717 0.050867110 0.724688411 0.635788500 0.260791540
5001.521425 -0.825912833 -1.451126099 1.908973694 0.049355499 0.730155528 0.633139729 0.252132833
5001.558288 -0.810639739 -1.455102324 1.914386988 0.049193751 0.732110500 0.633010626 0.246762440
5001.595152 -0.799668074 -1.450098038 1.923132420 0.051564965 0.733912110 0.632198453 0.242979735
5001.632015 -0.775927305 -1.463953137 1.935046434 0.051687367 0.735878289 0.632881522 0.235100940
5001.668878 -0.759506464 -1.464867830 1.943443418 0.054323535 0.737125099 0.632534683 0.231506780
5001.705742 -0.738150954 -1.470431328 1.946553946 0.057565052 0.736621439 0.634589374 0.226652741
5001.742605 -0.732214510 -1.479606152 1.939396143 0.063518770 0.734082401 0.636879325 0.226876944
5001.779469 -0.708137631 -1.475155830 1.961260319 0.067206211 0.738308251 0.633988857 0.220096171
5001.816332 -0.690325797 -1.478175163 1.975709200 0.071033530 0.739814878 0.633341551 0.215653911
5001.853195 -0.663122296 -1.490956545 1.985926509 0.070958801 0.742101908 0.632672906 0.209701166
5001.890059 -0.642613053 -1.498719931 1.976607561 0.073082969 0.740287066 0.635823905 0.205820084
5001.926922 -0.622993231 -1.502535343 1.984920859 0.071072035 0.741105497 0.636075139 0.202780247
5001.963786 -0.596658528 -1.510479331 1.994041204 0.065697946 0.742789507 0.635833263 0.199157193
5002.000649 -0.573068142 -1.520174623 1.995958567 0.058564909 0.745048761 0.634187520 0.198188484
5002.037513 -0.557615995 -1.530636072 1.985120893 0.052232716 0.745334446 0.633988678 0.199516132
5002.074376 -0.544701457 -1.535735250 1.988834262 0.051045265 0.747505724 0.632409155 0.196693301
5002.111239 -0.524136424 -1.540014386 1.996122360 0.049177729 0.750972152 0.629715681 0.192563117
5002.148103 -0.504678905 -1.545339704 2.001946926 0.047653910 0.753574133 0.627164304 0.191102177
5002.184966 -0.488047451 -1.551156759 2.006853342 0.048014224 0.754684329 0.625895262 0.190791443
5002.221830 -0.467758715 -1.560038924 2.013254404 0.049158555 0.755901635 0.624495625 0.190266714
5002.258693 -0.449737459 -1.567143321 2.019168377 0.051533032 0.756775498 0.623275042 0.190166965
5002.295557 -0.411979526 -1.575955272 2.024888515 0.049937908 0.756998181 0.624285340 0.186353713
5002.332420 -0.384231925 -1.584788799 2.033892393 0.049436241 0.757401466 0.624784470 0.183148652
5002.369283 -0.353626758 -1.580799580 2.040223122 0.047137156 0.758770466 0.624127924 0.180304751
5002.406147 -0.335620731 -1.587533951 2.045368910 0.046520226 0.759356916 0.623939097 0.178641930
5002.443010 -0.329583168 -1.590647221 2.043832779 0.050544091 0.757075608 0.626027942 0.179919004
5002.479873 -0.287707984 -1.603500366 2.063102722 0.044434883 0.759412944 0.626339734 0.170341060
5002.516737 -0.266651839 -1.616517901 2.068819523 0.043367255 0.756443739 0.630765378 0.167473122
5002.553600 -0.240015566 -1.624534369 2.076289415 0.043720331 0.754641175 0.634151697 0.162655666
5002.590464 -0.226700425 -1.635306001 2.080296516 0.046473436 0.753498971 0.635386705 0.162367716
5002.627327 -0.187451482 -1.636308074 2.087808371 0.044136915 0.753244460 0.636720777 0.158938572
5002.664191 -0.166527510 -1.639822364 2.100543499 0.044324424 0.752514660 0.637453198 0.159406781
5002.701054 -0.138234258 -1.643007159 2.096724987 0.042881530 0.749291062 0.641576409 0.158441871
5002.737917 -0.112349540 -1.642203093 2.106206179 0.041621923 0.750183165 0.640789330 0.157739922
5002.774781 -0.081225157 -1.646019459 2.101999283 0.038648918 0.748567283 0.643518627 0.155038849
5002.811644 -0.058906823 -1.646537542 2.109230042 0.036186192 0.750095725 0.641913414 0.154900357
5002.848508 -0.042394131 -1.649409294 2.118067741 0.035443649 0.752321184 0.639523983 0.154161140
5002.885371 -0.011526376 -1.650806189 2.109951258 0.031290587 0.751490891 0.641080022 0.152639404
5002.922235 0.014486134 -1.650631666 2.112569571 0.028588029 0.753528595 0.639108896 0.151384249
5002.959098 0.041151255 -1.648703098 2.117346764 0.028137183 0.756831944 0.635679603 0.149416342
5002.995961 0.069288075 -1.660509229 2.107347727 0.024581831 0.754706264 0.638544858 0.148575321
5003.032825 0.089426905 -1.651015520 2.106123447 0.028533801 0.753865004 0.639334083 0.148745641
5003.069688 0.118007272 -1.651168942 2.110002279 0.029091729 0.753521621 0.639909089 0.147902682
5003.106551 0.149338543 -1.652311921 2.108784437 0.027326202 0.752088249 0.641628802 0.148084536
5003.143415 0.179860920 -1.646487474 2.110960007 0.031760607 0.750486314 0.644028842 0.144873634
5003.180279 0.200371116 -1.646745682 2.115408659 0.033099335 0.747248888 0.647692144 0.144977257
5003.217142 0.234887242 -1.652142763 2.112421513 0.034463212 0.740020990 0.657292008 0.138377711
5003.254005 0.255964756 -1.644390941 2.108216763 0.034324016 0.739288867 0.657685399 0.140441313
5003.290869 0.281819671 -1.647371531 2.107715130 0.033881072 0.741701007 0.655102670 0.139900714
5003.327732 0.311642379 -1.656777382 2.107762575 0.031590693 0.740976751 0.656864882 0.135956213
5003.364595 0.325276792 -1.656985521 2.104299784 0.032955628 0.739470661 0.658257723 0.137090594
5003.401459 0.340581089 -1.652571321 2.102758408 0.031887077 0.742590725 0.653483748 0.143182531
5003.438322 0.368153542 -1.670998335 2.102532387 0.028745767 0.746124566 0.649848640 0.142016485
5003.475186 0.394742161 -1.677109599 2.097632647 0.029665317 0.748044491 0.647756875 0.141281500
5003.512049 0.412192613 -1.680455685 2.096827269 0.033418268 0.750631571 0.644420385 0.141978174
5003.548913 0.435993940 -1.684038401 2.094166040 0.034642532 0.752581537 0.642287731 0.141022459
5003.585776 0.460206121 -1.684680700 2.101653099 0.034960236 0.756656229 0.637961566 0.138759702
5003.622639 0.484110177 -1.692188740 2.107074499 0.034244239 0.760304928 0.634372830 0.135406196
5003.659503 0.513517261 -1.694536924 2.107786655 0.031420033 0.761635423 0.633798182 0.131240532
5003.696366 0.536039233 -1.692236185 2.115555286 0.032010231 0.762046874 0.634401798 0.125675336
5003.733230 0.562682390 -1.696574330 2.122780800 0.029847506 0.762700558 0.635036826 0.118849859
5003.770093 0.591508269 -1.701090097 2.130987883 0.029046554 0.764102459 0.634625554 0.112045206
5003.806957 0.610562325 -1.699585438 2.134704828 0.032982275 0.762890518 0.636744559 0.107082181
5003.843820 0.633783698 -1.704646707 2.137940407 0.036999274 0.757754087 0.643856883 0.099438749
5003.880683 0.660717130 -1.708860159 2.146801710 0.040538993 0.755564928 0.647331178 0.091872506
5003.917547 0.680472910 -1.712508082 2.154299736 0.045439247 0.755832732 0.647447824 0.086391345
5003.954410 0.700848699 -1.716082811 2.162518501 0.047900405 0.755441189 0.648465693 0.080662332
5003.991273 0.721502721 -1.720748901 2.165298462 0.047502149 0.752848506 0.652095616 0.075722083
5004.028137 0.742773175 -1.725130200 2.171501160 0.044394545 0.752779901 0.652986288 0.070430256
5004.065001 0.761586308 -1.730354548 2.166094303 0.040786840 0.751365900 0.655537367 0.063690402
5004.101864 0.785649300 -1.733055353 2.171262741 0.037284698 0.752284169 0.655727446 0.051961500
5004.138727 0.811592460 -1.739916801 2.179697037 0.030162644 0.754049599 0.654838502 0.041060135
5004.175591 0.817799866 -1.731671095 2.174276590 0.029922253 0.752824843 0.656569839 0.035713572
5004.212454 0.836646318 -1.731549263 2.173379183 0.024498181 0.753356397 0.656538248 0.028486349
5004.249317 0.855512381 -1.727253318 2.177798271 0.022093836 0.754967928 0.655044198 0.021270072
5004.286181 0.879455924 -1.727755547 2.174628973 0.019119764 0.754262328 0.656158328 0.013381018
5004.323044 0.896555126 -1.722817063 2.172328949 0.021096604 0.753560483 0.657008290 0.006449411
5004.359908 0.914345443 -1.711944222 2.169723034 0.023824444 0.754013181 0.656425178 0.001552490
5004.396771 0.932272732 -1.708520651 2.170602322 0.026935209 0.754548669 0.655685127 -0.002793696
5004.433635 0.945781350 -1.704828739 2.168336391 0.031499308 0.754397988 0.655643940 -0.004753911
5004.470498 0.970160902 -1.688644052 2.168623209 0.037865788 0.755155921 0.654357195 -0.011063808
5004.507361 0.988992333 -1.685073495 2.176427364 0.044179738 0.755931318 0.652934909 -0.017086767
5004.544225 1.011975050 -1.680251956 2.158570766 0.047586225 0.746702313 0.663033545 -0.023616156
5004.581088 1.032618523 -1.682296634 2.179698467 0.051400241 0.746034861 0.663117230 -0.032642089
5004.617952 1.047406077 -1.687742591 2.178767443 0.048688624 0.746183157 0.662985802 -0.035915397
5004.654815 1.064150929 -1.670147181 2.148235321 0.049898002 0.743937075 0.665055215 -0.042064063
5004.691679 1.078282475 -1.669228077 2.147711277 0.051719293 0.743667126 0.664757788 -0.048800290
5004.728542 1.102867126 -1.671409607 2.141865015 0.051007804 0.741485536 0.666570544 -0.057281610
5004.765405 1.120406628 -1.668131709 2.136150360 0.049757555 0.743327081 0.664373040 -0.059979241
5004.802269 1.139341354 -1.667544127 2.124813318 0.047647115 0.744410694 0.663060248 -0.062717773
5004.839132 1.156319261 -1.662917137 2.115563154 0.048004359 0.744932771 0.662110806 -0.066181451
5004.875995 1.168884516 -1.664344311 2.112532854 0.048490617 0.746337473 0.660185039 -0.069172628
5004.912859 1.189721704 -1.664787769 2.107314825 0.048892576 0.747859776 0.657555997 -0.077041395
5004.949723 1.208932877 -1.666360617 2.105667114 0.048087403 0.749989271 0.654153824 -0.085360520
5004.986586 1.225357890 -1.662716746 2.099852324 0.048994478 0.750218511 0.652451694 -0.095281430
5005.023449 1.238358021 -1.657449126 2.096027851 0.049019542 0.750256777 0.651152432 -0.103500336
5005.060313 1.251223445 -1.660587072 2.098978281 0.049640238 0.751344264 0.648241401 -0.113140106
5005.097176 1.277949095 -1.659703851 2.094820499 0.047279511 0.750495613 0.646860003 -0.126858607
5005.134039 1.316892385 -1.655590773 2.113447905 0.041286793 0.756110549 0.637356102 -0.142721280
5005.170903 1.337275743 -1.655437946 2.109842300 0.041795496 0.754622161 0.636237741 -0.154919475
5005.207766 1.354227304 -1.653296947 2.102299929 0.044816710 0.752185941 0.635853887 -0.167025879
5005.244630 1.374933004 -1.648964167 2.107395649 0.046611730 0.751741648 0.633321285 -0.177808821
5005.281493 1.400623798 -1.650397301 2.120126724 0.049361851 0.750065804 0.631744742 -0.189376161
5005.318357 1.423294067 -1.651115656 2.106750011 0.054480467 0.741447270 0.637168944 -0.203232840
5005.355220 1.439957619 -1.643762827 2.099209070 0.056384202 0.740131557 0.635557652 -0.212350175
5005.392083 1.463745117 -1.648269892 2.099555969 0.056195486 0.740390420 0.632070184 -0.221701279
5005.428947 1.470107675 -1.642612934 2.090662003 0.059672099 0.736666143 0.634660721 -0.225760952
5005.465810 1.490246534 -1.641465664 2.091758728 0.061351191 0.734607637 0.634164095 -0.233288780
5005.502674 1.510861397 -1.637915969 2.082039833 0.062129259 0.730693758 0.635309100 -0.242092833
5005.539537 1.527581692 -1.632613659 2.072699547 0.062814273 0.727177739 0.636152864 -0.250153035
5005.576401 1.548808336 -1.629422784 2.071943283 0.062780097 0.724992871 0.634773672 -0.259819984
5005.613264 1.561254621 -1.613664985 2.056568623 0.061815605 0.718956113 0.637729406 -0.269410670
5005.650127 1.575260520 -1.612722635 2.059144974 0.058977947 0.717526972 0.636932611 -0.275669098
5005.686990 1.590677142 -1.601734877 2.049420357 0.055310074 0.713429093 0.637428463 -0.285735309
5005.723854 1.607925653 -1.592776299 2.045499325 0.050006434 0.712195337 0.635205030 -0.294604331
5005.760717 1.620068550 -1.587142467 2.039165258 0.048111085 0.711280584 0.632840097 -0.302123636
5005.797581 1.630163193 -1.571265221 2.034348011 0.047074471 0.711056232 0.630212426 -0.308245480
5005.834444 1.641871452 -1.555992484 2.025280952 0.048282415 0.710203588 0.627936959 -0.314602822
5005.871308 1.661963224 -1.545221567 2.016817570 0.048198164 0.710002601 0.625486732 -0.319905519
5005.908171 1.673481107 -1.531301260 2.006853819 0.052590016 0.710162520 0.623478055 -0.322767079
5005.945035 1.689867258 -1.520777702 1.995020628 0.057961810 0.710389793 0.620484293 -0.327087164
5005.981898 1.706688404 -1.512875557 1.983504653 0.067438237 0.708458960 0.617773771 -0.334504873
5006.018761 1.735518098 -1.509906530 1.973892212 0.074682795 0.704856455 0.616303384 -0.343176305
5006.055625 1.735597372 -1.495729327 1.952772856 0.082756050 0.700310230 0.618701935 -0.346301854
5006.092488 1.746406794 -1.483060360 1.948144913 0.080920592 0.704287231 0.613972723 -0.347086132
5006.129352 1.756778955 -1.477296829 1.933301449 0.083993435 0.700467348 0.614459336 -0.353171736
5006.166215 1.769069910 -1.466711998 1.924188733 0.084662065 0.696608722 0.614673674 -0.360201180
5006.203079 1.779110670 -1.465472102 1.910685778 0.081060916 0.693595588 0.616283655 -0.364072323
5006.239942 1.793099642 -1.454942584 1.893463373 0.076567486 0.689798295 0.615834773 -0.372911721
5006.276805 1.803446054 -1.450577021 1.881847978 0.074407339 0.686580062 0.614971459 -0.380633026
5006.313669 1.804463387 -1.438018799 1.864423037 0.073111482 0.682554603 0.614984691 -0.388030589
5006.350532 1.819387197 -1.434970140 1.853535652 0.069693089 0.681652308 0.611058235 -0.396359533
5006.387396 1.831164241 -1.423109174 1.839241624 0.065730549 0.679550171 0.608571053 -0.404391289
5006.424259 1.848621488 -1.413908958 1.826948524 0.062364500 0.679310203 0.603431880 -0.412938446
5006.461122 1.867088795 -1.403865814 1.809279323 0.059054900 0.676950395 0.600398242 -0.421630919
5006.497986 1.878758430 -1.391037464 1.797854662 0.061705336 0.675495744 0.596566260 -0.428959906
5006.534849 1.901149035 -1.381517172 1.780079961 0.060163800 0.672797859 0.594215155 -0.436613977
5006.571712 1.920458555 -1.371439457 1.766563773 0.059906084 0.672490716 0.590684116 -0.441881984
5006.608576 1.938194275 -1.362554431 1.754555583 0.063240916 0.672026277 0.586413085 -0.447773367
5006.645439 1.945851564 -1.348808050 1.733560085 0.072703376 0.665890753 0.587107837 -0.454541683
5006.682303 1.967648745 -1.336598873 1.723068357 0.075749360 0.662978113 0.584706545 -0.461346209
5006.719166 1.982745647 -1.325278521 1.707933903 0.076860316 0.661682308 0.581525922 -0.467008084
5006.756030 1.994783998 -1.315797806 1.691828609 0.079835378 0.659106553 0.579364359 -0.472801954
5006.792893 2.008928776 -1.306148529 1.680753708 0.082054876 0.656000733 0.578366995 -0.477934748
5006.829756 2.023778200 -1.296365023 1.663643837 0.080995008 0.651547730 0.578806639 -0.483640581
5006.866620 2.024392843 -1.291917562 1.651956201 0.082338326 0.647868514 0.579836845 -0.487109959
5006.903483 2.036752701 -1.280838013 1.641376495 0.078762695 0.645253599 0.578189015 -0.493094057
5006.940347 2.049460888 -1.267162800 1.627570629 -0.077327281 -0.640985131 -0.575397134 0.502072334
5006.977210 2.055705070 -1.255432963 1.613389254 -0.076472923 -0.636807203 -0.574051142 0.509012580
5007.014074 2.061114550 -1.245169163 1.605523825 -0.075147383 -0.635518312 -0.571996391 0.513117492
5007.050937 2.066851616 -1.230730057 1.590908647 -0.073362090 -0.632345200 -0.569688320 0.519819975
5007.087800 2.072781563 -1.211343527 1.573926091 -0.072100878 -0.628852785 -0.566382408 0.527784646
5007.124664 2.077123165 -1.193535566 1.565275788 -0.071368709 -0.628228426 -0.561658621 0.533643246
5007.161527 2.078582764 -1.180354834 1.549154520 -0.073356591 -0.626580775 -0.558990002 0.538094282
5007.198391 2.077867985 -1.161621928 1.534671545 -0.074898191 -0.625904918 -0.554904461 0.542875946
5007.235254 2.075867414 -1.150161982 1.531057835 -0.080138281 -0.628170073 -0.549015164 0.545492887
5007.272117 2.073889017 -1.132137656 1.523221016 -0.083947808 -0.629761279 -0.542429864 0.549657404
5007.308981 2.075193405 -1.121665239 1.507789850 -0.089995638 -0.629604280 -0.534209251 0.556883872
5007.345844 2.081290722 -1.106801748 1.492531300 -0.094062671 -0.627682149 -0.528857231 0.563451290
5007.382708 2.085751295 -1.092960954 1.474322438 -0.101553969 -0.621489763 -0.527021646 0.570688665
5007.419571 2.092049599 -1.081140399 1.453054309 -0.103424974 -0.617017388 -0.524781823 0.577232003
5007.456434 2.088567734 -1.068312645 1.438261151 -0.103349790 -0.614407420 -0.522951305 0.581673741
5007.493298 2.100732327 -1.065014362 1.439117193 -0.103649631 -0.613151073 -0.522246838 0.583575785
5007.530161 2.104623795 -1.060358882 1.418728113 -0.108256646 -0.603015304 -0.525706947 0.590156972
5007.567025 2.107608795 -1.052105665 1.400573015 -0.106868573 -0.597191274 -0.525594413 0.596399367
5007.603888 2.106616020 -1.041908741 1.384931087 -0.104841359 -0.593145192 -0.524479032 0.601754725
5007.640752 2.107513666 -1.032028556 1.367237091 -0.104853272 -0.587313592 -0.522446454 0.609194756
5007.677615 2.113537312 -1.023688078 1.344867945 -0.102494843 -0.581820190 -0.518893301 0.617842913
5007.714478 2.114410400 -1.017248869 1.326807261 -0.099405095 -0.578911066 -0.516557515 0.623016000
5007.751342 2.122469902 -1.004086733 1.309306860 -0.095150270 -0.576652229 -0.511583686 0.629841805
5007.788205 2.125394344 -0.991986632 1.286959767 -0.091863945 -0.573593676 -0.508041143 0.635960281
5007.825069 2.134814978 -0.982969224 1.268162966 -0.087658912 -0.572619498 -0.504128039 0.640529275
5007.861932 2.139494896 -0.962697327 1.250345230 -0.085574538 -0.571562946 -0.498788983 0.645911932
5007.898795 2.138906956 -0.948569596 1.235000730 -0.086348809 -0.571383595 -0.495265305 0.648673177
5007.935659 2.146085978 -0.933251023 1.211210966 -0.087881789 -0.569181681 -0.491350174 0.653363585
5007.972522 2.140323639 -0.915327489 1.203580141 -0.091520421 -0.570498109 -0.486184984 0.655576110
5008.009386 2.147523880 -0.910919487 1.186208010 -0.095511839 -0.570164084 -0.481948256 0.658419609
5008.046249 2.146223068 -0.920656383 1.167162180 -0.108949274 -0.564696789 -0.480058223 0.662413478
5008.083113 2.144251108 -0.909312606 1.150660515 -0.117476597 -0.560208440 -0.476359963 0.667418122
5008.119976 2.152835846 -0.897245288 1.126717806 -0.115505159 -0.557950020 -0.472500592 0.672378957
5008.156839 2.152156830 -0.878657043 1.111169577 -0.116321824 -0.554258645 -0.469008863 0.677714705
5008.193703 2.154491901 -0.870710135 1.087714911 -0.116247162 -0.548590660 -0.469322979 0.682107627
5008.230566 2.158457041 -0.856198668 1.069835782 -0.116206631 -0.543639958 -0.467321128 0.687431812
5008.267430 2.160193920 -0.847197354 1.051966667 -0.114547677 -0.540077865 -0.465591997 0.691678286
5008.304293 2.157789946 -0.834600389 1.033657432 -0.111918241 -0.536462009 -0.463352084 0.696410537
5008.341156 2.156702518 -0.824504197 1.013100863 -0.109129533 -0.531974256 -0.460765451 0.701989532
5008.378020 2.149737358 -0.810163021 0.995654166 -0.107384540 -0.526367307 -0.458313435 0.708064198
5008.414883 2.147318840 -0.804582477 0.979971111 -0.106784999 -0.521569312 -0.454738408 0.713985562
5008.451747 2.149834394 -0.790077329 0.960974574 -0.099909961 -0.518598914 -0.450953156 0.719523728
5008.488610 2.139995813 -0.784380972 0.940090418 -0.098480515 -0.513095260 -0.448759079 0.725017309
5008.525473 2.131201744 -0.770384073 0.929599166 -0.097629510 -0.510182381 -0.443923384 0.730146825
5008.562337 2.117741108 -0.753734648 0.914042532 -0.097504869 -0.505863905 -0.439508975 0.735816836
5008.599200 2.114084244 -0.739244282 0.895628870 -0.095840558 -0.503377199 -0.435547620 0.740083933
5008.636064 2.104798317 -0.727504253 0.877820790 -0.096316144 -0.501528740 -0.430068851 0.744468212
5008.672927 2.095371485 -0.707691371 0.871327341 -0.096016660 -0.504135549 -0.420756936 0.748058617
5008.709790 2.083774328 -0.703445137 0.849191546 -0.102524206 -0.501412451 -0.414061368 0.752746582
5008.746654 2.076051235 -0.689995527 0.837331355 -0.112821206 -0.497660607 -0.408310622 0.756893456
5008.783517 2.066960812 -0.685858428 0.822455108 -0.121463835 -0.493706673 -0.400687754 0.762200475
5008.820381 2.053977251 -0.674593747 0.818130732 -0.120230094 -0.494822115 -0.394443005 0.764925182
5008.857244 2.049813271 -0.671128809 0.792058468 -0.117908724 -0.488787770 -0.392471135 0.770162582
5008.894108 2.040883064 -0.667014837 0.769208431 -0.117657147 -0.479264677 -0.390769929 0.777020574
5008.930971 2.035768509 -0.661536515 0.754734039 -0.112158425 -0.474174738 -0.387897849 0.782377183
5008.967834 2.024171352 -0.653516948 0.743432462 -0.108224846 -0.467540205 -0.384133250 0.788755536
5009.004698 2.015806198 -0.651044369 0.724524021 -0.105224863 -0.458874613 -0.382693321 0.794926226
5009.041561 2.004157543 -0.646943510 0.711709440 -0.101640366 -0.451664925 -0.380807489 0.800408483
5009.078425 1.994471550 -0.642839372 0.699672163 -0.098020338 -0.446207702 -0.375805944 0.806263387
5009.115288 1.988324881 -0.637040913 0.683206558 -0.094917849 -0.438816935 -0.373526722 0.811731577
5009.152151 1.982659340 -0.636261821 0.671843588 -0.096117862 -0.432689577 -0.367080659 0.817797542
5009.189015 1.980297565 -0.628215015 0.658841372 -0.094482698 -0.426806182 -0.360862613 0.823825002
5009.225878 1.972869158 -0.618405938 0.652020097 -0.094687790 -0.421255857 -0.353311419 0.829908907
5009.262742 1.970505714 -0.615079641 0.638282359 -0.096853748 -0.415277719 -0.346361160 0.835582256
5009.299605 1.978386402 -0.602860928 0.614790320 -0.094115503 -0.409611613 -0.338854343 0.841747165
5009.336468 1.977462292 -0.590988159 0.598633170 -0.089769743 -0.404282838 -0.330697984 0.848018646
5009.373332 1.982389927 -0.580210686 0.586993217 -0.089826144 -0.397866875 -0.319686264 0.855239153
5009.410195 1.982679129 -0.578108311 0.560309827 -0.094246790 -0.385904521 -0.310887933 0.863448799
5009.447059 1.989377737 -0.573591948 0.535767257 -0.095723532 -0.375255853 -0.300950468 0.871463656
5009.483922 1.989269972 -0.571635485 0.513890326 -0.095775887 -0.365240008 -0.289997637 0.879390717
5009.520786 1.996293783 -0.559426427 0.519157469 -0.093240827 -0.364156157 -0.281994551 0.882709205
5009.557649 1.999877691 -0.553356349 0.502846777 -0.091963857 -0.357836008 -0.274430126 0.887797356
5009.594512 2.002963066 -0.549929619 0.492648005 -0.090010732 -0.353225380 -0.268066317 0.891779304
5009.631376 2.008772135 -0.538378716 0.469736576 -0.086117998 -0.345352411 -0.261203378 0.897267103
5009.668239 2.013000727 -0.535557389 0.454356015 -0.082815215 -0.338307023 -0.255306691 0.901947081
5009.705103 2.009377241 -0.529203057 0.450279713 -0.078306705 -0.331595182 -0.248866349 0.906630158
5009.741966 2.009635448 -0.523487806 0.436456978 -0.071790189 -0.323670030 -0.243665367 0.911433518
5009.778829 2.008159876 -0.515668452 0.426987290 -0.064637668 -0.316306114 -0.238272548 0.915968657
5009.815693 2.004889011 -0.518122435 0.410209119 -0.060474671 -0.308386505 -0.233192131 0.920251071
5009.852556 2.003392220 -0.511303782 0.404883623 -0.054262191 -0.303744137 -0.228861630 0.923264563
5009.889420 1.996896505 -0.503958046 0.396376967 -0.049145959 -0.297723800 -0.223533705 0.926810622
5009.926283 1.989703417 -0.509861350 0.383651793 -0.047918957 -0.292509347 -0.219186395 0.929569483
5009.963146 1.980696201 -0.502301991 0.379054844 -0.043474149 -0.288347691 -0.214828417 0.932102144
5010.000010 1.969148397 -0.491619885 0.371236444 -0.039238963 -0.283930093 -0.209705591 0.934808850
5010.036873 1.958359361 -0.486584246 0.367679358 -0.037432045 -0.281755805 -0.204315960 0.936732352
5010.073737 1.945910931 -0.475338817 0.366165102 -0.035373546 -0.279052526 -0.198247522 0.938922942
5010.110600 1.937076211 -0.478794515 0.359046102 -0.038036481 -0.277359217 -0.191283375 0.940763354
5010.147464 1.924858332 -0.459906429 0.361584246 -0.036636405 -0.274311870 -0.183530152 0.943253636
5010.184327 1.908127308 -0.469255626 0.349727690 -0.045876507 -0.268424213 -0.178626731 0.945482016
5010.221190 1.894185543 -0.452324092 0.341800451 -0.050383385 -0.261246651 -0.173019648 0.948301613
5010.258054 1.879856825 -0.454227984 0.343013644 -0.057490341 -0.255781710 -0.169187799 0.950076878
5010.294917 1.864869595 -0.448356658 0.342893004 -0.055103790 -0.250212163 -0.165750071 0.952304780
5010.331781 1.851928115 -0.451359689 0.334805012 -0.056016479 -0.243137419 -0.163585439 0.954455912
5010.368644 1.835594058 -0.460316241 0.333139837 -0.066581801 -0.234743088 -0.158744246 0.956693709
5010.405508 1.823033571 -0.448817164 0.337975323 -0.068289779 -0.228893191 -0.157663584 0.958168328
5010.442371 1.810387254 -0.442910612 0.332730949 -0.066341080 -0.224178880 -0.158716008 0.959245503
5010.479234 1.789310455 -0.429665804 0.331466854 -0.065111212 -0.218213946 -0.158905074 0.960672855
5010.516098 1.773547411 -0.434783429 0.324840069 -0.071226187 -0.213541925 -0.160404757 0.961039543
5010.552961 1.755555868 -0.434474468 0.322242051 -0.073043637 -0.209915668 -0.162644714 0.961325526
5010.589824 1.741941571 -0.431334436 0.318304449 -0.073553920 -0.206474423 -0.162604302 0.962038457
5010.626688 1.723333359 -0.425251096 0.311402529 -0.073219508 -0.200221255 -0.163124248 0.963296831
5010.663551 1.704036355 -0.410012692 0.312213540 -0.071252607 -0.193227217 -0.163742334 0.964766681
5010.700415 1.687850952 -0.402123630 0.308473498 -0.071561791 -0.186235026 -0.164750576 0.965946496
5010.737278 1.670851946 -0.393734753 0.302861989 -0.069178730 -0.178900644 -0.166075423 0.967278600
5010.774142 1.650592685 -0.393713892 0.298916966 -0.069326505 -0.172620445 -0.165381134 0.968527257
5010.811005 1.631115794 -0.375962853 0.293314070 -0.063269548 -0.166993842 -0.163804829 0.970194817
5010.847868 1.613893390 -0.369082034 0.296793848 -0.060909946 -0.165217727 -0.157539219 0.971686423
5010.884732 1.591166973 -0.368966192 0.281599969 -0.066478848 -0.162788182 -0.151519999 0.972688138
5010.921595 1.568814754 -0.352775186 0.282740504 -0.066409878 -0.163187101 -0.146191090 0.973441243
5010.958459 1.539295435 -0.341486126 0.279697895 -0.068141542 -0.164239198 -0.138107613 0.974324644
5010.995322 1.522750854 -0.343703151 0.269256115 -0.070942231 -0.170099810 -0.133331567 0.973784328
5011.032186 1.511008024 -0.329116523 0.271387368 -0.070390806 -0.177103847 -0.126873568 0.973438501
5011.069049 1.500153661 -0.325136125 0.274442822 -0.072818674 -0.182787582 -0.120197318 0.973056376
5011.105912 1.487843871 -0.341740161 0.257687300 -0.079819627 -0.184999138 -0.115181372 0.972695947
5011.142776 1.465276718 -0.339482248 0.247722983 -0.080305606 -0.181419045 -0.112742379 0.973615587
5011.179639 1.450945854 -0.341331542 0.248099536 -0.081209607 -0.179311603 -0.112424284 0.973967731
5011.216503 1.428597808 -0.337008268 0.243904799 -0.079345539 -0.171996415 -0.111853920 0.975505114
5011.253366 1.406699896 -0.329132885 0.236964718 -0.074892893 -0.162659749 -0.109236367 0.977752686
5011.290230 1.384379864 -0.328569263 0.243302628 -0.072068885 -0.155527428 -0.107044220 0.979366541
5011.327093 1.365654826 -0.326807052 0.244735509 -0.068747506 -0.149745062 -0.104811549 0.980747044
5011.363956 1.342886806 -0.323290288 0.247121006 -0.065268219 -0.143616468 -0.102118537 0.982184410
5011.400820 1.316236377 -0.319011152 0.246991754 -0.060529973 -0.138122991 -0.099171817 0.983576715
5011.437683 1.297837138 -0.327403247 0.255278587 -0.060979132 -0.137604326 -0.094524801 0.984079123
5011.474546 1.280132771 -0.324655414 0.258350611 -0.056739945 -0.139206946 -0.092555910 0.984294355
5011.511410 1.255249023 -0.334875673 0.265918314 -0.056667414 -0.141142011 -0.088228174 0.984420419
5011.548273 1.240074635 -0.337085605 0.265826702 -0.057495154 -0.145174250 -0.081624307 0.984355748
5011.585137 1.221428156 -0.329473704 0.267610669 -0.057826634 -0.147548214 -0.071562529 0.984766185
5011.622000 1.188254356 -0.346863449 0.263810396 -0.060143370 -0.146229982 -0.068449982 0.985045254
5011.658864 1.172286034 -0.343384206 0.266663074 -0.052166581 -0.147953391 -0.065764487 0.985425532
5011.695727 1.153538465 -0.352908462 0.268200785 -0.053108137 -0.146689415 -0.063661508 0.985702276
5011.732590 1.124934077 -0.357825458 0.263793588 -0.056401230 -0.139488012 -0.062668256 0.986627936
5011.769454 1.105578303 -0.353701323 0.266614854 -0.052831013 -0.135133415 -0.065719686 0.987232864
5011.806317 1.080908656 -0.360887259 0.263988972 -0.052378733 -0.128889903 -0.069808587 0.987811029
5011.843181 1.056341887 -0.367671579 0.261854231 -0.052707646 -0.122453265 -0.072579265 0.988412559
5011.880044 1.038847685 -0.340416849 0.262316674 -0.041126017 -0.118173413 -0.076336585 0.989199877
5011.916908 1.019430876 -0.362945437 0.266421020 -0.046513688 -0.116409533 -0.076336704 0.989170372
5011.953771 0.980511785 -0.366620839 0.258385420 -0.047265619 -0.108307518 -0.080159731 0.989752412
5011.990634 0.945235670 -0.360889137 0.248743445 -0.046812098 -0.102783427 -0.079863556 0.990386784
5012.027498 0.935439169 -0.359060466 0.252244323 -0.048143692 -0.107381761 -0.081409179 0.989708960
5012.064361 0.917838693 -0.322264642 0.246772557 -0.039684314 -0.109589607 -0.082442902 0.989756763
5012.101225 0.884045064 -0.295030564 0.234408259 -0.034552988 -0.107858963 -0.081923038 0.990182400
5012.138088 0.855714738 -0.328796208 0.238643274 -0.047144379 -0.111193687 -0.084653817 0.989063740
5012.174952 0.830655098 -0.323904961 0.232824579 -0.048994113 -0.113009438 -0.081804365 0.989007831
5012.211815 0.801703691 -0.302214801 0.217137277 -0.042725779 -0.111215137 -0.079622716 0.989679694
5012.248678 0.790351987 -0.279409081 0.221074179 -0.034513410 -0.116308585 -0.075255118 0.989756465
5012.285542 0.769099176 -0.296415031 0.211664692 -0.040067218 -0.115985215 -0.070865065 0.989909172
5012.322405 0.741229773 -0.301521778 0.200085729 -0.047435995 -0.111182116 -0.066669472 0.990425944
5012.359268 0.728288770 -0.291513503 0.199337602 -0.050301097 -0.110118337 -0.062634043 0.990666807
5012.396132 0.726698399 -0.294360757 0.202849448 -0.053049922 -0.113211565 -0.066704437 0.989908755
5012.432995 0.700962484 -0.313611895 0.191156909 -0.063713335 -0.108663522 -0.066184923 0.989824474
5012.469859 0.668507874 -0.269832492 0.176647380 -0.055666018 -0.100771345 -0.064899042 0.991228819
5012.506722 0.637261748 -0.273826927 0.164241344 -0.060827587 -0.093681283 -0.065388389 0.991588712
5012.543586 0.620750785 -0.268250912 0.162559718 -0.059632041 -0.092474021 -0.065903932 0.991740525
5012.580449 0.595390499 -0.250038981 0.164187193 -0.055764321 -0.088485390 -0.063774370 0.992468417
5012.617312 0.584038734 -0.279167145 0.164176315 -0.068223365 -0.088973932 -0.063798122 0.991644621
5012.654176 0.563380301 -0.253479600 0.158481896 -0.063785344 -0.085219696 -0.062249329 0.992367923
5012.691039 0.558284760 -0.271313101 0.159300521 -0.070693605 -0.089879386 -0.062396951 0.991479099
5012.727903 0.537219048 -0.248194784 0.161983520 -0.064426705 -0.089399487 -0.065040290 0.991779566
5012.764766 0.516786337 -0.260659099 0.157345772 -0.070001893 -0.089463063 -0.065351479 0.991375446
5012.801630 0.506955504 -0.246204421 0.165378734 -0.064787492 -0.093683459 -0.066354439 0.991273463
5012.838493 0.477183938 -0.265201390 0.166407555 -0.070203416 -0.092119291 -0.067236833 0.990991771
5012.875356 0.479938805 -0.245880738 0.164463967 -0.063202195 -0.099458493 -0.063003205 0.991031826
5012.912220 0.461137921 -0.245713755 0.161541820 -0.059691913 -0.101423681 -0.062690489 0.991070151
5012.949083 0.456265092 -0.233458236 0.162455976 -0.053797334 -0.111665189 -0.063859150 0.990231693
5012.985947 0.442457139 -0.249436259 0.156526148 -0.063331880 -0.118794136 -0.064656250 0.988785386
5013.022810 0.409545094 -0.253686816 0.149797842 -0.069047049 -0.116820291 -0.061514247 0.988838494
5013.059674 0.419405490 -0.260568142 0.149336576 -0.074396148 -0.125988141 -0.058026347 0.987534881
5013.096537 0.399543852 -0.220916063 0.153574318 -0.063324526 -0.123421401 -0.057097405 0.988684475
