4977.154708 0.000000000 0.000000000 0.000000000 0.000000000 0.000000000 0.000000000 1.000000000
4977.191572 -0.003375068 0.001865269 -0.004510682 -0.003317808 0.004096752 0.002389510 0.999983251
4977.228435 -0.007374148 0.006867927 -0.010369108 -0.004533149 0.009912019 0.004675813 0.999929667
4977.265299 -0.009831148 0.017437637 -0.017000489 -0.002453482 0.016162513 0.008452064 0.999830604
4977.302162 -0.018321671 0.016010091 -0.023208985 -0.004414598 0.022157643 0.010979157 0.999684453
4977.339025 -0.026503284 0.020243505 -0.029334672 -0.003803659 0.027287964 0.015646907 0.999497950
4977.375889 -0.038302910 0.025090393 -0.037528999 -0.002142276 0.031510323 0.019330269 0.999314189
4977.412752 -0.044622298 0.025683450 -0.052349992 -0.000795592 0.032970812 0.025488047 0.999130964
4977.449616 -0.064150587 0.048450820 -0.060017057 0.008120978 0.037454896 0.031360548 0.998773098
4977.486479 -0.077109449 0.045053367 -0.068238162 0.009066915 0.038450543 0.037379716 0.998519957
4977.523343 -0.090660550 0.047398314 -0.079375230 0.009335976 0.038922042 0.042656004 0.998287737
4977.560206 -0.104770020 0.064130574 -0.094968796 0.013596222 0.039791673 0.048776165 0.997924149
4977.597069 -0.121229291 0.076637082 -0.105162121 0.015273924 0.042412341 0.054269634 0.997508228
4977.633933 -0.131311804 0.077704400 -0.117890403 0.011709822 0.044167519 0.060128305 0.997144282
4977.670796 -0.143153936 0.093535170 -0.133072644 0.010470939 0.046003573 0.064659111 0.996791482
4977.707659 -0.180029362 0.111628920 -0.139434189 0.010736677 0.054413296 0.065519273 0.996308744
4977.744523 -0.199449688 0.121366680 -0.150942922 0.009779026 0.058619320 0.066978522 0.995982945
4977.781386 -0.209063843 0.135200635 -0.160244957 0.007853758 0.059658006 0.069852777 0.995740831
4977.818250 -0.226071700 0.137140676 -0.173570722 0.003886719 0.064033024 0.072445951 0.995307148
4977.855113 -0.242011011 0.152183503 -0.183662549 0.007497946 0.067281052 0.072630733 0.995058775
4977.891977 -0.248502672 0.157207549 -0.197261319 0.009723067 0.067246333 0.072282620 0.995067179
4977.928840 -0.267232358 0.167215854 -0.206439734 0.013185146 0.070378706 0.072274305 0.994811296
4977.965703 -0.272416055 0.162762493 -0.217172801 0.012969839 0.069405749 0.071721196 0.994922459
4978.002567 -0.286234766 0.159429744 -0.224440157 0.012656306 0.070203923 0.069327794 0.995040119
4978.039430 -0.294110835 0.162085772 -0.233679742 0.012983919 0.069326445 0.068142228 0.995179355
4978.076294 -0.300131917 0.175172955 -0.244485497 0.015530440 0.068254523 0.068070859 0.995221853
4978.113157 -0.301875412 0.179573193 -0.257891864 0.015599991 0.066455200 0.066714354 0.995434344
4978.150021 -0.310016990 0.191548169 -0.264496416 0.017907372 0.066835739 0.066148624 0.995407820
4978.186884 -0.314504266 0.194797412 -0.272613466 0.017136842 0.066286579 0.064997964 0.995533884
4978.223747 -0.318725049 0.204484522 -0.279628843 0.017889390 0.066471770 0.064295977 0.995553911
4978.260611 -0.321770370 0.210996389 -0.292902648 0.016984623 0.067433581 0.064615227 0.995484352
4978.297474 -0.333330274 0.224627092 -0.297635347 0.018306173 0.071344480 0.064972110 0.995165050
4978.334338 -0.339030415 0.235051334 -0.304623246 0.018318865 0.073817700 0.063985363 0.995048344
4978.371201 -0.340253711 0.243793502 -0.317852706 0.015138026 0.074041322 0.064346291 0.995061934
4978.408064 -0.355208874 0.249551028 -0.325089514 0.013294338 0.078069545 0.065196827 0.994724929
4978.444928 -0.356269926 0.266059846 -0.330820799 0.014251828 0.077958941 0.065834202 0.994678378
4978.481791 -0.355695188 0.270837903 -0.343756318 0.010457562 0.076136075 0.069004424 0.994651854
4978.518655 -0.361301959 0.277871668 -0.355572581 0.008176578 0.075273246 0.073207974 0.994438410
4978.555518 -0.365267038 0.284994334 -0.367245108 0.007823114 0.072445735 0.076593146 0.994396269
4978.592381 -0.373336166 0.284657687 -0.372654229 0.007769523 0.070518635 0.076028854 0.994578481
4978.629245 -0.370438099 0.285642326 -0.380424529 0.010183643 0.066756472 0.080733694 0.994445562
4978.666108 -0.379154205 0.291286945 -0.390718728 0.015543909 0.067223966 0.083974726 0.994076252
4978.702972 -0.385546535 0.287433833 -0.399597198 0.018584952 0.067910381 0.085716955 0.993828654
4978.739835 -0.393959403 0.287844211 -0.407531172 0.021814525 0.069629379 0.087066464 0.993526697
4978.776698 -0.406201363 0.288776875 -0.416491598 0.023902031 0.073085845 0.089339748 0.993028462
4978.813562 -0.419156313 0.302877069 -0.424628377 0.029610498 0.077474780 0.092414990 0.992260218
4978.850425 -0.429784596 0.307272017 -0.430638462 0.032602686 0.081926927 0.094906002 0.991573453
4978.887289 -0.441052377 0.305640399 -0.437233269 0.032804605 0.086764634 0.098284163 0.990825891
4978.924152 -0.456726342 0.314407080 -0.438308686 0.035220850 0.093133777 0.102236524 0.989764273
4978.961016 -0.470431328 0.313277632 -0.441720366 0.035678964 0.099028990 0.106045723 0.988774300
4978.997879 -0.484295189 0.313943744 -0.442412317 0.036812868 0.104715236 0.109863691 0.987729430
4979.034742 -0.503723323 0.315310240 -0.441727370 0.038569365 0.111050047 0.113959223 0.986505747
4979.071606 -0.516791344 0.318331301 -0.441791624 0.039898440 0.114535555 0.117297307 0.985662758
4979.108469 -0.540845037 0.316331595 -0.439722240 0.040300120 0.119815767 0.119229682 0.984786451
4979.145333 -0.555510879 0.310756058 -0.437519073 0.039239310 0.122223035 0.122056387 0.984187007
4979.182196 -0.568735957 0.318476290 -0.439113200 0.039689559 0.124010056 0.126514688 0.983382046
4979.219059 -0.581980169 0.320985883 -0.437809527 0.040552542 0.127206087 0.132812545 0.982107401
4979.255923 -0.598199546 0.323460042 -0.438749820 0.040637162 0.129959777 0.137412235 0.981110036
4979.292786 -0.617606997 0.326305658 -0.440810084 0.040218152 0.133588269 0.140279412 0.980233848
4979.329650 -0.632103920 0.316149145 -0.444274038 0.038395513 0.138523787 0.141086400 0.979505777
4979.366513 -0.644935608 0.315018415 -0.451166928 0.036429651 0.144235626 0.143030792 0.978473842
4979.403376 -0.653464973 0.306885689 -0.456774980 0.033195809 0.151760727 0.145641431 0.977064610
4979.440240 -0.665960371 0.310425669 -0.456415534 0.035921115 0.162225872 0.147510022 0.975004256
4979.477103 -0.685132861 0.305292130 -0.458615780 0.036757518 0.174619883 0.147305697 0.972860634
4979.513967 -0.681819439 0.296386391 -0.466005385 0.036568079 0.181227818 0.147054777 0.971696496
4979.550830 -0.689567327 0.293875635 -0.467046052 0.036888625 0.189359382 0.147417173 0.970077515
4979.587694 -0.692049146 0.284132391 -0.472803473 0.034686860 0.194094807 0.146699741 0.969331324
4979.624557 -0.694797158 0.278635949 -0.472529590 0.035532065 0.197944120 0.146791175 0.968508124
4979.661420 -0.693570614 0.270744652 -0.469225764 0.035695389 0.198984087 0.145476326 0.968487382
4979.698284 -0.694063067 0.270526856 -0.468829215 0.035706859 0.198367208 0.146252066 0.968496680
4979.735147 -0.694205165 0.268438637 -0.466023266 0.037377704 0.197668061 0.148350716 0.968257368
4979.772011 -0.695636511 0.270269662 -0.464348793 0.039405379 0.196196020 0.151956111 0.967917144
4979.808874 -0.696063101 0.272985131 -0.461177021 0.041869804 0.194094896 0.154073611 0.967902601
4979.845737 -0.697694898 0.271240085 -0.456624895 0.043855108 0.192805752 0.155651346 0.967819870
4979.882601 -0.692834735 0.275110990 -0.452184528 0.044489294 0.189408988 0.156147674 0.968381584
4979.919464 -0.691161335 0.265534669 -0.449043363 0.043171868 0.187466532 0.154219463 0.969127834
4979.956328 -0.694115222 0.264921427 -0.441407055 0.045178212 0.187312767 0.150264665 0.969687283
4979.993191 -0.687836528 0.248766109 -0.440267682 0.042089015 0.185966209 0.149843022 0.970150590
4980.030054 -0.685105801 0.244473591 -0.434120774 0.043790605 0.187659204 0.150514886 0.969645143
4980.066918 -0.678191543 0.236340925 -0.431783676 0.044928253 0.188881844 0.149523392 0.969509065
4980.103781 -0.682360530 0.226430163 -0.425436735 0.046074282 0.192652643 0.148214519 0.968914151
4980.140645 -0.680662155 0.219358131 -0.422403395 0.047073513 0.194455549 0.148358151 0.968483865
4980.177508 -0.674145639 0.212248743 -0.419651896 0.047533322 0.193658069 0.150073931 0.968356788
4980.214372 -0.673469186 0.203962266 -0.414966226 0.047008947 0.192603856 0.150888354 0.968466103
4980.251235 -0.673436224 0.197436720 -0.408874989 0.049501978 0.190681532 0.151476994 0.968630373
4980.288098 -0.670443535 0.194804758 -0.405323595 0.050264131 0.185817242 0.150983319 0.969613075
4980.324962 -0.670391500 0.196540579 -0.398801982 0.049040500 0.180549070 0.151214629 0.970634401
4980.361825 -0.675981224 0.186838612 -0.391182750 0.046537165 0.178363249 0.152970329 0.970886648
4980.398689 -0.682175040 0.176851317 -0.386245131 0.043090157 0.176258639 0.153331533 0.971373022
4980.435552 -0.689245820 0.178733155 -0.378711164 0.043712191 0.175319433 0.151283637 0.971836150
4980.472415 -0.698077738 0.168040231 -0.378542840 0.042626183 0.175634250 0.148485199 0.972259104
4980.509279 -0.704311013 0.163120091 -0.375673175 0.042062346 0.175795034 0.146559611 0.972546697
4980.546142 -0.717328191 0.159998640 -0.370514452 0.043379273 0.178638220 0.146576867 0.971967995
4980.583006 -0.728716493 0.162244856 -0.371084392 0.046764303 0.180661738 0.148510143 0.971143186
4980.619869 -0.738904953 0.162496254 -0.365901589 0.048957933 0.182231545 0.150212318 0.970479786
4980.656733 -0.751736879 0.166890055 -0.359629512 0.051668108 0.184277236 0.155702934 0.969086587
4980.693596 -0.765777528 0.165048271 -0.357170433 0.051945496 0.185863018 0.160801142 0.967935741
4980.730459 -0.780298650 0.163798451 -0.352326870 0.051718127 0.187743202 0.165962994 0.966712952
4980.767323 -0.797073603 0.164759561 -0.349381149 0.051893845 0.189379394 0.170515791 0.965591371
4980.804186 -0.812879622 0.163923234 -0.347073615 0.052104089 0.190892041 0.172322616 0.964961231
4980.841050 -0.824500561 0.164687544 -0.338718712 0.052580073 0.192091167 0.174857587 0.964241207
4980.877913 -0.834747255 0.169469237 -0.334323227 0.052062839 0.192434698 0.177978694 0.963629544
4980.914776 -0.845632792 0.168875068 -0.330889046 0.051693369 0.193623751 0.181340978 0.962784052
4980.951640 -0.853861928 0.169897556 -0.329184771 0.051886931 0.194116935 0.181138411 0.962712467
4980.988503 -0.863760710 0.163190827 -0.326320350 0.051531892 0.195241496 0.182046846 0.962332666
4981.025367 -0.864314377 0.162584901 -0.321801603 0.051479474 0.193873152 0.181402728 0.962733686
4981.062230 -0.870669127 0.155659243 -0.315080523 0.048173793 0.194045916 0.182804748 0.962604761
4981.099093 -0.873979151 0.156210855 -0.311874449 0.046432424 0.193502337 0.185536340 0.962277055
4981.135957 -0.875317216 0.156157732 -0.302666485 0.044788700 0.193867445 0.186501771 0.962094843
4981.172820 -0.868143618 0.148900539 -0.299645931 0.040403016 0.191324517 0.186921284 0.962716460
4981.209684 -0.866513133 0.151198834 -0.290110260 0.038159229 0.190171510 0.187295988 0.962963581
4981.246547 -0.861475468 0.148369834 -0.286127269 0.034308609 0.187313408 0.186651185 0.963793516
4981.283411 -0.862583816 0.147821248 -0.276973993 0.031132976 0.186458021 0.186985552 0.964002371
4981.320274 -0.849970341 0.145857811 -0.274658561 0.026922112 0.182580948 0.188671947 0.964542568
4981.357137 -0.840183735 0.142727688 -0.268834412 0.023721548 0.179751515 0.189466417 0.965002179
4981.394001 -0.828018725 0.145702407 -0.264460593 0.021575397 0.176081643 0.189586699 0.965705276
4981.430864 -0.821614861 0.148841321 -0.259012312 0.020854983 0.174462959 0.189172462 0.966096044
4981.467728 -0.807747126 0.147517577 -0.258259088 0.019306205 0.170712948 0.188511401 0.966926992
4981.504591 -0.796220422 0.148115471 -0.256229818 0.018640332 0.167235464 0.187109590 0.967819631
4981.541455 -0.783341706 0.145001784 -0.254582465 0.018790370 0.164296255 0.185111225 0.968704045
4981.578318 -0.767006040 0.147170529 -0.254470319 0.020658953 0.160269171 0.182067543 0.969916701
4981.615181 -0.754576445 0.143817872 -0.254443526 0.021715477 0.157743230 0.178227365 0.971020341
4981.652045 -0.736382127 0.144716188 -0.254788101 0.021809081 0.153349042 0.175782666 0.972167075
4981.688908 -0.721948326 0.140555277 -0.254188538 0.019514969 0.149767324 0.174038559 0.973087609
4981.725771 -0.702406347 0.138810828 -0.257880867 0.018911289 0.144641146 0.170937404 0.974423766
4981.762635 -0.682933629 0.140160978 -0.259776533 0.018060910 0.138642430 0.167458326 0.975914836
4981.799498 -0.667432785 0.137006432 -0.259251088 0.015802326 0.134654000 0.166134298 0.976738453
4981.836362 -0.647065639 0.135176435 -0.258791149 0.014562211 0.130574405 0.165770233 0.977373242
4981.873225 -0.631290197 0.133852780 -0.259546757 0.014011538 0.127923742 0.166271120 0.977646768
4981.910089 -0.613330841 0.135285839 -0.262987614 0.015189576 0.125570804 0.168496147 0.977553248
4981.946952 -0.605660021 0.133096963 -0.258000076 0.016218005 0.126638934 0.169847906 0.977164924
4981.983815 -0.589995384 0.132572353 -0.255894899 0.017387100 0.124162339 0.170265093 0.977389991
4982.020679 -0.575890779 0.127064124 -0.253421664 0.017746760 0.121736430 0.170006409 0.977733672
4982.057542 -0.564952195 0.120148368 -0.252095282 0.017511671 0.118685164 0.169499308 0.978200972
4982.094406 -0.551924884 0.119297668 -0.247514591 0.018241514 0.114264734 0.168426707 0.978899002
4982.131269 -0.537514508 0.115377761 -0.243893892 0.018273016 0.109536476 0.167387113 0.979617000
4982.168133 -0.526835799 0.111971505 -0.237396538 0.018129127 0.105622143 0.163662881 0.980678260
4982.204996 -0.514245868 0.115746304 -0.233614624 0.019633610 0.100939430 0.162102714 0.981401324
4982.241859 -0.500120282 0.113239050 -0.227565974 0.019930352 0.096530996 0.159849897 0.982208014
4982.278723 -0.488104701 0.107865095 -0.225960374 0.020050071 0.092769869 0.158311635 0.982816994
4982.315586 -0.470630616 0.106924854 -0.217764884 0.021350425 0.087271214 0.157300830 0.983455360
4982.352450 -0.463792831 0.100323394 -0.204896569 0.021423284 0.086718857 0.154394493 0.983963013
4982.389313 -0.452257246 0.101823553 -0.197913587 0.022949047 0.085334241 0.152070552 0.984411478
4982.426177 -0.438593507 0.087214574 -0.189334303 0.018389666 0.084553733 0.148175865 0.985168219
4982.463040 -0.425148576 0.088623844 -0.184191078 0.017045293 0.083553657 0.145211548 0.985718966
4982.499903 -0.414186329 0.083846167 -0.177948922 0.011479236 0.082059406 0.140758350 0.986570597
4982.536767 -0.401250988 0.077287182 -0.170800984 0.006920785 0.080781057 0.135652840 0.987433434
4982.573630 -0.390631646 0.066852860 -0.166049778 0.006618631 0.081297711 0.130098134 0.988140345
4982.610493 -0.377367944 0.071326986 -0.163092136 0.009717677 0.079091936 0.126114622 0.988809943
4982.647357 -0.362958878 0.052675679 -0.164133966 0.004049505 0.077358022 0.122601807 0.989428163
4982.684220 -0.350250751 0.046903830 -0.158123836 0.001309395 0.075636633 0.123111986 0.989505351
4982.721084 -0.340901524 0.044805169 -0.153325796 -0.001226929 0.074451633 0.121332541 0.989815056
4982.757947 -0.326400071 0.045824986 -0.143816456 -0.001145567 0.072415605 0.121365383 0.989962161
4982.794811 -0.314253062 0.042837262 -0.143694460 -0.000995268 0.071823761 0.121613920 0.989974976
4982.831674 -0.297730803 0.037242919 -0.139488176 -0.002329270 0.069844201 0.122475766 0.990008116
4982.868537 -0.283129096 0.032508511 -0.135985672 -0.003470231 0.068354532 0.124251187 0.989887476
4982.905401 -0.264190435 0.037007269 -0.132211864 -0.001796120 0.064990453 0.125378653 0.989976346
4982.942264 -0.249543190 0.033021897 -0.126580223 -0.002696280 0.061473191 0.124491416 0.990310907
4982.979128 -0.234556556 0.035713449 -0.122422278 -0.002697086 0.057840336 0.123630248 0.990637600
4983.015991 -0.217197686 0.033732492 -0.117835909 -0.004297326 0.054172050 0.122153990 0.991022348
4983.052855 -0.196018279 0.037352543 -0.115621313 -0.004482104 0.049084771 0.119668782 0.991589606
4983.089718 -0.178844035 0.028440539 -0.111481205 -0.007234406 0.046126634 0.116466068 0.992096603
4983.126581 -0.157318234 0.031165229 -0.107855670 -0.005655643 0.041490886 0.113160685 0.992693901
4983.163445 -0.136177033 0.031961441 -0.106253274 -0.004508703 0.036236744 0.106865279 0.993602753
4983.200308 -0.108183540 0.019777765 -0.109006315 -0.008505803 0.028274108 0.102382943 0.994306743
4983.237172 -0.085359290 0.023167625 -0.108629905 -0.009156004 0.021065893 0.098574042 0.994864583
4983.274035 -0.065728858 0.016305273 -0.109609872 -0.011808815 0.015269707 0.092169762 0.995556176
4983.310899 -0.044601496 0.013127798 -0.109137461 -0.013708837 0.008988531 0.086971715 0.996075869
4983.347762 -0.020720685 0.011269676 -0.109527409 -0.014617438 0.002765164 0.081777520 0.996539533
4983.384625 -0.000093817 0.006243006 -0.108717412 -0.015397745 -0.002200052 0.076670431 0.996935129
4983.421489 0.021951612 0.003369767 -0.107180610 -0.014428152 -0.007357327 0.072084770 0.997267008
4983.458352 0.041711196 -0.000888702 -0.107487090 -0.013977598 -0.011992212 0.068674982 0.997469068
4983.495215 0.048527509 0.004946443 -0.100271627 -0.011635374 -0.014145450 0.066289999 0.997632265
4983.532079 0.065146357 -0.009545224 -0.101001590 -0.016833888 -0.019823676 0.064336173 0.997589350
4983.568942 0.084530778 -0.008765677 -0.095504038 -0.018486641 -0.028210578 0.060586832 0.997592986
4983.605806 0.090705499 -0.002044988 -0.086767480 -0.018433034 -0.034063127 0.056724310 0.997638345
4983.642669 0.108478256 -0.012020368 -0.083295517 -0.023019310 -0.043020602 0.052332174 0.997437060
4983.679533 0.123032130 -0.013115663 -0.072080217 -0.022558706 -0.050849244 0.049578965 0.997219801
4983.716396 0.127712682 -0.012692573 -0.063618988 -0.021656292 -0.055733968 0.046695136 0.997117996
4983.753259 0.146837428 -0.021602422 -0.056103759 -0.025384782 -0.064139411 0.047489200 0.996487081
4983.790123 0.159933195 -0.014377147 -0.048965354 -0.023508916 -0.069159180 0.044591695 0.996331215
4983.826986 0.180972487 -0.023224596 -0.040116969 -0.026715886 -0.074629158 0.040749144 0.996020257
4983.863850 0.190231442 -0.026732828 -0.033769064 -0.028776241 -0.074657664 0.039068449 0.996028006
4983.900713 0.204020932 -0.027425045 -0.027543962 -0.029641813 -0.074899577 0.035487693 0.996118486
4983.937577 0.218369111 -0.037963364 -0.017887618 -0.034025326 -0.075475529 0.029783124 0.996121824
4983.974440 0.222387940 -0.039663404 -0.013196260 -0.036500040 -0.072519325 0.025756801 0.996366024
4984.011303 0.245073676 -0.053631674 -0.003247187 -0.042523041 -0.074695803 0.024211319 0.996005118
4984.048167 0.263406724 -0.049082618 0.000849292 -0.044053681 -0.076109663 0.021185201 0.995900512
4984.085030 0.280915856 -0.064693227 0.004349630 -0.049615636 -0.077293135 0.021486744 0.995541275
4984.121894 0.295318961 -0.062578090 0.008748207 -0.048815433 -0.078681864 0.023161059 0.995434463
4984.158757 0.304681033 -0.068332739 0.011549257 -0.050461810 -0.080108836 0.025666943 0.995177090
4984.195620 0.327531695 -0.073122241 0.012778722 -0.052583795 -0.086220391 0.027743181 0.994500518
4984.232484 0.332765251 -0.072759889 0.016409609 -0.051712584 -0.089701496 0.026599640 0.994269550
4984.269347 0.343338877 -0.087353125 0.016746879 -0.053007286 -0.095581196 0.023908809 0.993721724
4984.306211 0.362590700 -0.086030342 0.019255325 -0.048848249 -0.104821779 0.022603303 0.993033350
4984.343074 0.374822885 -0.092724890 0.020872936 -0.048524924 -0.112385347 0.021749413 0.992240787
4984.379937 0.389596373 -0.088981256 0.024080820 -0.044149466 -0.119942963 0.021069938 0.991574764
4984.416801 0.402102441 -0.094539993 0.029660843 -0.043383207 -0.126591697 0.017368827 0.990853548
4984.453664 0.422695637 -0.089830339 0.037289783 -0.041131195 -0.135953128 0.012026921 0.989787996
4984.490528 0.442166507 -0.095787823 0.042094916 -0.044505160 -0.142978191 0.006971878 0.988700092
4984.527391 0.447362959 -0.095986947 0.044351421 -0.046813644 -0.144561529 -0.000159153 0.988387764
4984.564255 0.463413715 -0.101752460 0.049040154 -0.051009495 -0.148076400 -0.008822167 0.987620175
4984.601118 0.488169581 -0.102513932 0.053589590 -0.053124484 -0.151143670 -0.015283545 0.986964941
4984.637981 0.511402369 -0.103118867 0.057387158 -0.053641133 -0.152406663 -0.020147884 0.986655414
4984.674845 0.520288467 -0.102652274 0.054932579 -0.051914819 -0.148592398 -0.026144512 0.987188756
4984.711708 0.553823888 -0.111660831 0.060847133 -0.053107105 -0.153636649 -0.030161353 0.986238182
4984.748572 0.562606156 -0.112775534 0.052083343 -0.051567864 -0.149877012 -0.031900909 0.986843407
4984.785435 0.577976644 -0.112799920 0.050103351 -0.050842695 -0.148754388 -0.032750614 0.987023056
4984.822298 0.605429888 -0.116411649 0.053912893 -0.051538661 -0.153506652 -0.033835653 0.986222386
4984.859162 0.621155798 -0.122011818 0.054567024 -0.051581994 -0.156189278 -0.038238198 0.985637903
4984.896025 0.637013674 -0.129926279 0.051262408 -0.052114017 -0.158476844 -0.041772533 0.985101163
4984.932889 0.650617719 -0.126551285 0.050351173 -0.050933577 -0.159455165 -0.039370723 0.985103905
4984.969752 0.683058619 -0.123081639 0.054030746 -0.048303854 -0.165105313 -0.036429182 0.984418571
4985.006616 0.702269673 -0.121546187 0.058065891 -0.045581523 -0.168059468 -0.035041898 0.984098732
4985.043479 0.717240751 -0.120783567 0.056840256 -0.043132134 -0.168704569 -0.033591900 0.984149337
4985.080342 0.735293746 -0.126672462 0.053287327 -0.043217219 -0.168682024 -0.031587280 0.984215856
4985.117206 0.750497401 -0.116545141 0.055332392 -0.037646651 -0.168547422 -0.030163717 0.984512389
4985.154069 0.768292546 -0.128757209 0.060559779 -0.037675619 -0.169169530 -0.029891755 0.984412849
4985.190933 0.783261895 -0.122735202 0.067089543 -0.034017295 -0.169375256 -0.026334064 0.984612286
4985.227796 0.805304587 -0.131223843 0.069866240 -0.035750423 -0.170593023 -0.022525040 0.984435141
4985.264659 0.826117992 -0.139484137 0.075918019 -0.037402377 -0.171759069 -0.019555641 0.984234452
4985.301523 0.838104129 -0.150244251 0.079626635 -0.038845442 -0.171084344 -0.019425770 0.984298587
4985.338386 0.856023848 -0.143631816 0.091984138 -0.034512430 -0.172678709 -0.019748693 0.984175265
4985.375250 0.863721669 -0.130086094 0.091493428 -0.029256029 -0.170598194 -0.020501779 0.984692812
4985.412113 0.891410351 -0.153014749 0.100808531 -0.035843242 -0.174365297 -0.020341871 0.983818173
4985.448976 0.907152295 -0.163981110 0.116116241 -0.038616370 -0.175740033 -0.020603294 0.983463109
4985.485840 0.923436880 -0.180835739 0.121658474 -0.044073824 -0.175766349 -0.020272564 0.983235836
4985.522703 0.940179348 -0.176608488 0.131490022 -0.042962071 -0.175689071 -0.020351361 0.983297229
4985.559567 0.952710271 -0.191812754 0.135738313 -0.048322536 -0.173382491 -0.018152524 0.983500838
4985.596430 0.965513110 -0.192139909 0.141252145 -0.047559358 -0.171082750 -0.016960137 0.983961940
4985.633294 0.975367069 -0.206746399 0.139861554 -0.048376072 -0.167560518 -0.018431826 0.984501600
4985.670157 0.975674987 -0.201908141 0.144122049 -0.044868667 -0.162947789 -0.015859174 0.985486329
4985.707020 0.986278176 -0.201631576 0.149677157 -0.044640820 -0.161394477 -0.013612217 0.985785902
4985.743884 1.001785874 -0.219994217 0.153343290 -0.051509000 -0.162185982 -0.012066909 0.985341012
4985.780747 1.005576730 -0.227159962 0.156682968 -0.055118270 -0.160731673 -0.012956221 0.985372722
4985.817611 1.011925936 -0.202706367 0.160711184 -0.048525516 -0.160372838 -0.013813901 0.985766232
4985.854474 1.024619818 -0.212637365 0.168194354 -0.052147269 -0.162274301 -0.014216186 0.985264242
4985.891337 1.027906418 -0.210764825 0.172211155 -0.052110866 -0.161143184 -0.014181718 0.985452294
4985.928201 1.042739153 -0.226324439 0.181416273 -0.057846088 -0.163961276 -0.015051531 0.984654248
4985.965064 1.051825762 -0.226008877 0.184033379 -0.058186483 -0.164354637 -0.015719473 0.984558225
4986.001928 1.056463003 -0.233374894 0.181694180 -0.061667949 -0.162948072 -0.016879901 0.984560907
4986.038791 1.067466378 -0.228763714 0.191986680 -0.060452744 -0.164702609 -0.017234346 0.984338105
4986.075654 1.073775411 -0.228608280 0.192107916 -0.059784245 -0.164368138 -0.018941030 0.984403491
4986.112518 1.084843159 -0.223360837 0.195285529 -0.059436593 -0.165718138 -0.017613107 0.984222889
4986.149381 1.094234109 -0.222002253 0.197045460 -0.060270134 -0.166585892 -0.016606988 0.984043121
4986.186245 1.116358638 -0.215320036 0.207662523 -0.058483567 -0.172421962 -0.016169008 0.983152568
4986.223108 1.130331278 -0.221356347 0.207206771 -0.059957169 -0.174626827 -0.016989905 0.982660651
4986.259971 1.134103179 -0.207419798 0.210485071 -0.055278048 -0.174260855 -0.017467050 0.982991576
4986.296835 1.150640488 -0.221127555 0.210495129 -0.058594875 -0.176826224 -0.018744342 0.982317567
4986.333698 1.157897592 -0.204744935 0.212545291 -0.053245895 -0.177193433 -0.019934285 0.982532442
4986.370562 1.173693895 -0.214430392 0.209984943 -0.056009762 -0.179416478 -0.023725556 0.981890917
4986.407425 1.182307482 -0.216921523 0.204293922 -0.055925205 -0.178626567 -0.028506229 0.981912613
4986.444289 1.199035287 -0.209451169 0.206950486 -0.053439245 -0.180334717 -0.031014441 0.981662750
4986.481152 1.217443228 -0.205894455 0.207298443 -0.052774277 -0.182145789 -0.033604294 0.981279016
4986.518015 1.235117555 -0.204568475 0.210052818 -0.052923873 -0.183865085 -0.036502276 0.980846703
4986.554879 1.258960962 -0.212029949 0.215550423 -0.055651892 -0.186854228 -0.037468508 0.980094135
4986.591742 1.283065438 -0.221933007 0.213936508 -0.059237719 -0.189413637 -0.038108788 0.979367673
4986.628606 1.296677947 -0.211340815 0.208686292 -0.055738002 -0.189370811 -0.039451450 0.979528189
4986.665469 1.310114384 -0.207491070 0.208179504 -0.054798838 -0.191346541 -0.040892966 0.979138076
4986.702332 1.335439920 -0.216793433 0.207397282 -0.058689907 -0.197686642 -0.043151326 0.977554798
4986.739196 1.348174572 -0.217135713 0.204715788 -0.059837352 -0.201501340 -0.045792844 0.976585746
4986.776059 1.370198131 -0.221539184 0.207365185 -0.060397279 -0.207506016 -0.046638954 0.975252926
4986.812923 1.388460159 -0.220346600 0.208069682 -0.058435850 -0.211360276 -0.046163782 0.974567115
4986.849786 1.405334473 -0.226350650 0.206320047 -0.059868883 -0.213698924 -0.043070234 0.974111617
4986.886649 1.423248291 -0.220691755 0.210366160 -0.058844335 -0.216259450 -0.041103594 0.973693848
4986.923513 1.429632306 -0.224861339 0.199786484 -0.060040105 -0.214604944 -0.041943870 0.973951042
4986.960376 1.452986479 -0.225087702 0.214663506 -0.061684966 -0.220698610 -0.042865362 0.972445190
4986.997240 1.463692307 -0.223996341 0.215187222 -0.062169004 -0.220694095 -0.045325175 0.972303808
4987.034103 1.482865930 -0.227086455 0.222721010 -0.063546702 -0.222627833 -0.046385869 0.971723735
4987.070967 1.496854544 -0.234529853 0.235538274 -0.065232873 -0.223039165 -0.045400549 0.971564174
4987.107830 1.505418897 -0.231568515 0.231208920 -0.062733158 -0.219478771 -0.044365060 0.972586930
4987.144693 1.517517328 -0.225555137 0.237598836 -0.059818525 -0.218187511 -0.041065268 0.973205805
4987.181557 1.530538797 -0.238854319 0.240044445 -0.061786722 -0.217007026 -0.037253607 0.973500133
4987.218420 1.544755578 -0.250504971 0.248604327 -0.062633574 -0.218488902 -0.034513019 0.973215520
4987.255284 1.557276845 -0.253238380 0.254170895 -0.060831260 -0.219741195 -0.030811306 0.973172188
4987.292147 1.566890121 -0.254689425 0.262676895 -0.058684941 -0.221476927 -0.028955650 0.972967446
4987.329010 1.576865673 -0.261188895 0.267191857 -0.059871368 -0.222939834 -0.027365418 0.972607017
4987.365874 1.589973450 -0.266225398 0.276603371 -0.062412392 -0.225853905 -0.026106650 0.971809208
4987.402737 1.598688245 -0.267045110 0.277883708 -0.063454501 -0.226192549 -0.028818782 0.971586287
4987.439601 1.609100580 -0.268112779 0.288335115 -0.064091489 -0.228347868 -0.033071205 0.970904648
4987.476464 1.618349075 -0.272999883 0.287869066 -0.063057140 -0.227388352 -0.037207257 0.971047878
4987.513327 1.627843022 -0.276607722 0.293099672 -0.062870018 -0.226264626 -0.039703101 0.971223652
4987.550191 1.634703875 -0.291784525 0.295406967 -0.069018520 -0.223496884 -0.041134849 0.971387446
4987.587054 1.640510678 -0.289149344 0.293334424 -0.069996379 -0.219211861 -0.044155102 0.972160995
4987.623918 1.651782036 -0.291757703 0.298719257 -0.071224310 -0.218414381 -0.048773751 0.972030520
4987.660781 1.661226988 -0.289793134 0.302587152 -0.070876524 -0.217150822 -0.053101413 0.972112238
4987.697645 1.675180674 -0.291664869 0.316599250 -0.071685448 -0.218947351 -0.055761643 0.971500874
4987.734508 1.685554862 -0.291650653 0.322135091 -0.071742937 -0.220158905 -0.058915980 0.971036553
4987.771371 1.695559978 -0.300171882 0.327297658 -0.074555121 -0.222969130 -0.061699014 0.970010102
4987.808235 1.703786731 -0.298567921 0.326343626 -0.073758632 -0.227088600 -0.066897742 0.968769908
4987.845098 1.714138269 -0.294945896 0.329808712 -0.073742725 -0.234190300 -0.071492143 0.966750145
4987.881962 1.723755240 -0.297930121 0.336699277 -0.076300517 -0.242792308 -0.077203475 0.963986397
4987.918825 1.734567404 -0.290839314 0.339580595 -0.076271683 -0.251278907 -0.081670642 0.961442351
4987.955688 1.749233961 -0.300117135 0.343511879 -0.081382260 -0.261341363 -0.086540155 0.957908332
4987.992552 1.765111446 -0.295213640 0.349387169 -0.081826083 -0.271709949 -0.091789626 0.954490900
4988.029415 1.781643510 -0.295599282 0.350554764 -0.083583236 -0.280158401 -0.096377224 0.951439202
4988.066279 1.798187733 -0.296598315 0.353324175 -0.085725248 -0.288442641 -0.102190286 0.948160946
4988.103142 1.816657782 -0.288531125 0.352490485 -0.084951617 -0.294972301 -0.107508734 0.945630193
4988.140006 1.832127094 -0.295169950 0.350807190 -0.089580193 -0.300241709 -0.115825556 0.942557573
4988.176869 1.854329467 -0.295942605 0.354345083 -0.093971163 -0.306217015 -0.122811206 0.939317822
4988.213732 1.869121552 -0.297607869 0.341968596 -0.099742010 -0.305105060 -0.129519105 0.938182950
4988.250596 1.889162064 -0.296731055 0.356535673 -0.106037758 -0.309120268 -0.132022411 0.935826242
4988.287459 1.903581023 -0.297413170 0.352700055 -0.107473858 -0.309371203 -0.138938591 0.934577405
4988.324323 1.919662952 -0.298465252 0.351801276 -0.105974250 -0.311838269 -0.145850614 0.932874024
4988.361186 1.935616612 -0.308110058 0.345857322 -0.107337549 -0.313080877 -0.149521112 0.931720138
4988.398049 1.952555180 -0.305949271 0.349680305 -0.105569459 -0.315756291 -0.151402727 0.930714905
4988.434913 1.965872765 -0.311232954 0.354648054 -0.105524391 -0.318458200 -0.154947087 0.929214954
4988.471776 1.975750685 -0.315277100 0.353752196 -0.104669653 -0.319999397 -0.160213679 0.927888036
4988.508640 1.991171718 -0.314956993 0.362244546 -0.103481762 -0.323905140 -0.164377123 0.925935805
4988.545503 1.999333143 -0.321754336 0.366046965 -0.106191814 -0.325477630 -0.168433398 0.924347222
4988.582366 2.008533239 -0.321956336 0.380773306 -0.107690707 -0.328958631 -0.170716673 0.922520876
4988.619230 2.022001982 -0.325343579 0.381364644 -0.106663592 -0.331990987 -0.173923805 0.920953512
4988.656093 2.030587196 -0.333937258 0.391328037 -0.107615411 -0.335131049 -0.176464304 0.919220567
4988.692957 2.043126106 -0.336958557 0.400973678 -0.105784647 -0.338889986 -0.178065464 0.917744994
4988.729820 2.048138618 -0.346519798 0.407382727 -0.106618538 -0.339743048 -0.179091886 0.917133152
4988.766684 2.054221153 -0.355456650 0.420957446 -0.105506301 -0.341886520 -0.181133226 0.916063726
4988.803547 2.066563606 -0.363243669 0.435443819 -0.103657953 -0.344572991 -0.183048755 0.914886713
4988.840410 2.073254347 -0.372723639 0.444388807 -0.104554780 -0.343983501 -0.184176758 0.914780080
4988.877274 2.078900814 -0.380858153 0.456177115 -0.105960332 -0.342194200 -0.185463145 0.915029466
4988.914137 2.091489792 -0.389878571 0.469104767 -0.108383410 -0.342642874 -0.187603995 0.914140940
4988.951001 2.101771832 -0.405194759 0.476308227 -0.109964095 -0.341437101 -0.191601381 0.913574040
4988.987864 2.111070156 -0.423097789 0.486892164 -0.108583227 -0.340660840 -0.194901213 0.913330913
4989.024728 2.119307518 -0.443682730 0.484146476 -0.105743244 -0.335942179 -0.195622057 0.915255845
4989.061591 2.125089169 -0.445043206 0.500116885 -0.098744437 -0.336247057 -0.196422935 0.915754020
4989.098454 2.130021811 -0.451565653 0.513636470 -0.096379362 -0.337208211 -0.195185736 0.915917158
4989.135318 2.135223150 -0.454885364 0.518750668 -0.093830258 -0.338650674 -0.195233524 0.915639400
4989.172181 2.142805815 -0.471141517 0.530342519 -0.094348766 -0.345109493 -0.196309924 0.912940383
4989.209044 2.142726898 -0.483097553 0.541301072 -0.093271434 -0.351365179 -0.198627487 0.910159349
4989.245908 2.146994114 -0.493041247 0.551630497 -0.091377936 -0.359357208 -0.201521918 0.906587780
4989.282771 2.152413845 -0.504373789 0.561216176 -0.088645875 -0.368616968 -0.203577206 0.902673662
4989.319635 2.154649973 -0.517266810 0.573653221 -0.086022668 -0.377652049 -0.205217302 0.898813009
4989.356498 2.157507896 -0.524912000 0.586998165 -0.083988756 -0.386449069 -0.206356734 0.894997120
4989.393362 2.164282560 -0.529570043 0.600433588 -0.082565285 -0.394679785 -0.205998078 0.891614020
4989.430225 2.165718317 -0.546307325 0.605055332 -0.083143964 -0.400189281 -0.209899887 0.888187826
4989.467088 2.167553425 -0.557291210 0.623717427 -0.082270257 -0.407794476 -0.214487523 0.883702636
4989.503952 2.168487549 -0.562403560 0.625055611 -0.080605686 -0.409337610 -0.218309075 0.882205546
4989.540815 2.170081139 -0.569041848 0.630823135 -0.078413330 -0.409815699 -0.220836937 0.881551743
4989.577679 2.173504829 -0.575863540 0.637570381 -0.075770728 -0.410354078 -0.221747860 0.881303728
4989.614542 2.174996614 -0.586214185 0.640857697 -0.074963346 -0.408845037 -0.221412778 0.882157922
4989.651406 2.171425343 -0.594545007 0.645036161 -0.074620187 -0.406730354 -0.218717352 0.883835375
4989.688269 2.167649746 -0.597520709 0.643311858 -0.073728666 -0.402826279 -0.213789523 0.886898577
4989.725132 2.171370983 -0.600203991 0.646488428 -0.072322465 -0.401239991 -0.206930876 0.889356792
4989.761996 2.168445110 -0.603937268 0.646588326 -0.072157271 -0.398646563 -0.200339809 0.892041564
4989.798859 2.168932438 -0.616487503 0.651592553 -0.073861890 -0.399218708 -0.196019992 0.892605722
4989.835723 2.164778233 -0.602923155 0.647562802 -0.067529917 -0.397502929 -0.192958236 0.894537985
4989.872586 2.161046982 -0.597652435 0.651894569 -0.067048192 -0.398654789 -0.187286168 0.895266891
4989.909450 2.159583092 -0.594850659 0.640847743 -0.065904923 -0.398128033 -0.183660075 0.896336734
4989.946313 2.149291992 -0.595301628 0.645036340 -0.068293020 -0.399866551 -0.177291915 0.896666288
4989.983176 2.144837141 -0.592797101 0.646337390 -0.068226196 -0.401412338 -0.173149720 0.896790087
4990.020040 2.140104294 -0.590654731 0.633771777 -0.067236818 -0.400312006 -0.168290302 0.898280501
4990.056903 2.128726959 -0.571801960 0.618165374 -0.061131544 -0.396298289 -0.161862716 0.901671290
4990.093766 2.123568296 -0.574900746 0.596785069 -0.058087662 -0.391863555 -0.160569981 0.904038727
4990.130630 2.118849993 -0.572852969 0.598747492 -0.056064758 -0.392088830 -0.156276688 0.904820800
4990.167493 2.111808300 -0.561557770 0.586528599 -0.052735068 -0.388175905 -0.151998654 0.907433152
4990.204357 2.101519585 -0.556815743 0.569204330 -0.052331526 -0.381693006 -0.146304116 0.911134958
4990.241220 2.092564344 -0.544721842 0.563322246 -0.050958574 -0.376898259 -0.142917633 0.913742602
4990.278084 2.082360506 -0.538960218 0.547397852 -0.052437570 -0.370279759 -0.140584826 0.916721940
4990.314947 2.072049618 -0.535027444 0.536422133 -0.055129629 -0.363730609 -0.139926180 0.919283092
4990.351810 2.058974743 -0.523203492 0.523568511 -0.055512562 -0.356046975 -0.140279755 0.922209561
4990.388674 2.048188210 -0.515980244 0.522061527 -0.058068465 -0.350558996 -0.142134830 0.923869133
4990.425537 2.034054279 -0.495571315 0.498997033 -0.054026876 -0.340271056 -0.143568292 0.927731037
4990.462401 2.020187855 -0.484790027 0.492500842 -0.052563991 -0.333586246 -0.142859399 0.930348575
4990.499264 2.008231640 -0.478626370 0.485051811 -0.051565066 -0.329189718 -0.141058013 0.932243466
4990.536128 1.987524509 -0.465810448 0.481558263 -0.049428783 -0.325452834 -0.137662828 0.934176743
4990.572991 1.977150679 -0.463545978 0.472955704 -0.052196994 -0.323344380 -0.135415509 0.935086370
4990.609854 1.958978057 -0.451764941 0.468860269 -0.052498166 -0.322507650 -0.133648589 0.935612559
4990.646718 1.940481424 -0.444308460 0.472280204 -0.051970813 -0.323992610 -0.134040296 0.935072720
4990.683581 1.921333313 -0.444250792 0.469706595 -0.050974164 -0.324437827 -0.133481368 0.935053170
4990.720445 1.906411886 -0.438895702 0.470338762 -0.049257278 -0.325431049 -0.132124588 0.934992731
4990.757308 1.880251765 -0.444836795 0.462012053 -0.052218325 -0.322059065 -0.129144520 0.936414897
4990.794172 1.856966138 -0.445779741 0.458085775 -0.054067809 -0.319885910 -0.126302928 0.937441885
4990.831035 1.837792397 -0.437766075 0.458959401 -0.050387632 -0.318971127 -0.125901982 0.938012362
4990.867898 1.816184402 -0.437327594 0.463045061 -0.046877742 -0.318730146 -0.125311330 0.938355267
4990.904762 1.797808409 -0.434679776 0.468257070 -0.045931555 -0.318125308 -0.122836493 0.938934386
4990.941625 1.773626924 -0.438463628 0.468875587 -0.052024044 -0.314512372 -0.120620400 0.940120339
4990.978488 1.745783806 -0.441334695 0.465354681 -0.058822501 -0.308996975 -0.116144277 0.942110002
4991.015352 1.721847773 -0.444008380 0.466346681 -0.058246154 -0.308180273 -0.115768708 0.942459524
4991.052215 1.704859495 -0.438297331 0.483172178 -0.053129829 -0.312837452 -0.115112387 0.941307127
4991.089079 1.682384491 -0.440924078 0.476053715 -0.055586725 -0.311295986 -0.112816967 0.941953957
4991.125942 1.656496644 -0.440997303 0.470703900 -0.059374586 -0.309538901 -0.110152423 0.942616999
4991.162806 1.632640958 -0.449876338 0.459751129 -0.063904934 -0.307665497 -0.110730216 0.942866325
4991.199669 1.617546439 -0.458390653 0.459473610 -0.067076802 -0.309456736 -0.110751227 0.942057014
4991.236532 1.596834898 -0.444050282 0.454313040 -0.062953681 -0.308000296 -0.112667911 0.942591429
4991.273396 1.576733351 -0.451076448 0.457218915 -0.067023225 -0.306482702 -0.114238769 0.942616463
4991.310259 1.552046776 -0.446345031 0.447903514 -0.065967783 -0.301011860 -0.117426731 0.944060981
4991.347123 1.535477519 -0.447081864 0.454829693 -0.067550018 -0.298326403 -0.119728744 0.944512248
4991.383986 1.515045524 -0.438892454 0.457886815 -0.064856939 -0.293758005 -0.122010015 0.945840001
4991.420850 1.487274647 -0.448156118 0.451985776 -0.066928640 -0.286359638 -0.123474136 0.947772563
4991.457713 1.465745091 -0.445718914 0.449009031 -0.065953396 -0.282034457 -0.125763401 0.948836267
4991.494576 1.439537883 -0.438435525 0.446033269 -0.065581553 -0.276601821 -0.124385387 0.950641215
4991.531440 1.418224096 -0.443253696 0.446889102 -0.066825286 -0.273797542 -0.122876681 0.951562166
4991.568303 1.392528772 -0.434756398 0.429139167 -0.059578501 -0.268355221 -0.122755513 0.953607321
4991.605167 1.379750609 -0.447141886 0.443177640 -0.063073784 -0.271728277 -0.118848883 0.952922046
4991.642030 1.352606654 -0.440991789 0.438606262 -0.064698927 -0.266412735 -0.115137346 0.954767883
4991.678893 1.339406610 -0.422547847 0.438013107 -0.060831156 -0.262191772 -0.109762199 0.956821442
4991.715757 1.325776935 -0.437996149 0.445890397 -0.066979617 -0.259029120 -0.105670840 0.957732379
4991.752620 1.298598170 -0.430829227 0.428661942 -0.065445252 -0.248287082 -0.103530571 0.960911989
4991.789484 1.275976658 -0.429058671 0.429811120 -0.067518599 -0.241897136 -0.102355838 0.962522864
4991.826347 1.252268672 -0.422756135 0.426085770 -0.068161003 -0.234611541 -0.100889340 0.964433968
4991.863210 1.231131196 -0.421616316 0.426757157 -0.070177302 -0.229350969 -0.099901304 0.965656757
4991.900074 1.211831927 -0.415270925 0.426044554 -0.069623105 -0.225048304 -0.098094121 0.966893733
4991.936937 1.197065830 -0.425337136 0.438623667 -0.075579204 -0.224015296 -0.096041240 0.966892421
4991.973801 1.182687044 -0.419864506 0.442660004 -0.075738035 -0.221892044 -0.093498714 0.967618525
4992.010664 1.149881721 -0.416658908 0.436915994 -0.073972069 -0.214960471 -0.092735432 0.969391704
4992.047528 1.127964735 -0.408959627 0.439992249 -0.070230424 -0.213023365 -0.093429394 0.970030785
4992.084391 1.110115647 -0.417133033 0.456631899 -0.074115075 -0.214816228 -0.091855779 0.969496489
4992.121254 1.089934111 -0.403426468 0.449499458 -0.070727415 -0.210969716 -0.087907642 0.970959127
4992.158118 1.067658186 -0.410132915 0.468635619 -0.072984271 -0.213134304 -0.089322545 0.970189929
4992.194981 1.047835588 -0.405054539 0.476966739 -0.071539268 -0.215120107 -0.089123748 0.969877541
4992.231845 1.021644950 -0.418309212 0.491409034 -0.075632192 -0.217385247 -0.090501897 0.968933880
4992.268708 1.000710368 -0.415520489 0.487274975 -0.072610267 -0.218776882 -0.088959955 0.968994617
4992.305571 0.971760094 -0.422435343 0.501559198 -0.072029270 -0.221859276 -0.087420955 0.968477070
4992.342435 0.951880753 -0.421352088 0.504779220 -0.069448531 -0.225006789 -0.085063882 0.968149245
4992.379298 0.930936515 -0.416533798 0.511475205 -0.070464358 -0.227280676 -0.081575029 0.967844903
4992.416162 0.895868301 -0.445257545 0.514820397 -0.080662213 -0.224330947 -0.079020038 0.967948914
4992.453025 0.871537447 -0.446266472 0.509626925 -0.073759556 -0.222953588 -0.080587648 0.968688190
4992.489888 0.852096796 -0.436879426 0.503088772 -0.065890014 -0.221576557 -0.079335824 0.969674230
4992.526752 0.837999940 -0.435203493 0.527974606 -0.064951479 -0.225632370 -0.081874274 0.968590677
4992.563615 0.815182805 -0.436005890 0.526621461 -0.067514524 -0.220214635 -0.082085550 0.969643891
4992.600479 0.799823761 -0.442658752 0.534954548 -0.069258496 -0.219361886 -0.084967628 0.969465911
4992.637342 0.767931640 -0.440574616 0.537669122 -0.067943849 -0.213033974 -0.087578274 0.970736921
4992.674206 0.752089381 -0.426620901 0.536850333 -0.061989680 -0.212262362 -0.089940868 0.971088350
4992.711069 0.725232124 -0.430662513 0.537633955 -0.065004751 -0.208350047 -0.089206852 0.971805930
4992.747932 0.699642539 -0.429435879 0.539058685 -0.066756986 -0.205873072 -0.088545077 0.972275436
4992.784796 0.683255553 -0.436033458 0.540742636 -0.070758529 -0.207569286 -0.088395663 0.971645176
4992.821659 0.660466611 -0.453644902 0.543841958 -0.081635363 -0.207726300 -0.085155874 0.971047819
4992.858523 0.636951983 -0.439680815 0.541030586 -0.081734881 -0.206203088 -0.080953561 0.971723318
4992.895386 0.617576301 -0.431635886 0.541604221 -0.083722651 -0.205829084 -0.077038713 0.971951604
4992.932249 0.591662526 -0.433358371 0.536687374 -0.089187585 -0.201734319 -0.073239267 0.972617507
4992.969113 0.577939570 -0.423259020 0.535688639 -0.088433623 -0.201579183 -0.067838028 0.973110139
4993.005976 0.555987358 -0.431512147 0.536007702 -0.094100170 -0.197631583 -0.061531667 0.973807335
4993.042840 0.535936415 -0.408862174 0.521183968 -0.084280416 -0.191442609 -0.059270609 0.976080716
4993.079703 0.516659737 -0.405909985 0.515500665 -0.081653602 -0.186591715 -0.056246411 0.977421403
4993.116567 0.503442645 -0.400857538 0.506687999 -0.079825364 -0.182212546 -0.050454896 0.978713870
4993.153430 0.482085943 -0.393022120 0.492553592 -0.077648312 -0.172796264 -0.044791844 0.980869949
4993.190293 0.462014467 -0.392279953 0.483961701 -0.077133313 -0.165316492 -0.039423369 0.982428968
4993.227157 0.444349438 -0.387639523 0.477757215 -0.075440623 -0.160336122 -0.036843017 0.983485460
4993.264020 0.426666349 -0.386378765 0.473398089 -0.077229187 -0.155641586 -0.035698652 0.984142780
4993.300884 0.400767028 -0.378165931 0.463974118 -0.078304015 -0.148780912 -0.035674721 0.985119283
4993.337747 0.378072262 -0.370020866 0.453931153 -0.077018470 -0.143389285 -0.037241768 0.985961795
4993.374610 0.368385553 -0.368592739 0.460335016 -0.077332146 -0.145059377 -0.037071537 0.985699356
4993.411474 0.351660728 -0.369474888 0.455930501 -0.079229102 -0.143437624 -0.034401730 0.985882819
4993.448337 0.328337848 -0.347589850 0.449039727 -0.071316980 -0.139171824 -0.031969495 0.987179339
4993.485201 0.308628172 -0.340310097 0.453637421 -0.070261054 -0.138066515 -0.027981648 0.987531304
4993.522064 0.293177485 -0.335516334 0.453857869 -0.071901411 -0.138158336 -0.020972708 0.987574100
4993.558927 0.276422590 -0.328899264 0.451239914 -0.071859591 -0.137266383 -0.015914980 0.987795949
4993.595791 0.238924950 -0.314655066 0.448477805 -0.066530026 -0.129386321 -0.013873309 0.989262581
4993.632654 0.214151531 -0.312564075 0.447063178 -0.063524865 -0.125757083 -0.012707384 0.989943564
4993.669518 0.206804529 -0.315717906 0.452593267 -0.059530515 -0.128918603 -0.009680325 0.989819407
4993.706381 0.192927361 -0.327114046 0.458467603 -0.060545489 -0.130640507 -0.008277412 0.989544749
4993.743244 0.183620453 -0.333282262 0.463722378 -0.065685146 -0.132414803 -0.001744159 0.989014030
4993.780108 0.161732912 -0.315764397 0.457245976 -0.059993204 -0.126388878 0.000491887 0.990164816
4993.816971 0.144775331 -0.317979813 0.455984771 -0.058581263 -0.123574756 0.003977443 0.990596592
4993.853835 0.125364065 -0.314022005 0.450341046 -0.056424353 -0.120381474 0.004080140 0.991114497
4993.890698 0.112736844 -0.315713078 0.443302095 -0.059158292 -0.119087026 0.009197284 0.991077185
4993.927562 0.097979598 -0.312653989 0.437948763 -0.059406891 -0.117141068 0.011743019 0.991267323
4993.964425 0.080664754 -0.311973274 0.433617353 -0.059684087 -0.114090048 0.014743829 0.991566360
4994.001288 0.066051126 -0.303104639 0.429017246 -0.058611356 -0.110453069 0.018204652 0.991984606
4994.038152 0.046471141 -0.294345081 0.420570850 -0.058331691 -0.103876278 0.023210529 0.992606878
4994.075015 0.030403689 -0.285574615 0.412458092 -0.057774041 -0.098333769 0.026092038 0.993132353
4994.111879 0.013509005 -0.279486418 0.403420836 -0.058737215 -0.091477692 0.029590448 0.993632793
4994.148742 -0.003186587 -0.268198371 0.393092930 -0.058565348 -0.084008209 0.033463653 0.994179487
4994.185605 -0.023593098 -0.245623454 0.380999923 -0.055700358 -0.074757248 0.036642235 0.994970441
4994.222469 -0.035365056 -0.237883881 0.373523414 -0.057985067 -0.069623508 0.040912461 0.995045960
4994.259332 -0.056732915 -0.230761826 0.361113846 -0.059727695 -0.061263539 0.047588993 0.995195806
4994.296196 -0.077177681 -0.217933744 0.347383559 -0.059126437 -0.055057384 0.052457348 0.995349646
4994.333059 -0.093935877 -0.202045992 0.337426245 -0.058190249 -0.051163021 0.060739275 0.995141685
4994.369922 -0.106393054 -0.191459462 0.322088063 -0.060643144 -0.047957160 0.072193228 0.994389594
4994.406786 -0.123128213 -0.185623989 0.309967846 -0.065848492 -0.042879798 0.082876220 0.993457019
4994.443649 -0.136659831 -0.172323182 0.295040876 -0.066285685 -0.037073135 0.092393354 0.992821872
4994.480513 -0.153055057 -0.150377363 0.279368699 -0.063530974 -0.029193981 0.097920023 0.992735207
4994.517376 -0.163089857 -0.146980748 0.263861597 -0.067441501 -0.021558682 0.104806051 0.991968989
4994.554240 -0.174177647 -0.136439800 0.247520119 -0.067900591 -0.012152059 0.112751767 0.991225958
4994.591103 -0.183881730 -0.125276640 0.230477795 -0.065564908 -0.004078525 0.117714606 0.990872264
4994.627966 -0.190404505 -0.122089684 0.212726235 -0.065582670 0.002085602 0.119567513 0.990655422
4994.664830 -0.214710385 -0.103965856 0.195080116 -0.058416311 0.013059925 0.118365534 0.991164267
4994.701693 -0.219631657 -0.096134447 0.175840735 -0.054643232 0.016435727 0.120198742 0.991108596
4994.738557 -0.226023167 -0.091294132 0.156862229 -0.049015597 0.018745964 0.117425621 0.991694152
4994.775420 -0.236953065 -0.077003941 0.142549574 -0.040951971 0.021200599 0.116566949 0.992111742
4994.812284 -0.233382344 -0.081405863 0.118632965 -0.039789505 0.018354516 0.112829871 0.992647648
4994.849147 -0.247833118 -0.065945871 0.103794649 -0.032629937 0.021643654 0.111285426 0.993016839
4994.886010 -0.257239282 -0.051922776 0.086305939 -0.026849307 0.024002125 0.110638782 0.993207991
4994.922874 -0.266517460 -0.039755359 0.075786628 -0.022382773 0.025827905 0.110518001 0.993286312
4994.959737 -0.270436853 -0.022004839 0.060988143 -0.017899837 0.026286710 0.112443805 0.993149042
4994.996600 -0.276236027 -0.007984142 0.045560427 -0.017366912 0.026672296 0.114634000 0.992897749
4995.033464 -0.278228968 0.002175959 0.027884606 -0.020332219 0.025120137 0.115473464 0.992784679
4995.070327 -0.289801568 0.016849905 0.017299630 -0.023362741 0.026062096 0.115142606 0.992732167
4995.107191 -0.292338759 0.030337896 0.007463325 -0.027964801 0.025045555 0.117549568 0.992357194
4995.144054 -0.290703118 0.024517268 -0.012508191 -0.036731351 0.025437474 0.117645770 0.992049992
4995.180918 -0.303972930 0.047742952 -0.016197579 -0.032343548 0.032484148 0.118894860 0.991848111
4995.217781 -0.310200661 0.051974531 -0.030603429 -0.032267258 0.040499039 0.123606749 0.990979314
4995.254644 -0.312893510 0.063741669 -0.039228983 -0.029179692 0.048379432 0.129536927 0.989963710
4995.291508 -0.316888005 0.065531403 -0.052332465 -0.029220248 0.057437114 0.135781303 0.988640785
4995.328371 -0.320458055 0.071245179 -0.066766664 -0.029211944 0.064876139 0.140616849 0.987504244
4995.365235 -0.325436085 0.076683611 -0.075197488 -0.028583106 0.071640953 0.144155592 0.986544311
4995.402098 -0.338229597 0.084451243 -0.085652798 -0.026397504 0.080875345 0.149093747 0.985156536
4995.438962 -0.341895550 0.089753218 -0.093433037 -0.025674336 0.088323385 0.156543016 0.983378947
4995.475825 -0.350662023 0.095087424 -0.108198375 -0.023316242 0.097238742 0.162861213 0.981568754
4995.512688 -0.361012816 0.106708981 -0.115393996 -0.019098189 0.105987221 0.170254156 0.979497552
4995.549552 -0.372198343 0.118186086 -0.123827778 -0.014443326 0.114660144 0.178348050 0.977157354
4995.586415 -0.387805462 0.129097477 -0.134257257 -0.009959365 0.123330623 0.188367784 0.974273086
4995.623279 -0.404716820 0.130539864 -0.141061485 -0.007416095 0.130304843 0.198104337 0.971452713
4995.660142 -0.421485484 0.143013135 -0.148969591 -0.002402519 0.134880021 0.208017319 0.968777835
4995.697006 -0.445963979 0.154187083 -0.150525570 0.002454240 0.140108660 0.218583435 0.965704322
4995.733869 -0.466920257 0.153553635 -0.163848162 0.003201125 0.142467409 0.227022097 0.963407397
4995.770732 -0.487014204 0.158416778 -0.170870781 0.006744834 0.142442718 0.228435874 0.963058472
4995.807596 -0.505392730 0.157410324 -0.176942363 0.007954598 0.141302481 0.229026511 0.963076949
4995.844459 -0.529316187 0.157322213 -0.183778405 0.008852707 0.141412392 0.226168454 0.963728189
4995.881322 -0.546408117 0.159058571 -0.186568767 0.010114869 0.140981540 0.223739401 0.964345694
4995.918186 -0.568138123 0.158024862 -0.188901752 0.013510268 0.145037070 0.221593931 0.964198053
4995.955049 -0.586062610 0.153484598 -0.190680191 0.015273304 0.150289625 0.219458118 0.963855743
4995.991913 -0.599574029 0.145565540 -0.191929907 0.014893088 0.156372294 0.218336195 0.963148594
4996.028776 -0.616176009 0.138858065 -0.190942556 0.014370469 0.165678889 0.218880534 0.961475611
4996.065639 -0.633975089 0.130320221 -0.183098689 0.014654069 0.175845250 0.217790321 0.959912062
4996.102503 -0.648778319 0.130504578 -0.178554550 0.016170565 0.183548167 0.214689702 0.959143877
4996.139366 -0.660173297 0.121822275 -0.174903929 0.015690466 0.189968437 0.213373989 0.958194852
4996.176230 -0.676852107 0.124619499 -0.164976016 0.017463436 0.196185097 0.212855697 0.957026064
4996.213093 -0.692457318 0.118672073 -0.156416327 0.017385617 0.201131657 0.214268446 0.955684483
4996.249957 -0.702891111 0.118640140 -0.144210503 0.019509815 0.204330444 0.218121260 0.954092026
4996.286820 -0.725144625 0.116096683 -0.129228085 0.023987170 0.209999040 0.222443685 0.951758265
4996.323683 -0.744113803 0.119250245 -0.117898852 0.029447518 0.212792978 0.226451665 0.950037718
4996.360547 -0.755906641 0.113578998 -0.108126283 0.028441487 0.213056818 0.233124241 0.948393881
4996.397410 -0.772532105 0.104329124 -0.099046022 0.025493758 0.214877695 0.240419179 0.946243227
4996.434274 -0.783499360 0.106024966 -0.091416538 0.029447630 0.216117293 0.243991643 0.944930792
4996.471137 -0.795008779 0.091362394 -0.085204542 0.031497508 0.219996899 0.243299603 0.944147527
4996.508001 -0.804521620 0.082627296 -0.080416977 0.030589547 0.223308668 0.245930895 0.942717075
4996.544864 -0.810749292 0.071609825 -0.074367374 0.025264062 0.226226181 0.249675214 0.941193819
4996.581728 -0.819750369 0.066320308 -0.067124188 0.019371958 0.229229376 0.252454489 0.939864576
4996.618591 -0.828787148 0.062017791 -0.056778133 0.012978751 0.232077062 0.252984226 0.939132988
4996.655454 -0.836497188 0.056425922 -0.042537570 0.007439207 0.235286146 0.255118579 0.937816381
4996.692317 -0.844715774 0.048974399 -0.034730613 0.003842273 0.238427401 0.258853674 0.936019421
4996.729181 -0.854501188 0.047353707 -0.021613628 0.002794831 0.240996376 0.265703619 0.933442295
4996.766044 -0.870650768 0.039235789 -0.008988440 0.001449670 0.244845167 0.273179322 0.930280507
4996.802908 -0.877224207 0.034685832 -0.002445221 0.000414124 0.244303703 0.280637115 0.928201675
4996.839771 -0.886594772 0.027179878 0.005828291 -0.000040444 0.244981870 0.287617713 0.925883353
4996.876635 -0.908817947 0.026039880 0.030244470 0.001930472 0.250739276 0.291513592 0.923117459
4996.913498 -0.926683545 0.018589433 0.047156423 0.000932074 0.255873591 0.294093609 0.920889139
4996.950361 -0.940636575 0.009909324 0.055338442 -0.000890831 0.260802835 0.296746314 0.918652654
4996.987225 -0.954233885 0.000813350 0.065025151 -0.000299766 0.266843021 0.301699966 0.915298820
4997.024088 -0.974763393 -0.002432078 0.075381726 0.004086121 0.274344683 0.307119548 0.911260605
4997.060952 -1.001030087 -0.009112097 0.093365192 0.007681164 0.283599526 0.312737703 0.906480789
4997.097815 -1.019591212 -0.021698296 0.104962170 0.006342526 0.287663102 0.320242643 0.902582049
4997.134679 -1.029013515 -0.036467239 0.107136786 0.003020039 0.286846876 0.326841921 0.900490999
4997.171542 -1.044683218 -0.043219090 0.118647814 0.007479324 0.287593037 0.330875754 0.898752213
4997.208405 -1.059887767 -0.059444718 0.130767941 0.007481988 0.288904279 0.334236979 0.897086382
4997.245269 -1.080968022 -0.066235349 0.140358359 0.007625426 0.290237248 0.335661858 0.896122336
4997.282132 -1.089780450 -0.077477470 0.150608718 0.007937776 0.291084379 0.336800396 0.895417452
4997.318995 -1.106959939 -0.091416828 0.164387345 0.011044893 0.297015309 0.337944895 0.893002391
4997.355859 -1.118124366 -0.112090483 0.176567584 0.011320855 0.303818017 0.340531826 0.889721632
4997.392723 -1.130046129 -0.119203530 0.195425570 0.014809990 0.310322076 0.342370957 0.886714756
4997.429586 -1.139946818 -0.128001541 0.209102452 0.015685903 0.315918207 0.344638407 0.883840501
4997.466449 -1.147559285 -0.147346318 0.225709617 0.013153645 0.322304219 0.345114827 0.881386817
4997.503313 -1.154313445 -0.153300285 0.244610667 0.013582729 0.327129155 0.346677721 0.878986120
4997.540176 -1.167706251 -0.163891315 0.263167799 0.013356296 0.333208174 0.349155873 0.875719190
4997.577039 -1.170470357 -0.173194081 0.283607751 0.012826132 0.336669058 0.352610350 0.873015165
4997.613903 -1.174904823 -0.182209492 0.304159164 0.013085820 0.339212030 0.356437445 0.870469034
4997.650766 -1.177435875 -0.195778847 0.331888825 0.013913458 0.341175199 0.364383399 0.866389453
4997.687630 -1.184345603 -0.199644551 0.350353420 0.017581195 0.341344059 0.371281385 0.863322258
4997.724493 -1.187743545 -0.206058726 0.371220976 0.021344757 0.339998394 0.378606021 0.860582948
4997.761357 -1.204600453 -0.218086451 0.392650485 0.019871140 0.340931684 0.385895163 0.857003868
4997.798220 -1.213535786 -0.227913588 0.418208987 0.015674682 0.341060340 0.394269675 0.853219509
4997.835083 -1.204379201 -0.244018659 0.434978932 0.011582970 0.340611935 0.399766386 0.850903153
4997.871947 -1.208692551 -0.255287051 0.449460447 0.015862331 0.346923232 0.403174043 0.846665978
4997.908810 -1.209081888 -0.267150551 0.468783975 0.015663387 0.352763265 0.409817070 0.841048598
4997.945674 -1.215295792 -0.279554784 0.484498143 0.011508493 0.356834382 0.418930292 0.834885716
4997.982537 -1.224270105 -0.301889390 0.505810380 0.006509796 0.364273518 0.420816988 0.830767989
4998.019401 -1.229822636 -0.317862868 0.523222804 0.005157970 0.370382309 0.420731395 0.828115582
4998.056264 -1.226874709 -0.328477204 0.534912586 0.003901314 0.372714967 0.423545092 0.825637877
4998.093127 -1.235507250 -0.343060255 0.548498273 0.002830174 0.378330976 0.425459653 0.822095990
4998.129991 -1.241096020 -0.357224584 0.567050934 0.002254537 0.383790493 0.428746700 0.817848444
4998.166854 -1.248899937 -0.369737089 0.582291543 0.003142145 0.388679713 0.430088848 0.814826250
4998.203717 -1.251652598 -0.383736253 0.599396944 0.002705062 0.393692493 0.432929426 0.810907543
4998.240581 -1.259532928 -0.399828702 0.621862054 0.003480988 0.401150882 0.435174078 0.806033134
4998.277445 -1.270397902 -0.403807759 0.635401368 0.007862396 0.405260980 0.437111497 0.802891791
4998.314308 -1.280354142 -0.420304060 0.655889571 0.007565408 0.410746217 0.441373944 0.797758996
4998.351171 -1.293418407 -0.427904099 0.672909856 0.010889591 0.414454341 0.446353704 0.793017864
4998.388035 -1.305749655 -0.438744605 0.697072625 0.013826014 0.420942873 0.450203776 0.787357926
4998.424898 -1.318464756 -0.455432743 0.711847901 0.011548324 0.424431771 0.457375050 0.781365752
4998.461761 -1.334114671 -0.466451764 0.724810958 0.009701632 0.426539034 0.466340333 0.774917424
4998.498625 -1.346896410 -0.480561495 0.736106157 0.011614731 0.431418180 0.471702218 0.768921614
4998.535488 -1.361040592 -0.494403005 0.754230380 0.012765347 0.438377231 0.471295416 0.765207827
4998.572352 -1.370810747 -0.506292105 0.772312641 0.011631453 0.442798376 0.473068237 0.761577785
4998.609215 -1.373580217 -0.525680304 0.783547819 0.007316423 0.446313828 0.475762993 0.757891834
4998.646079 -1.376372337 -0.544090152 0.798643231 0.006113600 0.452857912 0.478837520 0.752061844
4998.682942 -1.384103298 -0.557559490 0.815215766 0.007204257 0.460848689 0.480490267 0.746120453
4998.719805 -1.384289622 -0.571150184 0.830791593 0.006195301 0.467761040 0.482363790 0.740598679
4998.756669 -1.385708094 -0.584424555 0.840054154 0.004226225 0.473719448 0.482226789 0.736905277
4998.793532 -1.389212132 -0.594441772 0.858106256 0.003937719 0.481629848 0.482012361 0.731902480
4998.830396 -1.391645670 -0.605606616 0.877133131 0.004834617 0.489395648 0.482502222 0.726402164
4998.867259 -1.391995072 -0.618421316 0.899310112 0.005496264 0.497012109 0.483254969 0.720703363
4998.904123 -1.387928724 -0.631756961 0.914135337 0.006824107 0.500781476 0.486444145 0.715921402
4998.940986 -1.381660461 -0.640797853 0.938875675 0.009306488 0.505392551 0.488452554 0.711270630
4998.977849 -1.383161783 -0.649541259 0.957967043 0.015547422 0.507551074 0.494280934 0.705575347
4999.014713 -1.381525159 -0.661418200 0.969949007 0.021764033 0.507609367 0.498851627 0.702143967
4999.051576 -1.380058169 -0.673995078 0.992042243 0.027312186 0.508352339 0.505105436 0.696922183
4999.088439 -1.369611144 -0.687958479 1.004157782 0.027756022 0.503908336 0.515513539 0.692496777
4999.125303 -1.360372186 -0.694078565 1.027580619 0.029682063 0.504411697 0.521487415 0.687559962
4999.162166 -1.352847815 -0.708665550 1.045268536 0.031075904 0.507870317 0.525896907 0.681567669
4999.199030 -1.346682072 -0.721163988 1.055458665 0.030560069 0.509985507 0.531962812 0.675275087
4999.235893 -1.339920402 -0.731919706 1.067540765 0.025990879 0.513053596 0.537236691 0.668937445
4999.272757 -1.334009409 -0.745970368 1.082608342 0.019922446 0.519182682 0.536719739 0.664819062
4999.309620 -1.330213070 -0.763918042 1.097172737 0.015299368 0.527423739 0.535542011 0.659382164
4999.346483 -1.325520277 -0.775573969 1.111532450 0.013913944 0.534589469 0.535968184 0.653267622
4999.383347 -1.320792913 -0.787304878 1.124930620 0.013165670 0.539753854 0.537138045 0.648054898
4999.420210 -1.312531233 -0.805050731 1.139171481 0.010741467 0.543772817 0.538374662 0.643699110
4999.457074 -1.310234785 -0.822326958 1.159084439 0.011113998 0.548386216 0.539141297 0.639120996
4999.493937 -1.307171106 -0.836150527 1.174891591 0.014848789 0.551432550 0.540875018 0.634945631
4999.530801 -1.307896852 -0.844731033 1.194530249 0.022248028 0.555092871 0.541109264 0.631330073
4999.567664 -1.303052187 -0.861230671 1.210469007 0.025793605 0.557379782 0.544211149 0.626495600
4999.604527 -1.303093195 -0.876898766 1.226268768 0.030118456 0.560435057 0.547439396 0.620737910
4999.641391 -1.300554276 -0.892084777 1.243114829 0.033261977 0.563989103 0.552313268 0.612992704
4999.678254 -1.300574064 -0.899985075 1.266525745 0.036196414 0.571149230 0.552239299 0.606226087
4999.715118 -1.302815676 -0.919007301 1.280747771 0.036921047 0.576621711 0.559533417 0.594193995
4999.751981 -1.302618384 -0.919627070 1.300680637 0.038429227 0.580167770 0.568349302 0.582157791
4999.788844 -1.307123184 -0.929310083 1.318386078 0.037135545 0.585429013 0.574072719 0.571256816
4999.825708 -1.295779943 -0.951292336 1.341600060 0.032250550 0.595876217 0.576969206 0.557671905
4999.862571 -1.304119110 -0.961848855 1.345545173 0.029752323 0.601244271 0.579119325 0.549764335
4999.899435 -1.300767779 -0.974439085 1.363953352 0.025350954 0.607092381 0.583154261 0.539191306
4999.936298 -1.304022312 -0.986551523 1.375216722 0.021377500 0.610652864 0.586427987 0.531740904
4999.973161 -1.296346903 -0.998887062 1.387603760 0.018741192 0.614669263 0.591777325 0.521181464
5000.010025 -1.293095469 -1.010620117 1.403650284 0.017604027 0.618990541 0.595358670 0.511946082
5000.046888 -1.285575271 -1.019771814 1.418492317 0.016597133 0.622442186 0.598745167 0.503780365
5000.083752 -1.283258319 -1.025691152 1.433009624 0.019961888 0.625276029 0.602667809 0.495401859
5000.120615 -1.270558953 -1.033802748 1.443804026 0.020054189 0.627369821 0.607353389 0.486956745
5000.157479 -1.271186948 -1.038105726 1.464827657 0.025210332 0.632932842 0.606844842 0.480104029
5000.194342 -1.262501836 -1.045844316 1.470902205 0.027738003 0.635089278 0.608508348 0.474983990
5000.231205 -1.246209145 -1.048111677 1.482962132 0.029494489 0.637612045 0.611400366 0.467729121
5000.268069 -1.228741646 -1.059652209 1.494104862 0.029237889 0.641335428 0.614382803 0.458658695
5000.304932 -1.216920376 -1.067654371 1.503318310 0.031734601 0.644964278 0.616468966 0.450532973
5000.341796 -1.201929450 -1.076840401 1.514621496 0.034646865 0.648741722 0.618982375 0.441355407
5000.378659 -1.191788554 -1.083356142 1.527493715 0.038550705 0.651855290 0.620928288 0.433643371
5000.415522 -1.177803993 -1.093557596 1.537991881 0.041446440 0.652876437 0.625591218 0.425053030
5000.452386 -1.167222142 -1.102258444 1.547397614 0.044777218 0.654498100 0.627942979 0.418706149
5000.489249 -1.154905796 -1.112130523 1.557392836 0.047536612 0.657233834 0.628970742 0.412528515
5000.526113 -1.139259100 -1.122825265 1.563820720 0.045841526 0.657414615 0.631829262 0.408039659
5000.562976 -1.129914880 -1.132623076 1.570697308 0.044013448 0.657834053 0.633411169 0.405101806
5000.599840 -1.111736655 -1.144781470 1.584587932 0.039441179 0.661281407 0.632248163 0.401763052
5000.636703 -1.097115636 -1.159142256 1.598551035 0.038347319 0.666104972 0.630824625 0.396098465
5000.673566 -1.081989050 -1.174491167 1.610525489 0.038907915 0.670134366 0.630416453 0.389847696
5000.710430 -1.072819471 -1.186315060 1.600697875 0.038991477 0.669234157 0.631134152 0.390224248
5000.747293 -1.061396718 -1.197959185 1.607484221 0.041033462 0.671590924 0.629363537 0.388823032
5000.784157 -1.050054669 -1.208008885 1.622402906 0.042934038 0.676072657 0.624742270 0.388303250
5000.821020 -1.040864468 -1.224852324 1.623324394 0.045784883 0.676958382 0.623732805 0.388057292
5000.857883 -1.025650382 -1.242246866 1.643320084 0.047662403 0.683300436 0.619143784 0.384044141
5000.894747 -1.017722130 -1.240044475 1.658211112 0.052152153 0.688267648 0.612609565 0.385067880
5000.931610 -1.005609155 -1.264025092 1.667829633 0.051365715 0.691708565 0.612491131 0.379151016
5000.968474 -0.998249173 -1.267478228 1.682135820 0.055080701 0.695822179 0.610148549 0.374854982
5001.005337 -0.988733530 -1.280306101 1.697827578 0.056033786 0.701316059 0.608508706 0.367060214
5001.042200 -0.973670006 -1.316053391 1.714755774 0.051750842 0.706040800 0.610894322 0.354452252
5001.079064 -0.964131713 -1.321723104 1.736926556 0.053499982 0.710792899 0.611045539 0.344288439
5001.115927 -0.958858609 -1.335772038 1.752009392 0.055646852 0.712468147 0.615835190 0.331722051
5001.152791 -0.950755239 -1.345340371 1.769506931 0.056166012 0.714064777 0.619406700 0.321391016
5001.189654 -0.942437887 -1.362725616 1.790055633 0.054838676 0.718167305 0.619730830 0.311708450
5001.226517 -0.929643393 -1.375534534 1.805439830 0.054366380 0.720198154 0.622136235 0.302167773
5001.263381 -0.918707907 -1.389015198 1.822224259 0.053586703 0.721002102 0.624886692 0.294620246
5001.300244 -0.911512852 -1.395808816 1.832382321 0.053862665 0.721029699 0.626845181 0.290310383
5001.337108 -0.900678277 -1.407973170 1.843298793 0.053435653 0.721190095 0.629188955 0.284869611
5001.373971 -0.884583950 -1.421013713 1.869674683 0.052131999 0.724849284 0.629040182 0.276014924
5001.410835 -0.868587971 -1.431227922 1.870339036 0.053691816 0.722161114 0.635342479 0.268217087
5001.447698 -0.858203769 -1.435463548 1.873412251 0.056572825 0.720893860 0.639097989 0.262040734
5001.484561 -0.836875677 -1.451730847 1.896919489 0.050800711 0.727085114 0.635900259 0.253766477
5001.521425 -0.825196624 -1.454823375 1.906053543 0.052128658 0.729578674 0.635183334 0.248072013
5001.558288 -0.801341593 -1.466966748 1.918346405 0.049896304 0.733325958 0.634440660 0.239224792
5001.595152 -0.790887713 -1.462076187 1.925826192 0.053484619 0.734771490 0.634120405 0.234822541
5001.632015 -0.774770498 -1.465095639 1.935383797 0.055497535 0.736269414 0.633909822 0.230186343
5001.668878 -0.754579425 -1.470253348 1.946560860 0.055892561 0.737985313 0.633480668 0.225734308
5001.705742 -0.733818173 -1.477599859 1.945855498 0.059085459 0.736675501 0.636311591 0.221191570
5001.742605 -0.709429979 -1.475809574 1.959026337 0.062617868 0.739759326 0.634026885 0.216437146
5001.779469 -0.688435078 -1.482802153 1.964435697 0.066384122 0.739758015 0.635625005 0.210551858
5001.816332 -0.668828964 -1.492589712 1.971487880 0.068730280 0.739717066 0.636959553 0.205857769
5001.853195 -0.644479096 -1.499039650 1.977774501 0.069976829 0.741173089 0.636651754 0.201097503
5001.890059 -0.624017298 -1.505267620 1.975466490 0.071262524 0.741171300 0.637765706 0.197082952
5001.926922 -0.605877161 -1.511790514 1.982652187 0.069532819 0.741367280 0.638572574 0.194331601
5001.963786 -0.579783916 -1.519954681 1.992573619 0.064203694 0.743560433 0.637914419 0.189897105
5002.000649 -0.555122256 -1.528323174 1.990272045 0.056224033 0.745137095 0.636868298 0.189758793
5002.037513 -0.531841576 -1.537509561 1.996492267 0.050112858 0.749342024 0.633346736 0.186673924
5002.074376 -0.516061425 -1.545346141 1.998966694 0.047661528 0.751157343 0.632321596 0.183467805
5002.111239 -0.499002725 -1.551254511 1.997958064 0.046508856 0.752450824 0.631620526 0.180859417
5002.148103 -0.481162369 -1.555985212 2.003603458 0.046994392 0.754846752 0.629379451 0.178548172
5002.184966 -0.465454489 -1.557018757 2.010944843 0.046134487 0.756978691 0.626503706 0.179855242
5002.221830 -0.447211623 -1.560508251 2.018632889 0.047200575 0.758680522 0.624231160 0.180309191
5002.258693 -0.421067059 -1.572127938 2.019726276 0.047528047 0.758704543 0.624513209 0.179141581
5002.295557 -0.393573016 -1.579083800 2.024041176 0.048305325 0.758648455 0.625122666 0.177033171
5002.332420 -0.359164834 -1.579801202 2.038979053 0.047279548 0.760435581 0.624443233 0.171967834
5002.369283 -0.343396366 -1.583324909 2.045236588 0.047882926 0.761171401 0.623808861 0.170844480
5002.406147 -0.314711690 -1.586456895 2.049655199 0.046409577 0.761857629 0.624014080 0.167408273
5002.443010 -0.288953125 -1.596142530 2.059212446 0.044543989 0.762889564 0.624113917 0.162779555
5002.479873 -0.262826115 -1.600768328 2.068198442 0.043298114 0.762656212 0.625654519 0.158231363
5002.516737 -0.241043985 -1.609647751 2.079153299 0.042439140 0.761130750 0.628294706 0.155321285
5002.553600 -0.207639575 -1.614401579 2.083289385 0.041970488 0.758812666 0.632650495 0.148980409
5002.590464 -0.185947835 -1.609650254 2.096948147 0.044372160 0.760807753 0.630466640 0.147358641
5002.627327 -0.154308140 -1.619867206 2.097734690 0.041776348 0.758512795 0.633786857 0.145695835
5002.664191 -0.131641388 -1.627562046 2.090968370 0.041528203 0.753570914 0.639555573 0.146201715
5002.701054 -0.094573915 -1.632330656 2.100536823 0.038870495 0.753486753 0.640866697 0.141550720
5002.737917 -0.068500996 -1.634169102 2.108296394 0.037471302 0.753999710 0.640611827 0.140345424
5002.774781 -0.041410178 -1.638480306 2.112869263 0.034647033 0.754343510 0.640742779 0.138615087
5002.811644 -0.015992016 -1.643672228 2.132320881 0.031671166 0.758383691 0.636724353 0.135769174
5002.848508 0.000149876 -1.641429424 2.110848188 0.030513614 0.754176319 0.641149879 0.138613924
5002.885371 0.035837740 -1.655205727 2.120122433 0.023704939 0.756882250 0.639429033 0.133033007
5002.922235 0.059335113 -1.648206711 2.125603676 0.023488665 0.759618878 0.636298001 0.132484913
5002.959098 0.090752035 -1.642283559 2.127319813 0.019845948 0.762550294 0.633196831 0.131091729
5002.995961 0.120431215 -1.647599697 2.117631674 0.019491702 0.761028886 0.635439396 0.129119739
5003.032825 0.141101956 -1.642407298 2.118156910 0.022810468 0.760405958 0.636167049 0.128661871
5003.069688 0.161997795 -1.638775587 2.116482973 0.024792226 0.759172142 0.637223423 0.130342975
5003.106551 0.187473416 -1.625202537 2.116245985 0.028868977 0.758631647 0.637555361 0.131025508
5003.143415 0.220730603 -1.626054287 2.119882584 0.029073749 0.757372141 0.639667392 0.127936587
5003.180279 0.240535051 -1.623993516 2.115635395 0.032486465 0.752044618 0.645682931 0.128324091
5003.217142 0.276555002 -1.620444179 2.131655931 0.030904012 0.750444353 0.648740470 0.122531779
5003.254005 0.307558507 -1.613480091 2.124246120 0.030182971 0.748974741 0.650795102 0.120795608
5003.290869 0.322392732 -1.618923426 2.116110802 0.031391747 0.749303937 0.649725795 0.124155395
5003.327732 0.374557287 -1.627642989 2.119265318 0.025310460 0.749735355 0.651451290 0.113435060
5003.364595 0.403484255 -1.632874370 2.117027760 0.022646084 0.748573542 0.653423309 0.110285029
5003.401459 0.422415435 -1.627271175 2.102950335 0.023666961 0.748629391 0.652658999 0.114149712
5003.438322 0.443402410 -1.630735755 2.108149290 0.023809228 0.754027188 0.645986319 0.116524011
5003.475186 0.464848965 -1.636577606 2.103353024 0.025013682 0.755875707 0.643752694 0.116656020
5003.512049 0.482814759 -1.640508294 2.103357315 0.027715037 0.758870125 0.639941216 0.117572404
5003.548913 0.512802720 -1.647201061 2.098379850 0.026378786 0.760631204 0.638195515 0.115977712
5003.585776 0.540862560 -1.650086641 2.094551086 0.025469730 0.762064219 0.636995018 0.113343462
5003.622639 0.559260607 -1.650524974 2.102333546 0.027642196 0.766418278 0.632094085 0.110887803
5003.659503 0.591536641 -1.654784679 2.099692583 0.024626454 0.766855717 0.632644117 0.105296433
5003.696366 0.614638448 -1.655350804 2.105451584 0.024109192 0.766752839 0.633675814 0.099818818
5003.733230 0.633792520 -1.651039481 2.115492821 0.025323976 0.768477976 0.632368743 0.094393261
5003.770093 0.666282654 -1.659645557 2.119521141 0.022604072 0.768731415 0.633215427 0.087058827
5003.806957 0.697020292 -1.655262947 2.127234459 0.023710119 0.768744051 0.634153247 0.079498969
5003.843820 0.718355536 -1.656742573 2.141600847 0.028268209 0.766439557 0.637623847 0.072160773
5003.880683 0.746512532 -1.661339164 2.148478508 0.033466581 0.763506353 0.641835392 0.063129798
5003.917547 0.772857428 -1.666754723 2.146985531 0.035118952 0.762654424 0.643305957 0.057291407
5003.954410 0.798208714 -1.668495059 2.151517153 0.037284940 0.761743665 0.644867539 0.050022606
5003.991273 0.813737869 -1.673006535 2.154609919 0.038452562 0.758959234 0.648347020 0.046352308
5004.028137 0.834978163 -1.672564626 2.152934790 0.035946406 0.757073462 0.651020348 0.041474208
5004.065001 0.857832313 -1.674881577 2.153569937 0.031315308 0.757297635 0.651465893 0.033343904
5004.101864 0.885785580 -1.678982973 2.154993773 0.026392516 0.757323325 0.652164161 0.021135245
5004.138727 0.891762078 -1.674398899 2.158308029 0.025420504 0.757580876 0.652056992 0.015707074
5004.175591 0.921619058 -1.678653479 2.158310652 0.019565554 0.757398784 0.652655959 0.002103705
5004.212454 0.939265192 -1.674140573 2.158581972 0.015644675 0.758131742 0.651894033 -0.005062208
5004.249317 0.963776171 -1.671787739 2.156192064 0.012259420 0.757910848 0.652076423 -0.014738535
5004.286181 0.977530003 -1.667539120 2.156497240 0.011667787 0.757920086 0.651942074 -0.019810794
5004.323044 0.992517412 -1.659688592 2.154360533 0.011618938 0.757633924 0.652126312 -0.024229016
5004.359908 1.006988049 -1.650885820 2.164564610 0.015754787 0.761251092 0.647604048 -0.029283654
5004.396771 1.035124421 -1.644361973 2.157939911 0.017135264 0.760294259 0.648336709 -0.036312547
5004.433635 1.057451844 -1.638981581 2.149630308 0.020096347 0.758829117 0.649668038 -0.041302402
5004.470498 1.072489858 -1.637288094 2.150817871 0.026540438 0.759238303 0.648692131 -0.045291442
5004.507361 1.088055253 -1.617601633 2.149370193 0.032788705 0.758701146 0.648799479 -0.048546314
5004.544225 1.119648933 -1.613162637 2.139714003 0.036605719 0.751614571 0.655844986 -0.060024183
5004.581088 1.134617805 -1.614663363 2.140997171 0.040859807 0.745744109 0.661603451 -0.066911086
5004.617952 1.153361917 -1.607052207 2.144776106 0.039087392 0.748436749 0.658288896 -0.070501462
5004.654815 1.171481848 -1.604237795 2.135611296 0.037790779 0.750634789 0.655183911 -0.076507345
5004.691679 1.188706636 -1.596481204 2.125330925 0.039508142 0.748278141 0.656737089 -0.084943660
5004.728542 1.204361200 -1.596437097 2.125297070 0.042405445 0.747577608 0.656509519 -0.091240793
5004.765405 1.227170944 -1.594021201 2.106870651 0.037376907 0.746092916 0.657937169 -0.095220558
5004.802269 1.245060205 -1.589196920 2.092432261 0.034920901 0.746758997 0.657054007 -0.097013511
5004.839132 1.263474345 -1.589466810 2.083049774 0.034747813 0.747031927 0.656075358 -0.101494029
5004.875995 1.284550786 -1.587529421 2.075891018 0.036104769 0.747927129 0.653738141 -0.109215103
5004.912859 1.285586357 -1.582865357 2.077960968 0.039052583 0.750994086 0.650011301 -0.109398574
5004.949723 1.301738858 -1.579767108 2.076623917 0.039711159 0.753373861 0.645822585 -0.117320210
5004.986586 1.314956903 -1.580979228 2.064699173 0.042214725 0.751767457 0.645811737 -0.126454905
5005.023449 1.324812174 -1.580236316 2.065456390 0.044244472 0.752687037 0.642962277 -0.134551480
5005.060313 1.356635928 -1.572670579 2.065048218 0.038156912 0.753434300 0.639302850 -0.148904860
5005.097176 1.364156842 -1.569953918 2.059435129 0.040871628 0.752271771 0.638519824 -0.157191440
5005.134039 1.393380761 -1.564282417 2.054138184 0.036491096 0.751472533 0.636103988 -0.171257555
5005.170903 1.409223318 -1.561503053 2.051862240 0.037227646 0.750396907 0.634548008 -0.181293502
5005.207766 1.436251163 -1.557183743 2.049909592 0.037694495 0.749417305 0.631203830 -0.196302220
5005.244630 1.455291033 -1.552549005 2.049712896 0.040221244 0.747440636 0.629910827 -0.207188383
5005.281493 1.480757236 -1.553689361 2.049790382 0.043580033 0.742592692 0.631093502 -0.219949767
5005.318357 1.497117877 -1.549829602 2.044161797 0.049678434 0.736435115 0.633796513 -0.231295019
5005.355220 1.516107321 -1.548816681 2.039101839 0.051189341 0.735252917 0.631456256 -0.240927055
5005.392083 1.545719862 -1.544254303 2.036805391 0.048681833 0.735160768 0.627543330 -0.251710564
5005.428947 1.559986591 -1.535329342 2.032839298 0.050157562 0.733085394 0.627130866 -0.258412212
5005.465810 1.581267953 -1.535801291 2.027504921 0.052051950 0.729146898 0.628186166 -0.266491115
5005.502674 1.596292496 -1.528993964 2.022531509 0.052696422 0.726952732 0.628125012 -0.272436827
5005.539537 1.616291642 -1.526592255 2.013871431 0.053809114 0.723084509 0.628249288 -0.282057196
5005.576401 1.629995346 -1.521040082 2.012612104 0.053686924 0.721036851 0.627652168 -0.288576365
5005.613264 1.648453236 -1.515935421 2.008280754 0.051408783 0.717468381 0.627614319 -0.297819704
5005.650127 1.664728761 -1.510240436 2.004105806 0.048348207 0.714342237 0.627257347 -0.306473255
5005.686990 1.678468466 -1.498363376 1.994643569 0.043753568 0.710202754 0.627822042 -0.315495074
5005.723854 1.692677498 -1.490899086 1.995689392 0.040407829 0.710008562 0.624252200 -0.323363990
5005.760717 1.702035904 -1.484280586 1.982405543 0.037340548 0.707081258 0.624133468 -0.330301553
5005.797581 1.716952324 -1.468902111 1.975458264 0.035117079 0.706172705 0.621234775 -0.337867260
5005.834444 1.735032320 -1.450457454 1.965804458 0.034143046 0.705616355 0.617952764 -0.345071197
5005.871308 1.760033607 -1.441119671 1.947463632 0.034348682 0.702378750 0.615892887 -0.355190367
5005.908171 1.775927782 -1.426262975 1.941393018 0.037013553 0.703552902 0.612162411 -0.359027177
5005.945035 1.781227589 -1.423580885 1.923801422 0.048720319 0.701843143 0.611108005 -0.362752706
5005.981898 1.802186728 -1.407155275 1.920915723 0.053294130 0.703422606 0.605753899 -0.367992610
5006.018761 1.806858540 -1.391788006 1.899883866 0.064892061 0.696972132 0.608929932 -0.373126179
5006.055625 1.819383502 -1.387838006 1.881783009 0.072908722 0.693164885 0.608010232 -0.380171478
5006.092488 1.829567909 -1.372605801 1.874932170 0.070583701 0.696638048 0.603585303 -0.381311148
5006.129352 1.842525005 -1.367314100 1.858601689 0.073037006 0.692305684 0.603892207 -0.388191611
5006.166215 1.856479406 -1.357005835 1.847807050 0.073099062 0.687978804 0.604043603 -0.395566702
5006.203079 1.861133456 -1.341177821 1.839895606 0.068790600 0.687075734 0.603442490 -0.398813158
5006.239942 1.868953466 -1.334687233 1.828788877 0.065668561 0.684840918 0.602831781 -0.404072285
5006.276805 1.883037090 -1.326295733 1.807669640 0.063013218 0.678290784 0.602389216 -0.416026711
5006.313669 1.887436628 -1.318683147 1.799035072 0.060998224 0.676978588 0.600039482 -0.421819627
5006.350532 1.890207529 -1.327099442 1.787483096 0.063301370 0.675500989 0.597439706 -0.427501023
5006.387396 1.903663754 -1.314603806 1.773098707 0.057659857 0.673344851 0.595160246 -0.434817672
5006.424259 1.922735572 -1.300763488 1.759631872 0.052643977 0.672860742 0.589649737 -0.443621814
5006.461122 1.939587712 -1.287937284 1.743773937 0.050171781 0.671007395 0.584998250 -0.452779174
5006.497986 1.947583318 -1.273941040 1.730301738 0.052153867 0.669019997 0.582354963 -0.458862752
5006.534849 1.963515520 -1.258716106 1.714549541 0.051223330 0.666834533 0.579695344 -0.465468794
5006.571712 1.975519657 -1.248890519 1.698957324 0.054302968 0.665671766 0.576068401 -0.471250981
5006.608576 1.998068571 -1.235919118 1.681898355 0.054427546 0.664250672 0.572354078 -0.477723300
5006.645439 2.028168917 -1.209258318 1.665503383 0.053141084 0.660203278 0.567609489 -0.489006281
5006.682303 2.044650793 -1.198232770 1.651619434 0.059017558 0.656259060 0.565406263 -0.496141851
5006.719166 2.058758974 -1.186849594 1.636202812 -0.060283586 -0.654935777 -0.562081516 0.501487195
5006.756030 2.070701122 -1.175597906 1.619940758 -0.063088469 -0.652560771 -0.558949113 0.507700980
5006.792893 2.087945938 -1.163091779 1.605548382 -0.063687764 -0.648944318 -0.557736814 0.513560832
5006.829756 2.100378036 -1.153235197 1.589895368 -0.063516863 -0.644863129 -0.557889521 0.518532991
5006.866620 2.111096859 -1.143423796 1.574926257 -0.062830776 -0.640835166 -0.556967437 0.524566352
5006.903483 2.120388985 -1.133387566 1.560884953 -0.060078014 -0.637134671 -0.556114435 0.530270457
5006.940347 2.116494417 -1.122480512 1.551938295 -0.061327294 -0.633168817 -0.555556834 0.535436928
5006.977210 2.128366947 -1.109818101 1.533809066 -0.059262648 -0.628233969 -0.553320229 0.543734074
5007.014074 2.130110741 -1.096497178 1.524001956 -0.057801601 -0.625891387 -0.550943792 0.548980713
5007.050937 2.132566452 -1.083565354 1.513438940 -0.056989111 -0.623432457 -0.548424244 0.554360092
5007.087800 2.126442909 -1.067899466 1.496293306 -0.058294445 -0.619115710 -0.547409832 0.560035706
5007.124664 2.134158373 -1.048354149 1.486485243 -0.056085277 -0.618564248 -0.541605413 0.566477001
5007.161527 2.136154175 -1.033061743 1.472104430 -0.056957144 -0.617220342 -0.538116693 0.571161449
5007.198391 2.136733770 -1.013409376 1.460238218 -0.056725465 -0.617359161 -0.533600211 0.575257063
5007.235254 2.137106419 -1.003974676 1.439013720 -0.063271672 -0.615044832 -0.528960824 0.581306338
5007.272117 2.126824141 -0.988613188 1.423741221 -0.071403883 -0.614659667 -0.521642745 0.587353230
5007.308981 2.137524605 -0.967570543 1.409396291 -0.069917053 -0.615977287 -0.512878180 0.593834579
5007.345844 2.129983902 -0.950627983 1.397307873 -0.076664701 -0.614271700 -0.507323444 0.599512815
5007.382708 2.127854109 -0.936756432 1.378303051 -0.084940620 -0.607925177 -0.505591571 0.606291413
5007.419571 2.132868052 -0.921643436 1.363580108 -0.087136708 -0.604575217 -0.501678526 0.612547696
5007.456434 2.131158829 -0.912015200 1.343321443 -0.086476237 -0.600912154 -0.500197113 0.617437720
5007.493298 2.146399498 -0.906657577 1.346657872 -0.085418664 -0.600615144 -0.498672724 0.619104683
5007.530161 2.158100128 -0.899880230 1.324432731 -0.088229336 -0.590548933 -0.499662131 0.627539098
5007.567025 2.153457165 -0.891555846 1.308205843 -0.088636816 -0.584751904 -0.499776065 0.632797480
5007.603888 2.149494648 -0.889890313 1.299376249 -0.088925391 -0.582214534 -0.499536753 0.635280669
5007.640752 2.148430586 -0.881796598 1.280281305 -0.089442581 -0.575634122 -0.497227609 0.642969787
5007.677615 2.163312912 -0.878428459 1.258148432 -0.085640915 -0.571028829 -0.492761135 0.650982499
5007.714478 2.164644241 -0.868692100 1.243873715 -0.083106957 -0.568501592 -0.488823026 0.656468689
5007.751342 2.163831711 -0.862303555 1.233603477 -0.081999689 -0.567355633 -0.484406203 0.660858750
5007.788205 2.163475990 -0.847805560 1.217197657 -0.076758474 -0.565877795 -0.481641978 0.664764225
5007.825069 2.169329405 -0.833209813 1.192939997 -0.072986089 -0.563378870 -0.477848291 0.670028567
5007.861932 2.173107624 -0.821138322 1.175296783 -0.071708284 -0.562273026 -0.472096562 0.675153196
5007.898795 2.179120541 -0.804419339 1.154490232 -0.072440922 -0.560797036 -0.466863245 0.679924726
5007.935659 2.184184313 -0.790476918 1.137609839 -0.072645277 -0.560352802 -0.463131487 0.682815194
5007.972522 2.174603939 -0.782042146 1.130231023 -0.079094626 -0.561271071 -0.458107799 0.684730649
5008.009386 2.183091164 -0.788445234 1.115421534 -0.085717358 -0.561480880 -0.453134239 0.687066972
5008.046249 2.176658630 -0.787720680 1.095747232 -0.094041750 -0.556896746 -0.454194903 0.689005911
5008.083113 2.186284065 -0.785849214 1.076485395 -0.099720567 -0.553751945 -0.451249540 0.692667603
5008.119976 2.194469690 -0.770043314 1.049698591 -0.097491898 -0.550453961 -0.446719080 0.698525429
5008.156839 2.191477776 -0.759264708 1.037464857 -0.101071678 -0.546889126 -0.442415953 0.703537464
5008.193703 2.195594549 -0.748650670 1.014747858 -0.100788236 -0.541333973 -0.441562712 0.708393693
5008.230566 2.196358442 -0.739925206 0.995650649 -0.101723976 -0.536136866 -0.440171778 0.713062584
5008.267430 2.197517633 -0.729619920 0.973806202 -0.099743120 -0.531631291 -0.438372135 0.717808723
5008.304293 2.191467762 -0.718810499 0.957518697 -0.098291934 -0.527729690 -0.435835809 0.722417593
5008.341156 2.195158005 -0.707885206 0.940295875 -0.094429545 -0.524418116 -0.432271719 0.727468073
5008.378020 2.189292669 -0.701335371 0.916353941 -0.093735866 -0.517360032 -0.429746479 0.734077692
5008.414883 2.174754143 -0.689611971 0.909148097 -0.094389468 -0.513738215 -0.426529676 0.738400996
5008.451747 2.169344187 -0.675057232 0.892152905 -0.089939013 -0.509606957 -0.422225475 0.744269729
5008.488610 2.159314871 -0.661172211 0.874806285 -0.085363984 -0.505389273 -0.420570880 0.748608589
5008.525473 2.151606560 -0.648692071 0.864345491 -0.083522618 -0.502633095 -0.415988773 0.753217936
5008.562337 2.139853477 -0.639465511 0.851228297 -0.085135326 -0.499003857 -0.410184950 0.758614063
5008.599200 2.131547689 -0.620826662 0.839187086 -0.084141195 -0.496673971 -0.404977709 0.763038874
5008.636064 2.119872570 -0.610030651 0.826058507 -0.085517272 -0.495880544 -0.398865134 0.766613245
5008.672927 2.117357492 -0.607086480 0.802482307 -0.085121416 -0.495458126 -0.392967254 0.769968987
5008.709790 2.119879484 -0.618781805 0.756716669 -0.090175480 -0.489493340 -0.387110531 0.776150763
5008.746654 2.101899385 -0.600024581 0.754627228 -0.101529993 -0.486963630 -0.380416691 0.779641747
5008.783517 2.090943575 -0.598204613 0.740634918 -0.110907607 -0.483446598 -0.371916771 0.784638047
5008.820381 2.070184231 -0.584735930 0.742311239 -0.111619323 -0.484233171 -0.364220232 0.787656605
5008.857244 2.063147068 -0.583514214 0.726513505 -0.111490279 -0.479668826 -0.361506194 0.791707635
5008.894108 2.052165985 -0.572868407 0.713342011 -0.110243604 -0.472683638 -0.358368158 0.797489047
5008.930971 2.040974140 -0.569825292 0.691104710 -0.105531968 -0.464762539 -0.356601119 0.803551137
5008.967834 2.030047417 -0.563473523 0.672254503 -0.099471867 -0.457162797 -0.355487823 0.809157550
5009.004698 2.012448788 -0.560106337 0.669962287 -0.100215785 -0.450384676 -0.351836979 0.814445317
5009.041561 2.000417233 -0.561197758 0.658207357 -0.098791249 -0.443309724 -0.349320441 0.819568157
5009.078425 1.995702028 -0.555183768 0.649524391 -0.092376076 -0.439069003 -0.345432222 0.824233949
5009.115288 1.982565403 -0.562173188 0.630727589 -0.094426759 -0.429979771 -0.341831982 0.830272138
5009.152151 1.977637053 -0.550680518 0.621253192 -0.092549525 -0.424117774 -0.336171657 0.835791409
5009.189015 1.977089643 -0.541172206 0.611713469 -0.090391599 -0.419470698 -0.329427302 0.841041803
5009.225878 1.972552061 -0.530186534 0.603697181 -0.089500673 -0.414197385 -0.321379125 0.846844494
5009.262742 1.972054720 -0.522415042 0.585469007 -0.090080574 -0.407423198 -0.313573599 0.852973282
5009.299605 1.971645355 -0.514328837 0.573042512 -0.090087540 -0.402945280 -0.306443721 0.857677996
5009.336468 1.973372698 -0.503379345 0.568232715 -0.086294040 -0.400448680 -0.297816545 0.862264156
5009.373332 1.972418308 -0.497388005 0.550117791 -0.086977392 -0.392325222 -0.288318872 0.869130671
5009.410195 1.977189064 -0.490982592 0.534471810 -0.090194508 -0.383869767 -0.279134572 0.875552893
5009.447059 1.974880219 -0.479623407 0.506675780 -0.091886714 -0.370000243 -0.267423213 0.884952784
5009.483922 1.975444317 -0.472002357 0.487367868 -0.089952081 -0.361324310 -0.257919550 0.891532898
5009.520786 1.982038498 -0.470686466 0.483286917 -0.090670653 -0.357516855 -0.248478919 0.895666659
5009.557649 1.987294555 -0.465655357 0.460973740 -0.089082420 -0.350087941 -0.241134778 0.900753438
5009.594512 1.990153074 -0.464235693 0.437645137 -0.086721554 -0.342976779 -0.234876856 0.905361354
5009.631376 1.994512439 -0.457537472 0.431018949 -0.084968425 -0.337935358 -0.228487000 0.909051001
5009.668239 1.992394567 -0.453987539 0.416474342 -0.083107002 -0.329611897 -0.221238598 0.914058387
5009.705103 1.993396997 -0.441229522 0.405724525 -0.074524723 -0.322494477 -0.217745170 0.918166876
5009.741966 1.993264198 -0.439332485 0.393605292 -0.070911698 -0.314375758 -0.209148943 0.923253059
5009.778829 1.989133120 -0.427599192 0.373988628 -0.062251702 -0.304651111 -0.205636710 0.927914858
5009.815693 1.989345193 -0.430375099 0.364753604 -0.058393691 -0.298723787 -0.200140595 0.931288362
5009.852556 1.976434469 -0.417841792 0.354787946 -0.051363692 -0.290407836 -0.195104748 0.935392499
5009.889420 1.979741454 -0.416859865 0.347066820 -0.047080159 -0.287063599 -0.189784199 0.937741935
5009.926283 1.970291257 -0.414340973 0.335305989 -0.043302871 -0.280896008 -0.185686231 0.940607727
5009.963146 1.960643530 -0.409383237 0.331295669 -0.039480630 -0.276608169 -0.181243613 0.942910373
5010.000010 1.949690819 -0.409324706 0.327225983 -0.037946809 -0.273225129 -0.176826373 0.944796562
5010.036873 1.935892344 -0.404675603 0.324125350 -0.035762865 -0.270642400 -0.172035858 0.946507990
5010.073737 1.927141905 -0.394850582 0.318672419 -0.034382902 -0.268074840 -0.164883241 0.948560596
5010.110600 1.913058877 -0.386461049 0.317927301 -0.033494178 -0.265393257 -0.157138437 0.950658739
5010.147464 1.899847269 -0.384351134 0.316370189 -0.036355481 -0.262263536 -0.151379973 0.952355087
5010.184327 1.887201309 -0.393139094 0.311206758 -0.045244008 -0.257951885 -0.145127758 0.954123557
5010.221190 1.872354269 -0.383029699 0.307400644 -0.051037621 -0.251780421 -0.140510395 0.956168711
5010.258054 1.858977199 -0.376769543 0.308785975 -0.055748872 -0.246354520 -0.135836288 0.957992673
5010.294917 1.843955278 -0.367234051 0.303576589 -0.052245885 -0.239531338 -0.131150603 0.960569918
5010.331781 1.825345039 -0.367341161 0.305553079 -0.052804336 -0.232712284 -0.128500119 0.962571800
5010.368644 1.810722828 -0.376778275 0.301540583 -0.063428193 -0.224169150 -0.124234423 0.964515865
5010.405508 1.792467237 -0.368486285 0.297380865 -0.066126235 -0.215312228 -0.122608721 0.966558397
5010.442371 1.782362819 -0.373706013 0.293106169 -0.067139834 -0.212129191 -0.124295980 0.966976702
5010.479234 1.770837307 -0.366554528 0.289017886 -0.066942938 -0.208555043 -0.124591053 0.967729568
5010.516098 1.748259068 -0.369837880 0.282932460 -0.072189420 -0.202504039 -0.127566159 0.968249798
5010.552961 1.733441949 -0.375567585 0.279504895 -0.075091302 -0.199534908 -0.130195796 0.968295515
5010.589824 1.720465302 -0.366152644 0.285868943 -0.074849688 -0.197041571 -0.127323106 0.969206333
5010.626688 1.698266983 -0.362395167 0.274388134 -0.074848525 -0.189072669 -0.128423661 0.970647514
5010.663551 1.677724004 -0.362925738 0.270179451 -0.076479599 -0.182084277 -0.131233767 0.971480250
5010.700415 1.665455341 -0.354226053 0.277194351 -0.077311359 -0.177596763 -0.130555436 0.972336173
5010.737278 1.648437738 -0.345200628 0.275682211 -0.075146146 -0.170866445 -0.130614728 0.973702967
5010.774142 1.624904633 -0.348436952 0.256510615 -0.075363867 -0.161518782 -0.131286353 0.975190163
5010.811005 1.603930712 -0.342005908 0.252380192 -0.072569303 -0.156040311 -0.128462508 0.976669073
5010.847868 1.585143685 -0.341157615 0.251375407 -0.071522012 -0.153716698 -0.123089619 0.977806091
5010.884732 1.571201086 -0.330116302 0.246158957 -0.073373176 -0.153741181 -0.117311701 0.978375196
5010.921595 1.550747275 -0.319589674 0.245799959 -0.075502105 -0.155279770 -0.110245429 0.978791893
5010.958459 1.533698082 -0.314173549 0.243358016 -0.076328404 -0.159791619 -0.102998056 0.978791118
5010.995322 1.526949286 -0.298938245 0.254882604 -0.074261136 -0.171348110 -0.097044595 0.977602899
5011.032186 1.504896641 -0.298698008 0.243609130 -0.077339083 -0.174160913 -0.090984680 0.977449954
5011.069049 1.485098004 -0.301370084 0.233831555 -0.080996431 -0.176283136 -0.084711097 0.977337122
5011.105912 1.470590353 -0.304242790 0.228074431 -0.083023116 -0.178181648 -0.081875026 0.977064490
5011.142776 1.438949466 -0.308063895 0.218490779 -0.086274408 -0.171726599 -0.078601874 0.978206754
5011.179639 1.420791626 -0.303751230 0.218378872 -0.084935933 -0.168530911 -0.077733561 0.978948772
5011.216503 1.409050465 -0.295127094 0.217669547 -0.081395037 -0.164089397 -0.077384524 0.980031252
5011.253366 1.388648033 -0.293528020 0.215768129 -0.078694984 -0.156221390 -0.075797260 0.981660187
5011.290230 1.368474603 -0.294346869 0.214655101 -0.075882062 -0.148593187 -0.073463678 0.983242154
5011.327093 1.354707360 -0.298502922 0.227205381 -0.074105985 -0.144784510 -0.070441894 0.984166503
5011.363956 1.337498188 -0.298413217 0.231967524 -0.071541861 -0.140465155 -0.067145452 0.985212088
5011.400820 1.309756398 -0.283633351 0.228083551 -0.063507624 -0.134125620 -0.063864298 0.986862957
5011.437683 1.279347658 -0.290035903 0.229562759 -0.062502123 -0.129570052 -0.062128086 0.987646282
5011.474546 1.255195737 -0.304840684 0.235972643 -0.063679509 -0.129145220 -0.058054078 0.987874568
5011.511410 1.234239459 -0.309099227 0.235739306 -0.060583532 -0.130822301 -0.055078443 0.988018990
5011.548273 1.227034092 -0.328443497 0.244191363 -0.065577567 -0.138424516 -0.050121967 0.986927569
5011.585137 1.187624216 -0.300076842 0.241803423 -0.058854908 -0.134743944 -0.040441833 0.988303900
5011.622000 1.176282406 -0.310191393 0.238803238 -0.058634870 -0.138145238 -0.035715573 0.988029480
5011.658864 1.142363906 -0.318671554 0.242691964 -0.054441284 -0.135740876 -0.033203088 0.988690078
5011.695727 1.134040475 -0.334527552 0.246961907 -0.056378406 -0.137119025 -0.032268349 0.988422275
5011.732590 1.103660226 -0.343304724 0.246367827 -0.060601398 -0.129664123 -0.030936960 0.989220738
5011.769454 1.090315223 -0.338663220 0.248170137 -0.057263337 -0.126969934 -0.032658972 0.989713550
5011.806317 1.057406425 -0.354937077 0.240588218 -0.058999095 -0.118101992 -0.038186342 0.990511417
5011.843181 1.034863353 -0.349460751 0.242998734 -0.055472765 -0.112586893 -0.039750472 0.991295576
5011.880044 1.012222886 -0.365055889 0.241042137 -0.058214426 -0.106847391 -0.041937765 0.991683364
5011.916908 0.996619642 -0.357511669 0.242219046 -0.052499879 -0.105059154 -0.045752469 0.992024720
5011.953771 0.989512503 -0.353978932 0.242632791 -0.050766863 -0.106413059 -0.047539271 0.991886616
5011.990634 0.952818632 -0.315787792 0.234728351 -0.039913602 -0.100153044 -0.045176547 0.993144155
5012.027498 0.925720751 -0.347223312 0.233981714 -0.050799359 -0.100094043 -0.048984986 0.992472231
5012.064361 0.898223698 -0.334317476 0.233035579 -0.049711548 -0.101171672 -0.051671624 0.992281735
5012.101225 0.874608099 -0.307600439 0.220840782 -0.044313278 -0.102671131 -0.049970467 0.992470622
5012.138088 0.854352474 -0.322116703 0.221980229 -0.049087353 -0.106968850 -0.056019448 0.991468549
5012.174952 0.832866371 -0.355850965 0.230501220 -0.063432224 -0.112577699 -0.050579056 0.990325391
5012.211815 0.771540940 -0.292927295 0.206886351 -0.043065023 -0.100012109 -0.046082750 0.992985070
5012.248678 0.743928373 -0.284556985 0.199468613 -0.038573913 -0.099132925 -0.044355098 0.993336499
5012.285542 0.706326127 -0.254305363 0.186886251 -0.028790200 -0.093221642 -0.041217603 0.994375169
5012.322405 0.711883068 -0.272644013 0.194000795 -0.039859213 -0.100790657 -0.036894251 0.993424058
5012.359268 0.687931240 -0.272299945 0.183012038 -0.045492817 -0.095602907 -0.033634178 0.993810475
5012.396132 0.657065988 -0.279828221 0.192949757 -0.050788894 -0.091430567 -0.034071613 0.993931651
5012.432995 0.651311159 -0.252135813 0.184689909 -0.045234762 -0.092361763 -0.033103690 0.994146526
5012.469859 0.615057647 -0.250567347 0.162200809 -0.050064288 -0.082703166 -0.033899341 0.994738460
5012.506722 0.596073210 -0.231632844 0.159342766 -0.047540668 -0.079700187 -0.032389231 0.995157599
5012.543586 0.578965425 -0.249967664 0.155949965 -0.053865235 -0.078407444 -0.033729307 0.994893551
5012.580449 0.550341189 -0.236462817 0.156037658 -0.050726466 -0.073644944 -0.032114897 0.995475709
5012.617312 0.541324258 -0.246734500 0.152391344 -0.057542980 -0.074198730 -0.029661942 0.995139956
5012.654176 0.524435580 -0.242520243 0.154713586 -0.059480198 -0.072945759 -0.028117571 0.995163500
5012.691039 0.508643687 -0.244705766 0.149277285 -0.060993608 -0.073434085 -0.029037440 0.995009542
5012.727903 0.478061467 -0.244366080 0.153450429 -0.061906137 -0.070411958 -0.032700408 0.995058000
5012.764766 0.463948369 -0.221477762 0.155240923 -0.055384438 -0.072254233 -0.034115355 0.995262802
5012.801630 0.445693403 -0.240894273 0.154190689 -0.060680378 -0.073716946 -0.035814483 0.994786918
5012.838493 0.414925039 -0.244752988 0.151959866 -0.060918804 -0.071269140 -0.036217920 0.994936109
5012.875356 0.424201846 -0.211897448 0.162033141 -0.049055513 -0.081076182 -0.032753058 0.994961023
5012.912220 0.408041120 -0.213800520 0.162859619 -0.045833398 -0.083955586 -0.030431686 0.994949579
5012.949083 0.390513599 -0.217976421 0.161742508 -0.045071188 -0.090660013 -0.032395232 0.994333863
5012.985947 0.385074258 -0.211239830 0.163047105 -0.046508435 -0.100441538 -0.034269094 0.993264377
5013.022810 0.374472916 -0.224094719 0.163796842 -0.054308623 -0.106299616 -0.030156581 0.992391825
5013.059674 0.348526061 -0.231097624 0.148555040 -0.059382346 -0.103449859 -0.027431754 0.992481411
5013.096537 0.350703031 -0.211087942 0.151546806 -0.054606233 -0.107634455 -0.025517808 0.992361724
