11197.086113 0.000000000 0.000000000 0.000000000 0.000000000 0.000000000 0.000000000 1.000000000
11197.122977 -0.005261289 -0.001470905 -0.002295163 -0.001318079 0.001539374 0.001227992 0.999997199
11197.159840 -0.010124577 -0.002186182 -0.004881124 -0.003717422 0.005008943 0.003604175 0.999974012
11197.196703 -0.013432837 -0.001385620 -0.007000988 -0.007233053 0.008687077 0.005979192 0.999918222
11197.233567 -0.017044885 -0.000816502 -0.008791978 -0.012491473 0.012847702 0.007246622 0.999813139
11197.270430 -0.019134637 0.000289329 -0.010285324 -0.017776685 0.016135138 0.008797919 0.999673069
11197.307293 -0.021407418 0.001308461 -0.012112480 -0.021271108 0.018599104 0.010448323 0.999546170
11197.344157 -0.024051109 0.003069688 -0.013113044 -0.021253219 0.019901363 0.011068681 0.999514759
11197.381020 -0.026519792 0.005145840 -0.014700132 -0.020624626 0.019882388 0.010407490 0.999535382
11197.417883 -0.028640347 0.009552805 -0.016450100 -0.020194374 0.019063571 0.009433237 0.999569833
11197.454747 -0.031074136 0.013810494 -0.017686445 -0.021482302 0.017284723 0.007286680 0.999593198
11197.491610 -0.033745449 0.019587778 -0.018602654 -0.023759823 0.015006462 0.004655167 0.999594212
11197.528474 -0.036052410 0.025216291 -0.019598203 -0.029685352 0.013005844 0.001661880 0.999473274
11197.565337 -0.037840173 0.030880539 -0.020149646 -0.037688252 0.011697234 -0.000414824 0.999220967
11197.602200 -0.039211817 0.038115930 -0.021746565 -0.046143577 0.011780431 -0.002477645 0.998862267
11197.639064 -0.040439252 0.045853723 -0.022119511 -0.054886822 0.013159088 -0.003432334 0.998399973
11197.675927 -0.041846938 0.050867841 -0.023180254 -0.063448586 0.015100179 -0.003767981 0.997863710
11197.712790 -0.043349996 0.059159137 -0.023766622 -0.069030330 0.016912078 -0.003835575 0.997463822
11197.749654 -0.044738024 0.067442074 -0.025192030 -0.075594999 0.019032052 -0.004737270 0.996945679
11197.786517 -0.046147034 0.075541660 -0.027958734 -0.080526479 0.021631187 -0.004909796 0.996505618
11197.823380 -0.048139624 0.085211724 -0.030789882 -0.083334096 0.025013577 -0.005542519 0.996192276
11197.860244 -0.049591713 0.094994709 -0.034013517 -0.086377747 0.028772514 -0.003771921 0.995839775
11197.897107 -0.051914394 0.104451619 -0.036537051 -0.088749245 0.033278305 -0.001772452 0.995496392
11197.933971 -0.055916481 0.114256769 -0.039962776 -0.091870785 0.039036501 -0.000995650 0.995005012
11197.970834 -0.056825679 0.124590524 -0.043358877 -0.098092414 0.043949101 -0.001534255 0.994205236
11198.007697 -0.062312447 0.131129712 -0.044946872 -0.109183602 0.052300718 -0.001911316 0.992642879
11198.044561 -0.066269338 0.142131150 -0.048907071 -0.119053677 0.061353266 -0.000192682 0.990990400
11198.081424 -0.069382682 0.161417857 -0.050254069 -0.125436500 0.072466925 0.005549239 0.989435971
11198.118287 -0.068513207 0.171626955 -0.046457797 -0.136207446 0.082227886 0.012012722 0.987188816
11198.155151 -0.074152708 0.176851556 -0.046297997 -0.148719296 0.094090410 0.020818766 0.984172821
11198.192014 -0.074187785 0.197322518 -0.048622627 -0.155779004 0.102808766 0.030869592 0.981942117
11198.228878 -0.070765503 0.213932380 -0.045893848 -0.166373715 0.108256571 0.041961059 0.979203522
11198.265741 -0.074006133 0.211350322 -0.040671192 -0.185273573 0.115759052 0.050558984 0.974534392
11198.302604 -0.068440214 0.228861198 -0.036010470 -0.197425410 0.119583212 0.063968390 0.970891893
11198.339468 -0.072640143 0.239461988 -0.026014373 -0.212260738 0.125464901 0.075161152 0.966206372
11198.376331 -0.072869256 0.251766652 -0.016280033 -0.228004232 0.126353189 0.083647296 0.961796284
11198.413194 -0.067730099 0.272942185 -0.006498419 -0.242017999 0.122318573 0.088961065 0.958410859
11198.450058 -0.058427185 0.290548652 0.003884152 -0.258097142 0.115497246 0.094493508 0.954524636
11198.486921 -0.061546370 0.307153642 0.014351554 -0.269789279 0.114587225 0.101321548 0.950693130
11198.523784 -0.056992695 0.318178236 0.029313758 -0.281004786 0.110058583 0.107185349 0.947330296
11198.560648 -0.055018403 0.330220252 0.037861988 -0.292311728 0.107003197 0.109619550 0.943974435
11198.597511 -0.050946265 0.342821300 0.050777897 -0.304014415 0.105478846 0.113422900 0.939991832
11198.634375 -0.044380426 0.353103876 0.063665524 -0.316173226 0.104402043 0.113959089 0.936027765
11198.671238 -0.046119142 0.363310039 0.074595034 -0.328745753 0.107659727 0.114184678 0.931288064
11198.708101 -0.044226021 0.377180219 0.082260281 -0.339166224 0.110635072 0.113441125 0.927284896
11198.744965 -0.043862287 0.387492687 0.090594545 -0.350261003 0.115404665 0.109852314 0.923001349
11198.781828 -0.041587170 0.397552788 0.098239556 -0.360908031 0.120379120 0.105972677 0.918707848
11198.818691 -0.042349380 0.411712706 0.103221595 -0.370367676 0.126828983 0.102277860 0.914484203
11198.855555 -0.047927268 0.422460020 0.109497756 -0.380537659 0.133939371 0.097416565 0.909813941
11198.892418 -0.043075286 0.430068552 0.114140734 -0.390193939 0.137983829 0.094981097 0.905366063
11198.929281 -0.043702655 0.435521185 0.121273547 -0.400352716 0.142546281 0.091295004 0.900590658
11198.966145 -0.048303112 0.445325732 0.127045706 -0.407821476 0.146892712 0.090808287 0.896581292
11199.003008 -0.052807443 0.456311464 0.123761237 -0.411893457 0.149997413 0.093066297 0.893970490
11199.039872 -0.057053827 0.460970551 0.133251652 -0.419354647 0.152034745 0.095590338 0.889881790
11199.076735 -0.061108619 0.464185834 0.139607951 -0.423856199 0.152875274 0.098551676 0.887278259
11199.113598 -0.065767802 0.467350096 0.142275840 -0.425711632 0.153945178 0.101976395 0.885816753
11199.150462 -0.073070362 0.468565911 0.143081188 -0.425173163 0.157035902 0.104975969 0.885182202
11199.187325 -0.080601647 0.468487233 0.145849735 -0.423835337 0.160389557 0.106625490 0.885025322
11199.224189 -0.084957674 0.467261612 0.145122170 -0.421089947 0.163417101 0.107429162 0.885684490
11199.261052 -0.093337826 0.461469471 0.145142317 -0.417381555 0.169205651 0.107618861 0.886329651
11199.297915 -0.105430953 0.455716729 0.142566204 -0.412104070 0.176483184 0.106788561 0.887479663
11199.334779 -0.115137808 0.448548794 0.139230356 -0.406976372 0.182707578 0.106593549 0.888608992
11199.371642 -0.131078631 0.435275674 0.141384721 -0.402050883 0.188951239 0.104831316 0.889754415
11199.408505 -0.148728430 0.429297745 0.128702909 -0.389189214 0.192164809 0.100692727 0.895245969
11199.445369 -0.156622946 0.413820148 0.123435952 -0.377316445 0.193537191 0.100337416 0.900059998
11199.482232 -0.170869559 0.395027518 0.122535415 -0.366894215 0.195812076 0.097511962 0.904177904
11199.519095 -0.195897698 0.386311442 0.115716577 -0.351622164 0.201041922 0.094312094 0.909422457
11199.555959 -0.210213691 0.363460243 0.110028893 -0.338119119 0.201721996 0.093191698 0.914493859
11199.592822 -0.233091831 0.350390732 0.101029538 -0.318322033 0.203563735 0.091307014 0.921355486
11199.629686 -0.242001459 0.332884878 0.102322087 -0.302736521 0.200063258 0.088172257 0.927658856
11199.666549 -0.250999212 0.318324327 0.096068092 -0.285557389 0.196241945 0.084128506 0.934274316
11199.703412 -0.268107653 0.303652465 0.097773880 -0.272475302 0.198478058 0.080581143 0.938014030
11199.740276 -0.286371559 0.285631478 0.097201668 -0.258414119 0.205846921 0.085346989 0.939981401
11199.777139 -0.294552207 0.268476397 0.097139455 -0.245732680 0.208192110 0.083287068 0.943045497
11199.814003 -0.303969264 0.259590477 0.096453041 -0.227833778 0.211244598 0.080861479 0.947063327
11199.850866 -0.313403696 0.248434231 0.098596454 -0.211092532 0.214901879 0.076669067 0.950462520
11199.887729 -0.326871186 0.233515754 0.099746585 -0.196756616 0.220670640 0.072702706 0.952525914
11199.924592 -0.329301983 0.227096289 0.098362625 -0.181349367 0.221579075 0.069567367 0.955602169
11199.961456 -0.343730688 0.222541958 0.097667374 -0.163416669 0.226770341 0.066087738 0.957863569
11199.998319 -0.360939741 0.210349783 0.105341181 -0.149328828 0.232386649 0.062400863 0.959063888
11200.035183 -0.357862979 0.199479088 0.106278002 -0.132980078 0.228471920 0.056953147 0.962742567
11200.072046 -0.366341293 0.192600772 0.104233995 -0.115266740 0.227986798 0.052261662 0.965403676
11200.108909 -0.378394842 0.178743333 0.106836066 -0.100862563 0.229175746 0.048199542 0.966944695
11200.145773 -0.389950842 0.164645016 0.113400623 -0.085938871 0.230504811 0.045877378 0.968182504
11200.182636 -0.394170344 0.157486111 0.111441970 -0.067837402 0.228234693 0.042941064 0.970290184
11200.219500 -0.403866023 0.142484561 0.114405990 -0.053343654 0.228918985 0.041395564 0.971100926
11200.256363 -0.416691840 0.135451615 0.114101157 -0.034606792 0.230176628 0.036315009 0.971855044
11200.293226 -0.424015015 0.125098720 0.118554503 -0.018849935 0.230774745 0.030931767 0.972332716
11200.330090 -0.431780457 0.130594239 0.117975026 0.007864924 0.230675459 0.026116457 0.972648442
11200.366953 -0.442059398 0.120875761 0.119106673 0.024289586 0.233445302 0.022776555 0.971799672
11200.403816 -0.454175949 0.106058478 0.118430257 0.035174992 0.238031402 0.022008805 0.970370770
11200.440680 -0.465685040 0.087634608 0.107485071 0.044197541 0.237495273 0.016459478 0.970243096
11200.477543 -0.477827489 0.071149535 0.108580150 0.053547755 0.242194459 0.011060659 0.968685806
11200.514407 -0.493020445 0.069734484 0.121730842 0.064875089 0.251092494 -0.005105470 0.965773106
11200.551270 -0.507878900 0.061390996 0.120858192 0.074432157 0.256810874 -0.011758228 0.963519454
11200.588133 -0.522685289 0.056368969 0.121092543 0.082195558 0.263284683 -0.019356778 0.961015284
11200.624997 -0.536778450 0.051851355 0.121697590 0.084525645 0.271491528 -0.025463935 0.958383679
11200.661860 -0.549062550 0.052863415 0.124812394 0.083074495 0.281227052 -0.031781033 0.955510318
11200.698724 -0.563857973 0.048969276 0.129488721 0.076714158 0.294156343 -0.033002786 0.952101767
11200.735587 -0.566272080 0.058909178 0.127289549 0.074472308 0.301613659 -0.035366111 0.949859083
11200.772450 -0.585822582 0.061782189 0.137674153 0.068397708 0.319861025 -0.036081772 0.944303334
11200.809314 -0.598247826 0.074079394 0.141433284 0.067704685 0.333546698 -0.038506266 0.939510465
11200.846177 -0.612214863 0.067286655 0.146704853 0.059990913 0.347643971 -0.035543103 0.935030162
11200.883040 -0.631518960 0.065473400 0.155020952 0.055439960 0.364197165 -0.032324236 0.929108143
11200.919904 -0.643581331 0.079165213 0.160591841 0.058674436 0.375927299 -0.030465014 0.924287796
11200.956767 -0.656912565 0.078484073 0.165984631 0.055777844 0.387158304 -0.025527608 0.919970453
11200.993630 -0.670496047 0.092013761 0.165239781 0.059265491 0.396448880 -0.020603381 0.915910125
11201.030494 -0.677720189 0.100570530 0.168507278 0.058372196 0.404927164 -0.010944996 0.912418127
11201.067357 -0.701181173 0.096692324 0.174371690 0.049423259 0.419317603 0.000597217 0.906493068
11201.104221 -0.704806983 0.114570908 0.179945290 0.050500970 0.424522907 0.010937670 0.903941572
11201.141084 -0.710682094 0.123689398 0.181774557 0.046522144 0.427877218 0.017672950 0.902465761
11201.177947 -0.722274303 0.124529108 0.189259231 0.037783660 0.433391213 0.023123963 0.900116503
11201.214811 -0.735869527 0.135147333 0.205679774 0.033523992 0.441891968 0.029823896 0.895945370
11201.251674 -0.733758390 0.137808412 0.201878279 0.023992125 0.439491659 0.032446835 0.897339761
11201.288538 -0.741266668 0.137581483 0.214688838 0.015591101 0.444924712 0.038482830 0.894604921
11201.325401 -0.745541513 0.155892581 0.223336339 0.013320940 0.447969288 0.042397834 0.892943740
11201.362264 -0.749587893 0.169059426 0.231187791 0.006491645 0.451318145 0.047570996 0.891070545
11201.399127 -0.752785802 0.174768373 0.245435715 -0.004615824 0.456964165 0.053029653 0.887890935
11201.435991 -0.754841208 0.171618611 0.262315810 -0.022038661 0.464280427 0.059344817 0.883422971
11201.472854 -0.752847314 0.179770768 0.273077786 -0.039556641 0.470331192 0.061462685 0.879457891
11201.509718 -0.750224471 0.198592782 0.274936199 -0.050970551 0.474311918 0.071330167 0.875980735
11201.546581 -0.747392893 0.212758243 0.293586224 -0.069234744 0.483501434 0.074136510 0.869446158
11201.583444 -0.746374607 0.225865975 0.322643369 -0.086657263 0.496605784 0.081985414 0.859739244
11201.620308 -0.743497372 0.245736033 0.338078320 -0.102541707 0.503586471 0.088027187 0.853309512
11201.657171 -0.741187274 0.266146719 0.347198784 -0.119496435 0.508273900 0.090413027 0.848058820
11201.694035 -0.735858321 0.271066636 0.363436818 -0.142330930 0.513948262 0.097740650 0.840265334
11201.730898 -0.728226125 0.261000872 0.382789791 -0.170178756 0.519327641 0.107246131 0.830563843
11201.767761 -0.729993939 0.293526888 0.402995050 -0.178832531 0.526971877 0.115220726 0.822826684
11201.804625 -0.726876736 0.312095940 0.412780106 -0.194305629 0.526661634 0.123943925 0.818236351
11201.841488 -0.716467142 0.316660464 0.425053716 -0.211363733 0.522646427 0.133323461 0.815101802
11201.878351 -0.722704172 0.346334904 0.437173694 -0.211150154 0.523529887 0.143138751 0.812922716
11201.915215 -0.720178962 0.359655499 0.448256254 -0.219452441 0.519337475 0.156280860 0.810990453
11201.952078 -0.718885481 0.374371350 0.457786441 -0.228708506 0.514086127 0.170282423 0.808957219
11201.988941 -0.716977954 0.386283875 0.466408908 -0.237262249 0.509681284 0.184202954 0.806226313
11202.025805 -0.716811299 0.398118407 0.477612168 -0.244331539 0.509654045 0.199630246 0.800439000
11202.062668 -0.714131415 0.406460226 0.482408494 -0.254897743 0.507599652 0.212089151 0.795228183
11202.099532 -0.722629309 0.420401424 0.494861186 -0.259145379 0.515063226 0.225601450 0.785275400
11202.136395 -0.724860549 0.429385811 0.501104116 -0.267166346 0.518287480 0.234302923 0.777883232
11202.173258 -0.731014311 0.438417554 0.509639323 -0.273120284 0.523833930 0.240438774 0.770189941
11202.210122 -0.736175895 0.445320249 0.521667242 -0.279669613 0.530465961 0.245479003 0.761663198
11202.246985 -0.744261920 0.453709841 0.529954255 -0.286944419 0.536523104 0.249422759 0.753388405
11202.283848 -0.751421988 0.460405439 0.536400020 -0.293940246 0.542159259 0.250465721 0.746276975
11202.320712 -0.761920094 0.465445638 0.546433330 -0.298772842 0.549969196 0.252040356 0.738067985
11202.357575 -0.774408340 0.471286207 0.553914368 -0.302849352 0.557578266 0.253384322 0.730195224
11202.394438 -0.787785888 0.476843506 0.559890211 -0.305366427 0.564516962 0.257344276 0.722388983
11202.431302 -0.798678041 0.475161910 0.574783981 -0.310072333 0.570144534 0.261511773 0.714424193
11202.468165 -0.812395155 0.480485886 0.585690081 -0.309517413 0.574250102 0.265609354 0.709850311
11202.505029 -0.828906298 0.482628614 0.593230605 -0.307523608 0.576158226 0.273341119 0.706226289
11202.541892 -0.839400291 0.488072276 0.600265324 -0.306320399 0.575104952 0.279373646 0.705246389
11202.578755 -0.849507332 0.486150891 0.606503725 -0.303347766 0.573120654 0.283845812 0.706359982
11202.615619 -0.858945787 0.480536163 0.617498159 -0.299748778 0.572646260 0.286199421 0.707330704
11202.652482 -0.869864762 0.476305991 0.626114786 -0.293262005 0.574579895 0.288311273 0.707624137
11202.689345 -0.875478923 0.465583891 0.633311331 -0.287620544 0.578061461 0.290363908 0.706263483
11202.726209 -0.885353386 0.454243839 0.636123419 -0.279608816 0.582568586 0.289575428 0.706101120
11202.763072 -0.892992079 0.446047068 0.643669784 -0.268106580 0.590006053 0.286229581 0.705750883
11202.799936 -0.895547867 0.431790769 0.659320652 -0.259858191 0.597766399 0.279057533 0.705177903
11202.836799 -0.897995591 0.418717563 0.666896343 -0.249558747 0.603753984 0.272496849 0.706361830
11202.873662 -0.902695656 0.411328971 0.679385543 -0.238569990 0.610631227 0.263592869 0.707624674
11202.910526 -0.906053007 0.400247633 0.688696325 -0.227930814 0.616325796 0.253944308 0.709719896
11202.947389 -0.904615819 0.377859026 0.698459089 -0.220231414 0.621909618 0.248378307 0.709249496
11202.984252 -0.904030740 0.362061143 0.708832622 -0.212842703 0.626790345 0.240653530 0.709871650
11203.021116 -0.916695535 0.355041444 0.715822101 -0.198646277 0.632257283 0.227508083 0.713463724
11203.057979 -0.912087023 0.352351695 0.743661702 -0.181101352 0.642388642 0.217967376 0.712059915
11203.094842 -0.913224936 0.338374496 0.752941132 -0.165324166 0.646480739 0.205555201 0.715875447
11203.131706 -0.924724638 0.312855422 0.756161034 -0.149797276 0.649959803 0.192808300 0.719679058
11203.168569 -0.922416329 0.305868655 0.786249161 -0.128541782 0.660140395 0.184238508 0.716762066
11203.205433 -0.928123534 0.292253196 0.796827793 -0.109333180 0.663315237 0.173535943 0.719683528
11203.242296 -0.929884553 0.266178101 0.817047477 -0.100224242 0.665476620 0.160907701 0.721945107
11203.279159 -0.935299039 0.253080457 0.832582116 -0.082969427 0.666231036 0.145820096 0.726628363
11203.316023 -0.937416553 0.236538172 0.848872066 -0.070533916 0.666452885 0.130724147 0.730600238
11203.352886 -0.945462823 0.218655273 0.861411929 -0.060814418 0.666043639 0.117925316 0.734017074
11203.389750 -0.949808717 0.204246998 0.872280896 -0.051658895 0.665364563 0.105639249 0.737198532
11203.426613 -0.956954956 0.184781924 0.890933812 -0.048036292 0.668138027 0.090729892 0.736920774
11203.463476 -0.961596549 0.169663206 0.904751241 -0.038316388 0.670228601 0.078663073 0.736978710
11203.500340 -0.965224206 0.157622039 0.917484879 -0.026996737 0.673637271 0.065166883 0.735688269
11203.537203 -0.973669529 0.147578016 0.932175934 -0.016114311 0.680240691 0.051081818 0.731029093
11203.574066 -0.979788959 0.133590966 0.946330309 -0.004769078 0.687334120 0.047424000 0.724775851
11203.610930 -0.987417161 0.129822120 0.960437834 0.003643000 0.694775522 0.034919042 0.718369246
11203.647793 -0.994008958 0.121885069 0.974768817 0.011837557 0.701988935 0.027979992 0.711539567
11203.684656 -1.000904560 0.118288673 0.988604963 0.020227786 0.708563626 0.019131178 0.705097377
11203.721520 -1.007892609 0.113014072 1.001973271 0.026883736 0.714299679 0.011450682 0.699229598
11203.758383 -1.015287042 0.106794596 1.017862439 0.033969067 0.720731676 0.007547697 0.692340195
11203.795247 -1.023910522 0.106140122 1.033776879 0.040209915 0.726563454 -0.000422973 0.685921669
11203.832110 -1.034004927 0.104517914 1.049850941 0.047014546 0.732332826 -0.010230739 0.679244876
11203.868973 -1.043148637 0.102951698 1.069346666 0.056104627 0.739946127 -0.021139881 0.669988871
11203.905837 -1.051253915 0.092600167 1.082529068 0.063524701 0.747783482 -0.025002290 0.660423636
11203.942700 -1.058705926 0.085817248 1.100645304 0.068590902 0.759585738 -0.024917386 0.646300256
11203.979563 -1.065252185 0.089671209 1.113302827 0.069051594 0.771662235 -0.024988128 0.631779075
11204.016427 -1.069997072 0.092177734 1.120990038 0.069530956 0.782483399 -0.020073734 0.618451416
11204.053290 -1.071439981 0.089705318 1.136697173 0.065215036 0.795653641 -0.013468529 0.602080405
11204.090153 -1.070005894 0.092105187 1.155278444 0.059513111 0.807400346 -0.014091391 0.586825609
11204.127017 -1.067189574 0.094565094 1.162277460 0.058234669 0.813920677 -0.012321208 0.577918649
11204.163880 -1.062552691 0.098202124 1.175393581 0.054371681 0.820348382 -0.010663228 0.569173574
11204.200744 -1.057622194 0.105715260 1.182163477 0.049827054 0.823318124 -0.006128498 0.565355599
11204.237607 -1.049647331 0.111936614 1.194112301 0.042588439 0.826379180 -0.000955080 0.561500371
11204.274470 -1.038048983 0.115107596 1.202862024 0.034074504 0.827392459 0.005660832 0.560560882
11204.311334 -1.029275298 0.129380941 1.218951583 0.027827522 0.828490376 0.006292856 0.559276044
11204.348197 -1.016700625 0.130149737 1.229347229 0.019838724 0.828370035 0.014338692 0.559646189
11204.385061 -1.003029823 0.136250541 1.241041899 0.013530243 0.828027904 0.020522004 0.560147762
11204.421924 -0.989442706 0.144746259 1.253463030 0.006969852 0.827885628 0.026684355 0.560218573
11204.458787 -0.974823236 0.150714129 1.264580727 -0.000488997 0.827645063 0.036678769 0.560051918
11204.495651 -0.961622953 0.167126730 1.272093415 0.000915672 0.826376438 0.047851585 0.561080515
11204.532514 -0.945526361 0.170620024 1.285362124 -0.009490320 0.827622890 0.059843041 0.558004498
11204.569377 -0.929913878 0.179310530 1.298197508 -0.017891005 0.828990400 0.071707830 0.554358065
11204.606241 -0.915394902 0.189164013 1.309271336 -0.022820549 0.831003368 0.086105660 0.549088717
11204.643104 -0.902243435 0.197761506 1.318729162 -0.026131162 0.833763659 0.099403061 0.542470515
11204.679967 -0.888930738 0.206467956 1.329442024 -0.034093764 0.837049067 0.106459878 0.535586357
11204.716831 -0.876443863 0.214666665 1.338644505 -0.043204896 0.840167522 0.114342630 0.528372645
11204.753694 -0.864414930 0.223369062 1.347331882 -0.054069143 0.843379021 0.122526258 0.520361066
11204.790558 -0.852353871 0.229114354 1.355429888 -0.066970631 0.846237004 0.134060279 0.511298001
11204.827421 -0.843163252 0.238376826 1.362062216 -0.079736836 0.847959280 0.143754572 0.503926396
11204.864285 -0.830743790 0.248556644 1.369780540 -0.092500553 0.849266887 0.152301759 0.496984512
11204.901148 -0.821013927 0.259924561 1.376278400 -0.102255061 0.849755108 0.161759511 0.491216868
11204.938011 -0.813009501 0.268443435 1.383036256 -0.111140966 0.849895477 0.175925329 0.484123558
11204.974874 -0.803988576 0.286057740 1.390500307 -0.114350900 0.850901186 0.189540833 0.476408780
11205.011738 -0.795747757 0.296804547 1.397889137 -0.117633842 0.850552201 0.206386149 0.469177961
11205.048601 -0.788991213 0.309646070 1.404671311 -0.118313275 0.849539161 0.222008154 0.463678211
11205.085465 -0.782854795 0.323130071 1.411774397 -0.119138829 0.847961187 0.237281650 0.458764791
11205.122328 -0.778745592 0.337805152 1.419675469 -0.118803151 0.846251130 0.252927214 0.453621626
11205.159191 -0.774626553 0.346906483 1.427191496 -0.117909282 0.844603539 0.269577384 0.447292209
11205.196055 -0.773121476 0.358556986 1.436196923 -0.117018826 0.843626022 0.283480793 0.440727085
11205.232918 -0.773438573 0.367804587 1.446186900 -0.115092479 0.843713582 0.295194149 0.433314562
11205.269782 -0.774850607 0.389059663 1.457447529 -0.104133919 0.846296012 0.304862320 0.424261868
11205.306645 -0.776617825 0.397693157 1.470999241 -0.100744545 0.846592724 0.316699028 0.415731877
11205.343508 -0.778123021 0.405308187 1.483199477 -0.098316789 0.846362174 0.327171981 0.408611596
11205.380372 -0.778458714 0.414558530 1.502186894 -0.094145104 0.847330272 0.337862581 0.398769319
11205.417235 -0.781036377 0.423038661 1.517173052 -0.093829498 0.846631587 0.349219531 0.390456975
11205.454098 -0.784084558 0.432514787 1.530518770 -0.093829334 0.845322907 0.361417204 0.382103205
11205.490962 -0.784307718 0.440044701 1.542532206 -0.096586756 0.844257474 0.371096998 0.374415964
11205.527825 -0.785914540 0.443995476 1.552862525 -0.102899991 0.841799676 0.382193625 0.367032647
11205.564688 -0.788532734 0.462945402 1.566508412 -0.107152671 0.841051877 0.391162783 0.357968897
11205.601552 -0.786908627 0.471473515 1.576129913 -0.113613755 0.839703679 0.400349826 0.348869175
11205.638415 -0.783506811 0.478886187 1.579734325 -0.119680777 0.837609828 0.410247445 0.340269476
11205.675279 -0.778787494 0.487643600 1.588090420 -0.122816354 0.836889744 0.418536961 0.330693990
11205.712142 -0.764661431 0.487542540 1.589783072 -0.127729297 0.834026217 0.429131299 0.322384566
11205.749005 -0.756324649 0.495729148 1.598611712 -0.129005790 0.832851231 0.434973568 0.317039907
11205.785869 -0.749795377 0.502731800 1.608383656 -0.128015906 0.831992269 0.438858986 0.314330429
11205.822732 -0.740975857 0.508652806 1.612864494 -0.125455186 0.830918491 0.441733867 0.314176142
11205.859595 -0.729789615 0.507557154 1.618106842 -0.121226922 0.831276774 0.442172766 0.314270854
11205.896459 -0.720214725 0.505266905 1.622319579 -0.114483982 0.832831562 0.440428555 0.315131247
11205.933322 -0.707421064 0.500932932 1.627660513 -0.107115515 0.835591018 0.437040061 0.315134674
11205.970186 -0.696698427 0.491414994 1.632085323 -0.100497127 0.838474870 0.432614774 0.315760374
11206.007049 -0.685275257 0.482483447 1.636415839 -0.092901044 0.842249393 0.427030921 0.315642089
11206.043912 -0.678823709 0.479377449 1.645063162 -0.084132761 0.847590923 0.418620884 0.315068036
11206.080776 -0.670454383 0.463186800 1.645032763 -0.076553762 0.851141989 0.414853334 0.312399656
11206.117639 -0.662398815 0.454837918 1.654396772 -0.070977874 0.856473327 0.406104118 0.310636580
11206.154502 -0.651105762 0.439275026 1.656473398 -0.068052739 0.860421538 0.398190379 0.310625315
11206.191366 -0.645488679 0.427231073 1.663485527 -0.064482197 0.865597904 0.386289626 0.312029988
11206.228229 -0.619329214 0.404171169 1.657484889 -0.069494441 0.868855536 0.379336923 0.310425729
11206.265092 -0.606869102 0.391640306 1.664794922 -0.069154367 0.874633312 0.366730630 0.309423327
11206.301956 -0.592850804 0.376029730 1.670382500 -0.069226347 0.879563987 0.357065618 0.306722999
11206.338819 -0.585329413 0.359994352 1.677671790 -0.069748268 0.883759618 0.348247737 0.304676294
11206.375683 -0.576737165 0.346975565 1.684377193 -0.069767021 0.887653828 0.339448094 0.303279191
11206.412546 -0.567265272 0.333377719 1.690266848 -0.069064260 0.891288221 0.330841452 0.302290291
11206.449409 -0.560252190 0.324143827 1.701345921 -0.067377716 0.895902514 0.318640113 0.302138001
11206.486273 -0.550389886 0.311830223 1.706809998 -0.064831100 0.900627792 0.306407005 0.301299334
11206.523136 -0.543570817 0.299764037 1.716760635 -0.059036292 0.906802475 0.291942477 0.298317969
11206.559999 -0.538952649 0.288602531 1.727292776 -0.051431071 0.912928164 0.277522653 0.294784904
11206.596863 -0.531002045 0.276583791 1.741169214 -0.041975431 0.919362664 0.265259326 0.287485480
11206.633726 -0.524957955 0.261978149 1.755310774 -0.034146283 0.924608648 0.254883260 0.281011373
11206.670589 -0.526618004 0.256574869 1.770834923 -0.025883967 0.929683864 0.241682082 0.276780903
11206.707453 -0.512157559 0.238461077 1.785196543 -0.016485412 0.935366333 0.232467607 0.266039252
11206.744316 -0.506957710 0.224836886 1.798487067 -0.008535310 0.940490365 0.219947144 0.258898199
11206.781179 -0.505934238 0.214943290 1.813988209 -0.000161738 0.945500791 0.205376774 0.252682775
11206.818043 -0.492130905 0.199765980 1.834960222 0.009362463 0.951721489 0.196062773 0.236004114
11206.854906 -0.487733901 0.184672177 1.845199704 0.017394084 0.954810977 0.190554470 0.227425650
11206.891770 -0.492423832 0.183831871 1.866717815 0.022299156 0.958521664 0.175470904 0.223492488
11206.928633 -0.473108888 0.162421346 1.882553101 0.025284586 0.962606132 0.173483685 0.206527144
11206.965496 -0.467988521 0.148954332 1.896724463 0.026243877 0.965926290 0.162101194 0.200052246
11207.002360 -0.463583052 0.142912388 1.917327404 0.030969268 0.970470190 0.142006785 0.192516550
11207.039223 -0.455507934 0.128983438 1.932706475 0.033103459 0.973998785 0.128894329 0.183348745
11207.076087 -0.448126197 0.117942005 1.947966933 0.034238666 0.976846576 0.119284838 0.174268782
11207.112950 -0.442514151 0.106053114 1.958673239 0.034823038 0.978823662 0.112631470 0.167349011
11207.149813 -0.437424362 0.101383418 1.971316099 0.035706922 0.980822682 0.101678446 0.162398964
11207.186677 -0.426685929 0.095702082 1.981454372 0.037700940 0.982817352 0.089798339 0.156795830
11207.223540 -0.420984030 0.081101358 1.995881915 0.036928132 0.984119058 0.080807202 0.153675526
11207.260403 -0.407122493 0.079196364 2.003353119 0.036228534 0.985804319 0.066300131 0.149938807
11207.297267 -0.389182061 0.073759735 2.014913559 0.034417722 0.987556756 0.054032251 0.143623129
11207.334130 -0.376299143 0.071563363 2.020909548 0.032326013 0.988458931 0.048157029 0.139946014
11207.370994 -0.376743227 0.065742955 2.014191389 0.034302782 0.987763047 0.052598495 0.142761603
11207.407857 -0.362954676 0.066030294 2.017552853 0.033899061 0.988538921 0.054314762 0.136716932
11207.444720 -0.348724365 0.067194685 2.018365383 0.034559805 0.989388049 0.051432744 0.131421432
11207.481584 -0.333409905 0.069137901 2.017189503 0.035459589 0.990441501 0.043051034 0.126154035
11207.518447 -0.320442975 0.074825473 2.015120983 0.038427595 0.991294384 0.035392050 0.120856233
11207.555310 -0.296822071 0.078924410 2.019473553 0.038601149 0.992870688 0.034697387 0.107302345
11207.592174 -0.293215513 0.081942275 2.011617184 0.044484861 0.992531657 0.046632577 0.103573054
11207.629037 -0.279973865 0.089516759 2.006983995 0.046061795 0.992718577 0.057741784 0.095152475
11207.665900 -0.269044906 0.100371465 1.998386741 0.044981390 0.992921472 0.063280769 0.089884311
11207.702764 -0.256953001 0.107267261 1.993959546 0.045284297 0.993087351 0.069089703 0.083387330
11207.739627 -0.244323567 0.112482935 1.988937259 0.046029951 0.992851079 0.079523519 0.076183997
11207.776491 -0.232889891 0.119437426 1.985941410 0.046647403 0.992413700 0.090179861 0.069329627
11207.813354 -0.221421957 0.124939799 1.984718919 0.043514829 0.991857111 0.101714276 0.063088208
11207.850217 -0.213113546 0.128809899 1.978556871 0.044695418 0.990321398 0.117403127 0.059011128
11207.887081 -0.201135129 0.137235731 1.976133108 0.043334976 0.988694966 0.133145854 0.053633571
11207.923944 -0.191420764 0.145208240 1.973235965 0.043610390 0.986587882 0.149099290 0.050118789
11207.960808 -0.180337548 0.150302887 1.973585129 0.042156678 0.984178185 0.166117758 0.044956014
11207.997671 -0.169756740 0.160137951 1.971566558 0.040998902 0.981893480 0.180394307 0.040770397
11208.034534 -0.158683687 0.167805433 1.970451474 0.041217968 0.979200602 0.195676908 0.034319341
11208.071398 -0.149136111 0.179361343 1.967771649 0.041323587 0.976781130 0.208301544 0.028309375
11208.108261 -0.137644649 0.189419150 1.969162941 0.044766251 0.974047720 0.221050724 0.019067302
11208.145124 -0.125608265 0.192304492 1.971000314 0.047650602 0.970606565 0.235741034 0.008861426
11208.181988 -0.113252886 0.202634692 1.975076318 0.053275906 0.967508435 0.247158244 -0.001380680
11208.218851 -0.096272722 0.210429072 1.984394550 0.058416754 0.964605749 0.256768495 -0.013899050
11208.255714 -0.083283857 0.219063938 1.987587214 0.065601051 0.960877478 0.268034905 -0.023838650
11208.292578 -0.069341779 0.226562262 1.993414640 0.072605334 0.957451344 0.277241886 -0.033945568
11208.329441 -0.059955440 0.240036964 2.004564047 0.080692470 0.954784453 0.283041000 -0.041990306
11208.366305 -0.047122583 0.248982251 2.012287140 0.089128263 0.950095296 0.294145674 -0.053417530
11208.403168 -0.029480636 0.254512191 2.020291328 0.098575145 0.944853127 0.304984838 -0.067229345
11208.440031 -0.017387509 0.269344628 2.031393528 0.103070542 0.942252398 0.309738219 -0.074827611
11208.476895 -0.004972301 0.277922630 2.036643982 0.106360577 0.938567877 0.318035126 -0.081433795
11208.513758 0.005533308 0.296608567 2.050761223 0.111715481 0.935082734 0.324588716 -0.088216081
11208.550622 0.016746342 0.305077732 2.055139065 0.115202233 0.928902090 0.338427871 -0.096622586
11208.587485 0.031037644 0.317218602 2.060538769 0.119125448 0.923696160 0.348128140 -0.106776848
11208.624348 0.041922301 0.328302741 2.064146042 0.122467235 0.918861032 0.356860906 -0.115526944
11208.661211 0.053281486 0.342997551 2.059675217 0.125936225 0.913722217 0.365996480 -0.123686679
11208.698075 0.065271825 0.354347348 2.059112310 0.128562510 0.908939600 0.374840617 -0.129595429
11208.734938 0.077500522 0.364406347 2.060221672 0.131164238 0.904311180 0.383387893 -0.134279266
11208.771802 0.090437904 0.376115680 2.056761980 0.134048954 0.898339272 0.394846201 -0.138252884
11208.808665 0.103290349 0.386819661 2.053915739 0.135201618 0.892362177 0.407120973 -0.140223905
11208.845528 0.117160901 0.400087893 2.050240278 0.138337076 0.886165500 0.418570727 -0.142731026
11208.882392 0.129119501 0.413237751 2.042031288 0.142350882 0.880475640 0.428180665 -0.145465374
11208.919255 0.143881395 0.425180316 2.037332773 0.145307124 0.876166999 0.435128361 -0.147920877
11208.956119 0.155211955 0.434000552 2.027601004 0.146353140 0.872127235 0.442850858 -0.147844538
11208.992982 0.170672923 0.443223774 2.022450209 0.149475589 0.869508684 0.446060538 -0.150471687
11209.029845 0.186971635 0.452016115 2.018112183 0.154581249 0.865950942 0.449583918 -0.155267134
11209.066709 0.204181492 0.453024030 2.015202999 0.161741421 0.859035134 0.458033353 -0.161566585
11209.103572 0.214788392 0.458263993 2.004133224 0.165811911 0.853449762 0.466437429 -0.162991032
11209.140435 0.232295692 0.462156415 1.997910261 0.170006037 0.852945626 0.465520114 -0.163928971
11209.177299 0.241837353 0.460662544 1.988206267 0.171925262 0.853116274 0.466091543 -0.159351677
11209.214162 0.254283845 0.457062662 1.980221629 0.174694493 0.850327611 0.471076965 -0.156560868
11209.251025 0.264777124 0.451323807 1.972275853 0.175389975 0.848602533 0.474460334 -0.154917687
11209.287889 0.275304019 0.444502115 1.966248751 0.176837489 0.849383712 0.472084254 -0.156244427
11209.324752 0.287136316 0.438469410 1.963949203 0.176890805 0.852657497 0.464747459 -0.160295442
11209.361616 0.289284527 0.413045943 1.946846604 0.175811321 0.852928221 0.462908953 -0.165284872
11209.398479 0.301202238 0.400282562 1.942996979 0.172580659 0.856633663 0.454650968 -0.172299638
11209.435343 0.318174362 0.391558886 1.948297501 0.169765428 0.862221479 0.441597819 -0.180956215
11209.472206 0.329017282 0.376220167 1.946527004 0.166284099 0.867571115 0.429052830 -0.188636258
11209.509069 0.344939053 0.359784245 1.943496466 0.161707550 0.872945309 0.415409267 -0.198121816
11209.545933 0.357203543 0.342396677 1.940195322 0.158422768 0.878151357 0.401500970 -0.206275046
11209.582796 0.370905429 0.325634122 1.939720631 0.155802608 0.882941604 0.387606472 -0.214244932
11209.619659 0.394275397 0.308926821 1.944579601 0.152424753 0.887685418 0.372457296 -0.223733827
11209.656523 0.411963314 0.295340300 1.947124481 0.151052773 0.892612338 0.356450409 -0.231018171
11209.693386 0.430927902 0.274942517 1.942350149 0.150933817 0.896070659 0.341695011 -0.239835158
11209.730249 0.448381543 0.262877524 1.948413849 0.149822965 0.901473165 0.323215872 -0.245826527
11209.767113 0.465870857 0.243779421 1.952635765 0.151069686 0.903724194 0.309687912 -0.254074574
11209.803976 0.484233260 0.232960701 1.957251310 0.154542387 0.904755592 0.296396524 -0.263975441
11209.840840 0.494583130 0.208668113 1.953099728 0.154687613 0.904838264 0.289426893 -0.271240711
11209.877703 0.506098211 0.195387065 1.955723286 0.154899284 0.907366276 0.275536180 -0.277078420
11209.914566 0.525144577 0.185450196 1.958505869 0.155093729 0.909405410 0.259863853 -0.285304189
11209.951430 0.535743117 0.171452940 1.962118506 0.154859036 0.911259651 0.248049125 -0.289993346
11209.988293 0.546079755 0.160968959 1.965705752 0.154239863 0.913033545 0.236129925 -0.294656545
11210.025156 0.564656377 0.152239084 1.964260340 0.152882904 0.913991511 0.221544653 -0.303585738
11210.062020 0.576261342 0.143889248 1.965837836 0.149583325 0.916178346 0.206748620 -0.309025943
11210.098883 0.588131189 0.130983472 1.959580064 0.146050245 0.916728914 0.195023805 -0.316612005
11210.135746 0.596132517 0.121545970 1.957204819 0.141554728 0.917858243 0.182722524 -0.322662383
11210.172610 0.608558953 0.114080727 1.954839349 0.135580480 0.918652117 0.169264883 -0.330220640
11210.209473 0.618568540 0.108950555 1.950887203 0.128389210 0.919800162 0.153561115 -0.337495059
11210.246336 0.626490474 0.102566183 1.945359230 0.120578654 0.920629501 0.138431355 -0.344585031
11210.283200 0.640521944 0.100916386 1.936714411 0.115160994 0.919432640 0.122666612 -0.355435640
11210.320063 0.649738491 0.090851247 1.925248384 0.110438049 0.917566836 0.114238366 -0.364450514
11210.356927 0.653683364 0.091819704 1.923038006 0.107291780 0.917791188 0.100062259 -0.368965149
11210.393790 0.663460732 0.089319974 1.912286878 0.103587084 0.916279495 0.085927583 -0.377250671
11210.430653 0.673181713 0.085761547 1.901072621 0.099172503 0.914779663 0.073407240 -0.384648383
11210.467517 0.680589974 0.079935253 1.890290976 0.096225731 0.913696647 0.061173737 -0.390072823
11210.504380 0.686169386 0.073388785 1.878229856 0.093311839 0.913117588 0.048022885 -0.393958181
11210.541243 0.693133056 0.073152751 1.865044594 0.086865976 0.913448870 0.032379374 -0.396253735
11210.578107 0.697763979 0.069994554 1.849640846 0.084252357 0.913430989 0.025911547 -0.397333652
11210.614970 0.701258719 0.068618715 1.840855360 0.082568541 0.914100528 0.023057152 -0.396321893
11210.651834 0.698344290 0.069343895 1.834492683 0.080694884 0.916958034 0.020009361 -0.390225470
11210.688697 0.708192229 0.072687671 1.814273834 0.076898791 0.916787863 0.022104124 -0.391277373
11210.725560 0.710780978 0.066380784 1.800094008 0.074299946 0.918786287 0.029814720 -0.386551887
11210.762424 0.711632431 0.065877125 1.787615061 0.067132384 0.921582818 0.035413072 -0.380689234
11210.799287 0.717009783 0.066963658 1.773042560 0.060812220 0.922722697 0.039005015 -0.378633469
11210.836150 0.720922589 0.068654895 1.762404799 0.055838045 0.923493207 0.041870620 -0.377212465
11210.873014 0.723873496 0.069952786 1.753294587 0.053202510 0.922946393 0.045614805 -0.378495276
11210.909877 0.730150998 0.070819691 1.743141770 0.054172929 0.920289159 0.047217064 -0.384582430
11210.946740 0.733491659 0.074675828 1.737482905 0.052442636 0.918145657 0.046350747 -0.390012681
11210.983604 0.740307093 0.077410191 1.727215648 0.050296132 0.913830042 0.048847489 -0.399998546
11211.020467 0.749087691 0.075349778 1.713782549 0.049756784 0.906906545 0.058648456 -0.414252460
11211.057331 0.759881377 0.090394557 1.699939728 0.049020041 0.898836851 0.062786639 -0.430984020
11211.094194 0.761530280 0.091702431 1.698001862 0.052999195 0.891648769 0.078193419 -0.442763269
11211.131057 0.767690420 0.102896005 1.692725420 0.057637013 0.882425845 0.090002529 -0.458150834
11211.167921 0.774754703 0.111946881 1.685734034 0.062681034 0.872563839 0.102542691 -0.473485380
11211.204784 0.783896685 0.120135903 1.676437378 0.068671584 0.861796856 0.114861481 -0.489282370
11211.241647 0.790002286 0.130687386 1.672453880 -0.073754519 -0.853558600 -0.122219332 0.501059175
11211.278511 0.797957540 0.140051961 1.667302847 -0.079367638 -0.845289111 -0.127391979 0.512794673
11211.315374 0.809094727 0.150381833 1.659125566 -0.088399746 -0.835380197 -0.133156613 0.525922716
11211.352237 0.819449067 0.164009094 1.652626038 -0.099952430 -0.825682580 -0.141324684 0.536921859
11211.389101 0.825555563 0.165654957 1.649436474 -0.113714769 -0.817325592 -0.155110851 0.543128312
11211.425964 0.833883643 0.176732928 1.643725157 -0.125127047 -0.810469151 -0.167517647 0.547193587
11211.462828 0.842464924 0.188240945 1.637393117 -0.137315124 -0.804442227 -0.179036319 0.549511790
11211.499691 0.851048410 0.200852573 1.631228566 -0.149673209 -0.799499571 -0.190673649 0.549583375
11211.536554 0.858782411 0.211043835 1.625377774 -0.160766050 -0.795366645 -0.202574745 0.548187613
11211.573418 0.865731955 0.222242653 1.617663383 -0.171429962 -0.791080356 -0.214752331 0.546520948
11211.610281 0.871002138 0.233153641 1.610204816 -0.182299599 -0.786235869 -0.227846310 0.544688940
11211.647145 0.874418378 0.245220482 1.603826523 -0.193988949 -0.780711234 -0.240342900 0.543225229
11211.684008 0.876554906 0.259882867 1.593276262 -0.205672473 -0.773474574 -0.252687961 0.543677032
11211.720871 0.884113431 0.276926935 1.587377548 -0.217116773 -0.766608953 -0.261930585 0.544576228
11211.757735 0.879874587 0.287137806 1.582141399 -0.231448308 -0.758951068 -0.270410508 0.545255065
11211.794598 0.880160093 0.304007947 1.569463253 -0.242345452 -0.750243783 -0.280210465 0.547617555
11211.831461 0.881798506 0.317087948 1.562185526 -0.253162503 -0.742027402 -0.289443016 0.549114525
11211.868325 0.879272223 0.331467539 1.553411245 -0.263179272 -0.734312534 -0.298403323 0.549979270
11211.905188 0.879904211 0.347860366 1.543415427 -0.272943377 -0.726875246 -0.304725498 0.551631033
11211.942052 0.876377583 0.360019594 1.534965038 -0.282986283 -0.719850600 -0.311596274 0.551943481
11211.978915 0.874406636 0.373902798 1.522979856 -0.293530285 -0.712201834 -0.315212220 0.554301143
11212.015778 0.876775742 0.388774604 1.514296532 -0.302387953 -0.706477165 -0.318572015 0.554944456
11212.052642 0.875071764 0.399047047 1.504862666 -0.310992271 -0.700521827 -0.324249297 0.554450512
11212.089505 0.874330878 0.409556180 1.495369792 -0.319465190 -0.694583416 -0.328308702 0.554715514
11212.126369 0.876895308 0.420757651 1.485009909 -0.327166796 -0.689196050 -0.330908597 0.555400908
11212.163232 0.870176435 0.424725920 1.474143028 -0.333614618 -0.685048044 -0.336925775 0.553074598
11212.200095 0.869110584 0.432083964 1.462590218 -0.338178873 -0.681785285 -0.340668231 0.552040756
11212.236959 0.864863157 0.435990602 1.451352835 -0.341183335 -0.679511726 -0.343780756 0.551064968
11212.273822 0.865076900 0.439070761 1.438725114 -0.341142774 -0.678024590 -0.345928550 0.551577568
11212.310685 0.864368558 0.441671342 1.428489208 -0.343687594 -0.675159514 -0.348086238 0.552154422
11212.347549 0.864273071 0.442822814 1.417053223 -0.345381320 -0.671637475 -0.350944787 0.553581595
11212.384412 0.863206685 0.442843258 1.407132268 -0.344732910 -0.670406938 -0.351519108 0.555110931
11212.421275 0.863058686 0.442518413 1.396483898 -0.342114329 -0.670283079 -0.352081031 0.556522548
11212.458139 0.860120416 0.438953340 1.386344075 -0.339721680 -0.668987036 -0.355317205 0.557490170
11212.495002 0.860233605 0.436073363 1.377505302 -0.336348772 -0.667217255 -0.357346922 0.560351610
11212.531866 0.861367106 0.430866778 1.367406607 -0.330611259 -0.665061355 -0.358779073 0.565391183
11212.568729 0.861330867 0.424694359 1.359376788 -0.322947800 -0.664301932 -0.358643681 0.570773482
11212.605592 0.863553047 0.418646961 1.348619819 -0.313343525 -0.663433254 -0.357953489 0.577530444
11212.642456 0.857670188 0.413621724 1.341006160 -0.308400869 -0.662300169 -0.353476614 0.584210336
11212.679319 0.867955029 0.404484093 1.335587740 -0.296330750 -0.663576066 -0.347130895 0.592752039
11212.716182 0.869109511 0.390860736 1.323081851 -0.286256641 -0.662581682 -0.342530221 0.601427972
11212.753046 0.873499632 0.379628897 1.309049964 -0.272888392 -0.661968827 -0.340133220 0.609621704
11212.789909 0.873169839 0.363343865 1.295997143 -0.265295476 -0.660430849 -0.335451961 0.617188275
11212.826772 0.878679931 0.349116892 1.283850551 -0.257957160 -0.660875559 -0.328217536 0.623678446
11212.863636 0.885928869 0.333789796 1.273309946 -0.249717206 -0.664067686 -0.318282306 0.628770053
11212.900499 0.898340106 0.322481662 1.262318492 -0.242926046 -0.668386042 -0.300752252 0.635448754
11212.937363 0.908173919 0.308421761 1.247842550 -0.233362347 -0.673603952 -0.285233945 0.640656948
11212.974226 0.920204043 0.294046730 1.233995914 -0.224937931 -0.677690208 -0.271893919 0.645145416
11213.011089 0.932445884 0.279820591 1.220106006 -0.218954355 -0.679713488 -0.259491026 0.650163889
11213.047953 0.940756977 0.262222350 1.202477217 -0.213475496 -0.679235697 -0.249507219 0.656363666
11213.084816 0.957201600 0.247716516 1.194681048 -0.206846356 -0.680480778 -0.232336596 0.663460791
11213.121680 0.970383048 0.231583238 1.183897376 -0.197554111 -0.681742668 -0.213246435 0.671360791
11213.158543 0.982254148 0.218933046 1.170554996 -0.185339868 -0.682848275 -0.193714797 0.679589570
11213.195406 0.996144414 0.202220440 1.158672690 -0.174802870 -0.683658838 -0.175283358 0.686534941
11213.232270 1.008160233 0.185338199 1.148330688 -0.165731564 -0.684203684 -0.162203178 0.691439390
11213.269133 1.019707918 0.173153698 1.136671424 -0.157479510 -0.683998227 -0.149482101 0.696420670
11213.305996 1.029152513 0.159349889 1.123213291 -0.147095636 -0.684607029 -0.138404369 0.700371504
11213.342860 1.036901593 0.145171881 1.111811638 -0.135992169 -0.685666084 -0.129859388 0.703210235
11213.379723 1.044031262 0.132341772 1.098150134 -0.124904051 -0.685744882 -0.118784264 0.707137346
11213.416586 1.049228668 0.121366769 1.084436893 -0.109999016 -0.687052608 -0.107720606 0.710109293
11213.453450 1.053870201 0.111556888 1.069531918 -0.096400216 -0.687013566 -0.093864515 0.714079022
11213.490313 1.057592869 0.103239521 1.053233862 -0.081986696 -0.685644448 -0.081225418 0.718729615
11213.527177 1.060231805 0.093460619 1.040108442 -0.071032256 -0.684221566 -0.070125610 0.722410977
11213.564040 1.062567592 0.084794417 1.026247978 -0.063545354 -0.681407750 -0.061412081 0.726549387
11213.600903 1.062041044 0.078063339 1.012131214 -0.054804288 -0.678728342 -0.051925667 0.730498552
11213.637767 1.059063435 0.071887910 0.995138049 -0.044436451 -0.675111353 -0.043298710 0.735102236
11213.674630 1.062783957 0.070390239 0.979514718 -0.031870957 -0.671714485 -0.027303057 0.739620447
11213.711493 1.061003685 0.064478785 0.965085149 -0.017744763 -0.668035269 -0.014319487 0.743780255
11213.748357 1.062429547 0.055261947 0.952646852 -0.011505783 -0.663426220 -0.006228160 0.748127341
11213.785220 1.056631565 0.047336195 0.938395500 -0.004149633 -0.659834743 0.000551223 0.751399040
11213.822083 1.053110480 0.042485040 0.921999633 0.003099549 -0.656488776 0.005709159 0.754307806
11213.858947 1.054449677 0.035576824 0.911407232 0.007135863 -0.655607760 0.006084959 0.755043387
11213.895810 1.053929925 0.030352935 0.896321177 0.010360577 -0.652842164 0.002462661 0.757419109
11213.932674 1.053060174 0.026368942 0.882018924 0.011469229 -0.650038779 -0.000476599 0.759814322
11213.969537 1.050285816 0.025003573 0.868192017 0.015494497 -0.647809625 -0.002136327 0.761641681
11214.006400 1.045665264 0.024473155 0.852888465 0.022902302 -0.645653903 -0.004784103 0.763271630
11214.043264 1.042482734 0.023900729 0.839783728 0.026137784 -0.643572390 -0.006364161 0.764912367
11214.080127 1.038451552 0.022917282 0.822355747 0.028592454 -0.639741659 -0.011985809 0.767964423
11214.116990 1.034252882 0.022921821 0.809451520 0.029428141 -0.637293875 -0.014674835 0.769918859
11214.153854 1.033021569 0.022960220 0.790409565 0.030508256 -0.632110834 -0.020717150 0.773999929
11214.190717 1.031571150 0.023859017 0.779428840 0.029071748 -0.629260719 -0.024503635 0.776263714
11214.227581 1.029509783 0.026521191 0.760226965 0.028644776 -0.622489750 -0.027543262 0.781618476
11214.264444 1.028231502 0.032461435 0.744809031 0.027152851 -0.616619766 -0.029203583 0.786250591
11214.301307 1.029829502 0.037068374 0.726614833 0.024782905 -0.609137714 -0.032153390 0.792024732
11214.338171 1.029124856 0.039095592 0.705845773 0.018196156 -0.599565625 -0.034957740 0.799354613
11214.375034 1.028901696 0.048030399 0.688676536 0.012293449 -0.589328945 -0.035641871 0.807012975
11214.411897 1.030433893 0.058534633 0.672203302 0.004145305 -0.578333616 -0.036713585 0.814963281
11214.448761 1.033842206 0.068881333 0.656763256 -0.007976609 -0.566104174 -0.039277554 0.823358774
11214.485624 1.039231896 0.068102054 0.633190155 -0.025337426 -0.549798727 -0.049327962 0.833454311
11214.522487 1.041396379 0.075615570 0.618076980 -0.042592179 -0.535846174 -0.057812087 0.841256559
11214.559351 1.042978168 0.086619504 0.604936242 -0.055800684 -0.523137212 -0.065768108 0.847872794
11214.596214 1.042753696 0.095394649 0.591397762 -0.066540748 -0.511724055 -0.076518402 0.853144646
11214.633078 1.039480209 0.107525915 0.580982685 -0.075544566 -0.502520263 -0.085610218 0.856993198
11214.669941 1.036550283 0.119119450 0.572875738 -0.088748351 -0.493980855 -0.097435735 0.859425902
11214.706804 1.030742526 0.130933806 0.563370168 -0.103165783 -0.485326111 -0.110957459 0.861106157
11214.743668 1.031261683 0.145165309 0.552769840 -0.113957360 -0.479119599 -0.123632126 0.861494780
11214.780531 1.024603605 0.161338657 0.546208322 -0.127692476 -0.473489076 -0.134538993 0.861046970
11214.817394 1.018125176 0.175621361 0.538072646 -0.145631865 -0.466202706 -0.143572137 0.860716820
11214.854258 1.010337830 0.190233782 0.530394077 -0.165313706 -0.459668487 -0.149485201 0.859668791
11214.891121 1.001663208 0.206202611 0.521508515 -0.183094785 -0.455013603 -0.153958276 0.857750416
11214.927984 0.991550565 0.223049626 0.512972653 -0.200174823 -0.452970952 -0.155943692 0.854651332
11214.964848 0.980653405 0.241399303 0.507039309 -0.215173334 -0.454539001 -0.156644478 0.850033641
11215.001711 0.968294382 0.260124475 0.500869751 -0.233177319 -0.455020487 -0.156345680 0.845068455
11215.038575 0.958814740 0.274400651 0.495375097 -0.253722250 -0.455007792 -0.159156993 0.838607132
11215.075438 0.948194563 0.289769679 0.490911245 -0.274031937 -0.453654081 -0.163391873 0.832110345
11215.112301 0.936853230 0.303907096 0.484340847 -0.292243689 -0.450091153 -0.165542260 0.827409983
11215.149165 0.927134395 0.316841066 0.477733493 -0.308087468 -0.446184665 -0.168051451 0.823261857
11215.186028 0.917388678 0.331481397 0.469231337 -0.322938770 -0.440987021 -0.171323374 0.819688499
11215.222892 0.904702604 0.340676785 0.464110583 -0.337293893 -0.435582608 -0.175615743 0.815879703
11215.259755 0.893584430 0.350061715 0.457069874 -0.347983301 -0.430849880 -0.177990183 0.813385189
11215.296618 0.882160902 0.359861165 0.448567629 -0.354205936 -0.427253842 -0.178968251 0.812380910
11215.333482 0.872854114 0.369600296 0.442687511 -0.361415505 -0.423117578 -0.179482281 0.811256111
11215.370345 0.863601506 0.374797404 0.435964882 -0.369184047 -0.417592943 -0.182140738 0.810027182
11215.407208 0.852865815 0.379076332 0.428827882 -0.376238883 -0.410939455 -0.184850901 0.809569716
11215.444072 0.844937325 0.381435126 0.423953891 -0.382185161 -0.405236363 -0.187674046 0.809009552
11215.480935 0.839365661 0.391355217 0.414833039 -0.385965675 -0.399715036 -0.189960986 0.809427679
11215.517798 0.833005607 0.396739602 0.405970931 -0.391370535 -0.393565238 -0.194115296 0.808860183
11215.554662 0.824778616 0.399490952 0.401459306 -0.397621900 -0.387046784 -0.197516322 0.808132946
11215.591525 0.820739031 0.405369461 0.392327338 -0.400760323 -0.380688041 -0.198626488 0.809330165
11215.628389 0.812403560 0.406732619 0.385621369 -0.405343831 -0.374137878 -0.199743107 0.809827089
11215.665252 0.807779253 0.411009401 0.375474602 -0.406944454 -0.368968129 -0.198699161 0.811650991
11215.702115 0.801158190 0.412006140 0.366619289 -0.408751428 -0.363921881 -0.196652234 0.813517690
11215.738979 0.794406652 0.411126673 0.355983227 -0.409145892 -0.358466595 -0.193676338 0.816450119
11215.775842 0.788194954 0.407654703 0.344481885 -0.409523219 -0.351601511 -0.189807102 0.820146561
11215.812706 0.784523726 0.402816892 0.333608180 -0.406740755 -0.344793648 -0.183243081 0.825894237
11215.849569 0.780629575 0.397428036 0.317024648 -0.399632365 -0.336781591 -0.175265118 0.834358573
11215.886432 0.776700854 0.386955023 0.301860899 -0.393121302 -0.327647686 -0.167599589 0.842622697
11215.923295 0.777438402 0.379246324 0.285028547 -0.384477198 -0.319236904 -0.157448336 0.851748288
11215.960159 0.778064132 0.367269248 0.270248264 -0.375455737 -0.311767280 -0.147350147 0.860303521
11215.997022 0.774887204 0.354033619 0.246495530 -0.367158473 -0.303659648 -0.140549660 0.867888987
11216.033886 0.772762954 0.337010652 0.228688940 -0.362457126 -0.296967715 -0.130631402 0.873710752
11216.070749 0.773744047 0.322086930 0.207389489 -0.351829976 -0.294221878 -0.122218378 0.880177140
11216.107613 0.769740582 0.305187911 0.191914946 -0.337068439 -0.293829978 -0.112651713 0.887332201
11216.144476 0.766480565 0.288661003 0.175030768 -0.318993092 -0.295209080 -0.102581456 0.894746959
11216.181339 0.759776831 0.268821597 0.157273382 -0.301779479 -0.294470191 -0.091239966 0.902159452
11216.218203 0.755246818 0.251233935 0.140193760 -0.285306364 -0.293301761 -0.082419164 0.908725202
11216.255066 0.752308547 0.230563164 0.124951079 -0.270418376 -0.291871876 -0.077874459 0.914122641
11216.291929 0.749993920 0.217887610 0.109666556 -0.254337072 -0.289790809 -0.073216558 0.919768035
11216.328793 0.742538631 0.200092062 0.097071007 -0.241508886 -0.286200345 -0.067650989 0.924762785
11216.365656 0.735986531 0.186386809 0.083870649 -0.226075679 -0.283312261 -0.062504277 0.929901719
11216.402519 0.728401482 0.175893009 0.072262242 -0.209385231 -0.281384587 -0.056921024 0.934740841
11216.439383 0.721162796 0.161629677 0.058980063 -0.193212926 -0.280144900 -0.053312033 0.938799977
11216.476246 0.710174322 0.155020982 0.050842404 -0.176973999 -0.280944884 -0.049966101 0.941941381
11216.513110 0.699492335 0.143190414 0.041231468 -0.162553847 -0.280744493 -0.046553355 0.944770634
11216.549973 0.688120663 0.137895882 0.032506987 -0.145415053 -0.281331629 -0.044340014 0.947491944
11216.586836 0.675890326 0.129435956 0.022749960 -0.129429623 -0.280902028 -0.040581372 0.950102746
11216.623700 0.664468884 0.118873611 0.012013912 -0.114219204 -0.280415535 -0.035835482 0.952384889
11216.660563 0.652878284 0.112482049 0.001333922 -0.099919304 -0.279797882 -0.032337666 0.954297423
11216.697427 0.640806317 0.101833582 -0.007069945 -0.087775908 -0.278549403 -0.028082730 0.955990076
11216.734290 0.629650295 0.095011890 -0.017175406 -0.075445086 -0.276315093 -0.023384899 0.957815826
11216.771153 0.619052112 0.088108584 -0.026504457 -0.062936224 -0.273653209 -0.019821107 0.959562480
11216.808017 0.605781674 0.080788188 -0.032637745 -0.048179280 -0.271317065 -0.016393764 0.961143613
11216.844880 0.592194438 0.074352846 -0.042189196 -0.033242960 -0.267974168 -0.014061275 0.962749720
11216.881743 0.583663285 0.063625701 -0.046524405 -0.022636965 -0.266239047 -0.011657719 0.963570654
11216.918607 0.575145721 0.057199202 -0.056321740 -0.013734774 -0.262012839 -0.008803793 0.964926481
11216.955470 0.564818263 0.059226487 -0.066301495 -0.003317070 -0.256828547 -0.005930276 0.966433108
11216.992333 0.552792251 0.058872517 -0.068512097 0.003550727 -0.253071517 -0.004543783 0.967430413
11217.029197 0.546489179 0.058717214 -0.075120986 0.010088376 -0.251315922 -0.005439520 0.967837274
11217.066060 0.531698525 0.049827863 -0.082125783 0.013499367 -0.246868819 -0.009361531 0.968909621
11217.102924 0.515982866 0.043743767 -0.089530095 0.014201317 -0.240768939 -0.011598597 0.970409274
11217.139787 0.506239772 0.052749068 -0.095720738 0.017796881 -0.235544190 -0.011148342 0.971636713
11217.176650 0.492610514 0.025556212 -0.098140240 0.003261573 -0.229753599 -0.016302604 0.973106802
11217.213514 0.475073755 0.049997419 -0.112301901 0.011525272 -0.219626352 -0.017435187 0.975360155
11217.250377 0.463273436 0.046654399 -0.117233410 0.009077790 -0.214031354 -0.016829282 0.976639628
11217.287241 0.446987033 0.064001113 -0.130510911 0.016143708 -0.205985144 -0.016257465 0.978286862
11217.324104 0.433426291 0.059545718 -0.137628093 0.016258381 -0.200095981 -0.017434146 0.979486227
11217.360967 0.418356687 0.054104537 -0.144468442 0.011591471 -0.192285717 -0.016945831 0.981124163
11217.397830 0.401787937 0.051606212 -0.153436750 0.004335997 -0.181613013 -0.016781896 0.983217299
11217.434694 0.408031940 0.077831343 -0.167459205 0.004655440 -0.176659524 -0.019582283 0.984066188
11217.471557 0.379517734 0.080645114 -0.186863303 -0.010819749 -0.154348046 -0.020538950 0.987743795
11217.508421 0.363676161 0.080222510 -0.193796381 -0.034107283 -0.136200055 -0.020455109 0.989882767
11217.545284 0.345701188 0.095314048 -0.204408899 -0.049810819 -0.117558293 -0.019437624 0.991625488
11217.582147 0.338107556 0.115489580 -0.207072794 -0.058787126 -0.106734306 -0.019368699 0.992359161
11217.619011 0.334415108 0.125740290 -0.207930341 -0.071359135 -0.100359581 -0.022708938 0.992129087
11217.655874 0.326351643 0.129755884 -0.207768470 -0.086488329 -0.094856307 -0.026403267 0.991375268
11217.692738 0.307516903 0.148423329 -0.202399552 -0.097127639 -0.088372432 -0.031576697 0.990837753
11217.729601 0.290479064 0.166869670 -0.202858806 -0.108456753 -0.084765971 -0.033871964 0.989901304
11217.766464 0.272194296 0.171102017 -0.198568672 -0.125591993 -0.082292430 -0.034536708 0.988059640
11217.803328 0.270849079 0.177799344 -0.199016944 -0.140647933 -0.087921776 -0.038185034 0.985408425
11217.840191 0.254788220 0.190823495 -0.196762145 -0.152313739 -0.087028846 -0.038169622 0.983752787
11217.877054 0.241339609 0.209025770 -0.191180035 -0.162447661 -0.086770736 -0.037053201 0.982195854
11217.913918 0.224377424 0.219285637 -0.183796108 -0.176617697 -0.083451286 -0.033188216 0.980173767
11217.950781 0.214387730 0.228674069 -0.173916414 -0.193729550 -0.083023921 -0.030246016 0.977067590
11217.987644 0.198970541 0.248509824 -0.167267159 -0.206756800 -0.081874132 -0.026102955 0.974611163
11218.024508 0.184366807 0.260955662 -0.154754639 -0.224325195 -0.083063915 -0.023649979 0.970679820
11218.061371 0.170600191 0.274684310 -0.144226402 -0.239247054 -0.087149061 -0.021683548 0.966796637
11218.098235 0.153925627 0.286037654 -0.133976713 -0.253766775 -0.089631781 -0.019723454 0.962901592
11218.135098 0.137822896 0.303869009 -0.127519682 -0.262823045 -0.090787008 -0.015096141 0.960444629
11218.171961 0.119213723 0.310156763 -0.114453755 -0.277053684 -0.089102976 -0.009670053 0.956665277
11218.208825 0.124848530 0.320643216 -0.103290990 -0.292249620 -0.093752168 -0.004746139 0.951723814
11218.245688 0.110665008 0.335630894 -0.096810021 -0.303375214 -0.088796981 -0.000293651 0.948724687
11218.282551 0.085478529 0.343154639 -0.082754418 -0.317163289 -0.077117838 0.005973508 0.945211411
11218.319415 0.072757870 0.353118479 -0.075070292 -0.329810977 -0.069569468 0.008652319 0.941440344
11218.356278 0.053575668 0.350592822 -0.067823827 -0.348580778 -0.057575420 0.010088910 0.935454309
11218.393142 0.047201820 0.374006450 -0.064736351 -0.358610213 -0.050797194 0.010333838 0.932047009
11218.430005 0.037834540 0.384161234 -0.063119859 -0.370234519 -0.041110903 0.012063210 0.927949727
11218.466868 0.032654122 0.391081691 -0.049612954 -0.383023947 -0.032775823 0.016232004 0.923014045
11218.503732 0.027666321 0.402497500 -0.042654231 -0.389796942 -0.026117420 0.018542478 0.920343637
11218.540595 0.019917138 0.402636230 -0.034321249 -0.397018641 -0.017836383 0.020738827 0.917402864
11218.577458 0.009079347 0.406108111 -0.036262631 -0.399724483 -0.008502604 0.021933926 0.916333437
11218.614322 0.001646602 0.414764404 -0.038673431 -0.402144909 0.001102450 0.021466589 0.915323675
11218.651185 -0.006098921 0.424420774 -0.039146990 -0.405815214 0.012285825 0.022661842 0.913591564
11218.688048 -0.013390776 0.423395216 -0.033492118 -0.414130718 0.024334962 0.025262494 0.909541309
11218.724912 -0.026480261 0.428063452 -0.033875212 -0.419626355 0.037049577 0.029332081 0.906466067
11218.761775 -0.033822075 0.436977953 -0.034390062 -0.423839957 0.046429940 0.034633100 0.903883040
11218.798639 -0.043090142 0.441736698 -0.033586770 -0.428467453 0.055657741 0.042675737 0.900831103
11218.835502 -0.061988030 0.451393425 -0.041848660 -0.430885583 0.067100063 0.052598041 0.898369968
11218.872365 -0.078939497 0.455570847 -0.048206687 -0.432159096 0.075045332 0.065280102 0.896295309
11218.909229 -0.095580973 0.460061759 -0.054144740 -0.430443317 0.081941016 0.080758721 0.895255387
11218.946092 -0.109887011 0.462006211 -0.060178488 -0.430757970 0.088356353 0.096762538 0.892904103
11218.982955 -0.130367428 0.459666997 -0.066169441 -0.430562764 0.095303573 0.108360998 0.890949428
11219.019819 -0.135119796 0.457797110 -0.072335199 -0.426503152 0.096663639 0.118220218 0.891501606
11219.056682 -0.161463439 0.451899499 -0.071348801 -0.423991472 0.102739610 0.118888535 0.891931236
11219.093545 -0.172194019 0.447014362 -0.078524932 -0.423951954 0.105471246 0.119542740 0.891543627
11219.130409 -0.179026484 0.435523808 -0.075191364 -0.426876396 0.109014452 0.118909165 0.889805019
11219.167272 -0.196996301 0.425089478 -0.074361309 -0.422085375 0.116041005 0.115379646 0.891664743
11219.204136 -0.211597949 0.416409850 -0.074972227 -0.410243362 0.122737981 0.109787159 0.896985292
11219.240999 -0.226076588 0.406043530 -0.070523933 -0.396231651 0.131040230 0.103250250 0.902866721
11219.277862 -0.237866148 0.393361598 -0.067232698 -0.383690149 0.140074775 0.100561112 0.907220125
11219.314726 -0.244680554 0.380494446 -0.065218113 -0.370963544 0.145696267 0.096175499 0.912090421
11219.351589 -0.252352923 0.366801053 -0.058823399 -0.357040405 0.149600223 0.092237622 0.917406201
11219.388453 -0.268890232 0.352441430 -0.047562726 -0.341938496 0.154397786 0.089911759 0.922580779
11219.425316 -0.274292409 0.339486659 -0.042778164 -0.326723635 0.151731536 0.086345963 0.928856075
11219.462179 -0.289394587 0.322399735 -0.028659970 -0.312637627 0.151502728 0.082798153 0.934049845
11219.499043 -0.307116687 0.313095182 -0.018376112 -0.294714004 0.152005002 0.078611314 0.940137446
11219.535906 -0.315164804 0.296246022 -0.008166373 -0.277429610 0.151516005 0.075796641 0.945690572
11219.572769 -0.327403396 0.283946514 -0.005386390 -0.261147171 0.154616058 0.072978780 0.950036883
11219.609633 -0.345217258 0.261598319 0.002027825 -0.249834403 0.164239138 0.073215172 0.951445103
11219.646496 -0.360131204 0.251200467 0.007214955 -0.232420266 0.171996310 0.071945682 0.954579473
11219.683359 -0.364286184 0.243322641 0.009014767 -0.212025210 0.170909077 0.063566282 0.960101426
11219.720223 -0.388598591 0.217429966 0.020977367 -0.195210427 0.179650798 0.060951512 0.962238729
11219.757086 -0.401412517 0.192916512 0.029675113 -0.182910234 0.180740401 0.058374256 0.964608312
11219.793950 -0.420974582 0.197487682 0.031559311 -0.162824988 0.183821082 0.053922184 0.967879236
11219.830813 -0.434257299 0.185476452 0.034578547 -0.148486018 0.185995251 0.051906034 0.969878018
11219.867676 -0.446613580 0.175248250 0.036128573 -0.133157939 0.187576741 0.048196517 0.971988201
11219.904540 -0.460453689 0.159501091 0.049291953 -0.122760043 0.190519080 0.041025888 0.973113239
11219.941403 -0.473029137 0.151046142 0.049617067 -0.106407769 0.192890331 0.035237532 0.974796951
11219.978266 -0.484487832 0.144432515 0.048252329 -0.091439672 0.196937531 0.031627484 0.975630105
11220.015130 -0.499817252 0.140514970 0.049290024 -0.076725245 0.203301996 0.027074704 0.975729704
11220.051993 -0.513738573 0.129706755 0.055463344 -0.066142850 0.208284050 0.021701476 0.975587964
11220.088856 -0.528401196 0.123481154 0.050578475 -0.049356740 0.213793561 0.023894779 0.975338519
11220.125720 -0.545497537 0.122193642 0.052849561 -0.036245648 0.218087882 0.016189454 0.975121439
11220.162583 -0.561898172 0.117247500 0.049353942 -0.022307897 0.222476974 0.015750406 0.974555433
11220.199447 -0.583094418 0.141798139 0.041011065 0.004589791 0.226975977 0.007107579 0.973863602
11220.236310 -0.596580446 0.108583763 0.045712188 0.004837414 0.233767703 0.008075704 0.972246885
11220.273173 -0.611220837 0.103358954 0.044116765 0.013024521 0.240758672 0.008792360 0.970457792
11220.310037 -0.629100025 0.093836628 0.045818359 0.018951373 0.252638280 0.010718609 0.967315793
11220.346900 -0.648152471 0.098539777 0.040720850 0.028035473 0.263642401 0.014476622 0.964104295
11220.383764 -0.664143205 0.099034987 0.039863646 0.034043469 0.275377989 0.016596984 0.960589707
11220.420627 -0.674095929 0.097179584 0.045783341 0.038601220 0.286489725 0.016956821 0.957155168
11220.457490 -0.690118074 0.094677202 0.041203111 0.040248487 0.296982557 0.017645856 0.953871071
11220.494354 -0.698672175 0.094240829 0.050896376 0.041757613 0.310026407 0.019202378 0.949616313
11220.531217 -0.708876252 0.096023262 0.053263485 0.041257218 0.320561677 0.023201216 0.946044266
11220.568080 -0.716052532 0.096689388 0.055863380 0.038384631 0.330237210 0.027325457 0.942721248
11220.604944 -0.721278846 0.103227511 0.058375448 0.037256889 0.337468714 0.030798983 0.940094769
11220.641807 -0.728433251 0.112526432 0.063266516 0.037062082 0.342705846 0.032534570 0.938147426
11220.678671 -0.736111760 0.120291248 0.068042904 0.036614221 0.346279472 0.035377998 0.936748803
11220.715534 -0.741484761 0.126014352 0.075843096 0.035425752 0.349686444 0.036195371 0.935496807
11220.752397 -0.745701432 0.130011261 0.083354235 0.034947243 0.350898236 0.036390543 0.935053408
