5857.129335 0.000000000 0.000000000 0.000000000 0.000000000 0.000000000 0.000000000 1.000000000
5857.166198 -0.000448760 0.002304497 0.009802896 0.008373177 0.001685866 -0.006924567 0.999939561
5857.203062 -0.001498536 0.005557306 0.019330194 0.016481254 0.004085447 -0.012693280 0.999775231
5857.239925 -0.003058810 0.008977880 0.028026769 0.025779434 0.005979685 -0.019387688 0.999461770
5857.276788 -0.005988317 0.015302395 0.036135145 0.038597867 0.006734438 -0.026865058 0.998870909
5857.313652 -0.007919353 0.019263737 0.043995414 0.050660938 0.004395175 -0.032496247 0.998177409
5857.350515 -0.009046923 0.022894502 0.051007513 0.058792055 -0.000779828 -0.035282593 0.997646272
5857.387378 -0.010374670 0.028191220 0.058967013 0.063742951 -0.008385240 -0.035688970 0.997292757
5857.424242 -0.008033471 0.031266987 0.065533869 0.068034485 -0.019796463 -0.033534974 0.996922672
5857.461105 -0.013274944 0.036026020 0.073676392 0.074243985 -0.028782988 -0.029176652 0.996397555
5857.497968 -0.017954340 0.039156377 0.082100734 0.079282098 -0.038144294 -0.023953363 0.995834112
5857.534832 -0.021005902 0.039485961 0.089636020 0.079470851 -0.046474729 -0.017896634 0.995592356
5857.571695 -0.023944985 0.042858221 0.097929455 0.080568604 -0.051958039 -0.012938193 0.995309830
5857.608558 -0.028255602 0.043754935 0.104411118 0.081641212 -0.053434335 -0.010303747 0.995175004
5857.645422 -0.031073049 0.042761132 0.110731073 0.079335548 -0.052004777 -0.007014489 0.995465815
5857.682285 -0.035076179 0.041716255 0.116409905 0.074828923 -0.047841705 -0.004018494 0.996039987
5857.719148 -0.039039366 0.042530060 0.122188017 0.070355482 -0.042666622 -0.001232776 0.996608317
5857.756011 -0.043910526 0.042363659 0.128229424 0.066611141 -0.037564993 0.001532890 0.997070432
5857.792875 -0.051022418 0.042884216 0.133648723 0.063318059 -0.032921050 0.003576138 0.997443855
5857.829738 -0.055540327 0.042980310 0.139806822 0.057912946 -0.031905044 0.005549278 0.997796297
5857.866602 -0.062803455 0.043340445 0.145715058 0.051317997 -0.031112779 0.009848485 0.998149037
5857.903465 -0.068654425 0.042908311 0.151115388 0.046571646 -0.032090519 0.015327652 0.998281717
5857.940328 -0.073998511 0.042963374 0.155573666 0.046437137 -0.034115661 0.022321455 0.998088896
5857.977192 -0.077597745 0.042252932 0.160277188 0.047527306 -0.036560457 0.030457482 0.997735858
5858.014055 -0.082428575 0.041007452 0.163984805 0.047658559 -0.037091378 0.037430417 0.997472703
5858.050918 -0.087170124 0.040592302 0.167611718 0.046806388 -0.036812261 0.043767314 0.997265458
5858.087782 -0.090636984 0.040942110 0.171199620 0.046225384 -0.036453795 0.047580183 0.997131109
5858.124645 -0.094344251 0.039741885 0.173992336 0.045007899 -0.035254020 0.050209679 0.997101009
5858.161508 -0.099594168 0.039806381 0.176930413 0.045068566 -0.033492476 0.052065693 0.997063816
5858.198372 -0.104041703 0.038915090 0.179082587 0.045422398 -0.032650981 0.052676301 0.997043550
5858.235235 -0.107899331 0.037546374 0.182029963 0.045998801 -0.033031948 0.052226245 0.997028291
5858.272098 -0.112757236 0.035769187 0.184040159 0.045453120 -0.033203997 0.052360576 0.997040570
5858.308962 -0.117478430 0.033449657 0.186606735 0.045753248 -0.034224842 0.053202875 0.996947706
5858.345825 -0.122847565 0.031023975 0.188757002 0.046669703 -0.035359364 0.052310705 0.996912837
5858.382688 -0.128751427 0.029288873 0.192422614 0.047505971 -0.036804624 0.051142104 0.996881664
5858.419552 -0.134572729 0.026060566 0.195801094 0.046442226 -0.038802199 0.050425112 0.996892571
5858.456415 -0.141632497 0.024966322 0.199763089 0.044449851 -0.040833056 0.050076630 0.996919870
5858.493278 -0.147751048 0.021007404 0.203839660 0.041906714 -0.043398459 0.049656969 0.996942639
5858.530142 -0.154779941 0.016444344 0.207873076 0.039373923 -0.044746708 0.048476815 0.997044384
5858.567005 -0.161246508 0.011866763 0.211398274 0.038407136 -0.045553185 0.047693416 0.997083306
5858.603868 -0.168439627 0.007574050 0.215012774 0.039467234 -0.045908749 0.047113035 0.997053206
5858.640732 -0.175164938 0.003146723 0.218324125 0.039608710 -0.046346452 0.046520025 0.997055173
5858.677595 -0.182940423 -0.001746254 0.221500978 0.039178625 -0.046419855 0.046314757 0.997078359
5858.714458 -0.190038636 -0.006307856 0.225354418 0.037965909 -0.047328025 0.044068262 0.997184336
5858.751322 -0.197341353 -0.011034301 0.229044229 0.036132541 -0.048211671 0.040721495 0.997352421
5858.788185 -0.203048646 -0.016855644 0.232158482 0.034215361 -0.050011843 0.036757007 0.997485399
5858.825048 -0.210400641 -0.023675757 0.233930066 0.032252654 -0.049935263 0.032089218 0.997715652
5858.861912 -0.218150347 -0.030341148 0.235365659 0.035506919 -0.049160905 0.028730877 0.997745931
5858.898775 -0.223657116 -0.036320671 0.236587644 0.037706830 -0.049747061 0.024784507 0.997741997
5858.935638 -0.230586484 -0.042071566 0.237759531 0.037532184 -0.050159916 0.021069577 0.997813284
5858.972502 -0.236176312 -0.047795970 0.239835054 0.038646877 -0.052493211 0.017581014 0.997718275
5859.009365 -0.241173178 -0.052321330 0.242557719 0.040716510 -0.055937413 0.014261184 0.997501791
5859.046228 -0.248627499 -0.057956785 0.245544076 0.040094908 -0.058373757 0.010571233 0.997433305
5859.083091 -0.254046261 -0.062561229 0.249249920 0.038787834 -0.061098490 0.006391196 0.997357309
5859.119955 -0.259160250 -0.068323225 0.252789706 0.038059097 -0.062870532 0.003659870 0.997289062
5859.156818 -0.264424145 -0.073765323 0.256503344 0.036167905 -0.063504033 0.001632651 0.997324646
5859.193681 -0.269351184 -0.078054130 0.261114955 0.034607634 -0.063704535 -0.000732042 0.997368276
5859.230545 -0.273405910 -0.081770666 0.265626431 0.032016817 -0.063824430 -0.001659407 0.997446060
5859.267408 -0.278420687 -0.086368017 0.270217031 0.024549048 -0.062583774 -0.001307410 0.997736871
5859.304271 -0.282948405 -0.091844440 0.274757355 0.019438351 -0.062549904 -0.001281542 0.997851670
5859.341135 -0.288175315 -0.096835598 0.277617186 0.020334840 -0.061768949 -0.000858419 0.997882962
5859.377998 -0.292170018 -0.101059370 0.279599130 0.025210818 -0.061057311 -0.000455344 0.997815728
5859.414861 -0.299643576 -0.108424962 0.279205352 0.031636059 -0.057942018 -0.001861697 0.997816801
5859.451725 -0.304274440 -0.116633117 0.279054910 0.038340252 -0.056210406 -0.004909104 0.997670412
5859.488588 -0.308142483 -0.123074323 0.279083788 0.043174785 -0.054337241 -0.009016979 0.997548044
5859.525451 -0.312359452 -0.128753960 0.278858960 0.047107700 -0.052092560 -0.013081890 0.997444808
5859.562315 -0.316324532 -0.134567797 0.278565377 0.052183446 -0.049982239 -0.017879322 0.997225642
5859.599178 -0.319767207 -0.139058769 0.278609872 0.058640905 -0.047493007 -0.024089163 0.996857762
5859.636041 -0.324287862 -0.146197379 0.278954625 0.063599922 -0.044415943 -0.031548202 0.996487319
5859.672905 -0.327791780 -0.154571831 0.279979110 0.064901993 -0.042192973 -0.039333224 0.996223032
5859.709768 -0.331857145 -0.162128150 0.280866504 0.065217301 -0.040074043 -0.044814076 0.996058464
5859.746631 -0.335338056 -0.168249860 0.283189744 0.066623360 -0.038752593 -0.049034305 0.995818853
5859.783495 -0.337313592 -0.174578786 0.284812570 0.068477094 -0.037793934 -0.051041882 0.995629072
5859.820358 -0.340579122 -0.181245878 0.287294000 0.071368217 -0.036536742 -0.053104971 0.995365024
5859.857221 -0.342742622 -0.189627126 0.290576667 0.072134040 -0.036149058 -0.055664148 0.995184124
5859.894085 -0.345301688 -0.197387487 0.294186622 0.068044826 -0.035653085 -0.058747586 0.995312750
5859.930948 -0.347330540 -0.204768300 0.298100561 0.061629571 -0.035519425 -0.061405625 0.995574951
5859.967811 -0.349821687 -0.211430103 0.302567780 0.057075221 -0.036118288 -0.061126452 0.995842099
5860.004675 -0.351435751 -0.217612594 0.307051957 0.052678019 -0.038263451 -0.059615567 0.996095836
5860.041538 -0.353658378 -0.224935636 0.311556607 0.047251686 -0.041085612 -0.058767717 0.996306002
5860.078401 -0.356146574 -0.230707511 0.316160917 0.044167150 -0.043807913 -0.055747971 0.996505022
5860.115265 -0.358683825 -0.236314088 0.320760906 0.040223226 -0.045727871 -0.050778326 0.996851325
5860.152128 -0.360679835 -0.242834911 0.325108409 0.031258382 -0.046755504 -0.046547335 0.997331560
5860.188991 -0.361568242 -0.248709798 0.329531014 0.024203541 -0.048260037 -0.040782243 0.997708321
5860.225854 -0.363790810 -0.256423891 0.333266556 0.019474657 -0.048546858 -0.035290603 0.998007298
5860.262718 -0.363974810 -0.265434086 0.336900771 0.016005140 -0.049367532 -0.031240122 0.998163700
5860.299581 -0.364712983 -0.275058419 0.339823008 0.013176152 -0.049157739 -0.028488541 0.998297691
5860.336445 -0.364493489 -0.281610221 0.342560947 0.009039432 -0.048868865 -0.025129978 0.998448074
5860.373308 -0.363374174 -0.288731933 0.345496178 0.002074276 -0.048887875 -0.021971695 0.998560429
5860.410171 -0.363399655 -0.296019435 0.348205894 -0.004441152 -0.048036478 -0.019863361 0.998638153
5860.447034 -0.362990469 -0.302322984 0.351964206 -0.010521399 -0.047528408 -0.017930921 0.998653531
5860.483898 -0.361328870 -0.308248997 0.355915546 -0.016876254 -0.047024973 -0.015858084 0.998625219
5860.520761 -0.360104918 -0.313180983 0.359387100 -0.022535063 -0.044861291 -0.012425185 0.998661697
5860.557625 -0.357025534 -0.317313313 0.362504274 -0.025264883 -0.043562911 -0.008410501 0.998695731
5860.594488 -0.353752285 -0.320562690 0.365284115 -0.026538810 -0.042360671 -0.004514312 0.998739660
5860.631351 -0.349782228 -0.324511439 0.368179142 -0.026806664 -0.042241257 0.000678066 0.998747528
5860.668214 -0.344803035 -0.328038543 0.371816695 -0.025284473 -0.043836690 0.006150752 0.998699784
5860.705078 -0.339834809 -0.332384139 0.375957131 -0.024086380 -0.045756873 0.014589121 0.998555601
5860.741941 -0.334342480 -0.337619185 0.381411672 -0.023982093 -0.048652779 0.023717603 0.998246074
5860.778805 -0.328799069 -0.342468709 0.387155801 -0.025302889 -0.052904673 0.032113332 0.997762263
5860.815668 -0.324229687 -0.348824292 0.393503278 -0.029346095 -0.057258930 0.039037712 0.997164130
5860.852531 -0.318581671 -0.355217665 0.400158525 -0.034128960 -0.061240286 0.045703575 0.996491849
5860.889394 -0.311295897 -0.361104518 0.407023698 -0.038060404 -0.064867102 0.049942538 0.995916367
5860.926258 -0.304477930 -0.366135538 0.412812620 -0.042743117 -0.066333964 0.052745115 0.995485187
5860.963121 -0.296427488 -0.370616168 0.417954803 -0.046901762 -0.065922588 0.055223770 0.995190799
5860.999985 -0.287124902 -0.374690950 0.422478646 -0.050972883 -0.063681811 0.057525709 0.995006084
5861.036848 -0.276513219 -0.377770305 0.427125961 -0.054348040 -0.061075579 0.057557251 0.994989038
5861.073711 -0.266920984 -0.383170187 0.431190997 -0.059052497 -0.056738287 0.057753712 0.994966388
5861.110574 -0.257627308 -0.384622633 0.434916884 -0.061009008 -0.052580990 0.058640964 0.995024800
5861.147438 -0.247442633 -0.385682285 0.438475609 -0.062434036 -0.049743161 0.059006333 0.995060742
5861.184301 -0.236926869 -0.385508090 0.441868186 -0.061913233 -0.048309788 0.061090373 0.995038152
5861.221164 -0.226931348 -0.387477964 0.444463432 -0.063655302 -0.047426272 0.062118936 0.994907022
5861.258028 -0.216229931 -0.386304915 0.446596116 -0.065937757 -0.047952659 0.064699657 0.994568586
5861.294891 -0.206384420 -0.384194583 0.447465360 -0.066864997 -0.049498066 0.066114277 0.994337976
5861.331754 -0.195827603 -0.384927750 0.447752535 -0.067541845 -0.051683199 0.068690747 0.994006276
5861.368618 -0.185779393 -0.385509342 0.447053283 -0.068417840 -0.053114697 0.070532352 0.993741930
5861.405481 -0.177095920 -0.386273414 0.445508212 -0.068399668 -0.053556442 0.071476273 0.993651986
5861.442344 -0.167191938 -0.387503177 0.443907350 -0.068435378 -0.054825854 0.073279865 0.993448913
5861.479208 -0.158854887 -0.386395365 0.441062570 -0.067500956 -0.054650046 0.075704262 0.993340790
5861.516071 -0.151351333 -0.387514025 0.438436806 -0.067956306 -0.053400733 0.077038407 0.993275106
5861.552934 -0.142585456 -0.389068246 0.436474532 -0.069122382 -0.051948890 0.079663962 0.993064463
5861.589798 -0.134006798 -0.390030742 0.434569120 -0.069889590 -0.049626391 0.082389385 0.992907166
5861.626661 -0.125395775 -0.389770150 0.433212578 -0.069002196 -0.045952454 0.085569143 0.992877126
5861.663524 -0.118111685 -0.386619270 0.431268990 -0.067467079 -0.040261228 0.089062408 0.992922544
5861.700387 -0.110841319 -0.387497008 0.429337710 -0.069712475 -0.033691578 0.093408763 0.992612600
5861.737251 -0.103380784 -0.385973573 0.428047597 -0.070664793 -0.028224511 0.096939743 0.992377222
5861.774114 -0.095918775 -0.384994090 0.427124798 -0.072234817 -0.023765901 0.100571670 0.992019475
5861.810978 -0.084563866 -0.382805824 0.427761167 -0.074053176 -0.023014260 0.105260797 0.991416454
5861.847841 -0.076409414 -0.378667742 0.427722394 -0.078271821 -0.021187669 0.109782100 0.990642488
5861.884704 -0.067715853 -0.377821445 0.428713024 -0.086618476 -0.020497298 0.115462475 0.989315689
5861.921567 -0.058607668 -0.375096351 0.429503441 -0.094397143 -0.021918673 0.121887840 0.987801671
5861.958431 -0.049479716 -0.374780864 0.430376947 -0.102798998 -0.025441242 0.127768338 0.986134052
5861.995294 -0.041672423 -0.372112870 0.430666953 -0.106685497 -0.030100923 0.132416904 0.984976113
5862.032158 -0.032935631 -0.369880229 0.430536300 -0.108098224 -0.035191063 0.138023540 0.983883083
5862.069021 -0.025011029 -0.366996408 0.429093271 -0.108493738 -0.038831264 0.142816886 0.983018100
5862.105884 -0.015479367 -0.362858921 0.426842362 -0.108106703 -0.043184057 0.147130027 0.982242763
5862.142747 -0.007348057 -0.362322271 0.423888355 -0.108521596 -0.044280209 0.152982160 0.981253684
5862.179611 -0.000600841 -0.359818131 0.419139951 -0.106801048 -0.042255457 0.159863159 0.980434477
5862.216474 0.006198380 -0.356239200 0.414042771 -0.104360953 -0.039247070 0.166086867 0.979787529
5862.253338 0.014521830 -0.357380033 0.409293085 -0.106251642 -0.036663335 0.172279537 0.978614390
5862.290201 0.021684017 -0.356783092 0.403980851 -0.107834667 -0.033646375 0.177682772 0.977582932
5862.327064 0.028598085 -0.354891539 0.398592293 -0.109913729 -0.029866781 0.182076409 0.976665318
5862.363927 0.034847762 -0.354952753 0.393191665 -0.114870377 -0.024606539 0.183924854 0.975894988
5862.400791 0.042047322 -0.351158291 0.388904095 -0.116419919 -0.019580258 0.185067192 0.975609124
5862.437654 0.050653160 -0.349417895 0.385161161 -0.120248564 -0.014246865 0.185902819 0.975078166
5862.474518 0.056977108 -0.346663594 0.382046819 -0.123276696 -0.007920356 0.185278833 0.974890709
5862.511381 0.066301525 -0.347212195 0.379960835 -0.127456263 -0.002299965 0.184093103 0.974607289
5862.548244 0.074967958 -0.342875510 0.377391756 -0.128216729 0.003624337 0.183531225 0.974609494
5862.585107 0.084749341 -0.344381124 0.377256095 -0.134204909 0.009294192 0.182688117 0.973923862
5862.621971 0.087570243 -0.343191952 0.375688732 -0.135923684 0.017385477 0.179760590 0.974119425
5862.658834 0.093716905 -0.343477458 0.374896884 -0.137691870 0.020650569 0.174556911 0.974753499
5862.695698 0.099586740 -0.341965318 0.375537157 -0.137601078 0.021905378 0.170655042 0.975429654
5862.732561 0.106922492 -0.341060042 0.377175301 -0.139252394 0.020860136 0.167101949 0.975833237
5862.769424 0.113853298 -0.340991706 0.378766030 -0.142969191 0.019034494 0.165892243 0.975539446
5862.806288 0.119544573 -0.339024425 0.380151272 -0.146124557 0.016223133 0.165632680 0.975166798
5862.843151 0.124847017 -0.335160196 0.382114470 -0.145292982 0.011914664 0.167061582 0.975109458
5862.880014 0.135379761 -0.334481299 0.385953665 -0.147831663 0.002639830 0.168564036 0.974538326
5862.916878 0.142378449 -0.332601756 0.389174938 -0.149311155 -0.004214935 0.169187859 0.974199116
5862.953741 0.153238952 -0.331029594 0.391947448 -0.152545124 -0.012684578 0.170036286 0.973476648
5862.990604 0.163734540 -0.328941166 0.393987834 -0.154424489 -0.018791519 0.167961612 0.973441780
5863.027467 0.176695362 -0.327621609 0.395978510 -0.156502143 -0.023102922 0.164354801 0.973632812
5863.064331 0.189295709 -0.326300621 0.396762431 -0.156754687 -0.023770833 0.160386637 0.974237680
5863.101194 0.203096345 -0.325546980 0.398656487 -0.161125943 -0.023615550 0.154975563 0.974404097
5863.138057 0.213070899 -0.324257672 0.399101377 -0.165511653 -0.021449307 0.147045016 0.974947989
5863.174921 0.224020213 -0.323278159 0.399090171 -0.170453340 -0.020603273 0.139687926 0.975196600
5863.211784 0.234680355 -0.319575101 0.398406208 -0.170113102 -0.021286594 0.133469567 0.976111829
5863.248647 0.243001193 -0.319631457 0.399008572 -0.168079734 -0.022896538 0.126635313 0.977337420
5863.285511 0.253224045 -0.318242282 0.399182796 -0.165211901 -0.024999697 0.121646464 0.978407979
5863.322374 0.261101395 -0.318883836 0.399913847 -0.165694624 -0.024015898 0.118855633 0.978693962
5863.359237 0.269301087 -0.315371037 0.399597108 -0.167064935 -0.022596823 0.117289357 0.978683770
5863.396101 0.278249443 -0.312897682 0.400779963 -0.171754256 -0.021747546 0.115991876 0.978045702
5863.432964 0.288582921 -0.311998487 0.403260469 -0.176771462 -0.021071907 0.115635768 0.977208376
5863.469827 0.296127230 -0.307960421 0.403716266 -0.179364875 -0.018761067 0.114427015 0.976925135
5863.506691 0.304023027 -0.305342674 0.404527068 -0.180763543 -0.017104791 0.113367803 0.976821244
5863.543554 0.310301572 -0.303548515 0.404424876 -0.181205258 -0.013523979 0.111919299 0.976962566
5863.580417 0.320915967 -0.300168991 0.403773487 -0.181736812 -0.011570954 0.111568861 0.976928949
5863.617280 0.325699687 -0.299954593 0.402206063 -0.185508013 -0.004452852 0.112106964 0.976216674
5863.654144 0.338117301 -0.297845989 0.400319427 -0.186157525 -0.003133302 0.115608558 0.975689590
5863.691007 0.347292125 -0.295201212 0.397019386 -0.181396484 -0.000222576 0.118860625 0.976200521
5863.727871 0.359187752 -0.296127498 0.394716650 -0.178592294 0.001395427 0.124932483 0.975958347
5863.764734 0.369998962 -0.293402076 0.391557425 -0.173224092 0.003331342 0.131293148 0.976086259
5863.801597 0.379685879 -0.292552948 0.388490975 -0.169158101 0.005025037 0.138069972 0.975857079
5863.838460 0.390551299 -0.295469165 0.388153583 -0.168754920 0.003658874 0.141578034 0.975430131
5863.875324 0.398022383 -0.295726657 0.387228549 -0.168338895 0.002923567 0.144206032 0.975119531
5863.912187 0.407766789 -0.292442381 0.385153651 -0.167570531 0.000075039 0.146802098 0.974868834
5863.949051 0.416447997 -0.289764941 0.382710278 -0.167350158 -0.001194558 0.149367049 0.974516273
5863.985914 0.424562991 -0.286192298 0.380834848 -0.166223943 -0.001854475 0.149644852 0.974665403
5864.022777 0.431976855 -0.283154726 0.378968149 -0.165526897 -0.001499952 0.148045659 0.975028753
5864.059641 0.440308124 -0.280146062 0.377392948 -0.164434910 -0.000401425 0.146994486 0.975373566
5864.096504 0.451102257 -0.278187662 0.376758575 -0.165619925 -0.001071068 0.144855574 0.975492597
5864.133367 0.461463392 -0.274599254 0.375663996 -0.166412488 -0.001672490 0.143267244 0.975591421
5864.170230 0.468794376 -0.275067776 0.375686109 -0.169300199 -0.001182319 0.140072674 0.975559175
5864.207094 0.479367852 -0.270210713 0.374635756 -0.169521615 -0.004099207 0.136782378 0.975979626
5864.243957 0.488264292 -0.269596845 0.374774843 -0.173763767 -0.005828572 0.132525265 0.975812078
5864.280821 0.498876303 -0.265425920 0.372658342 -0.175580502 -0.008346609 0.129040927 0.975935578
5864.317684 0.508830249 -0.264051527 0.369760364 -0.176267877 -0.009639489 0.126744866 0.976100624
5864.354547 0.520500362 -0.261465013 0.367006809 -0.172533900 -0.012495462 0.125175476 0.976937592
5864.391410 0.531208694 -0.260205567 0.364044875 -0.170628548 -0.015051557 0.122693785 0.977550805
5864.428274 0.542615056 -0.254222482 0.360016435 -0.166319713 -0.018657986 0.121153720 0.978422940
5864.465137 0.551968098 -0.249349281 0.355638564 -0.165033281 -0.020914467 0.119249485 0.978828967
5864.502001 0.564815819 -0.246280015 0.352559149 -0.166139677 -0.025679728 0.117779680 0.978706360
5864.538864 0.577093124 -0.243631810 0.349063814 -0.165660977 -0.029271631 0.115391783 0.978971064
5864.575727 0.590290546 -0.239751846 0.344921052 -0.164187863 -0.031210480 0.112887263 0.979451239
5864.612590 0.604162097 -0.235825345 0.340817809 -0.163582638 -0.031198589 0.109437607 0.979944289
5864.649454 0.615774930 -0.234067038 0.335849524 -0.164955541 -0.027761152 0.106114976 0.980182946
5864.686317 0.627282202 -0.229902864 0.330404639 -0.164903998 -0.023759391 0.102385618 0.980693281
5864.723181 0.645286262 -0.224140599 0.325466841 -0.162799075 -0.024017174 0.100512907 0.981232285
5864.760044 0.656777143 -0.223894835 0.321168840 -0.163597628 -0.019679708 0.096882254 0.981561184
5864.796907 0.668028533 -0.221955627 0.316680819 -0.163194403 -0.015155348 0.094978482 0.981894612
5864.833770 0.682957053 -0.218823880 0.312726557 -0.165136844 -0.013760986 0.095937125 0.981497109
5864.870634 0.695494354 -0.213429362 0.308016956 -0.163895324 -0.013235155 0.097903475 0.981518269
5864.907497 0.707972050 -0.208262309 0.303317368 -0.161511511 -0.014763147 0.101900868 0.981484771
5864.944360 0.723172247 -0.207620367 0.302601993 -0.163348436 -0.019083610 0.105714090 0.980702639
5864.981224 0.736469984 -0.204080328 0.300730854 -0.163973585 -0.022972008 0.110905640 0.979941249
5865.018087 0.750861704 -0.198814645 0.298685789 -0.164413512 -0.027289126 0.116788127 0.979073048
5865.054950 0.762864411 -0.193979800 0.295755208 -0.163647845 -0.029815160 0.121926725 0.978501081
5865.091814 0.774758041 -0.191342726 0.294388473 -0.163629696 -0.031054078 0.125840664 0.977969885
5865.128677 0.786772013 -0.190564334 0.293971300 -0.165516168 -0.030529849 0.130294263 0.977085292
5865.165540 0.800562441 -0.184447527 0.292493731 -0.166064665 -0.030548144 0.134400830 0.976435184
5865.202404 0.811151147 -0.177236095 0.290626526 -0.165313438 -0.028654575 0.137060210 0.976250410
5865.239267 0.821372688 -0.170913324 0.288525760 -0.163861975 -0.027322637 0.139306173 0.976215422
5865.276130 0.830791950 -0.163748607 0.285960019 -0.159850359 -0.026451429 0.140731826 0.976699948
5865.312994 0.840591967 -0.159787446 0.284652442 -0.157616407 -0.025717892 0.140274331 0.977148294
5865.349857 0.849796832 -0.162137151 0.285530657 -0.161368608 -0.023625340 0.139034942 0.976765752
5865.386720 0.858035326 -0.156777769 0.284993440 -0.162634566 -0.020430932 0.137224212 0.976883888
5865.423584 0.870462954 -0.154403642 0.286179096 -0.166467592 -0.019274535 0.136830747 0.976316750
5865.460447 0.875404537 -0.149212256 0.284918606 -0.168264836 -0.013967371 0.136002317 0.976214767
5865.497310 0.881496131 -0.142116278 0.283565313 -0.168073550 -0.011288129 0.135442331 0.976360202
5865.534174 0.887124479 -0.139600426 0.282544434 -0.171424121 -0.009753917 0.135581270 0.975774705
5865.571037 0.891969144 -0.130807310 0.281258166 -0.171129182 -0.010147579 0.133142784 0.976158202
5865.607900 0.897291422 -0.123784602 0.278882265 -0.171487540 -0.010449116 0.131608993 0.976300120
5865.644763 0.903681576 -0.118704610 0.277924329 -0.173761502 -0.009538162 0.130491897 0.976057291
5865.681627 0.907615244 -0.113361150 0.275244653 -0.175268829 -0.006545596 0.128874615 0.976027310
5865.718490 0.911489666 -0.107252896 0.272184789 -0.176345110 -0.002493302 0.128296718 0.975928366
5865.755354 0.915045679 -0.101949885 0.269020826 -0.176621273 0.001470960 0.127581805 0.975974202
5865.792217 0.920372307 -0.089901641 0.265004754 -0.172370046 0.002515415 0.126096889 0.976924658
5865.829080 0.923206866 -0.082352199 0.261280566 -0.170556203 0.005097654 0.125096112 0.977361560
5865.865943 0.926218271 -0.075756826 0.257922977 -0.167444080 0.007516721 0.124960043 0.977901280
5865.902807 0.926811993 -0.069672339 0.253797889 -0.163988560 0.011138383 0.126121819 0.978303134
5865.939670 0.928257465 -0.065135472 0.250712991 -0.161199987 0.011938863 0.124486998 0.978966296
5865.976534 0.930283785 -0.058362193 0.247571319 -0.158949643 0.011089251 0.123732284 0.979439795
5866.013397 0.929393351 -0.050073996 0.243791431 -0.158509746 0.011203906 0.124311402 0.979436457
5866.050260 0.929357827 -0.040017825 0.242354169 -0.159518719 0.009038174 0.123569205 0.979388952
5866.087123 0.928039908 -0.029090866 0.239513159 -0.159148544 0.006879617 0.122797638 0.979563773
5866.123987 0.926177740 -0.024179552 0.239035174 -0.161006123 0.004805543 0.122287467 0.979336381
5866.160850 0.922947466 -0.018091097 0.237507939 -0.162213817 0.003974283 0.123616546 0.978973866
5866.197714 0.919132471 -0.009770453 0.235409796 -0.161646321 0.003153334 0.125408188 0.978842854
5866.234577 0.915511370 -0.000122972 0.234416485 -0.161749721 0.002737527 0.128978729 0.978362918
5866.271440 0.916814864 -0.000774004 0.237461165 -0.168889910 0.000241224 0.133262068 0.976584554
5866.308303 0.907663763 0.007704131 0.236450359 -0.168624550 0.002906937 0.136342585 0.976200819
5866.345167 0.901986003 0.012842655 0.237211406 -0.171306059 0.001844974 0.137953028 0.975510061
5866.382030 0.897400975 0.019164134 0.238258258 -0.173127532 -0.001044599 0.139993891 0.974898696
5866.418894 0.889350533 0.023846075 0.238217011 -0.174918637 -0.002349999 0.140429005 0.974514067
5866.455757 0.882183731 0.028013445 0.239070415 -0.175315827 -0.004999952 0.139412671 0.974578619
5866.492620 0.873616278 0.034084801 0.238132149 -0.172160923 -0.006464990 0.137886286 0.975349307
5866.529483 0.864744723 0.038052451 0.237763047 -0.171199054 -0.006165143 0.136954665 0.975651741
5866.566347 0.857338011 0.037234694 0.239577025 -0.176785007 -0.005964545 0.136750266 0.974685013
5866.603210 0.846481562 0.038052998 0.239966124 -0.176770881 -0.004540980 0.135347247 0.974891067
5866.640074 0.840070546 0.037443452 0.240663126 -0.174483865 -0.006595433 0.133871108 0.975494981
5866.676937 0.832202971 0.035624914 0.240904301 -0.173220769 -0.008221741 0.132604465 0.975880682
5866.713800 0.821439624 0.034476366 0.239659399 -0.172737703 -0.008117026 0.132130057 0.976031482
5866.750663 0.813467503 0.033970140 0.239580274 -0.172509059 -0.010365567 0.132775918 0.975962937
5866.787527 0.804308534 0.031459212 0.239841461 -0.172926709 -0.013240534 0.132518113 0.975889325
5866.824390 0.796967804 0.030775577 0.240122259 -0.170462832 -0.018550012 0.130880758 0.976457119
5866.861254 0.787529051 0.030950870 0.240232602 -0.167592451 -0.021509646 0.129140079 0.977124810
5866.898117 0.778981745 0.031511392 0.239629447 -0.166766033 -0.021420727 0.129090995 0.977274656
5866.934980 0.770838439 0.030842956 0.238875568 -0.165826812 -0.018975610 0.129223973 0.977467418
5866.971843 0.762171865 0.031888463 0.237244412 -0.162577778 -0.015442358 0.128481150 0.978173077
5867.008707 0.753966153 0.032630134 0.235488042 -0.160021484 -0.013027527 0.127026811 0.978819430
5867.045570 0.744184673 0.036914602 0.232791141 -0.156456023 -0.011832115 0.125388712 0.979621947
5867.082433 0.732243359 0.040673412 0.230102569 -0.153269514 -0.011025568 0.123403601 0.980386853
5867.119297 0.721997082 0.041701358 0.227963641 -0.151101902 -0.012244216 0.122098275 0.980872214
5867.156160 0.710817635 0.043746356 0.225273788 -0.147692353 -0.012965762 0.120480217 0.981582046
5867.193023 0.699683487 0.045766577 0.221701026 -0.144153759 -0.013206807 0.119109727 0.982271910
5867.229887 0.689794421 0.046669360 0.217919916 -0.141208977 -0.012747138 0.118215583 0.982813597
5867.266750 0.676395774 0.050971590 0.212993652 -0.135981828 -0.008837077 0.117238149 0.983710349
5867.303613 0.665333450 0.053930044 0.208217040 -0.133589178 -0.005096220 0.115918331 0.984220982
5867.340477 0.652731478 0.058518566 0.203154415 -0.129505739 0.000380252 0.114411175 0.984955966
5867.377340 0.640246332 0.063485280 0.197740734 -0.123808451 0.006980618 0.114158660 0.985692978
5867.414203 0.629478931 0.067252137 0.191714972 -0.120198064 0.012606165 0.114277430 0.986070096
5867.451067 0.618102670 0.072308630 0.185684353 -0.115310296 0.017463982 0.114190236 0.986589670
5867.487930 0.608452022 0.074034311 0.180750310 -0.114141487 0.020479174 0.114759341 0.986601532
5867.524793 0.597122431 0.078951985 0.175598279 -0.114468254 0.023383785 0.115294367 0.986436725
5867.561656 0.584903836 0.083686754 0.171569824 -0.114604659 0.025922362 0.115986422 0.986276269
5867.598520 0.573677301 0.087374344 0.167915389 -0.113270864 0.027942117 0.117680892 0.986174524
5867.635383 0.563994527 0.092545182 0.163408294 -0.110385790 0.028483495 0.120194346 0.986183047
5867.672247 0.553419232 0.096475698 0.159711435 -0.108393028 0.028336262 0.121771820 0.986214817
5867.709110 0.542159915 0.098245986 0.156924576 -0.107702322 0.027879251 0.122711226 0.986187041
5867.745973 0.532677531 0.101163536 0.154174387 -0.106835082 0.025723131 0.123618454 0.986226678
5867.782836 0.525629580 0.104566500 0.151064888 -0.105650783 0.021592729 0.125022024 0.986276388
5867.819700 0.514806807 0.106367633 0.149659038 -0.106062889 0.019439016 0.123653255 0.986449480
5867.856563 0.507383645 0.106683269 0.148134455 -0.108291209 0.015413264 0.121289596 0.986571968
5867.893427 0.499027580 0.106675118 0.147466496 -0.108175993 0.012216957 0.118451491 0.986974120
5867.930290 0.490929067 0.107264876 0.147226244 -0.104487643 0.008605462 0.114960901 0.987821996
5867.967153 0.485623211 0.102350079 0.147724092 -0.104773991 0.002150702 0.110569648 0.988327920
5868.004016 0.479808658 0.100869402 0.148757562 -0.104314975 -0.004734354 0.106359601 0.988829434
5868.040880 0.471354395 0.096570872 0.150133282 -0.106249675 -0.009953426 0.101368569 0.989108860
5868.077743 0.467104763 0.093109049 0.151438653 -0.106852457 -0.015916433 0.097472914 0.989357471
5868.114607 0.462253600 0.091459483 0.152828708 -0.103823632 -0.019356055 0.092634238 0.990083277
5868.151470 0.461269021 0.084308654 0.153989568 -0.104095288 -0.022556640 0.089467227 0.990278244
5868.188333 0.456146866 0.076055229 0.156554788 -0.106254674 -0.022107527 0.087691806 0.990217865
5868.225196 0.453112870 0.069787703 0.159737200 -0.106248267 -0.023846542 0.085382998 0.990379930
5868.262060 0.450502902 0.066228665 0.163269013 -0.101874411 -0.027366666 0.082347080 0.991005361
5868.298923 0.448716789 0.060080335 0.168041363 -0.101515219 -0.031047955 0.079544216 0.991162658
5868.335786 0.445172280 0.055960566 0.172266364 -0.103704698 -0.032023922 0.077808551 0.991042674
5868.372650 0.442175716 0.051614035 0.177275360 -0.106666178 -0.032835290 0.076790683 0.990781188
5868.409513 0.439378917 0.049661137 0.181929126 -0.106655762 -0.034047004 0.076682575 0.990749776
5868.446376 0.436881959 0.044181600 0.187737927 -0.110593632 -0.035957631 0.076150149 0.990291476
5868.483240 0.433464378 0.045167465 0.192131400 -0.111839548 -0.038129728 0.076183610 0.990067720
5868.520103 0.428863466 0.040803436 0.198325217 -0.115599662 -0.039781645 0.075657532 0.989611089
5868.556966 0.426508248 0.037007466 0.204568923 -0.119809479 -0.042338207 0.076071106 0.988972366
5868.593830 0.423333257 0.036361892 0.210348040 -0.124771342 -0.043635860 0.076821230 0.988244176
5868.630693 0.419224977 0.032741223 0.216281325 -0.130360648 -0.043157794 0.078345500 0.987423658
5868.667556 0.416488618 0.030200075 0.221053183 -0.133250713 -0.041809991 0.079603270 0.986995220
5868.704420 0.413373172 0.026242997 0.225492597 -0.136282429 -0.037733298 0.080999620 0.986631811
5868.741283 0.410160989 0.023715563 0.228936106 -0.138843030 -0.033092119 0.083296753 0.986250043
5868.778146 0.405624628 0.021005180 0.231358245 -0.142202884 -0.028950224 0.086932980 0.985587597
5868.815010 0.402210444 0.017500035 0.234339580 -0.146250695 -0.027823195 0.091593273 0.984605134
5868.851873 0.398790330 0.013484899 0.236864045 -0.149772152 -0.028677201 0.096483678 0.983583689
5868.888736 0.394447058 0.010082871 0.238716006 -0.151145980 -0.029876359 0.101482309 0.982834518
5868.925600 0.388776153 0.006345101 0.239825130 -0.151362211 -0.030128721 0.106005840 0.982315898
5868.962463 0.383547813 0.003685374 0.240297854 -0.151079282 -0.030205946 0.110140070 0.981902122
5868.999326 0.376965493 -0.000603925 0.240685284 -0.151875049 -0.027970903 0.113699213 0.981439769
5869.036190 0.370382041 -0.004433725 0.240792125 -0.153804913 -0.024582285 0.117193766 0.980818689
5869.073053 0.364147097 -0.006798789 0.239919633 -0.155275673 -0.021164248 0.120441191 0.980273128
5869.109916 0.356060088 -0.009412490 0.239043713 -0.154834658 -0.017227316 0.122758351 0.980132580
5869.146780 0.346717775 -0.012862112 0.237785861 -0.154791743 -0.013456981 0.125000119 0.979914963
5869.183643 0.338770181 -0.014748037 0.236031026 -0.153253973 -0.012432943 0.127157450 0.979892671
5869.220506 0.330082923 -0.017403889 0.234285906 -0.152599886 -0.012434120 0.128875360 0.979770243
5869.257370 0.320836067 -0.019932386 0.232302323 -0.151533112 -0.012939548 0.130489275 0.979715645
5869.294233 0.313156992 -0.020678442 0.229314566 -0.148487002 -0.014018716 0.133842885 0.979714870
5869.331096 0.303127885 -0.024135444 0.227174640 -0.146994099 -0.013552031 0.136314958 0.979605675
5869.367959 0.293301225 -0.027574323 0.225655735 -0.146260366 -0.013607099 0.138370782 0.979426503
5869.404823 0.285688251 -0.029161282 0.223785609 -0.145243496 -0.014538165 0.139796987 0.979361892
5869.441686 0.277407438 -0.029829443 0.221829981 -0.145466849 -0.014126470 0.140053749 0.979298115
5869.478549 0.270169020 -0.032516263 0.219998837 -0.148320228 -0.013623836 0.139399171 0.978970528
5869.515413 0.263472080 -0.034219056 0.218355671 -0.148259968 -0.013036672 0.137940153 0.979194343
5869.552276 0.255348682 -0.035259653 0.216558069 -0.146685332 -0.011544260 0.135888264 0.979736984
5869.589139 0.249817029 -0.036620308 0.214827359 -0.146088496 -0.011960736 0.133084819 0.980205834
5869.626003 0.244044930 -0.038082790 0.213080615 -0.146795183 -0.011557741 0.130520225 0.980449915
5869.662866 0.238286525 -0.039968733 0.212093025 -0.146727100 -0.011121103 0.128125563 0.980780959
5869.699729 0.235048503 -0.042382810 0.211942837 -0.144734472 -0.013240679 0.124606036 0.981503904
5869.736593 0.229013488 -0.044313587 0.212311462 -0.142029956 -0.014677665 0.119349405 0.982531309
5869.773456 0.222476646 -0.046783831 0.213543177 -0.141179949 -0.015954664 0.114350632 0.983228147
5869.810319 0.217467964 -0.050107554 0.214846760 -0.141907766 -0.017973285 0.111397073 0.983427584
5869.847183 0.210311949 -0.052379932 0.215910047 -0.141696796 -0.019964118 0.107125938 0.983894050
5869.884046 0.204416245 -0.055202305 0.216712981 -0.143683270 -0.023543369 0.102468193 0.984022915
5869.920909 0.198916987 -0.056334540 0.216901258 -0.142165825 -0.028855426 0.096919842 0.984663785
5869.957773 0.190855458 -0.058798585 0.216766089 -0.140531406 -0.031977188 0.090183526 0.985441685
5869.994636 0.184344828 -0.060404539 0.215247065 -0.141886845 -0.034456424 0.084194310 0.985693753
5870.031499 0.180401057 -0.064675070 0.214561760 -0.143547013 -0.037946947 0.078553930 0.985790849
5870.068363 0.174683139 -0.069509335 0.214133978 -0.141392842 -0.040137943 0.072030894 0.986513317
5870.105226 0.166970447 -0.072367013 0.213428020 -0.136644587 -0.040767170 0.065073654 0.987639427
5870.142090 0.162575439 -0.075745985 0.212929353 -0.133937731 -0.041761551 0.060037147 0.988287508
5870.178953 0.157387927 -0.078838989 0.212819695 -0.131364286 -0.041102774 0.055522047 0.988924325
5870.215816 0.151403487 -0.082957909 0.213617682 -0.130250648 -0.039184727 0.052000210 0.989340842
5870.252679 0.144544646 -0.085588962 0.213909149 -0.129435048 -0.036410309 0.049177680 0.989698172
5870.289543 0.138954967 -0.089005291 0.214982703 -0.130526528 -0.035294544 0.047322515 0.989685655
5870.326406 0.131450355 -0.092472300 0.216527715 -0.131555423 -0.034594685 0.046239302 0.989625335
5870.363270 0.125415593 -0.093635082 0.218308121 -0.131970301 -0.036928385 0.045525502 0.989518881
5870.400133 0.117371351 -0.094899379 0.219630912 -0.133294687 -0.038564153 0.045495678 0.989280283
5870.436996 0.109257206 -0.095881179 0.221905991 -0.134213269 -0.040546790 0.045865033 0.989059746
5870.473859 0.101679891 -0.096371904 0.223443016 -0.135401472 -0.041641690 0.046917286 0.988802910
5870.510723 0.093413986 -0.096400037 0.224361822 -0.137629285 -0.040900242 0.048363674 0.988456488
5870.547586 0.085112385 -0.096934758 0.225395754 -0.139503241 -0.039197702 0.050017968 0.988180459
5870.584450 0.075268254 -0.096943773 0.225898921 -0.141593605 -0.035538450 0.052305631 0.987902999
5870.621313 0.066385694 -0.098045886 0.225740418 -0.145604149 -0.033951525 0.053965848 0.987286389
5870.658176 0.057029247 -0.098091140 0.225248635 -0.144935742 -0.033068065 0.057227209 0.987231076
5870.695039 0.045135897 -0.098159686 0.224630445 -0.142385155 -0.030839056 0.061509807 0.987416804
5870.731903 0.037407771 -0.101721674 0.224304184 -0.144646838 -0.030754533 0.065920599 0.986805916
5870.768766 0.025376322 -0.103721723 0.223422796 -0.146204308 -0.027167143 0.069348566 0.986446619
5870.805629 0.014412506 -0.106297359 0.221903116 -0.146770447 -0.024167610 0.072489575 0.986214817
5870.842493 0.003615105 -0.108596191 0.220554620 -0.148047671 -0.021168103 0.074849725 0.985916436
5870.879356 -0.006154555 -0.110239357 0.219604477 -0.147979498 -0.019496627 0.075977735 0.985874951
5870.916219 -0.016513567 -0.113922641 0.219449148 -0.149621025 -0.016978888 0.075922936 0.985677898
5870.953083 -0.026601318 -0.117103174 0.218691573 -0.150758401 -0.013582551 0.076090328 0.985544384
5870.989946 -0.037400443 -0.120666891 0.218470037 -0.150852948 -0.009116869 0.076559067 0.985544980
5871.026809 -0.046484530 -0.122131132 0.218322366 -0.148257643 -0.005745627 0.078129873 0.985840976
5871.063673 -0.056319829 -0.123558208 0.219044998 -0.146294117 -0.003229758 0.079204015 0.986060023
5871.100536 -0.065772437 -0.125777006 0.220718890 -0.146764681 -0.002348478 0.081161350 0.985833347
5871.137399 -0.077741690 -0.127802059 0.223204002 -0.146007463 -0.001800762 0.082901038 0.985802233
5871.174263 -0.087435581 -0.129187763 0.226717323 -0.145752370 -0.004036421 0.083978057 0.985742152
5871.211126 -0.095548972 -0.129238203 0.230646819 -0.144950390 -0.006383731 0.086089157 0.985665917
5871.247989 -0.105224222 -0.131166697 0.234543920 -0.146304414 -0.005948895 0.087247409 0.985366702
5871.284853 -0.112600327 -0.134951815 0.239482224 -0.150866032 -0.006532419 0.088040069 0.984604359
5871.321716 -0.120132133 -0.137727767 0.243577540 -0.155984774 -0.008201826 0.087988973 0.983798504
5871.358579 -0.128929377 -0.139441282 0.248633981 -0.159968182 -0.010574588 0.089281276 0.983019412
5871.395442 -0.137276947 -0.142452180 0.253578752 -0.162914798 -0.015116198 0.090399675 0.982373774
5871.432306 -0.144303069 -0.149859428 0.259145677 -0.168643251 -0.021890910 0.090637840 0.981256843
5871.469169 -0.154642195 -0.149715513 0.262342334 -0.167530313 -0.028024305 0.089027755 0.981438875
5871.506032 -0.159904405 -0.157227322 0.269204408 -0.171827361 -0.036660157 0.088990353 0.980414212
5871.542896 -0.165940911 -0.162012577 0.274964094 -0.175775096 -0.043723769 0.087938264 0.979519367
5871.579759 -0.174234971 -0.168422163 0.280725062 -0.180110440 -0.047435943 0.086514272 0.978685498
5871.616623 -0.181514382 -0.173327103 0.286238015 -0.180780873 -0.050418563 0.085314311 0.978518128
5871.653486 -0.188124388 -0.180129379 0.292234153 -0.183018178 -0.052586459 0.083113961 0.978177428
5871.690349 -0.194824293 -0.184352338 0.295764297 -0.184297577 -0.052927770 0.080648042 0.978125215
5871.727212 -0.200693235 -0.190278888 0.299759060 -0.186459318 -0.052212253 0.078485928 0.977929831
5871.764076 -0.204011783 -0.197626919 0.304238468 -0.188911498 -0.052777324 0.075759910 0.977643788
5871.800939 -0.206154048 -0.204421937 0.309854418 -0.190715924 -0.054097481 0.073830359 0.977368891
5871.837803 -0.210385174 -0.208962798 0.314466178 -0.192406207 -0.052885279 0.072627969 0.977194011
5871.874666 -0.213219345 -0.215488940 0.320319474 -0.196758792 -0.052657299 0.073350079 0.976285279
5871.911529 -0.217666522 -0.218036592 0.324911118 -0.194402635 -0.053153157 0.074808531 0.976619661
5871.948392 -0.220710278 -0.223248571 0.330827922 -0.194350272 -0.055421527 0.076477945 0.976374686
5871.985256 -0.222531617 -0.227474034 0.336471677 -0.195188954 -0.059121195 0.078669935 0.975816071
5872.022119 -0.224526778 -0.234178096 0.343443692 -0.198189139 -0.062381256 0.081272379 0.974794567
5872.058983 -0.227487057 -0.234759837 0.347995818 -0.197383672 -0.064128906 0.083491743 0.974656999
5872.095846 -0.230148301 -0.238732353 0.353799850 -0.201242238 -0.063789994 0.086150683 0.973658264
5872.132709 -0.233033389 -0.241434693 0.358695447 -0.205148324 -0.061725717 0.088729374 0.972744167
5872.169572 -0.234554172 -0.243952483 0.363596380 -0.207757667 -0.060148790 0.091251671 0.972055554
5872.206436 -0.236624435 -0.246626884 0.368275821 -0.209642321 -0.058076631 0.093813591 0.971532881
5872.243299 -0.240134299 -0.249180481 0.371976316 -0.212031469 -0.054967206 0.096388198 0.970943153
5872.280162 -0.243322939 -0.252360106 0.375271380 -0.214013830 -0.051980194 0.099321336 0.970376968
5872.317026 -0.246383652 -0.256004393 0.378538549 -0.215191022 -0.049585644 0.101297587 0.970037580
5872.353889 -0.247451246 -0.259911895 0.381708741 -0.217555225 -0.048182260 0.103416644 0.969357073
5872.390752 -0.251231134 -0.265182018 0.384253860 -0.220159650 -0.043771841 0.104893744 0.968819380
5872.427616 -0.254737705 -0.270106733 0.385709167 -0.220624179 -0.038406804 0.107133031 0.968696237
5872.464479 -0.256768733 -0.275321186 0.386983395 -0.221227050 -0.033328168 0.109716833 0.968457580
5872.501342 -0.258950710 -0.279650092 0.386886597 -0.220362604 -0.027592789 0.113329269 0.968419015
5872.538206 -0.262784272 -0.286564291 0.387918323 -0.219493747 -0.021074500 0.117289543 0.968308568
5872.575069 -0.267155707 -0.293382257 0.388353199 -0.218297184 -0.015851289 0.121265627 0.968188882
5872.611932 -0.271293044 -0.297566384 0.388125777 -0.216217771 -0.012945705 0.125765383 0.968124628
5872.648796 -0.277123153 -0.305961907 0.390541732 -0.216874346 -0.010699473 0.129147410 0.967559814
5872.685659 -0.280727684 -0.312230885 0.392895460 -0.215664014 -0.011658574 0.131510958 0.967500925
5872.722522 -0.288244575 -0.317143440 0.393669546 -0.213396624 -0.010418884 0.132310167 0.967908740
5872.759386 -0.291675329 -0.322552979 0.395929813 -0.210481644 -0.011945634 0.132705554 0.968475103
5872.796249 -0.295311511 -0.330939293 0.399529040 -0.211158663 -0.011621337 0.133811697 0.968179405
5872.833112 -0.299510986 -0.336879611 0.401646167 -0.211597785 -0.010937970 0.134555101 0.967988491
5872.869976 -0.302466482 -0.343197912 0.404505730 -0.211848587 -0.012508410 0.133569375 0.968051076
5872.906839 -0.305440038 -0.348744243 0.407134622 -0.210286647 -0.014687673 0.131218448 0.968682349
5872.943702 -0.307418942 -0.353915572 0.409975499 -0.210462511 -0.016564852 0.127991244 0.969045639
5872.980566 -0.308933258 -0.358995408 0.412646592 -0.212032378 -0.017532451 0.122805029 0.969357431
5873.017429 -0.311086118 -0.363046139 0.414941877 -0.211503893 -0.016335776 0.115815051 0.970353603
5873.054292 -0.311617792 -0.371421993 0.419581890 -0.213632375 -0.014161733 0.107977070 0.970825195
5873.091156 -0.311483979 -0.378469229 0.422754854 -0.214508310 -0.011868681 0.096310332 0.971889734
5873.128019 -0.311679035 -0.382897407 0.424271464 -0.210480437 -0.007872039 0.084894553 0.973873198
5873.164882 -0.308379233 -0.392870486 0.428165555 -0.208331987 -0.004488130 0.075425923 0.975135148
5873.201746 -0.304450899 -0.398878813 0.429197639 -0.202502578 -0.001681097 0.066782080 0.977000535
5873.238609 -0.300241560 -0.405034930 0.430284619 -0.196613282 -0.001096801 0.058291789 0.978746176
5873.275472 -0.295428246 -0.411279082 0.431947827 -0.193761304 -0.002060722 0.051983252 0.979668319
5873.312336 -0.291942090 -0.416114926 0.432762772 -0.192334294 -0.004103867 0.046792325 0.980204642
5873.349199 -0.287275851 -0.418093204 0.433013052 -0.188211083 -0.009450470 0.041560400 0.981203377
5873.386062 -0.283351332 -0.422075450 0.434280336 -0.186896637 -0.015558964 0.035614390 0.981610477
5873.422925 -0.279083520 -0.423020631 0.434052795 -0.186004490 -0.020351643 0.032155100 0.981811702
5873.459789 -0.273222059 -0.425099194 0.434730500 -0.186957866 -0.025867537 0.028910510 0.981601655
5873.496652 -0.266322285 -0.425762236 0.435782969 -0.186647356 -0.032437202 0.024869831 0.981576324
5873.533515 -0.258402079 -0.425519943 0.436772436 -0.187544450 -0.038607437 0.021508489 0.981261373
5873.570379 -0.248729914 -0.424575448 0.436944246 -0.187909067 -0.044113755 0.019852877 0.980994403
5873.607242 -0.240594357 -0.423419654 0.436590612 -0.189696550 -0.047028381 0.016734147 0.980573058
5873.644105 -0.229391739 -0.422629833 0.436737180 -0.193510354 -0.050448105 0.014034773 0.979699790
5873.680969 -0.219494730 -0.421361268 0.436557412 -0.195898950 -0.052051239 0.011226991 0.979177296
5873.717832 -0.208969846 -0.419074059 0.435827971 -0.195290387 -0.054148681 0.007804920 0.979218364
5873.754695 -0.200901300 -0.418116391 0.435236812 -0.194952950 -0.054477941 0.003054321 0.979293704
5873.791559 -0.190461993 -0.413131386 0.432746232 -0.191786408 -0.054886669 -0.000225190 0.979900718
5873.828422 -0.181203559 -0.410951227 0.430309594 -0.192438632 -0.053412806 -0.002875994 0.979850054
5873.865285 -0.170390517 -0.408729553 0.428500891 -0.191921100 -0.053104568 -0.004121085 0.979963899
5873.902149 -0.161211699 -0.404502511 0.424789190 -0.190559819 -0.051347002 -0.004417000 0.980321884
5873.939012 -0.153683066 -0.402045250 0.421933174 -0.194105744 -0.049035791 -0.004729872 0.979742885
5873.975875 -0.143814787 -0.397703171 0.419251025 -0.197472185 -0.050289389 -0.004696944 0.979006469
5874.012739 -0.136598915 -0.392003536 0.415392548 -0.197968170 -0.051472235 -0.004431903 0.978846073
5874.049602 -0.129517585 -0.387364984 0.412835479 -0.197905868 -0.053382903 -0.002927783 0.978761971
5874.086465 -0.121065482 -0.382241905 0.410410523 -0.197519451 -0.055519108 -0.000590760 0.978725374
5874.123329 -0.115227945 -0.377701640 0.408572167 -0.199356839 -0.054340020 0.002417341 0.978416145
5874.160192 -0.106967710 -0.370623976 0.406306207 -0.201882660 -0.052890837 0.006977709 0.977955639
5874.197055 -0.098032154 -0.364008188 0.404627681 -0.205569476 -0.050552554 0.012726255 0.977253139
5874.233919 -0.090905830 -0.358298600 0.403058648 -0.208769202 -0.046326835 0.019078307 0.976680696
5874.270782 -0.086139686 -0.350473404 0.399155051 -0.209646910 -0.041612078 0.024260381 0.976590037
5874.307645 -0.077455126 -0.346853673 0.397494137 -0.215173304 -0.040783986 0.028962571 0.975293934
5874.344509 -0.071486004 -0.339886218 0.394308388 -0.217543066 -0.039038710 0.036323812 0.974593043
5874.381372 -0.066129118 -0.330696404 0.388856530 -0.216250613 -0.038731534 0.042734716 0.974632919
5874.418235 -0.060183898 -0.324109674 0.385607004 -0.216276035 -0.040485136 0.049771663 0.974221945
5874.455099 -0.055592269 -0.316273898 0.381366730 -0.214540973 -0.042171422 0.056434061 0.974170923
5874.491962 -0.049527723 -0.306487620 0.376971602 -0.213153601 -0.044713549 0.063210122 0.973945975
5874.528825 -0.045226909 -0.293205559 0.370883077 -0.208315313 -0.047773872 0.069841005 0.974394500
5874.565689 -0.040901579 -0.283893675 0.366650462 -0.206074134 -0.052783795 0.075363085 0.974201083
5874.602552 -0.035905328 -0.273151577 0.362322450 -0.203515396 -0.059751853 0.078973234 0.974050522
5874.639415 -0.031953868 -0.261540413 0.357206941 -0.201725066 -0.065578528 0.082481585 0.973757267
5874.676279 -0.028660264 -0.250190735 0.352085769 -0.200357676 -0.069702350 0.085981399 0.973450363
5874.713142 -0.024005339 -0.243164346 0.347761422 -0.200762853 -0.073277324 0.089082636 0.972825289
5874.750005 -0.019074542 -0.232899874 0.342509806 -0.199526474 -0.074884385 0.090997085 0.972780049
5874.786869 -0.015099108 -0.223112509 0.337148309 -0.200622186 -0.071938969 0.094179906 0.972473979
5874.823732 -0.007584933 -0.209230512 0.332203686 -0.199941054 -0.068515085 0.098428659 0.972440720
5874.860595 -0.002067469 -0.202952415 0.329442382 -0.204926252 -0.062774204 0.099644154 0.971666455
5874.897459 0.005054168 -0.192947820 0.325453222 -0.207436308 -0.059584904 0.101485625 0.971143901
5874.934322 0.012602329 -0.181917578 0.322915256 -0.208978057 -0.058259342 0.101967253 0.970843315
5874.971185 0.020379063 -0.169561416 0.319958687 -0.209985390 -0.058611155 0.103566416 0.970435381
5875.008049 0.028524499 -0.160459921 0.320445716 -0.215135530 -0.060549498 0.104057737 0.969134927
5875.044912 0.038206976 -0.148696855 0.318991482 -0.218443483 -0.064539194 0.103290714 0.968219101
5875.081775 0.046934355 -0.137202829 0.317389607 -0.219725370 -0.067063652 0.101581618 0.967938244
5875.118639 0.056103922 -0.128001332 0.316901714 -0.222367689 -0.067853190 0.101766579 0.967260122
5875.155502 0.064680710 -0.121534951 0.316648453 -0.226150587 -0.066569224 0.099143714 0.966744483
5875.192365 0.074596323 -0.114804409 0.317245513 -0.228818566 -0.066844396 0.097822584 0.966232181
5875.229228 0.083481997 -0.109612338 0.317097038 -0.231916085 -0.067100488 0.094857626 0.965771437
5875.266092 0.093792945 -0.105475254 0.316936910 -0.234885484 -0.068405844 0.093584999 0.965086162
5875.302955 0.103603959 -0.099735424 0.315530479 -0.235702306 -0.069473580 0.093453728 0.964823425
5875.339818 0.111478865 -0.095642246 0.313904405 -0.236752987 -0.069604233 0.093978755 0.964505732
5875.376682 0.121174015 -0.089764841 0.312059462 -0.236458674 -0.072247915 0.092561536 0.964520574
5875.413545 0.130481482 -0.085172854 0.310208321 -0.238154709 -0.074859038 0.089292407 0.964212298
5875.450408 0.141290456 -0.080222741 0.308329046 -0.239762217 -0.077544205 0.086893834 0.963820755
5875.487272 0.150976837 -0.075354777 0.306010246 -0.238291919 -0.077703796 0.084831759 0.964356065
5875.524135 0.161685854 -0.070116073 0.303015471 -0.237765118 -0.076975234 0.084281199 0.964592814
5875.560998 0.174923807 -0.066473007 0.302106410 -0.239144102 -0.076817334 0.084981695 0.964202940
5875.597862 0.187039435 -0.062322229 0.300160646 -0.238030225 -0.075383335 0.086923353 0.964418650
5875.634725 0.199040413 -0.061814070 0.299714625 -0.237262741 -0.073929265 0.088221572 0.964602411
5875.671588 0.212240636 -0.060625218 0.299743026 -0.235826656 -0.073672689 0.089760251 0.964832246
5875.708452 0.223507732 -0.064593062 0.301052213 -0.238669574 -0.071314707 0.091117390 0.964182913
5875.745315 0.238015562 -0.065707542 0.303216487 -0.238020360 -0.071768127 0.093466200 0.964084864
5875.782178 0.250129104 -0.066430070 0.304575384 -0.236038372 -0.071084887 0.094824672 0.964490056
5875.819042 0.262080759 -0.068813600 0.306979895 -0.236537665 -0.070608318 0.096236467 0.964262903
5875.855905 0.274403930 -0.071857065 0.310018897 -0.237035453 -0.070904970 0.097683944 0.963973284
5875.892768 0.284506857 -0.074436881 0.312897384 -0.236931533 -0.069819361 0.099023990 0.963941336
5875.929632 0.294907808 -0.076267987 0.314797461 -0.236850381 -0.069725677 0.099540949 0.963914812
5875.966495 0.304704338 -0.081820525 0.319106758 -0.239015654 -0.069482386 0.099123478 0.963440835
5876.003358 0.314095318 -0.083368637 0.321341753 -0.237527803 -0.070137918 0.098139852 0.963861883
5876.040222 0.321589559 -0.088764407 0.325148284 -0.239763945 -0.069130465 0.095085114 0.963687241
5876.077085 0.330202103 -0.095918477 0.330244005 -0.241980001 -0.067678548 0.094057746 0.963337123
5876.113948 0.336783856 -0.102235809 0.333675086 -0.241738930 -0.064586341 0.091254540 0.963879406
5876.150812 0.343381017 -0.108072363 0.336688519 -0.239858404 -0.061487854 0.087870032 0.964865804
5876.187675 0.349422365 -0.116942577 0.341902018 -0.238453031 -0.058366209 0.086695962 0.965514064
5876.224538 0.357422024 -0.125756741 0.347477108 -0.235757619 -0.057448480 0.084753044 0.966403067
5876.261402 0.363812745 -0.133682370 0.352817446 -0.235055998 -0.055711571 0.084429041 0.966704011
5876.298265 0.370666593 -0.141412362 0.358924508 -0.234695241 -0.054606106 0.084477246 0.966850519
5876.335128 0.374665916 -0.148614079 0.363468409 -0.232748613 -0.051858600 0.085712031 0.967363536
5876.371992 0.378013909 -0.155367270 0.368320346 -0.231611371 -0.049465537 0.087839618 0.967570961
5876.408855 0.384145200 -0.161024988 0.373529971 -0.230949804 -0.050367873 0.090946242 0.967395484
5876.445718 0.389005333 -0.165275574 0.376987398 -0.229832157 -0.051277731 0.093583703 0.967362344
5876.482582 0.396097869 -0.169947833 0.381651640 -0.229929805 -0.053487986 0.097907312 0.966791332
5876.519445 0.401538372 -0.173604757 0.385349035 -0.228600025 -0.053627104 0.102214590 0.966653168
5876.556308 0.407460183 -0.178416908 0.389221072 -0.229108140 -0.052842744 0.105505899 0.966222346
5876.593172 0.412473261 -0.183428153 0.392903626 -0.231239557 -0.049999896 0.109286591 0.965445340
5876.630035 0.420133471 -0.185972124 0.395897299 -0.232087225 -0.049134605 0.113860846 0.964757502
5876.666898 0.426566422 -0.188738346 0.398693293 -0.231508464 -0.047838558 0.118635982 0.964386225
5876.703762 0.429913819 -0.192827374 0.401837826 -0.232704058 -0.044754729 0.123135850 0.963682175
5876.740625 0.438846469 -0.194353878 0.404840231 -0.235960066 -0.045391575 0.128302187 0.962185502
5876.777488 0.447017670 -0.198310032 0.407843173 -0.238888428 -0.045274522 0.135920882 0.960420728
5876.814352 0.453762770 -0.200654864 0.409687281 -0.237973213 -0.045003634 0.141724795 0.959821641
5876.851215 0.461822033 -0.203700915 0.412667572 -0.237652868 -0.045114398 0.146889627 0.959118962
5876.888078 0.469779938 -0.207072988 0.415504068 -0.239569277 -0.043122269 0.152662113 0.957831562
5876.924942 0.480231076 -0.208414450 0.418765903 -0.245225564 -0.040477347 0.160872191 0.955168128
5876.961805 0.490077883 -0.207297713 0.419281960 -0.247337848 -0.036725290 0.167681515 0.953602731
5876.998668 0.500739872 -0.209318936 0.421791732 -0.249908969 -0.032353286 0.173189193 0.952105224
5877.035532 0.509137392 -0.204969689 0.419906050 -0.245286375 -0.025245588 0.177463844 0.952734947
5877.072395 0.519899189 -0.203714788 0.419850111 -0.245488286 -0.018029463 0.181811467 0.952026784
5877.109258 0.530972540 -0.202987999 0.420894086 -0.247230604 -0.012311161 0.186933354 0.950674176
5877.146122 0.541792929 -0.201774865 0.421850234 -0.248535350 -0.008451861 0.193254530 0.949110866
5877.182985 0.551911235 -0.198108003 0.420677304 -0.246185824 -0.008001300 0.199891880 0.948352098
5877.219848 0.562955201 -0.197562456 0.421696305 -0.246124938 -0.009634136 0.206559867 0.946922779
5877.256711 0.574349940 -0.193588197 0.420306534 -0.243933991 -0.012561454 0.213482216 0.945919514
5877.293575 0.584987044 -0.190788180 0.419550687 -0.243241638 -0.013565006 0.220284432 0.944523275
5877.330438 0.594515800 -0.185708553 0.416826248 -0.242023498 -0.012527349 0.226003602 0.943498850
5877.367301 0.603376985 -0.178776637 0.413179308 -0.239395574 -0.010041615 0.229625151 0.943324566
5877.404165 0.614148915 -0.175929666 0.413035542 -0.242293954 -0.006836288 0.232174739 0.941988230
5877.441028 0.623327434 -0.170112029 0.409550369 -0.244739130 -0.002584422 0.234789193 0.940728486
5877.477891 0.632229805 -0.161763638 0.405661970 -0.246294945 0.000374308 0.237548187 0.939632654
5877.514755 0.636897624 -0.154897973 0.401264668 -0.248332500 0.004491056 0.239096314 0.938692570
5877.551618 0.647022247 -0.148295760 0.399106264 -0.248954564 0.002484523 0.240853131 0.938085973
5877.588481 0.654095650 -0.141904444 0.395789623 -0.247680679 0.002819885 0.242754221 0.937932134
5877.625345 0.659520626 -0.133350283 0.390502572 -0.244216368 0.004700448 0.246941060 0.937740088
5877.662208 0.665384352 -0.127262235 0.386064917 -0.246333823 0.006348672 0.250377268 0.936264157
5877.699071 0.671001196 -0.116316929 0.379467547 -0.244783536 0.007026335 0.253149956 0.935920298
5877.735935 0.673797369 -0.107842468 0.372927904 -0.241536498 0.012289300 0.255005091 0.936205924
5877.772798 0.678272188 -0.099588446 0.366167635 -0.238052025 0.018991221 0.255943120 0.936730325
5877.809661 0.675117314 -0.087324925 0.354450405 -0.228904352 0.031116441 0.255620539 0.938771904
5877.846525 0.680115640 -0.080234788 0.348273247 -0.224726111 0.037060615 0.255944341 0.939477086
5877.883388 0.680476785 -0.070197277 0.339172840 -0.216427416 0.042962048 0.257045329 0.940872550
5877.920251 0.684433758 -0.065284804 0.334385276 -0.215131223 0.043928597 0.258060575 0.940847278
5877.957115 0.685508668 -0.057161480 0.326394409 -0.209916368 0.044333890 0.259475321 0.941616774
5877.993978 0.685040116 -0.048189744 0.318379998 -0.201680258 0.045489177 0.259994417 0.943217218
5878.030841 0.683908761 -0.042564362 0.311610281 -0.197111696 0.048016492 0.260354608 0.943958104
5878.067705 0.681613624 -0.036614731 0.304445773 -0.192924976 0.050058179 0.260623664 0.944642484
5878.104568 0.678371310 -0.029212311 0.296864450 -0.187249035 0.051256236 0.261153758 0.945573568
5878.141431 0.674331605 -0.023443162 0.289953858 -0.181934178 0.052588888 0.261384964 0.946473598
5878.178295 0.670594990 -0.018200278 0.283431083 -0.176522598 0.053523835 0.259987742 0.947829783
5878.215158 0.665398717 -0.012398385 0.276810229 -0.170915648 0.056116920 0.257784724 0.949308097
5878.252021 0.660380363 -0.006220601 0.270034254 -0.166580021 0.058967985 0.255274177 0.950583458
5878.288885 0.654285312 0.000059240 0.264063030 -0.163282812 0.062491920 0.252253413 0.951736152
5878.325748 0.649376750 0.004076228 0.257507980 -0.161290094 0.065980554 0.247551471 0.953074157
5878.362611 0.641030371 0.008287512 0.250918955 -0.158424020 0.070464738 0.241048351 0.954899073
5878.399475 0.633025408 0.013958223 0.244657964 -0.149940923 0.073108710 0.235882595 0.957356870
5878.436338 0.625097871 0.018352166 0.239308462 -0.141581014 0.075018600 0.231367826 0.959581137
5878.473201 0.616609156 0.022319861 0.234567434 -0.136676446 0.076056160 0.227911755 0.961036563
5878.510065 0.607425630 0.025320850 0.231536657 -0.132842213 0.075399220 0.225144193 0.962277532
5878.546928 0.597492576 0.030664563 0.230326205 -0.129080549 0.071853392 0.222495511 0.963675797
5878.583791 0.589125574 0.033623874 0.230695367 -0.123886846 0.065058865 0.219333977 0.965563059
5878.620655 0.578660905 0.034975000 0.232906595 -0.115108393 0.058149721 0.215323761 0.967989862
5878.657518 0.569015443 0.038108408 0.235836118 -0.105000488 0.050059687 0.211072788 0.970524192
5878.694381 0.559346020 0.038011059 0.240114197 -0.098859183 0.043076392 0.206168532 0.972556353
5878.731244 0.550732017 0.045493815 0.242354572 -0.088898823 0.035417762 0.201186508 0.974867463
5878.768108 0.539863884 0.048802573 0.245686308 -0.081827298 0.031568501 0.196543902 0.976564467
5878.804971 0.529753447 0.050782584 0.249229074 -0.076031953 0.029096508 0.193619713 0.977693200
5878.841835 0.522683620 0.054566234 0.252233326 -0.069771402 0.025388515 0.190609157 0.978854179
5878.878698 0.517395675 0.058037661 0.255068392 -0.065074414 0.020671077 0.185350254 0.980297565
5878.915561 0.509509325 0.064668506 0.257926911 -0.058351662 0.017652165 0.178697944 0.982013524
5878.952424 0.503728688 0.068467736 0.261433393 -0.052393407 0.014424880 0.172526419 0.983504713
5878.989288 0.500506878 0.074682280 0.264598519 -0.046184000 0.010485512 0.168704301 0.984528303
5879.026151 0.497827470 0.081730746 0.268222421 -0.043554865 0.006333921 0.168004751 0.984803200
5879.063015 0.495251238 0.088627510 0.272181094 -0.042034563 0.003262747 0.166887611 0.985074103
5879.099878 0.494470268 0.093215734 0.276419312 -0.040785063 0.000802951 0.166201413 0.985247672
5879.136741 0.492139250 0.099105611 0.279849172 -0.034368619 0.000008107 0.163627982 0.985923231
5879.173604 0.491634935 0.105520613 0.283011943 -0.027608464 -0.001662008 0.162056684 0.986393750
5879.210468 0.490521103 0.113100871 0.285219789 -0.024556166 -0.003241744 0.161615267 0.986542940
5879.247331 0.488790929 0.120771833 0.286759108 -0.024800375 -0.004695683 0.161943749 0.986477137
5879.284194 0.488104880 0.127501130 0.287869751 -0.024281487 -0.006915428 0.163319439 0.986250162
5879.321058 0.487381786 0.133308664 0.289206475 -0.020118158 -0.009443002 0.163754076 0.986250818
5879.357921 0.487519085 0.139411792 0.289968580 -0.017201563 -0.012357634 0.163362890 0.986338675
5879.394784 0.487027824 0.146612719 0.290040284 -0.018280329 -0.013626691 0.165414736 0.985960484
5879.431648 0.489562541 0.152875975 0.289994478 -0.020036953 -0.014102952 0.169767395 0.985179484
5879.468511 0.491290301 0.159668192 0.289888620 -0.015139391 -0.012199211 0.173850685 0.984580040
5879.505374 0.493686795 0.166193783 0.289177060 -0.013043476 -0.010498058 0.176215917 0.984209120
5879.542238 0.496990472 0.171189621 0.287500441 -0.014622912 -0.009685745 0.178565770 0.983771622
5879.579101 0.500442684 0.176987961 0.286100417 -0.013145016 -0.009639032 0.181074306 0.983334303
5879.615964 0.504016399 0.182656407 0.285294473 -0.009899638 -0.010180367 0.183741495 0.982872009
5879.652828 0.507704914 0.187662080 0.284320444 -0.009060539 -0.011399653 0.185696572 0.982499242
5879.689691 0.511342287 0.194168612 0.283712775 -0.008712732 -0.013225880 0.188195631 0.982003868
5879.726554 0.514592171 0.199848264 0.282650262 -0.010146170 -0.015343073 0.191665187 0.981287956
5879.763417 0.519066215 0.205801353 0.282340795 -0.010509122 -0.019542597 0.194990188 0.980554163
5879.800281 0.523622334 0.210557207 0.281566471 -0.010091344 -0.024496805 0.198040798 0.979835689
5879.837144 0.526946664 0.218138456 0.280983895 -0.009098911 -0.029291363 0.202032253 0.978898466
5879.874008 0.531814516 0.224283770 0.280617833 -0.011675116 -0.034783076 0.208384588 0.977358520
5879.910871 0.535958469 0.230048209 0.280572712 -0.011559662 -0.039137967 0.214290425 0.975917101
5879.947734 0.541214347 0.234635547 0.280826122 -0.011415637 -0.042500239 0.220126852 0.974478126
5879.984597 0.545148909 0.241395459 0.280368805 -0.013482722 -0.043044809 0.223538145 0.973650873
5880.021461 0.549981773 0.246108472 0.279271930 -0.018158795 -0.042714443 0.225942314 0.973034322
5880.058324 0.553334594 0.250903398 0.277964771 -0.020794177 -0.039879348 0.227608249 0.972713590
5880.095188 0.558146060 0.255406648 0.276692033 -0.023376282 -0.037461530 0.230682179 0.972026706
5880.132051 0.563729167 0.259741932 0.275464952 -0.026782969 -0.035790097 0.234582588 0.971067846
5880.168914 0.568183184 0.263276845 0.275046825 -0.029115831 -0.034584370 0.236547321 0.970567644
5880.205777 0.574283123 0.265748352 0.274251968 -0.029729074 -0.035271887 0.237554669 0.970278263
5880.242641 0.581179380 0.266316056 0.274651498 -0.030061066 -0.035654295 0.238278225 0.970076621
5880.279504 0.586223722 0.268888324 0.275486946 -0.032888498 -0.035113186 0.241348252 0.969245255
5880.316368 0.592068791 0.269716322 0.275895834 -0.039756618 -0.034019973 0.245103747 0.968083799
