1305031102.175304 0.000000000 0.000000000 0.000000000 0.000000000 0.000000000 0.000000000 1.000000000
1305031102.211214 -0.001809141 0.008633886 0.011068333 -0.001857435 -0.003058637 -0.001366728 0.999992669
1305031102.275326 -0.002099778 0.008124234 0.035783231 -0.013517030 -0.009180148 -0.000698821 0.999866247
1305031102.311267 -0.000740153 0.005551541 0.049508613 -0.018757556 -0.011823748 0.000157201 0.999754131
1305031102.343233 -0.002883658 0.008075780 0.059076868 -0.019809436 -0.012840920 0.001456619 0.999720216
1305031102.375329 -0.002292967 0.008595305 0.071191721 -0.022005951 -0.015077520 0.001598221 0.999642849
1305031102.411258 -0.006569487 0.013737639 0.081763759 -0.022582144 -0.016646717 0.000344393 0.999606311
1305031102.443271 -0.005628871 0.020797478 0.093564622 -0.026348105 -0.020909188 0.000861834 0.999433756
1305031102.475318 -0.002331341 0.020566305 0.107238457 -0.033719487 -0.024106460 0.000654577 0.999140382
1305031102.511219 -0.000376256 0.020055695 0.120376490 -0.039052956 -0.023946313 -0.000631966 0.998949945
1305031102.575286 -0.000311117 0.014073218 0.145080999 -0.047012076 -0.021288365 -0.003928856 0.998659730
1305031102.611233 -0.002465403 0.011736536 0.157407030 -0.044829018 -0.018063124 -0.003251451 0.998826087
1305031102.675285 -0.008121127 0.023155576 0.179658115 -0.042291611 -0.017247854 -0.001305011 0.998955607
1305031102.711263 -0.010107229 0.024386890 0.192138433 -0.042678080 -0.016794419 -0.000214257 0.998947680
1305031102.743234 -0.007706366 0.029140159 0.204564035 -0.043407418 -0.018282548 0.002004579 0.998888195
1305031102.775472 -0.004873770 0.029311623 0.218599990 -0.046008658 -0.017330993 0.000297603 0.998790681
1305031102.811232 -0.005648441 0.034288809 0.231480047 -0.046204537 -0.014204084 -0.000629018 0.998830855
1305031102.843290 -0.004962547 0.033837706 0.244889811 -0.048841361 -0.011069518 -0.001407858 0.998744249
1305031102.875363 -0.009744043 0.036993802 0.255718619 -0.047592487 -0.006497586 -0.004157242 0.998837113
1305031102.911185 -0.010499317 0.042255789 0.266510308 -0.045666944 -0.004856527 -0.005733810 0.998928487
1305031102.975203 -0.024813378 0.048206355 0.287159264 -0.045772888 -0.006931171 -0.007752357 0.998897731
1305031103.011215 -0.023710530 0.050837196 0.297942877 -0.047036089 -0.013770220 -0.004869286 0.998786390
1305031103.043227 -0.024449680 0.053546257 0.309011042 -0.049116984 -0.019674119 -0.002009880 0.998597205
1305031103.075319 -0.018704105 0.052946873 0.321130395 -0.049843196 -0.024719637 0.000655029 0.998450875
1305031103.111240 -0.020651046 0.061476775 0.328477859 -0.046560384 -0.023619294 0.001430808 0.998635173
1305031103.143318 -0.018910525 0.064123623 0.336585343 -0.047511511 -0.024926782 0.003355843 0.998553991
1305031103.175452 -0.020167049 0.071089558 0.343994170 -0.046439968 -0.023000851 0.003506959 0.998650074
1305031103.243216 -0.021881722 0.079833440 0.359386295 -0.057380799 -0.022455970 0.008509002 0.998063505
1305031103.275370 -0.030209692 0.082352102 0.365080923 -0.065925188 -0.021919385 0.011338641 0.997519314
1305031103.311210 -0.028517198 0.075908169 0.371069312 -0.074682720 -0.032169741 0.011241781 0.996624887
1305031103.343223 -0.020226769 0.077247836 0.373149753 -0.075401463 -0.039205782 0.012092195 0.996308863
1305031103.375327 -0.017956298 0.074917577 0.373649716 -0.079588972 -0.038561333 0.013845610 0.995985389
1305031103.411260 -0.019409200 0.069879904 0.372985929 -0.082544550 -0.037506171 0.014910088 0.995769739
1305031103.443280 -0.020821271 0.068237118 0.368973941 -0.082255296 -0.039423726 0.014359679 0.995727718
1305031103.475274 -0.020884212 0.064088792 0.364923865 -0.082869455 -0.041967917 0.012514954 0.995597661
1305031103.511333 -0.020203216 0.057119671 0.358426630 -0.081974834 -0.043759082 0.010171407 0.995621324
1305031103.543444 -0.019578973 0.051740766 0.350750804 -0.078595504 -0.045138478 0.008484872 0.995848000
1305031103.575474 -0.021758828 0.051588047 0.339682579 -0.072384946 -0.045677375 0.007976972 0.996298313
1305031103.611223 -0.023473591 0.046061438 0.329960614 -0.070760176 -0.048006635 0.009070713 0.996296167
1305031103.643445 -0.021510869 0.041614376 0.319107890 -0.068235010 -0.052764673 0.009837387 0.996224403
1305031103.675523 -0.018029053 0.037035264 0.307457000 -0.066092804 -0.056256518 0.010587035 0.996170104
1305031103.711610 -0.015543880 0.033067267 0.295213133 -0.063882977 -0.057687014 0.010618599 0.996232092
1305031103.743326 -0.013209969 0.025479635 0.283413380 -0.062723272 -0.057937924 0.009944399 0.996298194
1305031103.775342 -0.012821127 0.024929028 0.268193245 -0.058331560 -0.057217039 0.006463131 0.996635258
1305031103.811242 -0.012356238 0.024221059 0.254027069 -0.057783123 -0.055861175 0.003379148 0.996759355
1305031103.843251 -0.015257162 0.026652586 0.240967482 -0.059300657 -0.054389954 0.001164271 0.996756673
1305031103.875361 -0.016264489 0.015705593 0.229929000 -0.067380697 -0.057078738 -0.002306622 0.996090651
1305031103.911221 -0.014862621 0.008703608 0.216047719 -0.067019500 -0.061184008 -0.004001050 0.995865941
1305031103.943211 -0.013478911 0.004147062 0.198821902 -0.065664940 -0.063817315 -0.004292211 0.995789707
1305031103.975373 -0.009837945 -0.002055304 0.186300278 -0.064524680 -0.066646069 -0.005166792 0.995674789
1305031104.011232 -0.004031274 -0.008484764 0.174009144 -0.061207741 -0.068184406 -0.005665581 0.995777309
1305031104.043249 -0.000948247 -0.010037305 0.158225611 -0.053254206 -0.065248057 -0.007621375 0.996417940
1305031104.075425 0.001266310 -0.011630178 0.144820392 -0.049146857 -0.061101634 -0.010680803 0.996863663
1305031104.111235 0.008175815 -0.017791953 0.132591426 -0.047029890 -0.056956179 -0.011818126 0.997198343
1305031104.143230 0.006439459 -0.022438027 0.117582053 -0.042430338 -0.050405607 -0.013260271 0.997739017
1305031104.175424 0.005843151 -0.024026148 0.103016242 -0.037919991 -0.046810266 -0.014250093 0.998082101
1305031104.211283 0.006598730 -0.028248696 0.090058431 -0.034038994 -0.044158369 -0.014079525 0.998345256
1305031104.243196 0.007861546 -0.030822955 0.076478608 -0.029469535 -0.042080149 -0.014040772 0.998580873
1305031104.275546 0.008115111 -0.031624999 0.063619420 -0.024593916 -0.039237492 -0.014806759 0.998817503
1305031104.311219 0.009605647 -0.032102253 0.053096149 -0.020500943 -0.036347888 -0.014524318 0.999023318
1305031104.343342 0.009339824 -0.033631675 0.046440460 -0.018096823 -0.032031611 -0.015072571 0.999209344
1305031104.375837 0.013165049 -0.035053760 0.030345917 -0.015990093 -0.028564721 -0.014449324 0.999359608
1305031104.411509 0.009084012 -0.034969859 0.019261241 -0.014201997 -0.023496956 -0.014228540 0.999521792
1305031104.443288 0.004794556 -0.034720805 0.008659933 -0.013522202 -0.021035492 -0.013780009 0.999592364
1305031104.475456 0.000554522 -0.034990892 -0.002179840 -0.013500684 -0.021377975 -0.013009017 0.999595702
1305031104.511329 0.000400246 -0.039586391 -0.010429984 -0.013503619 -0.024176111 -0.011641936 0.999548733
1305031104.543368 0.002919131 -0.041823946 -0.020232916 -0.010380232 -0.026760463 -0.010916441 0.999528408
1305031104.575343 0.011097442 -0.047995731 -0.023702305 -0.007669498 -0.028842786 -0.009450729 0.999509871
1305031104.611336 0.014802564 -0.058449820 -0.029662931 -0.000627051 -0.024352493 -0.008719494 0.999665201
1305031104.643243 0.015567104 -0.053812746 -0.040976010 0.012869497 -0.016902465 -0.009187624 0.999732137
1305031104.675525 0.020651175 -0.060540121 -0.050862260 0.022620991 -0.010098601 -0.007651573 0.999663830
1305031104.711277 0.016275411 -0.063618623 -0.065090530 0.035477579 -0.000951065 -0.006055853 0.999351680
1305031104.743280 0.019953493 -0.063193902 -0.075478047 0.048499465 0.005322991 -0.003913715 0.998801351
1305031104.775327 0.020522082 -0.062735140 -0.083545856 0.060743593 0.012393384 -0.001792620 0.998074830
1305031104.811465 0.023993265 -0.057275105 -0.091941684 0.072435915 0.018284529 0.000389975 0.997205377
1305031104.843258 0.020890843 -0.051844589 -0.103646532 0.081964076 0.025888791 0.001970571 0.996297002
1305031104.875350 0.014735999 -0.046999838 -0.105736770 0.087852709 0.030776372 0.003871210 0.995650411
1305031104.911534 0.020640317 -0.042321164 -0.103196710 0.090669140 0.029702557 0.008249626 0.995403826
1305031104.943262 0.015839616 -0.040051077 -0.109886065 0.092238344 0.032211170 0.006253024 0.995196164
1305031104.975202 0.020204075 -0.032583982 -0.100021467 0.091967173 0.029638087 0.009958909 0.995271027
1305031105.011290 0.021817848 -0.027475942 -0.092709094 0.088059872 0.028430246 0.011252094 0.995645761
1305031105.043373 0.019360293 -0.025311433 -0.084898449 0.082805075 0.028762117 0.008703278 0.996112585
1305031105.075320 0.019971592 -0.025059279 -0.076529711 0.075296164 0.027293410 0.007775636 0.996757269
1305031105.111299 0.016331749 -0.027637580 -0.065303519 0.068960160 0.026950257 0.005434259 0.997240484
1305031105.143106 0.011977767 -0.015221883 -0.052562617 0.065023020 0.024991680 0.004176066 0.997561991
1305031105.175159 0.009565910 -0.008187169 -0.038877994 0.052977294 0.021696365 0.001159371 0.998359263
1305031105.211268 -0.001562274 -0.018956412 -0.027173862 0.038691640 0.020365952 -0.003620879 0.999037027
1305031105.243270 -0.005840808 -0.016585382 -0.014797620 0.030932775 0.015478352 -0.005337969 0.999387324
1305031105.275288 -0.007940378 -0.009258632 0.001841734 0.021640942 0.009043212 -0.005476765 0.999709904
1305031105.311290 -0.011000449 -0.011149791 0.015808497 0.011016921 0.001899525 -0.006598207 0.999915719
1305031105.343302 -0.010513667 -0.016950607 0.030919829 0.001319538 -0.004765012 -0.006966307 0.999963522
1305031105.375338 -0.012637988 -0.019076163 0.043922491 -0.003120575 -0.009745331 -0.006777259 0.999924660
1305031105.411286 -0.009873651 -0.007750944 0.052022703 -0.005244673 -0.015603344 -0.006967446 0.999840260
1305031105.443316 -0.010764309 -0.011935789 0.067736216 -0.013111519 -0.019826917 -0.007745757 0.999687493
1305031105.475280 -0.016765876 -0.011525730 0.086681694 -0.017281504 -0.021693880 -0.008778325 0.999576688
1305031105.511332 -0.015583365 -0.011541072 0.100370206 -0.022450587 -0.024870314 -0.008554753 0.999401927
1305031105.543282 -0.013964665 -0.011777625 0.115669705 -0.027017320 -0.026229031 -0.006912509 0.999266863
1305031105.575449 -0.017348478 -0.008502320 0.130731821 -0.028979534 -0.027086556 -0.007262372 0.999186516
1305031105.611378 -0.015361974 -0.009848109 0.146799698 -0.032254048 -0.028844682 -0.006169015 0.999044299
1305031105.643273 -0.017611342 -0.007641721 0.160491228 -0.032434851 -0.028698226 -0.003565941 0.999055386
1305031105.711309 -0.010019084 -0.008560970 0.190325603 -0.034711529 -0.029757604 -0.002331306 0.998951495
1305031105.743312 -0.010413552 -0.001692467 0.202770472 -0.031597842 -0.025610741 -0.002227078 0.999169946
1305031105.775339 -0.005752086 -0.005711826 0.216385439 -0.034409042 -0.021805536 -0.001601951 0.999168694
1305031105.811283 -0.006734881 -0.000778433 0.229526117 -0.031564478 -0.016717948 -0.001183748 0.999361217
1305031105.843271 -0.004484877 0.001237278 0.243324399 -0.030244660 -0.013631699 -0.000053192 0.999449551
1305031105.875337 -0.003696254 0.008524043 0.255941540 -0.028477231 -0.008509326 0.002597346 0.999554813
1305031105.911262 -0.003669506 0.012896325 0.269936413 -0.030662565 -0.004480949 0.006924580 0.999495745
1305031105.943272 -0.002699663 0.019893857 0.282123893 -0.031835079 -0.002035024 0.008731866 0.999452949
1305031105.975329 -0.002597427 0.024375934 0.294814050 -0.035941076 0.000027581 0.010343852 0.999300361
1305031106.011285 -0.001270039 0.028839082 0.307422101 -0.039761640 0.001835713 0.012034871 0.999135017
1305031106.043355 -0.004750042 0.031631678 0.319295317 -0.044588499 0.005196397 0.012813382 0.998909771
1305031106.075330 -0.005627194 0.036678847 0.331165552 -0.047804102 0.005998585 0.014690181 0.998730719
1305031106.111327 -0.007711499 0.043399055 0.342161596 -0.051834274 0.006461397 0.015456766 0.998515189
1305031106.143355 -0.010684023 0.044991698 0.352316260 -0.058972713 0.005777842 0.017221794 0.998094320
1305031106.175534 -0.010750296 0.046704046 0.362732738 -0.063211836 0.003698411 0.018308751 0.997825325
1305031106.211275 -0.012175428 0.046990670 0.373003721 -0.066750586 0.002492220 0.018558262 0.997593999
1305031106.243267 -0.012915244 0.051152822 0.379859924 -0.065876685 0.001045816 0.022257563 0.997578979
1305031106.276385 -0.013425923 0.056374636 0.385291040 -0.066267051 -0.000298994 0.024138331 0.997509837
1305031106.311238 -0.012761913 0.059839163 0.391035289 -0.069797061 -0.002128582 0.027785940 0.997171879
1305031106.343258 -0.015152968 0.066949554 0.394435316 -0.073252209 -0.002606315 0.027325202 0.996935606
1305031106.375388 -0.009210015 0.065665983 0.396778852 -0.083975993 -0.005301298 0.020593671 0.996240854
1305031106.411320 -0.009417479 0.060441807 0.399541020 -0.091347262 0.000356032 0.014869229 0.995708048
1305031106.443278 -0.015798884 0.056802556 0.397969365 -0.092845619 0.006827597 0.009731027 0.995609522
1305031106.475345 -0.018392036 0.054906603 0.394203156 -0.092491686 0.006662795 0.008219465 0.995657265
1305031106.511129 -0.020116450 0.048908703 0.388604671 -0.092339069 0.003701574 0.008133053 0.995687544
1305031106.543302 -0.017755732 0.047140032 0.379198343 -0.088513285 -0.001424788 0.007513288 0.996045649
1305031106.575282 -0.016003305 0.044076569 0.369006395 -0.086034812 -0.003736268 0.006666991 0.996262848
1305031106.611151 -0.017509688 0.043443672 0.357623786 -0.085086040 -0.006432916 0.003926234 0.996345103
1305031106.643207 -0.016532931 0.035120629 0.346865177 -0.087089077 -0.009752552 0.001597880 0.996151507
1305031106.675279 -0.020888541 0.035646535 0.332698673 -0.083215319 -0.011156944 0.001085643 0.996468544
1305031106.711508 -0.021429349 0.031421080 0.320731640 -0.085219316 -0.017095633 0.000282328 0.996215522
1305031106.743341 -0.021367468 0.027807077 0.305253386 -0.083637699 -0.023842020 0.000749705 0.996210694
1305031106.775390 -0.018732352 0.023501242 0.289658338 -0.083307207 -0.030650876 0.001064307 0.996051848
1305031106.811289 -0.018721260 0.022959584 0.273530364 -0.082714722 -0.034299795 0.000568592 0.995982647
1305031106.843416 -0.018451827 0.013223577 0.261419982 -0.085051306 -0.038390882 -0.001594151 0.995635390
1305031106.875905 -0.014484446 0.006820541 0.244254231 -0.080307983 -0.041878060 -0.004720341 0.995878816
1305031106.911243 -0.014440825 0.008451866 0.224946097 -0.075168885 -0.040985122 -0.009089564 0.996286750
1305031106.943439 -0.013578380 0.000566056 0.209705263 -0.075023212 -0.040364388 -0.012892616 0.996281087
1305031106.975547 -0.012270902 -0.005120266 0.191424176 -0.068556704 -0.038571712 -0.016364982 0.996766984
1305031107.011576 -0.014556851 -0.002287284 0.173034549 -0.061020732 -0.034615632 -0.020446440 0.997326493
1305031107.043281 -0.011697709 -0.009511005 0.155885145 -0.062173091 -0.033393957 -0.021659045 0.997271419
1305031107.075432 -0.019439830 -0.015224738 0.141473919 -0.057791937 -0.029260138 -0.023695301 0.997618318
1305031107.111229 -0.017531252 -0.014920518 0.124456860 -0.052353885 -0.030522976 -0.024035228 0.997872591
1305031107.143260 -0.014446673 -0.013441764 0.110247366 -0.049497690 -0.030386401 -0.023782438 0.998028517
1305031107.175399 -0.014693657 -0.021394476 0.097241051 -0.048627388 -0.028632121 -0.025190733 0.998088658
1305031107.211358 -0.010450363 -0.028051350 0.083883442 -0.043493327 -0.027534429 -0.026252730 0.998329043
1305031107.243378 -0.011008623 -0.027019147 0.068560846 -0.036185741 -0.023602307 -0.027000278 0.998701334
1305031107.275398 -0.006731099 -0.032419220 0.057644654 -0.031892382 -0.021453615 -0.026243020 0.998916328
1305031107.311226 -0.005870422 -0.036763690 0.047003213 -0.024906095 -0.017920190 -0.027492085 0.999150991
1305031107.343509 -0.001017233 -0.042625528 0.035373580 -0.014789906 -0.015017635 -0.027768826 0.999392092
1305031107.375413 0.002371374 -0.038546342 0.023760594 -0.004692016 -0.010620161 -0.027484102 0.999554813
1305031107.411271 0.006507393 -0.042371087 0.015674552 0.000640043 -0.006626618 -0.027957359 0.999586940
1305031107.443419 0.007530216 -0.041021001 0.007774212 0.006334023 -0.002294133 -0.028831279 0.999561548
1305031107.475377 0.011066432 -0.043301120 0.002956692 0.008615238 0.001787987 -0.027476594 0.999583721
1305031107.511352 0.011773278 -0.037278637 -0.000180104 0.011623167 0.005698379 -0.027365085 0.999541640
1305031107.543605 0.015358630 -0.037193369 0.001084928 0.009207837 0.007843437 -0.025247291 0.999608040
1305031107.575454 0.018018598 -0.042380042 0.002071101 0.007736651 0.009642987 -0.022068052 0.999680042
1305031107.611271 0.020061638 -0.031540040 0.005488492 0.010650341 0.010816315 -0.019252706 0.999699354
1305031107.643323 0.023444250 -0.032842278 0.007677901 0.006484020 0.011162093 -0.017534936 0.999762893
1305031107.675568 0.022794684 -0.031366438 0.010107772 0.005647345 0.011935394 -0.017044639 0.999767542
1305031107.711307 0.022445284 -0.026848940 0.012545010 0.004951154 0.011619064 -0.015090297 0.999806345
1305031107.743538 0.018175498 -0.020960590 0.012857908 0.003158244 0.011447175 -0.015294644 0.999812484
1305031107.775802 0.018535580 -0.022357831 0.015914582 -0.000231844 0.008506032 -0.016721420 0.999823987
1305031107.811596 0.020898473 -0.020277211 0.018325523 -0.002244428 0.006077363 -0.016482871 0.999843180
1305031107.843332 0.022185633 -0.020436799 0.019571960 -0.005045736 0.005544621 -0.017462833 0.999819398
1305031107.875358 0.027844824 -0.024061194 0.023637120 -0.006542938 0.005745974 -0.020912962 0.999743402
1305031107.911541 0.029895818 -0.023922918 0.023861075 -0.005560372 0.009165731 -0.023276849 0.999671578
1305031107.943122 0.035479441 -0.025661303 0.025941562 -0.004072015 0.012103892 -0.023758857 0.999636114
1305031107.975807 0.041925896 -0.026376564 0.028860167 -0.001582192 0.016282208 -0.023529628 0.999589264
1305031108.011320 0.050729692 -0.025286116 0.030722190 0.002505592 0.020523254 -0.025119567 0.999470592
1305031108.043418 0.065705456 -0.021308452 0.033540316 0.005776687 0.026117072 -0.021814706 0.999404132
1305031108.075352 0.073968425 -0.023042981 0.037747502 0.006624823 0.035345230 -0.016969394 0.999209106
1305031108.111378 0.083827876 -0.025920898 0.041309565 0.008497234 0.040509976 -0.017612698 0.998987734
1305031108.143334 0.097565353 -0.021353148 0.044379182 0.011752732 0.043161888 -0.016535414 0.998862088
1305031108.176058 0.109976038 -0.017136920 0.045032017 0.010696165 0.045580659 -0.013490365 0.998812318
1305031108.211475 0.121439166 -0.020441057 0.050204422 0.004756301 0.046743911 -0.014117966 0.998795807
1305031108.243347 0.140885353 -0.024576975 0.053526707 0.003033448 0.047623735 -0.015981978 0.998732865
1305031108.275358 0.150322810 -0.019090271 0.055941585 0.004876266 0.052181832 -0.015411058 0.998506784
1305031108.311332 0.155788064 -0.014799806 0.059667829 0.001962583 0.054778520 -0.014506689 0.998391211
1305031108.343278 0.164588377 -0.010480308 0.062706143 -0.002832730 0.054045770 -0.012424026 0.998457134
1305031108.375410 0.173599362 -0.010101979 0.066487059 -0.008086127 0.051174991 -0.007051493 0.998632073
1305031108.411361 0.187509224 -0.009846654 0.071809351 -0.013039874 0.046697192 -0.001061670 0.998823404
1305031108.443610 0.202292204 -0.009062340 0.072793536 -0.017438309 0.044357091 0.005998504 0.998845518
1305031108.475471 0.216951087 -0.012825716 0.076666906 -0.021478640 0.043000642 0.012913636 0.998760641
1305031108.511378 0.237363905 -0.013512129 0.081993774 -0.020490501 0.043528330 0.017120400 0.998695314
1305031108.543737 0.255442560 -0.016466351 0.084410183 -0.017148182 0.048663341 0.016734559 0.998527825
1305031108.575414 0.268058032 -0.007154319 0.085048482 -0.011024625 0.053190358 0.015812773 0.998398304
1305031108.611407 0.282063127 -0.007332840 0.082033053 -0.011471495 0.057890553 0.016024467 0.998128414
1305031108.643303 0.293798864 -0.002774559 0.083834343 -0.010259813 0.063534677 0.017762825 0.997768819
1305031108.675375 0.310657918 0.003898199 0.081490614 -0.011443170 0.065973289 0.022102017 0.997510910
1305031108.711411 0.317239642 0.001286390 0.084679186 -0.016465388 0.074562043 0.025123985 0.996763825
1305031108.743502 0.322698563 -0.001644213 0.085966676 -0.018865168 0.080608897 0.026236674 0.996221840
1305031108.775493 0.333843410 0.002316594 0.086511165 -0.018710895 0.082998641 0.029226584 0.995945275
1305031108.811244 0.332048416 -0.000881678 0.089610599 -0.021475708 0.088625006 0.033664603 0.995264351
1305031108.843264 0.334496140 -0.003300556 0.089226604 -0.021077903 0.088482730 0.039559551 0.995068610
1305031108.876515 0.334887147 -0.004014452 0.087424502 -0.019476576 0.085784823 0.044694994 0.995120049
1305031108.911364 0.333991706 -0.010042746 0.088657811 -0.018435633 0.083127066 0.049550645 0.995135546
1305031108.943243 0.327616423 -0.013511294 0.086294308 -0.014619621 0.081490703 0.049383532 0.995342553
1305031108.975268 0.324787676 -0.006297925 0.079276241 -0.008782703 0.075317204 0.048331339 0.995948911
1305031109.011269 0.326395839 -0.006834676 0.077389851 -0.009438414 0.070367560 0.046665333 0.996384323
1305031109.043277 0.317312330 -0.008995360 0.077546872 -0.008527451 0.070887156 0.045931157 0.996389806
1305031109.075410 0.310255855 -0.000821473 0.072101183 -0.007507168 0.067717113 0.040907115 0.996837318
1305031109.111282 0.300558597 -0.003762146 0.072288975 -0.012234897 0.067228645 0.038894866 0.996904135
1305031109.143334 0.280066550 -0.007921265 0.074372634 -0.014121504 0.067633107 0.034974430 0.996997058
1305031109.175464 0.271235973 -0.000853664 0.069670849 -0.012025061 0.060370184 0.032499935 0.997574329
1305031109.211379 0.260625005 0.014120157 0.071727172 -0.012630098 0.055698667 0.035550840 0.997734547
1305031109.243290 0.246567324 0.011391023 0.069368429 -0.021781906 0.053840719 0.040372510 0.997495234
1305031109.275308 0.226425171 -0.008783879 0.070991762 -0.031098764 0.052431025 0.040902074 0.997301817
1305031109.311329 0.210441366 -0.003162216 0.069031864 -0.026450321 0.044203151 0.042423740 0.997770905
1305031109.343248 0.195572808 0.003634837 0.065968208 -0.027233137 0.035029590 0.041529372 0.998151600
1305031109.375397 0.183242410 -0.002869318 0.064324282 -0.031856321 0.026726637 0.041479163 0.998273671
1305031109.411329 0.171620101 -0.000980117 0.062760673 -0.031856090 0.019443708 0.038153276 0.998574734
1305031109.443302 0.160919085 0.005517246 0.058165897 -0.033162970 0.013150078 0.032647979 0.998830020
1305031109.475363 0.147529259 0.001041152 0.059615247 -0.037518952 0.011384414 0.028587751 0.998822033
1305031109.511273 0.136354148 -0.002924113 0.058797073 -0.038321104 0.008326583 0.024209542 0.998937488
1305031109.543294 0.122668214 0.001280433 0.059643921 -0.034547988 0.007885563 0.021875998 0.999132454
1305031109.575362 0.107814558 0.004006015 0.058798451 -0.033373781 0.008298079 0.021467181 0.999177933
1305031109.611310 0.092191033 0.002595509 0.050414465 -0.034413408 0.007434447 0.019458154 0.999190629
1305031109.643229 0.083208449 0.004443838 0.049205750 -0.034685727 0.005351758 0.019237863 0.999198794
1305031109.675263 0.068221889 0.006633525 0.046163324 -0.036287766 0.005068397 0.020270031 0.999122977
1305031109.711312 0.053968333 0.010009758 0.045090396 -0.038329244 0.002219787 0.019892206 0.999064744
1305031109.743274 0.035942495 0.013335854 0.046522394 -0.041894853 0.001177216 0.019147465 0.998937845
1305031109.775277 0.029480031 0.009521039 0.049088079 -0.046511088 -0.002289995 0.020313885 0.998708606
1305031109.811371 0.014047869 0.013452670 0.047747709 -0.047429334 -0.003038108 0.018568777 0.998697400
1305031109.843296 0.000232488 0.015135359 0.049532529 -0.050383780 -0.005240346 0.017712930 0.998559117
1305031109.875306 -0.015685851 0.014836878 0.053109679 -0.054332778 -0.007996948 0.016094293 0.998361170
1305031109.911265 -0.029353913 0.012423654 0.055600230 -0.056222975 -0.013846391 0.010351880 0.998268604
1305031109.943299 -0.041896325 0.021741992 0.055187728 -0.055428661 -0.016761469 0.007095650 0.998296738
1305031109.975258 -0.055809569 0.021373075 0.063798308 -0.059920933 -0.018096555 0.002546628 0.998035789
1305031110.011256 -0.070723921 0.022118006 0.064397417 -0.061961032 -0.019777311 -0.005382572 0.997868061
1305031110.043299 -0.082699977 0.023053417 0.067239530 -0.064246453 -0.020897601 -0.012250425 0.997640014
1305031110.075319 -0.096664868 0.024102004 0.068977088 -0.066389449 -0.021116585 -0.017579112 0.997415364
1305031110.111325 -0.113673374 0.025382455 0.072229527 -0.070605300 -0.021319246 -0.022687845 0.997018397
1305031110.143432 -0.126468554 0.019596318 0.075683840 -0.073672272 -0.024722354 -0.026350683 0.996627748
1305031110.175641 -0.138654754 0.027761677 0.075329840 -0.073046915 -0.027803214 -0.027216349 0.996569335
1305031110.211637 -0.149153367 0.023682926 0.077552430 -0.078066774 -0.031044010 -0.029272459 0.996034622
1305031110.243323 -0.161842644 0.021109179 0.080460772 -0.079436570 -0.034252830 -0.028403582 0.995846272
1305031110.279321 -0.168530062 0.020646259 0.079728745 -0.077820614 -0.038980827 -0.029355645 0.995772421
1305031110.311404 -0.179916561 0.022424903 0.078952946 -0.074765168 -0.042160701 -0.030710896 0.995836079
1305031110.343355 -0.193011060 0.024268104 0.077505223 -0.073569603 -0.046255592 -0.032471862 0.995687485
1305031110.379281 -0.207607195 0.025328530 0.077036738 -0.072286770 -0.050419930 -0.036546551 0.995437980
1305031110.411469 -0.217053950 0.031102479 0.073804840 -0.070844360 -0.057422504 -0.038818974 0.995076299
1305031110.443260 -0.229150012 0.035411686 0.075353093 -0.074077107 -0.062885009 -0.042234331 0.994371355
1305031110.479331 -0.243493974 0.031656332 0.077496246 -0.078057662 -0.068929151 -0.048831701 0.993363619
1305031110.511429 -0.254401624 0.032552414 0.078767970 -0.078587398 -0.076530747 -0.052440681 0.992581010
1305031110.543408 -0.257014543 0.028314272 0.070058808 -0.082536675 -0.084895000 -0.051796451 0.991613686
1305031110.579426 -0.267937779 0.033249818 0.068813428 -0.085853256 -0.090125456 -0.057151329 0.990575790
1305031110.611307 -0.275904000 0.027783953 0.074049853 -0.091623418 -0.094361447 -0.060448844 0.989468038
1305031110.643418 -0.283550680 0.024005031 0.072981343 -0.091401219 -0.097414091 -0.063767433 0.988984346
1305031110.679606 -0.292352170 0.033320993 0.069344915 -0.088745885 -0.098785922 -0.066448279 0.988913596
1305031110.711412 -0.297730327 0.032516755 0.073702618 -0.092450030 -0.101128452 -0.067393124 0.988273323
1305031110.743249 -0.302549481 0.029944971 0.073507458 -0.093699738 -0.103158675 -0.068749011 0.987852335
1305031110.779193 -0.306798637 0.034638874 0.074517250 -0.092145205 -0.104373626 -0.069735043 0.987801790
1305031110.811386 -0.311369479 0.038205542 0.075283617 -0.091375336 -0.103487872 -0.071844228 0.987815380
1305031110.843218 -0.316733569 0.036125280 0.075166494 -0.093904495 -0.104841575 -0.074226484 0.987259150
1305031110.879313 -0.316294819 0.037231527 0.076685563 -0.093439966 -0.106986590 -0.074164234 0.987077773
1305031110.911333 -0.315145642 0.037805125 0.075477347 -0.094081603 -0.108710334 -0.074972652 0.986767352
1305031110.943862 -0.310611218 0.039717056 0.078662716 -0.093277454 -0.111695446 -0.075832509 0.986444533
1305031110.979345 -0.303655803 0.045259714 0.081232496 -0.091594994 -0.111048229 -0.076904222 0.986592293
1305031111.011431 -0.295148820 0.045768149 0.088313550 -0.092783064 -0.107574448 -0.076208360 0.986920118
1305031111.043327 -0.291554183 0.044246539 0.086691223 -0.092486620 -0.100564659 -0.073500223 0.987892032
1305031111.079283 -0.283769876 0.045003682 0.083039775 -0.094109647 -0.098076478 -0.070982106 0.988173008
1305031111.111508 -0.273366421 0.046249881 0.085714504 -0.094618104 -0.096485823 -0.068671711 0.988444269
1305031111.143257 -0.263016403 0.042644896 0.085886911 -0.093838602 -0.094570033 -0.067386746 0.988792121
1305031111.179326 -0.247662902 0.042820666 0.087440953 -0.091135442 -0.093075044 -0.067499205 0.989179075
1305031111.211433 -0.233305871 0.043110229 0.085617788 -0.089172140 -0.086225815 -0.063499600 0.990243018
1305031111.243236 -0.234450877 0.040059857 0.086431712 -0.089407660 -0.079465248 -0.064029992 0.990753114
1305031111.279308 -0.213333502 0.034571704 0.088529021 -0.086686142 -0.081915624 -0.061372064 0.990963578
1305031111.311547 -0.210174754 0.041859008 0.082379445 -0.080809958 -0.073596075 -0.058256157 0.992300153
1305031111.343397 -0.206061408 0.044935010 0.083602116 -0.083300270 -0.074375048 -0.058466662 0.992023766
1305031111.379134 -0.179853544 0.028988775 0.091020912 -0.088137001 -0.082909577 -0.052449327 0.991265297
1305031111.411296 -0.176542014 0.034134328 0.084372595 -0.081335574 -0.080107555 -0.052730039 0.992061913
1305031111.443386 -0.159853190 0.035580382 0.090994008 -0.080802038 -0.087002032 -0.057581700 0.991254747
1305031111.479259 -0.126099437 0.028744228 0.096217170 -0.079411581 -0.087618008 -0.055910587 0.991408527
1305031111.511264 -0.114428833 0.024375584 0.092153184 -0.076517403 -0.076389305 -0.055449665 0.992590129
1305031111.543250 -0.100814231 0.020740107 0.092218794 -0.073738582 -0.069908500 -0.053833365 0.993366718
1305031111.579237 -0.084492132 0.025626298 0.091326334 -0.068452530 -0.061608072 -0.047142975 0.994633675
1305031111.611271 -0.081507482 0.022851393 0.085869953 -0.069739975 -0.054125670 -0.042653684 0.995182097
1305031111.643395 -0.057986416 0.013226387 0.096694998 -0.069407240 -0.059442047 -0.034125868 0.995230973
1305031111.679320 -0.037126329 0.019684415 0.092010967 -0.062484756 -0.053776663 -0.025266681 0.996275723
1305031111.711760 -0.022577520 0.017006790 0.092876896 -0.062799476 -0.046285994 -0.024092527 0.996661067
1305031111.743386 0.001551988 0.011010938 0.097414166 -0.060359325 -0.038591560 -0.020970544 0.997209907
1305031111.779423 0.027400129 0.010621365 0.093651019 -0.057765480 -0.024726445 -0.015431155 0.997904599
1305031111.811406 0.031101303 0.009840664 0.092677154 -0.054902326 -0.007991414 -0.016363686 0.998325646
1305031111.843299 0.036785942 0.010397930 0.088019013 -0.051022869 0.004706393 -0.014004800 0.998588204
1305031111.879442 0.040213667 0.019206036 0.094012097 -0.048796888 0.013863561 -0.008988576 0.998672009
1305031111.911354 0.046046529 0.013193779 0.095782086 -0.049640018 0.014971739 -0.003640512 0.998648286
1305031111.943300 0.063205674 0.013808481 0.095175400 -0.047727905 0.009813315 0.005744032 0.998795629
1305031111.979449 0.086512648 0.015534954 0.094698630 -0.046083469 0.008288375 0.012937994 0.998819411
1305031112.011433 0.107977234 0.009563753 0.094009802 -0.046306770 0.012812416 0.012786109 0.998763263
1305031112.043270 0.121189557 0.010258865 0.092423402 -0.042308990 0.020500511 0.010220988 0.998842001
1305031112.079339 0.134808645 0.010548789 0.093865268 -0.040091228 0.031575244 0.010094834 0.998646021
1305031112.111423 0.136470169 0.011715941 0.094642907 -0.036623094 0.043038990 0.005116227 0.998388827
1305031112.144342 0.161078066 0.013250137 0.091622286 -0.035687923 0.043903522 -0.001542550 0.998396933
1305031112.179390 0.175439939 0.012019375 0.092248969 -0.038396843 0.055853304 -0.004147860 0.997691751
1305031112.211254 0.188052818 0.004258947 0.096695423 -0.040191691 0.064970002 -0.010584318 0.997021317
1305031112.243369 0.200342640 -0.001799681 0.093555883 -0.035835695 0.074713953 -0.014858830 0.996450126
1305031112.279353 0.207627356 -0.001650520 0.097935706 -0.030453226 0.081702650 -0.017050646 0.996045470
1305031112.311312 0.216023117 -0.006230228 0.101820365 -0.025946433 0.084627196 -0.019691603 0.995880127
1305031112.343323 0.231504634 -0.003401845 0.102118582 -0.017655732 0.083436139 -0.016835427 0.996214449
1305031112.379360 0.245359883 -0.002185894 0.097441941 -0.012830568 0.080164693 -0.011773393 0.996629536
1305031112.411442 0.258775681 -0.000926210 0.097485706 -0.010082589 0.077103548 -0.007717961 0.996942222
1305031112.443391 0.270518869 -0.005283697 0.097037897 -0.008833951 0.076674514 -0.001629962 0.997015715
1305031112.479418 0.276571721 -0.003269570 0.096859053 -0.005064621 0.076414220 0.007563445 0.997034609
1305031112.511504 0.287537336 -0.003603047 0.096961558 -0.003137734 0.071693875 0.016739370 0.997281253
1305031112.543212 0.297827005 -0.004798462 0.096224025 -0.001074777 0.067986146 0.020806720 0.997468710
1305031112.579252 0.306782901 -0.002118774 0.095125869 0.001881146 0.064700745 0.026631651 0.997547507
1305031112.611261 0.330223769 0.004073456 0.089302234 0.003903131 0.059381541 0.034664713 0.997625649
1305031112.643246 0.342940092 0.005441973 0.090687856 0.001403393 0.063464701 0.042757973 0.997066677
1305031112.679952 0.342066854 0.003624546 0.092660829 -0.001273678 0.071612909 0.045031689 0.996414661
1305031112.711251 0.345845819 0.006523103 0.092522398 -0.002421152 0.075626493 0.047086265 0.996020913
1305031112.743245 0.350592643 0.014258053 0.087635070 -0.004854789 0.077413149 0.050061658 0.995729625
1305031112.779310 0.345841914 0.012047515 0.098604128 -0.013226843 0.083705381 0.050946679 0.995099485
1305031112.811310 0.331188232 0.007334129 0.102132097 -0.016676141 0.087696679 0.048224222 0.994839489
1305031112.843286 0.326691121 0.015958460 0.101752497 -0.016177803 0.082834288 0.046683736 0.995337844
1305031112.879421 0.328646183 0.016136030 0.100897551 -0.019693153 0.078088976 0.049964517 0.995498776
1305031112.911411 0.316755891 0.013333303 0.099993244 -0.023387210 0.077263512 0.050718438 0.995445132
1305031112.943321 0.308988422 0.010412503 0.099992000 -0.026149264 0.072671972 0.049446069 0.995786130
1305031112.979278 0.304328114 0.011490225 0.101575524 -0.026288778 0.066672288 0.047224656 0.996309936
1305031113.011353 0.295853049 0.014796798 0.100852571 -0.027196275 0.064324386 0.046427075 0.996477425
1305031113.043231 0.288067788 0.012085110 0.101762079 -0.032425366 0.062603399 0.044157851 0.996533751
1305031113.079251 0.273123205 -0.000911832 0.102129757 -0.037033606 0.062158938 0.038809814 0.996623576
1305031113.111316 0.260564983 0.003833348 0.094973035 -0.033079062 0.057439715 0.033297125 0.997245073
1305031113.143306 0.251199722 0.011965285 0.094388053 -0.033003274 0.054502964 0.031501893 0.997470737
1305031113.179343 0.236777842 0.003978623 0.096354932 -0.037817895 0.054308087 0.033385679 0.997249126
1305031113.211259 0.217758179 0.003283283 0.093792073 -0.035987508 0.050766032 0.034124229 0.997478426
1305031113.243227 0.202309206 0.006640634 0.086946689 -0.037145644 0.044851676 0.034498122 0.997706592
1305031113.279312 0.193324998 -0.001056627 0.089354657 -0.040764987 0.038375195 0.037537504 0.997725666
1305031113.311452 0.171511084 -0.012450985 0.088291720 -0.039397418 0.034239884 0.040143292 0.997829676
1305031113.343252 0.155522645 -0.002905888 0.085276321 -0.031260144 0.024777243 0.039658099 0.998416841
1305031113.379312 0.143800154 -0.002918147 0.078541949 -0.034427159 0.013603754 0.037512422 0.998610318
1305031113.411625 0.130185738 -0.011419531 0.080785818 -0.035951078 0.006651844 0.039311670 0.998557925
1305031113.443266 0.107528910 -0.003430489 0.082075186 -0.031312365 0.002271624 0.033129748 0.998957872
1305031113.479311 0.089369312 0.004920915 0.092130534 -0.032001577 -0.003263831 0.027040208 0.999116659
1305031113.511523 0.066579424 -0.000168011 0.084229045 -0.037624706 -0.006742916 0.023231240 0.998999119
1305031113.543242 0.051371843 -0.002541681 0.085848249 -0.039714981 -0.012866400 0.019712137 0.998933733
1305031113.579301 0.036482450 -0.001272167 0.082198121 -0.039536163 -0.017455673 0.015682669 0.998942554
1305031113.611268 0.024954600 -0.002485817 0.080170974 -0.042784318 -0.021533713 0.010222023 0.998799920
1305031113.643222 0.010448571 -0.002554323 0.079307370 -0.045282904 -0.021345502 0.006232750 0.998726666
1305031113.679288 -0.005082600 -0.002427511 0.084112361 -0.046286188 -0.020125147 0.003551617 0.998719156
1305031113.711931 -0.016821090 -0.004006651 0.085346237 -0.046797562 -0.020253439 -0.001283065 0.998698235
1305031113.743590 -0.028999163 -0.000771604 0.082884319 -0.044767126 -0.017911118 -0.006670948 0.998814642
1305031113.779320 -0.045363300 -0.003140771 0.082448609 -0.044400506 -0.014356383 -0.011348842 0.998846173
1305031113.811237 -0.057340372 -0.001654775 0.082323581 -0.043130551 -0.013827803 -0.012996316 0.998889208
1305031113.843295 -0.070960887 0.001300241 0.083059154 -0.042980157 -0.011454238 -0.016613984 0.998872161
1305031113.879281 -0.088960133 -0.006101415 0.086741015 -0.043520898 -0.010115740 -0.021470597 0.998770535
1305031113.911290 -0.100530028 -0.000192183 0.084590510 -0.038893666 -0.011311124 -0.021716233 0.998943329
1305031113.943291 -0.112572946 -0.000185330 0.090659365 -0.036456358 -0.009937036 -0.024585102 0.998983383
1305031113.979293 -0.128513813 0.000289021 0.091655120 -0.032874078 -0.007121275 -0.029204957 0.999007344
1305031114.011257 -0.145972282 0.002310179 0.090784140 -0.029225009 -0.005087161 -0.034346618 0.998969615
1305031114.043301 -0.164554149 0.004019498 0.087910175 -0.027229941 -0.006253512 -0.037103672 0.998920798
1305031114.079285 -0.179409891 0.003460196 0.090290464 -0.025122911 -0.011664066 -0.037326191 0.998919189
1305031114.111263 -0.190007612 0.008107534 0.091888078 -0.021636033 -0.018368807 -0.040668264 0.998769522
1305031114.143284 -0.204435870 0.009003675 0.092409655 -0.021562746 -0.022721730 -0.044088688 0.998536408
1305031114.179337 -0.211634576 0.004416185 0.094313674 -0.020414818 -0.026720664 -0.045398314 0.998402834
1305031114.211303 -0.225608975 0.012862902 0.092259735 -0.016594406 -0.026534172 -0.048391521 0.998338044
1305031114.243337 -0.243603587 0.011348848 0.099411979 -0.019636920 -0.027959779 -0.052009735 0.998061895
1305031114.279390 -0.256241292 0.008258488 0.095714465 -0.021016376 -0.034217432 -0.052212376 0.997828305
1305031114.311429 -0.266940266 0.010495109 0.096865416 -0.021816242 -0.042530324 -0.052116748 0.997496426
1305031114.343331 -0.272196591 0.008318256 0.095280781 -0.023694152 -0.050342012 -0.054585498 0.996957719
1305031114.379320 -0.280676007 0.007202098 0.097548306 -0.023845317 -0.053021077 -0.058634672 0.996585250
1305031114.411397 -0.294066966 0.008043977 0.097590670 -0.022643924 -0.053957675 -0.063252799 0.996280551
1305031114.443345 -0.304506391 0.008834722 0.096609965 -0.022729335 -0.058509756 -0.064929120 0.995913744
1305031114.479332 -0.319912374 0.007892925 0.098004133 -0.023326185 -0.064023413 -0.066770531 0.995438874
1305031114.511266 -0.327117473 0.011961549 0.099517480 -0.022793887 -0.072058924 -0.068811879 0.994762719
1305031114.543236 -0.331782192 0.011245226 0.108022071 -0.025565714 -0.076395698 -0.068000413 0.994427502
1305031114.579237 -0.339542806 0.009867108 0.108370662 -0.027216870 -0.076384746 -0.064545728 0.994614720
1305031114.611391 -0.345108747 0.011204770 0.106698111 -0.029365135 -0.077025786 -0.062428195 0.994639337
1305031114.644136 -0.352213234 0.008184668 0.106309414 -0.035218500 -0.079441257 -0.061410297 0.994322658
1305031114.679251 -0.356761783 0.005828653 0.108213276 -0.038409028 -0.085923582 -0.061999235 0.993628681
1305031114.711306 -0.356837094 0.004973925 0.112153411 -0.039001044 -0.091151208 -0.061064955 0.993197560
1305031114.743200 -0.357830167 0.003682302 0.112980761 -0.038271837 -0.094469309 -0.064609244 0.992691517
1305031114.779289 -0.356915921 0.006105417 0.112875789 -0.035226192 -0.096326917 -0.067810081 0.992412210
1305031114.811303 -0.356410712 0.009314995 0.110498331 -0.034468584 -0.096024379 -0.069195203 0.992372513
1305031114.843208 -0.355320096 0.007703125 0.110276550 -0.035035428 -0.096285000 -0.070879430 0.992208540
1305031114.879281 -0.351344883 0.013397315 0.110659689 -0.033893075 -0.096679598 -0.071516588 0.992164135
1305031114.912879 -0.347588837 0.015063386 0.109539866 -0.034701325 -0.097102009 -0.071575597 0.992090702
1305031114.943234 -0.338848472 0.021245182 0.112091988 -0.035346497 -0.097977646 -0.073772915 0.991820812
1305031114.979280 -0.332168013 0.023697153 0.112580076 -0.036928665 -0.095844023 -0.074316740 0.991931081
1305031115.011300 -0.324818969 0.028758103 0.113909751 -0.039767418 -0.094960690 -0.075987898 0.991779625
1305031115.043508 -0.313267946 0.025880210 0.119511209 -0.044371236 -0.093923271 -0.075161152 0.991746128
1305031115.079238 -0.300309300 0.025603620 0.117556743 -0.046054177 -0.092252232 -0.074809618 0.991852820
1305031115.111230 -0.288925141 0.028416237 0.127481580 -0.048330128 -0.088340998 -0.073542282 0.992195368
1305031115.143275 -0.265938193 0.021584196 0.126187667 -0.051886301 -0.083796650 -0.070403747 0.992637515
1305031115.179440 -0.267870843 0.027960466 0.127168894 -0.051380634 -0.075348131 -0.071522281 0.993260920
1305031115.211374 -0.252800196 0.022782022 0.135156661 -0.053287782 -0.074491702 -0.067564577 0.993502080
1305031115.243297 -0.237688184 0.021035371 0.140070334 -0.048694976 -0.069642499 -0.064304821 0.994305611
1305031115.279966 -0.223740101 0.026701223 0.140170470 -0.046021681 -0.067620710 -0.060986280 0.994781435
1305031115.311704 -0.194181740 0.016947562 0.147201598 -0.049139492 -0.068697073 -0.053150017 0.995008111
1305031115.343235 -0.176176488 0.017993249 0.146323964 -0.044721223 -0.060382944 -0.050119434 0.995912611
1305031115.379166 -0.174362212 0.028767668 0.141898453 -0.045542102 -0.052238032 -0.046623565 0.996505558
1305031115.411237 -0.160920024 0.024738031 0.150833368 -0.053323295 -0.059291441 -0.043118279 0.995882511
1305031115.443159 -0.135645255 0.025181673 0.157270312 -0.056283694 -0.064731345 -0.037429959 0.995610833
1305031115.479241 -0.121435478 0.025953174 0.157402903 -0.060203165 -0.063561074 -0.031936593 0.995648324
1305031115.511253 -0.088778466 0.020252526 0.167468905 -0.064972468 -0.068768330 -0.027345406 0.995139062
1305031115.543604 -0.058056608 0.016489707 0.169004172 -0.065765239 -0.060837738 -0.020057451 0.995776772
1305031115.579315 -0.046978734 0.018081341 0.168466553 -0.063838400 -0.045995075 -0.015277118 0.996782660
1305031115.611424 -0.033529952 0.016857170 0.168390810 -0.063223474 -0.038889799 -0.009633862 0.997194827
1305031115.643254 -0.011749897 0.013422382 0.169589236 -0.062694922 -0.034464162 -0.002596872 0.997434139
1305031115.679241 -0.009592781 0.014644611 0.161816895 -0.060851105 -0.025624810 0.008643860 0.997780442
1305031115.711320 0.017666269 0.018321292 0.163179845 -0.059595697 -0.029480599 0.019711707 0.997592449
1305031115.743250 0.043829601 0.017328104 0.169103801 -0.059763428 -0.026736526 0.026129032 0.997512281
1305031115.779425 0.061477866 0.015673930 0.166250378 -0.058149163 -0.017474432 0.032480001 0.997626364
1305031115.811277 0.078433044 0.016797360 0.160432056 -0.058082830 -0.008947429 0.041325901 0.997415900
1305031115.843224 0.094160244 0.016250320 0.159112200 -0.060623780 0.001066373 0.048891861 0.996962011
1305031115.879198 0.102995791 0.013310717 0.158298358 -0.060807578 0.010172521 0.057413869 0.996445000
1305031115.911118 0.122893147 0.017782547 0.158184975 -0.057244793 0.010776769 0.062828079 0.996322989
1305031115.943311 0.138529271 0.016337678 0.161073044 -0.058920089 0.015430019 0.068456545 0.995793164
1305031115.980740 0.154034093 0.020302329 0.163886130 -0.059360638 0.019966381 0.074492656 0.995252967
1305031116.011379 0.173485279 0.026483309 0.166178375 -0.059945844 0.027010623 0.077817574 0.994797170
1305031116.043164 0.187238961 0.024246784 0.166901872 -0.064379439 0.038454525 0.079290845 0.994026899
1305031116.080030 0.197087601 0.033065822 0.168652743 -0.065562531 0.049039099 0.082580902 0.993215561
1305031116.111300 0.206066892 0.035224237 0.172023952 -0.072047524 0.060223658 0.086563438 0.991810977
1305031116.143441 0.214181080 0.033708587 0.176620051 -0.076285928 0.069420844 0.088764444 0.990697742
1305031116.179572 0.224520624 0.037926842 0.178797230 -0.077056825 0.074472070 0.091749460 0.989999056
1305031116.211299 0.237382710 0.035004154 0.178865999 -0.083421372 0.078697555 0.095830299 0.988768995
1305031116.243320 0.254097909 0.029481225 0.182616249 -0.088052772 0.082723081 0.099226832 0.987703204
1305031116.279385 0.263182223 0.037066504 0.180295318 -0.084987491 0.091984808 0.103719711 0.986690521
1305031116.311336 0.270470053 0.041852012 0.181313664 -0.085389286 0.099835552 0.105576582 0.985695243
1305031116.343292 0.273199946 0.029604957 0.186825052 -0.091589756 0.108428098 0.108586341 0.983902276
1305031116.379384 0.271531194 0.028436206 0.186989903 -0.085919224 0.114645116 0.106917471 0.983891785
1305031116.411333 0.270232081 0.041123793 0.179140896 -0.076514751 0.117738754 0.113136984 0.983607173
1305031116.443369 0.272095203 0.042698551 0.175767317 -0.078516386 0.119208194 0.122412957 0.982160687
1305031116.479850 0.271548599 0.035146654 0.174778044 -0.081550494 0.121081740 0.126118839 0.981214941
1305031116.511205 0.267407507 0.034850635 0.174310550 -0.079677537 0.120771527 0.121893317 0.981940806
1305031116.543262 0.257650733 0.037064053 0.170985177 -0.075952016 0.122835450 0.117256261 0.982544482
1305031116.579313 0.247900903 0.037539814 0.167818278 -0.076078929 0.120939910 0.113995269 0.983153403
1305031116.611261 0.233831584 0.027350001 0.165526912 -0.079619043 0.117462456 0.107196212 0.984059095
1305031116.643355 0.222141385 0.031280220 0.163641334 -0.076052867 0.108701840 0.097969592 0.986307144
1305031116.679281 0.211184025 0.030742925 0.162158459 -0.076100297 0.100942440 0.088941120 0.987982213
1305031116.711634 0.200245902 0.032187670 0.159821063 -0.074844368 0.095478766 0.079755127 0.989404500
1305031116.743291 0.181234896 0.033184133 0.160174251 -0.075666316 0.093070321 0.068492860 0.990414679
1305031116.779298 0.166684970 0.030602012 0.158300325 -0.079205886 0.088546246 0.057873689 0.991229832
1305031116.811318 0.141772345 0.028714186 0.160829157 -0.079469115 0.089659370 0.049820408 0.991546154
1305031116.846089 0.124566428 0.035380755 0.160415128 -0.074479207 0.080481566 0.041803576 0.993090153
1305031116.880165 0.110847950 0.035481852 0.157962948 -0.075772904 0.067761660 0.035033837 0.994202912
1305031116.912044 0.096766777 0.031990968 0.158980012 -0.076889075 0.056599140 0.030712139 0.994957983
1305031116.943296 0.070206068 0.038067475 0.156219006 -0.075385481 0.045646567 0.022864791 0.995846689
1305031116.979351 0.054667521 0.037707090 0.157130256 -0.074973211 0.033579793 0.012442647 0.996542335
1305031117.011382 0.036218453 0.041544415 0.153325513 -0.072163843 0.022464938 0.004255433 0.997130692
1305031117.043261 0.019491203 0.045815635 0.151673183 -0.071624324 0.013082841 -0.000467901 0.997345746
1305031117.079520 0.005648768 0.047068492 0.142876297 -0.073923394 0.002940532 -0.006544793 0.997238100
1305031117.111238 -0.011161542 0.048414193 0.143354893 -0.075874701 -0.006476707 -0.008039178 0.997063935
1305031117.143218 -0.023767300 0.054982364 0.140551001 -0.076390825 -0.016272122 -0.008978751 0.996904731
1305031117.179264 -0.034407523 0.057181336 0.142268375 -0.078659616 -0.024683837 -0.014057685 0.996496737
1305031117.211361 -0.033777997 0.058178082 0.145632505 -0.080919303 -0.034278780 -0.016120343 0.996000588
1305031117.243277 -0.035107549 0.064238682 0.143454492 -0.082688190 -0.037645753 -0.018287024 0.995696247
1305031117.279299 -0.035519499 0.061918501 0.145834163 -0.087983079 -0.037835740 -0.022756843 0.995142996
1305031117.311200 -0.040530682 0.058350399 0.147439271 -0.092658684 -0.035327610 -0.023575716 0.994791687
1305031117.343243 -0.042372607 0.053893365 0.148392618 -0.095020406 -0.035580225 -0.024128646 0.994546592
1305031117.379454 -0.041885950 0.050410818 0.150041118 -0.094754763 -0.036530565 -0.023868851 0.994543731
1305031117.411221 -0.045482993 0.043807555 0.149419904 -0.094491996 -0.037068035 -0.023173548 0.994565308
1305031117.443274 -0.044553746 0.040556956 0.148087680 -0.091671228 -0.039206643 -0.021954916 0.994774938
1305031117.479403 -0.045684062 0.034832954 0.147325069 -0.090276748 -0.039617587 -0.020634888 0.994914472
1305031117.511325 -0.045473017 0.025423251 0.147711098 -0.088444754 -0.041422803 -0.019086497 0.995036364
1305031117.544285 -0.048216026 0.019596100 0.145430207 -0.083872512 -0.041127343 -0.018624643 0.995453179
1305031117.579155 -0.047836684 0.013649534 0.147704586 -0.081194423 -0.043546222 -0.019876577 0.995548129
1305031117.611159 -0.050790932 0.008899590 0.149699375 -0.079319678 -0.044278491 -0.020599646 0.995652258
1305031117.643252 -0.051656753 -0.001816398 0.151816741 -0.078934461 -0.046153836 -0.019398404 0.995621800
1305031117.679262 -0.052383721 -0.008108551 0.154206619 -0.078811191 -0.048918094 -0.018839031 0.995510340
1305031117.711184 -0.050899602 -0.015345994 0.157332197 -0.078918390 -0.051861115 -0.016003994 0.995402515
1305031117.743184 -0.052156780 -0.026278138 0.160729721 -0.079585001 -0.053676497 -0.013012404 0.995296776
1305031117.779467 -0.051419355 -0.032514706 0.163973823 -0.078921311 -0.056454107 -0.010506731 0.995225549
1305031117.811320 -0.049985401 -0.046859600 0.170158058 -0.081825428 -0.059117336 -0.008722942 0.994853556
1305031117.843291 -0.043722130 -0.056281924 0.174895898 -0.079706460 -0.061101496 -0.007592704 0.994914949
1305031117.879451 -0.045003511 -0.065196186 0.177505940 -0.078785986 -0.057623804 -0.007615531 0.995195568
1305031117.911407 -0.046923030 -0.077418722 0.183347821 -0.079055898 -0.055576075 -0.008091001 0.995286882
1305031117.943253 -0.047266681 -0.083133556 0.186530888 -0.076903328 -0.053465351 -0.008175802 0.995570421
1305031117.979228 -0.050411742 -0.093199596 0.193688169 -0.079575993 -0.051311381 -0.008619531 0.995469987
1305031118.011228 -0.050189689 -0.108979307 0.199699327 -0.083261259 -0.051267277 -0.008204884 0.995174289
1305031118.043521 -0.050588578 -0.118955605 0.204719365 -0.082655348 -0.049908642 -0.007993345 0.995295584
1305031118.079334 -0.049679704 -0.125555664 0.208229408 -0.081358381 -0.048616175 -0.008927775 0.995458424
1305031118.111217 -0.046580568 -0.138008088 0.213888466 -0.081892766 -0.045576382 -0.009808414 0.995550156
1305031118.143256 -0.048624318 -0.146946609 0.219072536 -0.080544710 -0.040765237 -0.011310968 0.995852768
1305031118.179323 -0.050004821 -0.160777763 0.224318683 -0.081515200 -0.037615340 -0.013347197 0.995872557
1305031118.211202 -0.055298064 -0.169991702 0.228797346 -0.077935964 -0.033916220 -0.012691181 0.996300399
1305031118.243173 -0.057760555 -0.177704573 0.231055766 -0.074306697 -0.034187023 -0.013186144 0.996562004
1305031118.279194 -0.054958496 -0.191295311 0.236490712 -0.072651632 -0.035657156 -0.013279969 0.996631324
1305031118.311299 -0.055626284 -0.199787647 0.238442093 -0.066411711 -0.035690255 -0.013557892 0.997061610
1305031118.343324 -0.052789994 -0.203181624 0.242412403 -0.060614910 -0.035623834 -0.014550248 0.997419178
1305031118.379208 -0.056549087 -0.211150527 0.244623557 -0.057036068 -0.032993566 -0.015734971 0.997702718
1305031118.411296 -0.059606042 -0.210541576 0.247749925 -0.052615196 -0.034118824 -0.015843552 0.997906029
1305031118.445692 -0.057492040 -0.211188436 0.251735181 -0.051368963 -0.035031464 -0.013316979 0.997976303
1305031118.479285 -0.056469105 -0.216114163 0.250292420 -0.051501684 -0.035313483 -0.009959741 0.997998655
1305031118.511255 -0.054870285 -0.213321120 0.255488098 -0.049322847 -0.036347523 -0.009417952 0.998076856
1305031118.544414 -0.054279324 -0.207250103 0.254843235 -0.049350251 -0.035571944 -0.010150177 0.998096287
1305031118.579285 -0.051710926 -0.205347583 0.254623175 -0.050978728 -0.035042625 -0.010297160 0.998031676
1305031118.616142 -0.051171832 -0.197632313 0.253312856 -0.049801167 -0.032988302 -0.012820750 0.998131871
1305031118.645325 -0.053377524 -0.189302340 0.249779686 -0.050235294 -0.029882999 -0.015400401 0.998171508
1305031118.679295 -0.053897664 -0.183547452 0.248095289 -0.053650506 -0.028654294 -0.016965875 0.998004377
1305031118.711421 -0.054262727 -0.180003539 0.247741550 -0.055284370 -0.029260809 -0.019304935 0.997855067
1305031118.746770 -0.059102591 -0.169007286 0.242060035 -0.052574772 -0.030138699 -0.018410726 0.997992277
1305031118.779277 -0.058354199 -0.148695037 0.233297139 -0.051476762 -0.033483874 -0.018848315 0.997934699
1305031118.811221 -0.051680118 -0.152832136 0.233911395 -0.059814110 -0.038166471 -0.019761063 0.997283876
1305031118.846753 -0.048171096 -0.143553525 0.231559098 -0.056136072 -0.039163053 -0.019380532 0.997466505
1305031118.879208 -0.047775939 -0.119223848 0.220154434 -0.051062267 -0.036540769 -0.021423502 0.997796834
1305031118.911177 -0.049759910 -0.115623139 0.215136334 -0.055509690 -0.034611557 -0.024286151 0.997562528
1305031118.946974 -0.049224377 -0.101469204 0.208552465 -0.053303756 -0.033488471 -0.025906939 0.997680366
1305031118.979374 -0.050095249 -0.086188555 0.202211589 -0.053235807 -0.032531973 -0.029756093 0.997608244
1305031119.011363 -0.051750921 -0.074189179 0.195502698 -0.056407165 -0.032285366 -0.031654358 0.997383535
1305031119.047172 -0.053503960 -0.065127090 0.189363107 -0.058687318 -0.032476269 -0.032104500 0.997231364
1305031119.079223 -0.055607107 -0.055054873 0.183152929 -0.059220701 -0.034387849 -0.031996977 0.997139215
1305031119.111328 -0.058138460 -0.044289790 0.175726295 -0.058979176 -0.037039671 -0.031698775 0.997068107
1305031119.147616 -0.057504356 -0.034637775 0.167805344 -0.059418060 -0.041025251 -0.030083757 0.996935964
1305031119.179226 -0.056079846 -0.029914385 0.163391724 -0.061130960 -0.045740545 -0.030350111 0.996619105
1305031119.211364 -0.053774301 -0.018289447 0.156835034 -0.057930369 -0.048203181 -0.028758248 0.996741414
1305031119.247399 -0.056665730 -0.003114466 0.151648372 -0.055037040 -0.048346870 -0.029188571 0.996885896
1305031119.279212 -0.055413309 0.007986040 0.146337286 -0.054173075 -0.049608242 -0.029482054 0.996862590
1305031119.311212 -0.055829983 0.016977219 0.141632184 -0.054469034 -0.049925897 -0.026832959 0.996905446
1305031119.347741 -0.057527781 0.025218815 0.138024002 -0.053725366 -0.051247593 -0.024404071 0.996941149
1305031119.379239 -0.055337917 0.038818400 0.133057639 -0.052176591 -0.054312736 -0.023375876 0.996885777
1305031119.411484 -0.051923506 0.048381612 0.129477948 -0.052793015 -0.054997776 -0.022972964 0.996825159
1305031119.447706 -0.050489984 0.056303766 0.125295237 -0.054591805 -0.053067483 -0.022135887 0.996851861
1305031119.479267 -0.052695982 0.069507927 0.120418757 -0.051829923 -0.050265167 -0.023283681 0.997118294
1305031119.511240 -0.054886304 0.080287091 0.116381094 -0.053061537 -0.048429690 -0.022404967 0.997164488
1305031119.547382 -0.054227423 0.091386288 0.113190986 -0.053928696 -0.048791800 -0.020900834 0.997133017
1305031119.579559 -0.052698277 0.106644608 0.108580619 -0.053705268 -0.048017181 -0.021317368 0.997173786
1305031119.615017 -0.055487256 0.113039844 0.106807694 -0.058649354 -0.045235921 -0.020772247 0.997036815
1305031119.647903 -0.057973359 0.128950372 0.107357949 -0.059047855 -0.043990176 -0.019665483 0.997091532
1305031119.679208 -0.053742383 0.141894877 0.103150457 -0.062476255 -0.043296698 -0.022371549 0.996855855
1305031119.715232 -0.054736335 0.150314242 0.101609081 -0.068978637 -0.038502377 -0.019645916 0.996681273
1305031119.747193 -0.060211174 0.159660354 0.099970981 -0.072078764 -0.035274860 -0.015076030 0.996660948
1305031119.779169 -0.061320003 0.169488594 0.098825909 -0.074566603 -0.036566243 -0.012842103 0.996462643
1305031119.814537 -0.059265353 0.180381641 0.097802497 -0.075901128 -0.038316537 -0.008988377 0.996338308
1305031119.847429 -0.059020989 0.189338282 0.095547326 -0.078350037 -0.037204698 -0.004733121 0.996220171
1305031119.879214 -0.058125723 0.192984462 0.094604395 -0.080212548 -0.035818689 -0.004712765 0.996122837
1305031119.911401 -0.062356938 0.208083570 0.092195675 -0.077133678 -0.032347601 -0.003599297 0.996489346
1305031119.947392 -0.064224079 0.217554152 0.090330891 -0.080240540 -0.029783281 -0.004265212 0.996321321
1305031119.979537 -0.060196292 0.219346702 0.088667497 -0.084260844 -0.028385857 -0.005560384 0.996023834
1305031120.015264 -0.062924936 0.231311336 0.085905530 -0.086513653 -0.024301330 -0.003117825 0.995949388
1305031120.047290 -0.065062486 0.230339512 0.086104214 -0.095714375 -0.023104550 -0.001265876 0.995139837
1305031120.079418 -0.068532474 0.234807402 0.087288328 -0.094887868 -0.023996357 0.000854135 0.995198309
1305031120.115232 -0.069077715 0.238502964 0.086300120 -0.095521852 -0.025960555 0.002669137 0.995085120
1305031120.148157 -0.068258047 0.236504272 0.087599516 -0.097073793 -0.026798405 0.002166214 0.994913936
1305031120.179246 -0.066643126 0.231674120 0.088417970 -0.096653543 -0.026888246 0.004600972 0.994944155
1305031120.215249 -0.064033069 0.222665235 0.087347373 -0.095141783 -0.028252611 0.005563755 0.995047152
1305031120.248003 -0.064515881 0.221055314 0.087825336 -0.090064816 -0.027879389 0.003163635 0.995540559
1305031120.279430 -0.063487396 0.212375790 0.089242771 -0.088318981 -0.027511230 0.001279792 0.995711386
1305031120.315196 -0.063671619 0.204067990 0.090778917 -0.086434469 -0.027001739 -0.000788882 0.995891213
1305031120.347787 -0.062991016 0.190144375 0.092684232 -0.086152859 -0.026632061 -0.002873178 0.995921731
1305031120.379437 -0.063146271 0.178202450 0.095865339 -0.086034462 -0.026765505 -0.003372591 0.995926857
1305031120.415445 -0.059283603 0.158575028 0.101405501 -0.083973244 -0.029085504 -0.002810390 0.996039450
1305031120.447417 -0.060828324 0.156261891 0.104737826 -0.074332140 -0.029075276 -0.003575006 0.996803164
1305031120.479432 -0.058698617 0.141038090 0.110635176 -0.073801540 -0.030771747 -0.002804171 0.996794164
1305031120.514819 -0.060884044 0.130344123 0.118772291 -0.066769727 -0.031562559 -0.000325717 0.997269034
1305031120.547736 -0.061165720 0.122551784 0.122991465 -0.059845265 -0.034598224 0.001888494 0.997606099
1305031120.579551 -0.061279435 0.114639878 0.126798481 -0.056502856 -0.038493726 0.005667322 0.997644007
1305031120.615236 -0.061384916 0.102488063 0.132430628 -0.054549132 -0.042270619 0.008522666 0.997579515
1305031120.647354 -0.058840066 0.095944569 0.136237815 -0.048713773 -0.045936685 0.009271443 0.997712791
1305031120.679318 -0.056778137 0.087505646 0.140732750 -0.046581544 -0.048009202 0.010365075 0.997706294
1305031120.714522 -0.056027915 0.080269329 0.145627648 -0.043526918 -0.049088590 0.009646422 0.997798860
1305031120.747369 -0.056516126 0.070235386 0.149518266 -0.042821035 -0.051185217 0.009885604 0.997721732
1305031120.779894 -0.053039357 0.057506405 0.154922813 -0.042013388 -0.054415051 0.010222107 0.997581780
1305031120.814944 -0.053045802 0.051339265 0.156951457 -0.038730316 -0.054499697 0.009777971 0.997714460
1305031120.847921 -0.052633252 0.041990571 0.160420015 -0.039799213 -0.055894401 0.007113165 0.997617781
1305031120.883435 -0.049351975 0.026780175 0.164398938 -0.039681107 -0.056314088 0.006402872 0.997603655
1305031120.915444 -0.050849449 0.021993062 0.165585399 -0.037086148 -0.054311734 0.004468733 0.997825027
1305031120.947488 -0.051173482 0.010897040 0.169283301 -0.037819598 -0.054030921 0.002744358 0.997819006
1305031120.983366 -0.053530656 0.000568752 0.172405764 -0.037731186 -0.052962232 0.000988793 0.997882962
1305031121.015019 -0.053010315 -0.009435358 0.174348101 -0.036594473 -0.053788058 0.000237214 0.997881532
1305031121.047498 -0.054404221 -0.016268793 0.176243931 -0.035495471 -0.053118296 -0.000882720 0.997956753
1305031121.083099 -0.056521513 -0.029760409 0.180157721 -0.035600126 -0.054033116 -0.002742836 0.997900546
1305031121.114696 -0.054968186 -0.038017318 0.181083634 -0.033344582 -0.055786710 -0.001559051 0.997884512
1305031121.147331 -0.058244094 -0.047457319 0.182620630 -0.031605057 -0.055244405 -0.002953977 0.997968137
1305031121.183271 -0.056955762 -0.057363283 0.185494706 -0.030296424 -0.057258315 -0.003151247 0.997894585
1305031121.211420 -0.052087579 -0.067167051 0.188981131 -0.027986560 -0.059084080 -0.004112734 0.997852147
1305031121.247194 -0.054787554 -0.074518539 0.190071791 -0.025888180 -0.056810278 -0.004216182 0.998040378
1305031121.282876 -0.053894028 -0.086512364 0.194045097 -0.026983183 -0.058686513 -0.002293441 0.997909129
1305031121.313568 -0.051692069 -0.098187581 0.197821409 -0.024995867 -0.059624713 -0.001701023 0.997906387
1305031121.347517 -0.054718174 -0.103948146 0.199005127 -0.022320708 -0.059574548 0.000495837 0.997974157
1305031121.383226 -0.053839028 -0.119097173 0.206329778 -0.022701507 -0.061543413 -0.000209095 0.997846186
1305031121.414318 -0.053778887 -0.125557348 0.205378443 -0.017161001 -0.060273275 -0.001641321 0.998033047
1305031121.447319 -0.054720514 -0.137146384 0.212268949 -0.018116053 -0.060284261 -0.000951614 0.998016417
1305031121.482964 -0.051942736 -0.149940044 0.217276484 -0.017043732 -0.058906134 0.000781861 0.998117685
1305031121.514107 -0.057216890 -0.154605240 0.215617776 -0.013021046 -0.055543210 0.001178798 0.998370647
1305031121.547270 -0.057087742 -0.159268200 0.217653871 -0.013440889 -0.055478148 0.001617073 0.998368144
1305031121.583204 -0.056334525 -0.173339978 0.222743168 -0.016478516 -0.054476429 0.000711800 0.998378813
1305031121.614700 -0.055245586 -0.181724921 0.226224780 -0.015623251 -0.053193625 -0.000309295 0.998461962
1305031121.647183 -0.055398263 -0.185583994 0.226793721 -0.013983262 -0.048613477 -0.002802566 0.998715878
1305031121.683200 -0.058377504 -0.196863502 0.229000315 -0.018014101 -0.044303015 -0.004310583 0.998846412
1305031121.714520 -0.060848169 -0.204351664 0.230806708 -0.018616252 -0.043048371 -0.003261096 0.998894215
1305031121.747145 -0.061241113 -0.208916426 0.233798847 -0.020185445 -0.042773917 -0.002865834 0.998876750
1305031121.782835 -0.060811020 -0.213199914 0.237879455 -0.020841628 -0.042848151 -0.000994517 0.998863697
1305031121.811540 -0.059416167 -0.216428816 0.241093099 -0.021683419 -0.042009920 0.001072331 0.998881280
1305031121.847335 -0.060035344 -0.217735410 0.242233545 -0.022654425 -0.040068600 0.004360612 0.998930573
1305031121.882060 -0.061094701 -0.220118672 0.243468150 -0.024962850 -0.039588172 0.010645552 0.998847485
1305031121.914931 -0.061386943 -0.221668765 0.243291885 -0.026954181 -0.041318428 0.012668024 0.998702049
1305031121.947288 -0.059674263 -0.221872181 0.244557485 -0.026977288 -0.043797102 0.012194341 0.998601675
1305031121.982926 -0.058494307 -0.215688422 0.244091749 -0.025935631 -0.043670435 0.012069602 0.998636365
1305031122.014256 -0.059654661 -0.214441836 0.242786467 -0.027199330 -0.043418590 0.009753644 0.998638988
1305031122.047306 -0.059371717 -0.208079681 0.240980491 -0.025636246 -0.044912200 0.006429175 0.998641253
1305031122.082959 -0.058612764 -0.201055720 0.238291159 -0.024594299 -0.045493077 0.002764810 0.998658001
1305031122.114672 -0.060339537 -0.190493315 0.233832866 -0.022928528 -0.044979215 -0.001616792 0.998723447
1305031122.150725 -0.059609316 -0.182929471 0.231540769 -0.023795441 -0.045780662 -0.007063228 0.998643100
1305031122.183042 -0.058470033 -0.174198836 0.228011966 -0.022457056 -0.045044418 -0.011657695 0.998664498
1305031122.214959 -0.061432108 -0.152199998 0.219842657 -0.022007564 -0.042281061 -0.017559156 0.998709023
1305031122.251319 -0.061960999 -0.144927710 0.217832029 -0.027863706 -0.041618705 -0.020977821 0.998524606
1305031122.283560 -0.064546809 -0.131611943 0.212034777 -0.027576068 -0.041663352 -0.023006413 0.998486042
1305031122.314289 -0.067228325 -0.108702600 0.206407472 -0.030262284 -0.043342214 -0.027650848 0.998218954
1305031122.351327 -0.064688623 -0.102639556 0.202276051 -0.037334260 -0.046107426 -0.029611209 0.997799277
1305031122.382630 -0.067586467 -0.089511573 0.196282908 -0.041595556 -0.047323260 -0.029707812 0.997570932
1305031122.414997 -0.068588831 -0.083889738 0.190704942 -0.046753682 -0.051609207 -0.030024979 0.997120380
1305031122.451257 -0.069724008 -0.070155933 0.183861941 -0.047192641 -0.055909980 -0.029407643 0.996886253
1305031122.483360 -0.069095150 -0.060642086 0.179978281 -0.050818291 -0.061223883 -0.028978044 0.996408224
1305031122.515097 -0.067608446 -0.048512444 0.175128013 -0.051253255 -0.065516286 -0.030199412 0.996076643
1305031122.551490 -0.064287260 -0.037834398 0.169312477 -0.052935693 -0.067336172 -0.031712968 0.995820224
1305031122.583208 -0.064566068 -0.028128726 0.164657369 -0.054287918 -0.065974526 -0.033259176 0.995788157
1305031122.614980 -0.069158003 -0.019922564 0.158766255 -0.055237658 -0.064672127 -0.032867964 0.995834351
1305031122.648788 -0.068469331 -0.008554414 0.153819859 -0.053502016 -0.066866934 -0.031711314 0.995821655
1305031122.683402 -0.068801105 0.003534535 0.149206921 -0.052447822 -0.068061717 -0.030489553 0.995834947
1305031122.715208 -0.070699096 0.013841288 0.144571468 -0.052260291 -0.070184439 -0.027945012 0.995772123
1305031122.751298 -0.067984968 0.028428776 0.139962286 -0.050793756 -0.073542058 -0.027048243 0.995630443
1305031122.783423 -0.068975814 0.042162281 0.137686834 -0.052801497 -0.073430642 -0.027074171 0.995533466
1305031122.812555 -0.066825546 0.048542611 0.133411735 -0.058397513 -0.073152333 -0.028758170 0.995194137
1305031122.851418 -0.059928127 0.061217807 0.133218914 -0.059029743 -0.071550570 -0.031044599 0.995204628
1305031122.883754 -0.064237110 0.073392332 0.130307242 -0.060799085 -0.063802660 -0.031160211 0.995621264
1305031122.914571 -0.067049779 0.078800626 0.127531692 -0.065147869 -0.060442585 -0.029936092 0.995593429
1305031122.951341 -0.068410322 0.087212965 0.124822073 -0.066221982 -0.059347179 -0.028724480 0.995624125
1305031122.982815 -0.073211610 0.100794733 0.121806577 -0.065703243 -0.057627197 -0.025603358 0.995844662
1305031123.015450 -0.070792452 0.103826404 0.118407264 -0.069718629 -0.059559926 -0.022473333 0.995533466
1305031123.051827 -0.067937046 0.110782772 0.117251694 -0.069252275 -0.060231641 -0.020593645 0.995566249
1305031123.082975 -0.070705786 0.124529421 0.113253370 -0.066716358 -0.058267333 -0.018656343 0.995894432
1305031123.113873 -0.071412489 0.131136447 0.107526749 -0.070317604 -0.056808311 -0.016776470 0.995764434
1305031123.150822 -0.071266517 0.138631403 0.109152779 -0.072902635 -0.056253400 -0.015901607 0.995624363
1305031123.182155 -0.067072019 0.151159391 0.107882902 -0.073949970 -0.056021232 -0.015369546 0.995568633
1305031123.214704 -0.066619456 0.164172143 0.107461587 -0.076785512 -0.051202286 -0.016295388 0.995598674
1305031123.250618 -0.066054888 0.180337250 0.103413090 -0.080075346 -0.047796536 -0.016393395 0.995507240
1305031123.282347 -0.066255413 0.188539624 0.104526825 -0.088558659 -0.044826888 -0.013744348 0.994966805
1305031123.311327 -0.065661147 0.199049741 0.105943151 -0.092553630 -0.041015297 -0.013647971 0.994768977
1305031123.350481 -0.064869553 0.206400782 0.104831971 -0.097783946 -0.036981799 -0.013194265 0.994432747
1305031123.382255 -0.066744246 0.213763908 0.102333859 -0.102885269 -0.030704273 -0.010720037 0.994161427
1305031123.411363 -0.066845320 0.222433090 0.103087485 -0.104923911 -0.026080554 -0.008985574 0.994097590
1305031123.451255 -0.063848346 0.229373991 0.100992270 -0.107602999 -0.025169406 -0.006430106 0.993854523
1305031123.483594 -0.063318819 0.240622759 0.099157289 -0.109997198 -0.023230713 -0.002067784 0.993658245
1305031123.511360 -0.064703360 0.244144648 0.097742483 -0.114580192 -0.020450614 -0.000255955 0.993203461
1305031123.551513 -0.060809795 0.254074544 0.097370647 -0.114994019 -0.022336975 0.003523568 0.993108809
1305031123.579583 -0.062285163 0.263224304 0.096657470 -0.115740031 -0.020757427 0.006213740 0.993043184
1305031123.611335 -0.059485029 0.271523893 0.094090194 -0.116576225 -0.020240290 0.007902944 0.992944062
1305031123.652411 -0.055181745 0.281594157 0.094085991 -0.118913129 -0.020036507 0.008262451 0.992668092
1305031123.683753 -0.053780489 0.288448483 0.094459817 -0.122447826 -0.016917951 0.009275510 0.992287397
1305031123.711323 -0.052079901 0.295648903 0.093178943 -0.126041099 -0.013802527 0.010561672 0.991872787
1305031123.751723 -0.051176064 0.299823493 0.093223527 -0.128865391 -0.012359599 0.012635122 0.991504550
1305031123.783858 -0.051548071 0.304142326 0.092460878 -0.129481420 -0.012467895 0.014213420 0.991401613
1305031123.811608 -0.050936989 0.304870188 0.091214754 -0.130774185 -0.012859758 0.014887590 0.991216958
1305031123.851444 -0.050760102 0.305375874 0.090068661 -0.132046863 -0.012879705 0.017601974 0.991003513
1305031123.883786 -0.055790711 0.295967013 0.089648657 -0.136122465 -0.011493221 0.018582683 0.990451038
1305031123.911243 -0.053430077 0.288621128 0.088734552 -0.136148378 -0.013929668 0.017378099 0.990438104
1305031123.951442 -0.052431174 0.299073935 0.088255927 -0.129306167 -0.014891697 0.018651394 0.991317451
1305031123.983415 -0.053794213 0.302781820 0.089918353 -0.126287967 -0.016933240 0.021632098 0.991613150
1305031124.011302 -0.054890573 0.293792188 0.092127703 -0.122536093 -0.020324172 0.021056060 0.992032468
1305031124.051505 -0.054586045 0.285565376 0.093288720 -0.120567761 -0.023710849 0.022247067 0.992172480
1305031124.083837 -0.054974806 0.283748716 0.096291170 -0.117285453 -0.026350375 0.022288525 0.992498338
1305031124.111331 -0.053695869 0.271972418 0.100031309 -0.112733610 -0.029779375 0.019954003 0.992978454
1305031124.147446 -0.052013882 0.266010791 0.102030121 -0.107571147 -0.032096513 0.019730609 0.993483245
1305031124.182694 -0.052041128 0.257306755 0.105379432 -0.106745012 -0.033178777 0.017122321 0.993585169
1305031124.211396 -0.050031226 0.228090912 0.110138737 -0.112193145 -0.034914173 0.014751166 0.992963314
1305031124.249327 -0.052653849 0.218899131 0.112404920 -0.107705563 -0.035197239 0.014196936 0.993458152
1305031124.282545 -0.055295739 0.208721265 0.113421910 -0.108002201 -0.038268924 0.012524421 0.993334889
1305031124.311361 -0.051232237 0.195245057 0.119551942 -0.105711937 -0.044289604 0.014007030 0.993311226
1305031124.350354 -0.053833183 0.192569196 0.119409978 -0.097468480 -0.045865417 0.013012730 0.994096041
1305031124.382420 -0.052907221 0.183259413 0.121978253 -0.093698338 -0.048234969 0.011942158 0.994359791
1305031124.411439 -0.051901646 0.169603214 0.124713421 -0.090228118 -0.050110742 0.011043523 0.994598329
1305031124.450245 -0.051156379 0.161590517 0.126234427 -0.082798511 -0.051338714 0.011007300 0.995182216
1305031124.480099 -0.051289849 0.149280339 0.128375918 -0.077393018 -0.052450690 0.008833657 0.995580852
1305031124.511324 -0.053241398 0.139718980 0.129118621 -0.070419751 -0.053389106 0.006473508 0.996066630
1305031124.550437 -0.051550142 0.124546729 0.132313073 -0.068089008 -0.056233231 0.003924598 0.996085525
1305031124.579404 -0.053590529 0.112250552 0.135709912 -0.064554714 -0.057898022 0.001489072 0.996232033
1305031124.611358 -0.052241582 0.098276168 0.138714939 -0.060692333 -0.060923383 -0.000254720 0.996295512
1305031124.651271 -0.052447941 0.088979691 0.142337844 -0.056132820 -0.063434951 -0.003304852 0.996400654
1305031124.679362 -0.050127659 0.072926618 0.145934463 -0.053885739 -0.065902591 -0.004886958 0.996358037
1305031124.711251 -0.049663920 0.063345484 0.149349034 -0.049096588 -0.066136427 -0.006690652 0.996579528
1305031124.749890 -0.050827235 0.048468191 0.153728768 -0.048236590 -0.065881066 -0.008363573 0.996625781
1305031124.779365 -0.051024601 0.037444387 0.157961652 -0.044412889 -0.067047112 -0.008313809 0.996726155
1305031124.811360 -0.051309220 0.027601507 0.162034288 -0.041852903 -0.067887142 -0.008819288 0.996775746
1305031124.850535 -0.052298687 0.013384502 0.168331355 -0.042386286 -0.068950608 -0.009670603 0.996672332
1305031124.879355 -0.046225309 -0.001148755 0.175750092 -0.041379768 -0.071362108 -0.009431325 0.996547163
1305031124.911448 -0.047854982 -0.007758198 0.179283589 -0.038814571 -0.068116300 -0.009600644 0.996875823
1305031124.950730 -0.047795780 -0.020469101 0.186627820 -0.042236190 -0.067053922 -0.009622411 0.996808589
1305031124.979438 -0.050954986 -0.039742384 0.194610178 -0.043042116 -0.065252624 -0.008083923 0.996907294
1305031125.011454 -0.053269185 -0.048055962 0.197162271 -0.037537150 -0.067328401 -0.007780085 0.996994138
1305031125.050763 -0.048541922 -0.053338785 0.201920807 -0.034900088 -0.070784301 -0.006184765 0.996861756
1305031125.079364 -0.047903251 -0.065477669 0.207927361 -0.036379673 -0.070260927 -0.002963699 0.996860623
1305031125.111364 -0.050521418 -0.077741630 0.212729812 -0.035599113 -0.070774913 -0.002933952 0.996852517
1305031125.151013 -0.048774987 -0.083307736 0.213260517 -0.030552985 -0.070660412 -0.003730889 0.997025430
1305031125.179353 -0.050918505 -0.085881896 0.214012295 -0.029486459 -0.067360424 -0.003199618 0.997287810
1305031125.211320 -0.051616751 -0.102958009 0.222763285 -0.035310131 -0.067123026 -0.003948232 0.997111857
1305031125.250632 -0.055084288 -0.112977244 0.224310219 -0.032761637 -0.065459765 -0.005853837 0.997300029
1305031125.279467 -0.055210944 -0.115683034 0.225677013 -0.028644051 -0.065356292 -0.006400198 0.997430265
1305031125.311493 -0.054881394 -0.128382385 0.230805665 -0.029938739 -0.064036563 -0.005694177 0.997482121
1305031125.348880 -0.059381947 -0.136063531 0.234419957 -0.026891382 -0.062275216 -0.009873333 0.997647822
1305031125.379401 -0.054826040 -0.138948113 0.239723846 -0.026094493 -0.061861515 -0.014020035 0.997645080
1305031125.411335 -0.055392653 -0.144495130 0.242700383 -0.026154064 -0.055376157 -0.014906583 0.998011649
1305031125.451195 -0.057102755 -0.151024118 0.245907262 -0.029312734 -0.049880933 -0.016901981 0.998181820
1305031125.479424 -0.057888865 -0.159625798 0.249026299 -0.029453136 -0.045671374 -0.017867321 0.998362362
1305031125.511316 -0.059539914 -0.160216689 0.248174772 -0.028312158 -0.041340925 -0.018797236 0.998566985
1305031125.551020 -0.059959657 -0.163704649 0.249106556 -0.029451683 -0.038097363 -0.020746393 0.998624444
1305031125.579308 -0.058637924 -0.165513173 0.250244886 -0.030923661 -0.034991216 -0.022707559 0.998650908
1305031125.611533 -0.058215898 -0.172712579 0.251839846 -0.031824686 -0.032255299 -0.022472663 0.998720050
1305031125.650575 -0.063800335 -0.176617354 0.246042505 -0.028190564 -0.030352226 -0.019596940 0.998949409
1305031125.679328 -0.068271272 -0.168367594 0.239548460 -0.022794459 -0.033312507 -0.019256268 0.998999417
1305031125.711443 -0.063270479 -0.170129836 0.240087122 -0.022598362 -0.040454749 -0.016711513 0.998785973
1305031125.751260 -0.062129773 -0.157774568 0.233921587 -0.016210785 -0.042588264 -0.015422620 0.998842120
1305031125.779348 -0.060298845 -0.148768947 0.231079638 -0.015657669 -0.044039227 -0.017831948 0.998747885
1305031125.811573 -0.058740295 -0.138709739 0.228276744 -0.014647595 -0.043874331 -0.018945005 0.998750031
1305031125.847412 -0.059462972 -0.131749719 0.224006310 -0.017013434 -0.042011272 -0.020746585 0.998756826
1305031125.879318 -0.062465221 -0.123580299 0.218750581 -0.016857302 -0.041755371 -0.021773217 0.998748362
1305031125.911305 -0.066818520 -0.109131083 0.212203592 -0.018842461 -0.043500870 -0.021170599 0.998651326
1305031125.947343 -0.069939949 -0.106532484 0.207108200 -0.023569522 -0.049147714 -0.019686805 0.998319268
1305031125.979324 -0.067450583 -0.092846878 0.204125673 -0.023098286 -0.057452627 -0.015886240 0.997954547
1305031126.011333 -0.062318824 -0.078383699 0.203963354 -0.024292722 -0.064719863 -0.015754202 0.997483313
1305031126.047324 -0.055247940 -0.062457301 0.201954588 -0.026200589 -0.068177179 -0.015001529 0.997216284
1305031126.079356 -0.055500068 -0.051725339 0.198640585 -0.030733977 -0.066289440 -0.015355478 0.997208774
1305031126.111370 -0.052539445 -0.041656867 0.196815431 -0.034993529 -0.066393532 -0.015444852 0.997060061
1305031126.147432 -0.052518465 -0.024722574 0.194023013 -0.036159102 -0.064953506 -0.012880475 0.997149765
1305031126.179384 -0.053593047 -0.007991759 0.188788652 -0.041341178 -0.064392343 -0.012249044 0.996992767
1305031126.211319 -0.050739408 -0.000016652 0.189723313 -0.046500903 -0.066010207 -0.012258139 0.996659458
1305031126.247298 -0.048928812 0.015483007 0.187654510 -0.048328191 -0.065269865 -0.012154394 0.996622562
1305031126.279363 -0.047507428 0.028450737 0.183754146 -0.052196745 -0.063647248 -0.012822975 0.996524036
1305031126.311332 -0.046975397 0.045086473 0.183828861 -0.054467428 -0.061022032 -0.014595292 0.996542335
1305031126.347363 -0.047703706 0.054548383 0.181706876 -0.059342239 -0.056860577 -0.015946973 0.996489346
1305031126.379423 -0.048365526 0.067340814 0.178555772 -0.062035326 -0.053682528 -0.017106839 0.996482372
1305031126.411465 -0.048955094 0.079874799 0.175360218 -0.065801434 -0.051911958 -0.018812168 0.996303856
1305031126.447361 -0.051181693 0.085123777 0.171788052 -0.072605930 -0.049474411 -0.017255979 0.995983362
1305031126.479533 -0.054881051 0.097334146 0.169466898 -0.072464727 -0.048072953 -0.015869269 0.996085346
1305031126.511410 -0.054637171 0.114547126 0.164416805 -0.072920248 -0.049695611 -0.014534594 0.995992839
1305031126.547374 -0.049859829 0.124103479 0.162470207 -0.079007857 -0.051888213 -0.013407228 0.995432377
1305031126.579454 -0.048347302 0.132634372 0.160702318 -0.083326265 -0.050171115 -0.011118264 0.995196462
1305031126.611528 -0.049250666 0.141467705 0.157663032 -0.088267416 -0.047642618 -0.009826807 0.994908273
1305031126.647376 -0.045632012 0.144022346 0.157331094 -0.093962468 -0.047196735 -0.007815541 0.994425654
1305031126.679479 -0.045402586 0.150204360 0.156360656 -0.095787585 -0.045049932 -0.003172203 0.994376779
1305031126.711583 -0.045053810 0.158171594 0.153366625 -0.097490571 -0.043231215 -0.000246164 0.994297028
1305031126.747316 -0.044170316 0.156782523 0.153219104 -0.100408167 -0.041501455 0.002091290 0.994078159
1305031126.779379 -0.043767489 0.163242877 0.150401279 -0.099472471 -0.040445786 0.005026459 0.994205236
1305031126.811602 -0.040111784 0.167366788 0.147910446 -0.099483408 -0.039378487 0.005147635 0.994246364
1305031126.847343 -0.038048659 0.170848906 0.145577297 -0.099814251 -0.036331482 0.005954494 0.994324744
1305031126.879357 -0.038894907 0.175041541 0.143098399 -0.100009039 -0.033748906 0.006766370 0.994390965
1305031126.911364 -0.037800536 0.176744193 0.142372504 -0.099969089 -0.031871427 0.006090372 0.994461298
1305031126.947437 -0.037291061 0.176275119 0.140508175 -0.101771243 -0.031049503 0.008462568 0.994287133
1305031126.979337 -0.037526995 0.174524397 0.139968678 -0.102912113 -0.031732019 0.009515073 0.994138658
1305031127.011371 -0.037717018 0.172103718 0.139134467 -0.102563567 -0.032324873 0.009829968 0.994152486
1305031127.047297 -0.036079548 0.174724683 0.138911858 -0.100645937 -0.033419386 0.010755271 0.994302690
1305031127.079299 -0.037237700 0.174330115 0.139189094 -0.100761488 -0.033468813 0.011048857 0.994286120
1305031127.111435 -0.039076600 0.168251678 0.139179602 -0.102287672 -0.034761876 0.011385445 0.994082093
1305031127.147307 -0.039059836 0.166300863 0.140715435 -0.100898400 -0.038297899 0.012122287 0.994085431
1305031127.179349 -0.038203083 0.166893631 0.140770748 -0.098101176 -0.041502800 0.011875425 0.994239748
1305031127.211700 -0.036433995 0.164992481 0.142408714 -0.097552992 -0.043691706 0.011559967 0.994203627
1305031127.247374 -0.035543948 0.159607053 0.144398674 -0.096885391 -0.044285689 0.010662263 0.994252622
1305031127.279465 -0.037352905 0.160358995 0.144384786 -0.093457639 -0.043789811 0.009530125 0.994614124
1305031127.311362 -0.038775872 0.156641483 0.146022201 -0.094359010 -0.044257190 0.008737536 0.994515598
1305031127.347356 -0.037499100 0.147825047 0.149142295 -0.095045634 -0.046599839 0.008456761 0.994345665
1305031127.379262 -0.039277475 0.150464848 0.149338782 -0.090399057 -0.047006190 0.008012271 0.994763374
1305031127.411371 -0.039979223 0.148840904 0.151182383 -0.090124734 -0.047984283 0.007332264 0.994746864
1305031127.447333 -0.039973289 0.142309934 0.154224962 -0.090993695 -0.049468491 0.007321599 0.994595110
1305031127.479362 -0.041024841 0.145654872 0.154778525 -0.087032162 -0.050225366 0.006483116 0.994917452
1305031127.511356 -0.041696906 0.144242853 0.156596363 -0.088183291 -0.051244184 0.005334322 0.994770944
1305031127.547348 -0.040839396 0.138264328 0.159295127 -0.089588404 -0.052716590 0.005226687 0.994569063
1305031127.579345 -0.041790467 0.139564097 0.159729928 -0.086976945 -0.052860629 0.005008023 0.994794309
1305031127.611271 -0.042157628 0.141179368 0.160642505 -0.086539917 -0.053330537 0.004910011 0.994807780
1305031127.647358 -0.041345820 0.136722043 0.162616134 -0.088685684 -0.053999841 0.006122827 0.994575977
1305031127.679298 -0.041635547 0.135199428 0.163039520 -0.087328643 -0.054416519 0.006960371 0.994667828
1305031127.711375 -0.042559862 0.138421431 0.162409350 -0.085397385 -0.054817490 0.006405906 0.994817257
1305031127.747304 -0.041669175 0.134865671 0.164130256 -0.087655857 -0.055697348 0.006627383 0.994570434
1305031127.779346 -0.041814055 0.131636217 0.164660230 -0.087375171 -0.055873487 0.006729532 0.994584560
1305031127.811829 -0.042978570 0.133287877 0.163316607 -0.085110910 -0.055708233 0.005458354 0.994797945
1305031127.847366 -0.043684851 0.132487893 0.163011953 -0.085592180 -0.055488747 0.004719658 0.994772673
1305031127.879380 -0.045168277 0.130671620 0.163053229 -0.086032458 -0.055281308 0.004244324 0.994748414
1305031127.911476 -0.046056338 0.131134227 0.163170621 -0.085354537 -0.055938192 0.003761954 0.994772017
1305031127.947366 -0.046368353 0.133049220 0.163599744 -0.085264072 -0.056727551 0.003972757 0.994734228
1305031127.979371 -0.045748807 0.131868064 0.165588111 -0.087150216 -0.057881080 0.003933449 0.994504452
1305031128.011427 -0.044459753 0.132490203 0.167492807 -0.087858796 -0.058518350 0.003667671 0.994405866
1305031128.047369 -0.043635510 0.129429996 0.170917735 -0.091198675 -0.057941951 0.004764549 0.994134188
1305031128.079334 -0.044094995 0.126241714 0.172463462 -0.091868699 -0.057430554 0.005539694 0.994098186
1305031128.111391 -0.044046909 0.126137286 0.173405588 -0.091035970 -0.057672177 0.006301570 0.994156241
1305031128.147418 -0.043409631 0.125372559 0.174943089 -0.091925614 -0.057974387 0.008013324 0.994044483
1305031128.179350 -0.041115582 0.120313406 0.178126514 -0.092673808 -0.059059147 0.009247730 0.993900418
1305031128.211447 -0.042706408 0.122001164 0.176372677 -0.090053812 -0.058172822 0.009568851 0.994190454
1305031128.247480 -0.042966422 0.122954898 0.176430851 -0.090027042 -0.058553293 0.009949859 0.994166791
1305031128.279336 -0.041641477 0.118812501 0.178281575 -0.091510288 -0.059550639 0.009933895 0.993972242
1305031128.311483 -0.042471029 0.120487265 0.177209765 -0.089463279 -0.059173744 0.009346385 0.994186819
1305031128.347423 -0.043370157 0.120757684 0.176931426 -0.089323811 -0.058993775 0.008344848 0.994218946
1305031128.379404 -0.043495618 0.118824825 0.177606001 -0.090123117 -0.059493188 0.006769036 0.994129062
1305031128.411337 -0.043770730 0.118158847 0.177382901 -0.089504518 -0.059440508 0.005643633 0.994195104
1305031128.447296 -0.044800125 0.118391402 0.176679671 -0.088884614 -0.059112664 0.004374319 0.994276643
1305031128.479296 -0.044935383 0.117086969 0.177009493 -0.089431137 -0.059409913 0.003280573 0.994214118
1305031128.511433 -0.044927463 0.116315544 0.176999569 -0.089124911 -0.059250478 0.002596155 0.994253159
1305031128.547399 -0.044594672 0.115732610 0.177235425 -0.089292958 -0.058869880 0.002136022 0.994261801
1305031128.579455 -0.044589333 0.112844661 0.177607223 -0.089629926 -0.058297526 0.001814632 0.994265795
1305031128.611395 -0.046416808 0.112945579 0.176378340 -0.088103332 -0.057664841 0.002016840 0.994438767
1305031128.647352 -0.047825485 0.113224491 0.175179496 -0.087384887 -0.058330141 0.002184662 0.994463027
1305031128.679282 -0.046172626 0.111140296 0.176023126 -0.087728910 -0.060489792 0.001959360 0.994304121
1305031128.711457 -0.044610821 0.111271963 0.176141262 -0.086451024 -0.061087120 0.001190560 0.994380772
1305031128.747363 -0.045036212 0.112123191 0.175056264 -0.085265301 -0.059834570 0.000038949 0.994560003
