0.000000 0.000000000 0.000000000 0.000000000 0.000000000 0.000000000 0.000000000 1.000000000
1.000000 0.000040513 -0.000087653 0.000564834 0.001815027 -0.000733397 0.000306423 0.999998033
2.000000 -0.002932050 0.007124101 -0.001753231 0.002853059 -0.000471704 -0.000031905 0.999995828
3.000000 -0.002083838 0.005950733 -0.000711356 0.000823344 -0.000628022 0.000152455 0.999999464
4.000000 -0.001853112 0.006098825 -0.002112631 0.000651458 -0.000247714 -0.000105190 0.999999762
5.000000 -0.001561908 0.006863551 -0.001611877 0.000317879 0.000318832 -0.000397085 0.999999821
6.000000 -0.000915045 0.006112615 -0.002360635 -0.001032204 0.000401931 -0.000714121 0.999999106
7.000000 -0.001470619 0.002162252 -0.001714235 -0.002253351 0.000493836 -0.000510488 0.999997199
8.000000 -0.002774848 0.002373523 -0.000657130 -0.001421607 0.000631642 -0.000379370 0.999998689
9.000000 -0.000622879 0.004212933 -0.001568032 -0.001001131 0.000287914 -0.000526685 0.999999344
10.000000 -0.001428889 0.002572388 -0.001409981 -0.001644211 0.000380205 -0.000501759 0.999998450
11.000000 -0.002555408 0.000566152 -0.001637080 -0.001280149 0.000614966 -0.000377760 0.999998927
12.000000 -0.001190378 0.000960296 0.001437032 0.000091269 0.000425516 -0.000197721 0.999999881
13.000000 -0.001053974 -0.000492058 0.000947841 0.000910854 0.000369519 0.000279043 0.999999464
14.000000 -0.000170888 -0.001194889 0.002093551 0.001525387 -0.000100036 0.000626557 0.999998629
15.000000 -0.000664956 -0.001028729 0.001313515 0.002215554 -0.000249631 0.000978681 0.999997020
16.000000 -0.000282465 0.000053635 0.001178032 0.002566883 -0.000417560 0.001112713 0.999996006
17.000000 -0.002060099 0.002390768 -0.000422446 0.002962705 -0.000354950 0.000941222 0.999995112
18.000000 -0.001002495 0.002865103 -0.000645845 0.002484566 -0.000765475 0.000296508 0.999996543
19.000000 0.001096362 0.003902430 -0.000703670 0.002273862 -0.001038635 -0.000552679 0.999996722
20.000000 -0.001137784 0.002622678 -0.000318288 0.001201336 -0.000445064 -0.001307017 0.999998331
21.000000 -0.000648685 0.000609756 -0.000165592 0.000444388 -0.000318160 -0.001712670 0.999998391
22.000000 -0.002266652 0.002965683 -0.000875003 0.000527589 -0.000187115 -0.002126641 0.999997556
23.000000 -0.001210153 0.001776946 -0.000651540 -0.000090237 -0.000440662 -0.002223598 0.999997437
24.000000 -0.002163311 0.001653748 -0.001143824 -0.000200008 -0.000570205 -0.002400005 0.999996960
25.000000 -0.001487011 0.000833947 -0.000155431 -0.000265188 -0.000967728 -0.002572358 0.999996185
26.000000 -0.000774297 0.001202349 0.000394396 0.000070276 -0.001175531 -0.002702480 0.999995649
27.000000 -0.001948067 0.001681979 0.000172199 0.000267973 -0.001048881 -0.003039026 0.999994814
28.000000 -0.001685590 -0.000020490 0.000315400 -0.000120465 -0.001021089 -0.003303863 0.999994040
29.000000 -0.003599022 -0.000340577 0.001052670 0.000031280 -0.000666968 -0.003548969 0.999993443
30.000000 -0.005408079 -0.000709575 0.000527162 0.000312727 -0.000270368 -0.003827105 0.999992609
31.000000 -0.002302231 0.000395357 0.000336392 0.000412852 -0.000785310 -0.003871385 0.999992132
32.000000 -0.002811153 0.000589774 0.000420606 -0.000369543 -0.000896531 -0.004398789 0.999989867
33.000000 -0.007192551 0.001682411 0.000553886 -0.000089069 -0.000283042 -0.004884841 0.999988019
34.000000 -0.009380233 0.004974270 0.000499045 -0.000031983 0.000084542 -0.005093001 0.999987006
35.000000 -0.006841226 0.003957997 0.000425962 -0.000992505 0.000021112 -0.005272779 0.999985576
36.000000 -0.010706558 0.003072824 0.000825103 -0.001386873 0.001519260 -0.005256278 0.999984086
37.000000 -0.009340741 0.003906614 0.000710215 -0.001275213 0.002165087 -0.005195456 0.999983370
38.000000 -0.011965261 0.008681696 0.001181445 -0.001571563 0.003589813 -0.004977771 0.999979913
39.000000 -0.012790270 0.009891721 0.001345017 -0.003207910 0.004356514 -0.004060768 0.999977112
40.000000 -0.013022741 0.004921983 0.002822330 -0.004438724 0.004430394 -0.002979462 0.999975920
41.000000 -0.016796509 0.007591963 0.003027118 -0.003354358 0.005021880 -0.002088466 0.999979556
42.000000 -0.018182572 0.006633523 0.004209747 -0.003406414 0.005406402 -0.001411203 0.999978602
43.000000 -0.019175304 0.006441649 0.006714906 -0.003184500 0.005773894 -0.001136941 0.999977589
44.000000 -0.018119911 0.006711409 0.007708487 -0.002357117 0.006365727 -0.001389056 0.999975979
45.000000 -0.018826451 0.009919379 0.010093537 -0.001952896 0.007140871 -0.002462565 0.999969542
46.000000 -0.020237701 0.012142072 0.013556760 -0.002761722 0.008526623 -0.003814805 0.999952555
47.000000 -0.020848598 0.012127395 0.017817616 -0.003568215 0.009608325 -0.005129419 0.999934316
48.000000 -0.021192281 0.011971036 0.019925479 -0.004441188 0.009961159 -0.006939841 0.999916434
49.000000 -0.021912320 0.011623397 0.025211444 -0.006526354 0.010536714 -0.008769820 0.999884725
50.000000 -0.021505494 0.017221333 0.033073325 -0.007237045 0.011054531 -0.010765881 0.999854743
51.000000 -0.019084273 0.019864229 0.040684491 -0.007416668 0.010789900 -0.012426451 0.999837041
52.000000 -0.015134651 0.021699138 0.045896731 -0.007899840 0.010041054 -0.013582494 0.999826133
53.000000 -0.011537598 0.023542274 0.052387040 -0.009240224 0.009722568 -0.014909247 0.999798894
54.000000 -0.011927255 0.024694595 0.058910634 -0.010375094 0.009760346 -0.015754737 0.999774396
55.000000 -0.011289247 0.017495761 0.066976890 -0.011930702 0.008746720 -0.016429760 0.999755561
56.000000 -0.013770525 0.016412072 0.073405527 -0.011965280 0.007872327 -0.017479800 0.999744654
57.000000 -0.005272928 0.015837159 0.083163038 -0.011421457 0.005484156 -0.018792734 0.999743104
58.000000 -0.002903231 0.014457247 0.090614505 -0.009792916 0.004170334 -0.020417005 0.999734879
59.000000 -0.000717209 0.016484542 0.099305883 -0.008492473 0.002871077 -0.022863872 0.999698400
60.000000 0.003864572 0.017273534 0.109076008 -0.008191565 0.001554599 -0.025414361 0.999642253
61.000000 0.009274190 0.015425605 0.117774293 -0.008022537 -0.000219788 -0.027858758 0.999579608
62.000000 0.014266135 0.014668967 0.127231807 -0.007715187 -0.002470340 -0.030224115 0.999510288
63.000000 0.014810247 0.013453128 0.136664748 -0.007642832 -0.004073053 -0.032515015 0.999433696
64.000000 0.021112908 0.011693723 0.146243915 -0.007663920 -0.007000638 -0.035278320 0.999323606
65.000000 0.026207913 0.013884930 0.155346990 -0.007951977 -0.009311693 -0.038784049 0.999172568
66.000000 0.032022685 0.008169755 0.165590256 -0.009361770 -0.011711056 -0.041952532 0.999007106
67.000000 0.032171279 0.006559541 0.173508853 -0.007463327 -0.013455052 -0.045865964 0.998829126
68.000000 0.040892024 0.007789826 0.183149651 -0.005746529 -0.016794216 -0.048822861 0.998649716
69.000000 0.044518825 0.009505999 0.192351773 -0.005320034 -0.019337663 -0.051551394 0.998468935
70.000000 0.050580420 0.005055773 0.202064916 -0.006051049 -0.022686884 -0.053138323 0.998311102
71.000000 0.054590944 0.004464660 0.211591765 -0.005623623 -0.025755078 -0.054413125 0.998170435
72.000000 0.059435703 0.004664833 0.218690127 -0.005947727 -0.028756209 -0.055907249 0.998004079
73.000000 0.062537618 0.003967862 0.227452695 -0.006304230 -0.031721719 -0.057551779 0.997818530
74.000000 0.067049712 -0.000827723 0.236506298 -0.005854115 -0.035439689 -0.059807725 0.997563422
75.000000 0.071024686 0.001045770 0.244879365 -0.004570112 -0.039010458 -0.062973097 0.997242033
76.000000 0.073871031 0.006890644 0.251290947 -0.004520434 -0.042273823 -0.066046849 0.996910393
77.000000 0.077904731 0.006095424 0.261106879 -0.005708191 -0.045662984 -0.069639802 0.996510208
78.000000 0.082086198 -0.000679879 0.270675391 -0.006409986 -0.048765112 -0.073203728 0.996103466
79.000000 0.087537602 0.008132042 0.277044803 -0.004500194 -0.052520383 -0.076277636 0.995692253
80.000000 0.089629412 0.006650293 0.285539210 -0.005582746 -0.056573980 -0.079637051 0.995201588
81.000000 0.089892343 0.010517051 0.293480933 -0.005499385 -0.060192574 -0.083264545 0.994692743
82.000000 0.093342789 0.010842068 0.301551819 -0.006324719 -0.064579748 -0.086916834 0.994100034
83.000000 0.096986309 0.010585134 0.310588807 -0.008332529 -0.068787500 -0.089985706 0.993529797
84.000000 0.098340198 0.006422489 0.319223881 -0.010491223 -0.072807401 -0.092591368 0.992983282
85.000000 0.101955205 0.006887726 0.328440964 -0.010921836 -0.077505171 -0.095383979 0.992358565
86.000000 0.104202360 0.007509365 0.338414371 -0.010877346 -0.081949361 -0.098209359 0.991726220
87.000000 0.106229171 0.007776185 0.347179115 -0.010655135 -0.085964628 -0.101150677 0.991092861
88.000000 0.111840077 0.002865614 0.356217504 -0.011470907 -0.090211496 -0.104160443 0.990394294
89.000000 0.112135060 0.001687432 0.365292996 -0.011027814 -0.093092330 -0.107406862 0.989785790
90.000000 0.112156339 0.002215904 0.376112282 -0.010150842 -0.096156381 -0.111056305 0.989099264
91.000000 0.112087190 0.006077866 0.386060357 -0.009541899 -0.098782532 -0.114208058 0.988487482
92.000000 0.111789197 0.008823426 0.395895243 -0.009424116 -0.101800181 -0.116154060 0.987955511
93.000000 0.119463228 0.001605691 0.406681627 -0.011321449 -0.106977329 -0.117567569 0.987221122
94.000000 0.119856909 0.000686180 0.414364129 -0.011873419 -0.110888511 -0.119370125 0.986566544
95.000000 0.124852307 -0.001960358 0.427701861 -0.013314785 -0.116320401 -0.121592954 0.985650778
96.000000 0.126792818 -0.007502906 0.438853979 -0.014146687 -0.121060416 -0.125042036 0.984636366
97.000000 0.129017755 -0.006157823 0.449131966 -0.012282008 -0.125265956 -0.128637776 0.983671665
98.000000 0.135859847 -0.003749616 0.461416632 -0.011099709 -0.130031273 -0.132245854 0.982588291
99.000000 0.130485445 -0.006759046 0.470716655 -0.010476807 -0.132962555 -0.135882929 0.981706202
100.000000 0.130773127 -0.008067543 0.481801182 -0.007830545 -0.136889189 -0.138796911 0.980783105
101.000000 0.131746709 -0.008767631 0.490939081 -0.005544110 -0.140871987 -0.141110748 0.979904115
102.000000 0.129305467 -0.013773616 0.501544654 -0.004191549 -0.144789651 -0.143430784 0.979002535
103.000000 0.135160089 -0.015639683 0.511783004 -0.001124289 -0.150473744 -0.145556897 0.977839231
104.000000 0.138985991 -0.017913008 0.521500766 0.001033700 -0.155114859 -0.147495419 0.976823151
105.000000 0.133950725 -0.016711695 0.529990613 0.003865953 -0.157848313 -0.149589673 0.976059377
106.000000 0.137744650 -0.019996895 0.537918508 0.005716705 -0.162326083 -0.150975317 0.975102067
107.000000 0.140762940 -0.021622326 0.547119319 0.007063219 -0.166662619 -0.152540326 0.974117637
108.000000 0.136809528 -0.030150969 0.556166828 0.007901192 -0.170470238 -0.154433325 0.973153532
109.000000 0.148842335 -0.031612635 0.567097783 0.011048299 -0.177610487 -0.154916123 0.971768200
110.000000 0.146496564 -0.033263665 0.573869884 0.013368599 -0.183048114 -0.155304283 0.970667422
111.000000 0.146865919 -0.033698898 0.582471132 0.015563197 -0.189090088 -0.155312806 0.969474435
112.000000 0.147664100 -0.036731172 0.590843499 0.017467758 -0.195435047 -0.155795977 0.968105137
113.000000 0.147523165 -0.037119433 0.598726511 0.019791149 -0.201356769 -0.156377375 0.966752231
114.000000 0.144178569 -0.037151217 0.605706692 0.021457488 -0.206635088 -0.157284424 0.965454876
115.000000 0.148330271 -0.038788162 0.616606116 0.023148602 -0.212866604 -0.158621281 0.963841915
116.000000 0.146917894 -0.043196063 0.623750091 0.024140513 -0.218093693 -0.159561485 0.962492883
117.000000 0.147503719 -0.040893737 0.634329379 0.025776830 -0.224785045 -0.160149679 0.960811794
118.000000 0.151524648 -0.042983975 0.644313216 0.027359787 -0.232538477 -0.160130754 0.958924115
119.000000 0.151124075 -0.040716052 0.652759492 0.029448178 -0.238578320 -0.161003143 0.957230985
120.000000 0.151136309 -0.043028671 0.663580000 0.030234981 -0.245021030 -0.162458360 0.955331266
121.000000 0.149127513 -0.044243038 0.673472583 0.031878110 -0.251404703 -0.164608225 0.953248978
122.000000 0.156199098 -0.044323973 0.686344385 0.033568375 -0.259280622 -0.165815145 0.950869083
123.000000 0.154381871 -0.047415607 0.694905519 0.034503084 -0.265073478 -0.166874647 0.949051321
124.000000 0.156288326 -0.048893627 0.706822038 0.036009040 -0.272079915 -0.167924225 0.946824849
125.000000 0.154676080 -0.049763422 0.715724885 0.037592024 -0.278071851 -0.169189885 0.944795072
126.000000 0.155465394 -0.051432341 0.727883637 0.038408432 -0.284132600 -0.171140566 0.942605078
127.000000 0.154531837 -0.053743511 0.736792147 0.039432470 -0.289566576 -0.173827097 0.940415025
128.000000 0.153408676 -0.054336537 0.744102478 0.041177701 -0.294911861 -0.175468057 0.938372195
129.000000 0.152439833 -0.053903233 0.752429366 0.041325789 -0.299878746 -0.177057281 0.936491132
130.000000 0.157655329 -0.054671489 0.763219476 0.040582176 -0.306374431 -0.178380102 0.934167206
131.000000 0.155832082 -0.057248589 0.772077799 0.039942801 -0.312042177 -0.179523468 0.932097435
132.000000 0.155912846 -0.056355756 0.778014600 0.040227499 -0.317826390 -0.181181669 0.929807186
133.000000 0.160969794 -0.058049705 0.791307211 0.040041156 -0.324829608 -0.183400348 0.926955640
134.000000 0.159949332 -0.058354709 0.797503591 0.041037638 -0.330503106 -0.185439572 0.924497604
135.000000 0.158924818 -0.057948723 0.804446459 0.041131254 -0.336900175 -0.187426358 0.921779692
136.000000 0.165561020 -0.056823991 0.815879226 0.040814798 -0.344787061 -0.189163387 0.918516874
137.000000 0.167384416 -0.058324531 0.824544489 0.039750174 -0.351509035 -0.189668000 0.915907979
138.000000 0.168660194 -0.056297146 0.832879424 0.040057495 -0.358872473 -0.189139381 0.913144171
139.000000 0.164258599 -0.056985896 0.836625099 0.039921530 -0.365979820 -0.189520478 0.910245597
140.000000 0.163333595 -0.056214917 0.850705147 0.037600212 -0.381052107 -0.189748943 0.904091179
141.000000 0.164958537 -0.053113431 0.859704196 0.037518155 -0.389522284 -0.188835457 0.900669694
142.000000 0.165651560 -0.050351080 0.866842747 0.036724884 -0.397646338 -0.188038602 0.897312760
143.000000 0.163627505 -0.050879631 0.873513699 0.035364810 -0.404946119 -0.187458724 0.894218743
144.000000 0.159699023 -0.051116724 0.880681753 0.034886230 -0.411863208 -0.187149480 0.891137898
145.000000 0.159018576 -0.052712433 0.887512922 0.035446577 -0.419538528 -0.186370522 0.887691975
146.000000 0.155139208 -0.051562037 0.892063975 0.036612071 -0.426593274 -0.186267734 0.884297490
147.000000 0.152876258 -0.048374381 0.898309827 0.036598537 -0.433520973 -0.186654583 0.880840600
148.000000 0.148833215 -0.051307082 0.902917624 0.035518795 -0.440112889 -0.187426820 0.877445281
149.000000 0.143807948 -0.052461319 0.908909738 0.034845781 -0.446678311 -0.188114658 0.874000669
150.000000 0.141354501 -0.049625084 0.916631579 0.035083715 -0.453322768 -0.188140571 0.870557725
151.000000 0.136694044 -0.048895054 0.922262311 0.035134126 -0.459519684 -0.188156009 0.867297292
152.000000 0.133140236 -0.050770614 0.931242108 0.035426307 -0.466940612 -0.188371852 0.863265574
153.000000 0.128887802 -0.048368212 0.938042462 0.036300912 -0.473260701 -0.188189119 0.859820545
154.000000 0.123105705 -0.048996326 0.944921613 0.036559030 -0.479193002 -0.188527957 0.856443048
155.000000 0.112643421 -0.046081893 0.956562400 0.036484309 -0.488826841 -0.188369796 0.851019442
156.000000 0.107684612 -0.046485472 0.966366053 0.035452183 -0.495001823 -0.188091353 0.847548187
157.000000 0.102001876 -0.043483134 0.971650422 0.035598312 -0.500537336 -0.188007623 0.844303429
158.000000 0.096255809 -0.043992665 0.978246868 0.034800984 -0.506380081 -0.189195886 0.840578973
159.000000 0.091043770 -0.045067236 0.985460162 0.034323689 -0.512196958 -0.190179527 0.836844027
160.000000 0.085062891 -0.045617774 0.992351174 0.034793343 -0.518008530 -0.191544294 0.832926989
161.000000 0.078851104 -0.044224739 0.998034775 0.034907933 -0.523050785 -0.193476647 0.829316616
162.000000 0.073966801 -0.045683533 1.004200459 0.033776850 -0.528138518 -0.194954649 0.825785398
163.000000 0.067022830 -0.045976162 1.009981513 0.033390235 -0.533934295 -0.195883796 0.821844757
164.000000 0.061332256 -0.045549594 1.015931606 0.032913245 -0.539883375 -0.196989015 0.817702889
165.000000 0.057085663 -0.046560831 1.023952365 0.031692896 -0.546023071 -0.197912470 0.813440263
166.000000 0.051732093 -0.046909746 1.030287027 0.031092044 -0.551769078 -0.197521418 0.809672415
167.000000 0.046003073 -0.045758191 1.033688188 0.031449642 -0.556941867 -0.197626904 0.806083322
168.000000 0.040647030 -0.044455286 1.039668322 0.030464310 -0.562158823 -0.198332518 0.802317679
169.000000 0.034842074 -0.044537924 1.043743491 0.030025249 -0.567029774 -0.198576704 0.798838556
170.000000 0.032096535 -0.042571228 1.050854802 0.030088469 -0.573015749 -0.198101044 0.794672072
171.000000 0.029879332 -0.044955157 1.053897381 0.027898755 -0.578265309 -0.198678195 0.790795743
172.000000 0.025584131 -0.044611469 1.058076382 0.025507081 -0.583495319 -0.198569030 0.787053347
173.000000 0.022584885 -0.043924101 1.060512662 0.023546034 -0.588885546 -0.197564542 0.783343852
174.000000 0.019600809 -0.038125798 1.064542651 0.022516454 -0.594866335 -0.195660442 0.779322803
175.000000 0.015523911 -0.039868262 1.066591024 0.019875854 -0.600553274 -0.194958523 0.775197983
176.000000 0.014192596 -0.034784030 1.070769429 0.018501341 -0.606863797 -0.192706108 0.770868599
177.000000 0.010998145 -0.033204805 1.071783423 0.016611153 -0.612919569 -0.191895396 0.766309202
178.000000 0.008418679 -0.030612946 1.076201439 0.015181273 -0.619540215 -0.190593272 0.761323631
179.000000 0.006097987 -0.029520568 1.078496933 0.013768427 -0.625873804 -0.189083681 0.756531358
180.000000 0.003668308 -0.028097849 1.079665661 0.012111925 -0.632037163 -0.187661618 0.751774848
181.000000 0.001721114 -0.026645105 1.081740379 0.010368213 -0.638357162 -0.185873970 0.746889174
182.000000 -0.000262111 -0.025103211 1.082049489 0.009532590 -0.644797266 -0.184397534 0.741716325
183.000000 -0.002795190 -0.026618980 1.087148070 0.006780345 -0.659165204 -0.181708857 0.729682922
184.000000 -0.004707843 -0.026590770 1.087985158 0.006899352 -0.666416764 -0.180296808 0.723418355
185.000000 -0.007121280 -0.025298564 1.091202497 0.006893648 -0.673290730 -0.179622576 0.717194378
186.000000 -0.009487018 -0.024253698 1.095337987 0.006299398 -0.679770827 -0.180078611 0.710945606
187.000000 -0.010795705 -0.024110297 1.100417733 0.005452473 -0.686244249 -0.180380836 0.704628885
188.000000 -0.012522280 -0.023760814 1.103719115 0.004042532 -0.692074597 -0.181999519 0.698493063
189.000000 -0.014208034 -0.022173548 1.106934667 0.003450209 -0.697727621 -0.184238926 0.692257404
190.000000 -0.014005402 -0.022582565 1.110623121 0.004625013 -0.703813195 -0.185280919 0.685781717
191.000000 -0.014561160 -0.022612872 1.116992712 0.006021017 -0.710220337 -0.185670555 0.679026723
192.000000 -0.014759250 -0.022938663 1.123262167 0.005793763 -0.716043830 -0.186528698 0.672647536
193.000000 -0.015232362 -0.023112714 1.126472473 0.005337904 -0.721112669 -0.187573954 0.666921318
194.000000 -0.015257709 -0.022933628 1.129919291 0.005147915 -0.726369321 -0.187763453 0.661139905
195.000000 -0.015563175 -0.022331540 1.133162141 0.004707471 -0.731414139 -0.187699944 0.655576050
196.000000 -0.015895568 -0.020713646 1.134713054 0.004115031 -0.736029387 -0.187582210 0.650428116
197.000000 -0.015431568 -0.021860050 1.139333725 0.002907906 -0.741269529 -0.187718540 0.644416630
198.000000 -0.014777601 -0.021736763 1.140796661 0.002394889 -0.745970488 -0.187227637 0.639115095
199.000000 -0.015726894 -0.019528069 1.140913963 0.002214060 -0.750128686 -0.186733782 0.634375691
200.000000 -0.015257508 -0.017785817 1.147447228 0.000782641 -0.755161226 -0.185340792 0.628792226
201.000000 -0.014860645 -0.017222054 1.146797776 -0.000044493 -0.759273767 -0.184931055 0.623942256
202.000000 -0.015687600 -0.017404426 1.148421645 -0.000676001 -0.763685584 -0.184095457 0.618783236
203.000000 -0.015879452 -0.017354295 1.150977492 -0.001163497 -0.768102050 -0.182806566 0.613677144
204.000000 -0.015970245 -0.018087711 1.153138638 -0.001465223 -0.772356331 -0.181623071 0.608667970
205.000000 -0.016374573 -0.019187845 1.152282476 -0.002041351 -0.776205301 -0.180487856 0.604090512
206.000000 -0.017163277 -0.018789813 1.154041767 -0.002056786 -0.780653417 -0.178246766 0.599002659
207.000000 -0.017294779 -0.020065106 1.152444839 -0.001999832 -0.784494638 -0.176491246 0.594487131
208.000000 -0.017991334 -0.017446525 1.153484225 -0.002371989 -0.788516223 -0.173792094 0.589943051
209.000000 -0.018757075 -0.017445236 1.153872252 -0.003669035 -0.792152941 -0.172540933 0.585414231
210.000000 -0.019095212 -0.018793315 1.154386520 -0.005171139 -0.795756102 -0.171582848 0.580779552
211.000000 -0.019775659 -0.019029774 1.151500940 -0.006250481 -0.798876822 -0.170449898 0.576804578
212.000000 -0.020539850 -0.017851047 1.148777008 -0.006939048 -0.802129030 -0.168934241 0.572714686
213.000000 -0.022056073 -0.014912218 1.147872448 -0.007573401 -0.805335224 -0.167112306 0.568727732
214.000000 -0.022755831 -0.016005032 1.147651672 -0.008494711 -0.808339477 -0.165956154 0.564777553
215.000000 -0.023258597 -0.016764246 1.144724131 -0.008768164 -0.811070263 -0.164470434 0.561282218
216.000000 -0.023693383 -0.018200062 1.143143654 -0.009284301 -0.814088643 -0.162602246 0.557435274
217.000000 -0.025036782 -0.018438905 1.141043782 -0.009599522 -0.817191124 -0.160586089 0.553460598
218.000000 -0.026085973 -0.017895125 1.139940619 -0.009466677 -0.820257902 -0.158422366 0.549535871
219.000000 -0.025964648 -0.022058584 1.137742519 -0.009623206 -0.823249400 -0.156930611 0.545472920
220.000000 -0.026281536 -0.020965129 1.136438131 -0.008192797 -0.826163411 -0.155187249 0.541575491
221.000000 -0.027752757 -0.022443168 1.134436488 -0.007105639 -0.828821540 -0.153450191 0.538012505
222.000000 -0.029479086 -0.022633441 1.131280780 -0.005663706 -0.831070125 -0.151405364 0.535132527
223.000000 -0.030682474 -0.023110673 1.128951907 -0.005140046 -0.833453536 -0.149066031 0.532079041
224.000000 -0.031577647 -0.025599241 1.126522303 -0.005562764 -0.835932791 -0.146810055 0.528802752
225.000000 -0.033634514 -0.026144259 1.123739481 -0.005200230 -0.838719308 -0.144420922 0.525038600
226.000000 -0.034949660 -0.027991213 1.120254040 -0.005133400 -0.841273487 -0.142328545 0.521512330
227.000000 -0.036755592 -0.027140431 1.117677450 -0.004228665 -0.843870342 -0.139592946 0.518052816
228.000000 -0.038279384 -0.026716173 1.114869714 -0.003734039 -0.846034467 -0.136903599 0.515237033
229.000000 -0.040678769 -0.027731545 1.112203717 -0.004328366 -0.847831547 -0.134247139 0.512972474
230.000000 -0.040308028 -0.031423636 1.106865883 -0.004654901 -0.849630654 -0.133070692 0.510292411
231.000000 -0.042549849 -0.030552208 1.103696465 -0.003812580 -0.851639807 -0.130731747 0.507547379
232.000000 -0.044556290 -0.032315016 1.102016330 -0.002937801 -0.853676081 -0.128060773 0.504805923
233.000000 -0.046595216 -0.034034625 1.097327232 -0.001780514 -0.855155766 -0.125439212 0.502961576
234.000000 -0.049435288 -0.034835361 1.094761848 -0.000695285 -0.856505334 -0.122784831 0.501320302
235.000000 -0.051294953 -0.036598720 1.089938164 0.001045871 -0.857500672 -0.121008843 0.500048339
236.000000 -0.054300845 -0.037462398 1.086618543 -0.002028055 0.858557045 0.118835613 -0.498752236
237.000000 -0.062313110 -0.042645819 1.080382705 -0.005231210 0.860781670 0.115325384 -0.495709240
238.000000 -0.063322067 -0.046776399 1.074830174 -0.006832366 0.861735046 0.112781771 -0.494617343
239.000000 -0.065889716 -0.049547493 1.069962025 -0.009347321 0.862994730 0.109892622 -0.493027717
240.000000 -0.070630133 -0.052160114 1.067713618 -0.011510788 0.864537358 0.106096432 -0.491107166
241.000000 -0.072030485 -0.050468422 1.061818242 -0.014680357 0.865619302 0.101757482 -0.490033776
242.000000 -0.076331288 -0.056187660 1.058605433 -0.016455015 0.866663158 0.098543525 -0.488787651
243.000000 -0.079255223 -0.055487417 1.052986026 -0.018722860 0.867505670 0.094721258 -0.487966478
244.000000 -0.082463831 -0.056352586 1.048922539 -0.019882489 0.868267775 0.091264173 -0.487223268
245.000000 -0.086557269 -0.060000509 1.045523643 -0.019541726 0.869206727 0.088462830 -0.486078352
246.000000 -0.088892996 -0.062432602 1.038798928 -0.020255160 0.869979858 0.085307620 -0.485229194
247.000000 -0.095230490 -0.069808319 1.036375046 -0.019904008 0.871317923 0.082274206 -0.483363003
248.000000 -0.095912308 -0.067652591 1.028981566 -0.021877868 0.872026026 0.078146368 -0.482685238
249.000000 -0.098383874 -0.069846496 1.023630261 -0.023114534 0.872865677 0.074804805 -0.481638253
250.000000 -0.106343627 -0.074468583 1.021134019 -0.023724532 0.874400854 0.071530141 -0.479315877
251.000000 -0.108498693 -0.076162979 1.016885161 -0.025234425 0.875808835 0.067403927 -0.477261782
252.000000 -0.111418873 -0.078880839 1.010703921 -0.027154580 0.877110541 0.064192452 -0.475204229
253.000000 -0.113315493 -0.081824899 1.003314853 -0.029381627 0.878345311 0.061058652 -0.473199815
254.000000 -0.117065549 -0.085495606 0.998460054 -0.031663019 0.879782021 0.057633817 -0.470807105
255.000000 -0.121182501 -0.086525932 0.993897319 -0.033959698 0.881238043 0.053946979 -0.468354493
256.000000 -0.123489082 -0.090695940 0.988206387 -0.036182147 0.882502079 0.050835036 -0.466150999
257.000000 -0.127852142 -0.093043812 0.984333992 -0.037584629 0.884003937 0.048035409 -0.463483572
258.000000 -0.129609585 -0.096062079 0.978421450 -0.039026689 0.885156155 0.046290167 -0.461338013
259.000000 -0.133154243 -0.101867273 0.974264860 -0.039810836 0.886758566 0.043959890 -0.458412319
260.000000 -0.136255771 -0.100986153 0.967146397 -0.041666210 0.888233662 0.040424477 -0.455709100
261.000000 -0.140023500 -0.105408028 0.960885167 -0.043073356 0.889597952 0.038437583 -0.453081369
262.000000 -0.142879367 -0.107049577 0.955060601 -0.044032231 0.891053796 0.036349867 -0.450292081
263.000000 -0.146746546 -0.110032678 0.950030208 -0.044960253 0.892864943 0.034410499 -0.446751297
264.000000 -0.148616344 -0.109691612 0.943429828 -0.046984352 0.894525409 0.031507734 -0.443423122
265.000000 -0.150467902 -0.111554362 0.939570904 -0.048478317 0.896057606 0.029598514 -0.440289199
266.000000 -0.154181331 -0.112940229 0.934101105 -0.049406927 0.897497237 0.028758314 -0.437299192
267.000000 -0.158669144 -0.114028320 0.929115891 -0.050399203 0.899217844 0.027399475 -0.433723956
268.000000 -0.161674529 -0.113334224 0.925740421 -0.052031517 0.900840580 0.025159741 -0.430285871
269.000000 -0.162148476 -0.114265800 0.916850805 -0.054179989 0.901696861 0.023252340 -0.428330034
270.000000 -0.167480260 -0.116648905 0.912721992 -0.054840278 0.903007746 0.021630097 -0.425560474
271.000000 -0.170524359 -0.118165933 0.906388998 -0.054759152 0.904280126 0.020652663 -0.422909439
272.000000 -0.172921211 -0.119895443 0.900480092 -0.054947741 0.905869424 0.018631328 -0.419564337
273.000000 -0.175770998 -0.118832141 0.895263493 -0.055514153 0.907455981 0.016520578 -0.416135728
274.000000 -0.177926779 -0.119828284 0.889455020 -0.055896301 0.908828080 0.015661199 -0.413112372
275.000000 -0.180960685 -0.119447365 0.883718193 -0.056336638 0.910271049 0.014785673 -0.409895301
276.000000 -0.182777286 -0.118244536 0.878064036 -0.057305120 0.911564589 0.013256953 -0.406927943
277.000000 -0.185218900 -0.120059878 0.871793747 -0.058322158 0.912663400 0.012046745 -0.404349953
278.000000 -0.189199179 -0.118791059 0.867407441 -0.059306063 0.913874269 0.011021825 -0.401491195
279.000000 -0.191830099 -0.119744375 0.862005889 -0.059467353 0.914890885 0.010621007 -0.399155915
280.000000 -0.195012838 -0.120852739 0.856860459 -0.059478968 0.916160762 0.010038201 -0.396246046
281.000000 -0.197117418 -0.121363692 0.851270974 -0.059906270 0.917538226 0.009517545 -0.392993867
282.000000 -0.202237606 -0.121360168 0.843747854 -0.060571309 0.919070780 0.009072580 -0.389304101
283.000000 -0.204929262 -0.121248066 0.837837994 -0.060129881 0.920788944 0.009038505 -0.385292679
284.000000 -0.207595170 -0.123063542 0.831939161 -0.059678856 0.922607243 0.009471023 -0.380978465
285.000000 -0.210007787 -0.120480090 0.826428890 -0.059389509 0.924507260 0.009246994 -0.376395613
286.000000 -0.212453306 -0.120408162 0.819555402 -0.058429360 0.926265240 0.009546569 -0.372192919
287.000000 -0.216321468 -0.118708268 0.812765718 -0.057097342 0.928168237 0.009457626 -0.367633224
288.000000 -0.221234530 -0.117781244 0.808881283 -0.055072863 0.930193603 0.010093682 -0.362773895
289.000000 -0.229136199 -0.119399160 0.804572046 -0.053193863 0.932220459 0.010980779 -0.357791662
290.000000 -0.231049657 -0.115692325 0.796438217 -0.051349793 0.933851302 0.009779686 -0.353820950
291.000000 -0.237811029 -0.111845098 0.792727470 -0.050138660 0.935745835 0.009509223 -0.348963410
292.000000 -0.245315760 -0.109181508 0.786396027 -0.048989683 0.937351525 0.010920195 -0.344750553
293.000000 -0.251794428 -0.109323598 0.780421972 -0.046911292 0.938896954 0.011429435 -0.340794891
294.000000 -0.258570403 -0.110216275 0.775051594 -0.045479514 0.940433145 0.011191915 -0.336736977
295.000000 -0.264767379 -0.108608767 0.768868685 -0.044643115 0.941889942 0.011002420 -0.332760125
296.000000 -0.272760600 -0.107915655 0.766459703 -0.044145472 0.943460166 0.011091548 -0.328345925
297.000000 -0.278565228 -0.107625000 0.760315180 -0.044056553 0.944724023 0.012392405 -0.324656725
298.000000 -0.286183804 -0.107723422 0.754577875 -0.042896468 0.946099758 0.013826132 -0.320724040
299.000000 -0.294684261 -0.106571794 0.750229836 -0.041517414 0.947620690 0.014712450 -0.316346109
300.000000 -0.302581042 -0.105634682 0.744229436 -0.040158629 0.948962271 0.015935995 -0.312416255
301.000000 -0.310965598 -0.105694741 0.740695238 -0.037983622 0.950476289 0.016793411 -0.308009893
302.000000 -0.319852382 -0.106874533 0.734874249 -0.036991298 0.951853812 0.018136267 -0.303771466
303.000000 -0.325903773 -0.107942916 0.728552938 -0.036579605 0.953060627 0.019706825 -0.299915135
304.000000 -0.335251033 -0.107755415 0.723864377 -0.036636427 0.954446912 0.021028997 -0.295375586
305.000000 -0.343631506 -0.109745249 0.717620850 -0.036810488 0.955848932 0.022110330 -0.290704191
306.000000 -0.351091087 -0.110448211 0.713125467 -0.037550252 0.957242012 0.022442950 -0.285961717
307.000000 -0.360147178 -0.105302095 0.710808873 -0.038804442 0.958602011 0.022266634 -0.281212777
308.000000 -0.368366301 -0.106093340 0.705324769 -0.039205492 0.959785998 0.023965083 -0.276946723
309.000000 -0.377076745 -0.105911545 0.701088071 -0.039381903 0.961056113 0.025181927 -0.272371352
310.000000 -0.386366308 -0.106703185 0.697330117 -0.039277524 0.962375343 0.025685562 -0.267640114
311.000000 -0.395295858 -0.101518936 0.694552958 -0.039201383 0.963783503 0.025093166 -0.262592763
312.000000 -0.402383238 -0.101149864 0.689844668 -0.038211647 0.965044558 0.025877139 -0.257990777
313.000000 -0.411363184 -0.101234779 0.686437309 -0.037076831 0.966548204 0.026485182 -0.252405196
314.000000 -0.420766354 -0.097384423 0.684799194 -0.036131360 0.968090057 0.027065506 -0.246502742
315.000000 -0.429157078 -0.094490260 0.683023453 -0.036120553 0.969478369 0.028092964 -0.240868792
316.000000 -0.434520006 -0.091169283 0.677941322 -0.036542427 0.970421195 0.029363902 -0.236822993
317.000000 -0.441619813 -0.089143448 0.675880432 -0.036188915 0.971342981 0.031541873 -0.232783705
318.000000 -0.449604958 -0.087685600 0.672561646 -0.035551630 0.972202241 0.033255287 -0.229026198
319.000000 -0.455986500 -0.086330511 0.669054627 -0.034438465 0.973017812 0.033790287 -0.225629359
320.000000 -0.461327851 -0.084633663 0.664354682 -0.033276476 0.973721743 0.034313664 -0.222668320
321.000000 -0.467928469 -0.079359166 0.661291301 -0.032166906 0.974390268 0.035032932 -0.219776377
322.000000 -0.472916782 -0.077969499 0.656844676 -0.031157613 0.974969566 0.036801845 -0.217046425
323.000000 -0.480036199 -0.074396580 0.652479768 -0.029989121 0.975726664 0.037281286 -0.213701248
324.000000 -0.484319776 -0.072204545 0.646878898 -0.029457390 0.976383567 0.038256776 -0.210579813
325.000000 -0.489672840 -0.070187591 0.643163443 -0.029030632 0.977042675 0.039601531 -0.207307875
326.000000 -0.494616330 -0.068380833 0.637018621 -0.028515115 0.977577090 0.040952772 -0.204579651
327.000000 -0.499815166 -0.065185636 0.631835759 -0.028120859 0.977979362 0.041808091 -0.202528283
328.000000 -0.504807353 -0.063385718 0.626772940 -0.027449382 0.978251696 0.043007165 -0.201048702
329.000000 -0.507704437 -0.059468251 0.619453371 -0.026795710 0.978374660 0.044041604 -0.200312987
330.000000 -0.514767826 -0.056808837 0.614910841 -0.026103508 0.978702128 0.044994514 -0.198585629
331.000000 -0.518235743 -0.055400223 0.607949018 -0.025564210 0.978831112 0.046539944 -0.197661862
332.000000 -0.521192789 -0.053389385 0.601214111 -0.024915641 0.978980243 0.047654759 -0.196738198
333.000000 -0.528042018 -0.054608509 0.592843413 -0.024601744 0.979148388 0.049195971 -0.195558026
334.000000 -0.531652987 -0.048522323 0.586909473 -0.025335047 0.979166925 0.050266143 -0.195099026
335.000000 -0.535320520 -0.047514595 0.578918576 -0.025478493 0.978975177 0.053343046 -0.195225492
336.000000 -0.539254785 -0.049395747 0.568287134 -0.025278792 0.978907347 0.055910967 -0.194872603
337.000000 -0.543631911 -0.048245940 0.560192704 -0.025173957 0.978979290 0.057617411 -0.194025710
338.000000 -0.547802150 -0.050418794 0.551743746 -0.024763471 0.979152083 0.059610516 -0.192599416
339.000000 -0.553412557 -0.050034437 0.543542147 -0.024357187 0.979455709 0.060165662 -0.190927356
340.000000 -0.556926310 -0.050128616 0.534092546 -0.023887476 0.979678392 0.060246997 -0.189815313
341.000000 -0.560935736 -0.048649825 0.525300920 -0.024304925 0.979932547 0.060195401 -0.188462168
342.000000 -0.564684212 -0.042283311 0.517375290 -0.024966994 0.980045676 0.059820592 -0.187905937
343.000000 -0.569449127 -0.043825783 0.507590950 -0.024766415 0.980058253 0.061636053 -0.187279254
344.000000 -0.572771370 -0.044948377 0.497661620 -0.024204878 0.980158627 0.062971406 -0.186380744
345.000000 -0.575265050 -0.044552807 0.488092363 -0.024304135 0.980285823 0.063358217 -0.185565963
346.000000 -0.579494894 -0.043259118 0.479300767 -0.023998775 0.980462551 0.063225456 -0.184715495
347.000000 -0.581856251 -0.041439619 0.471485704 -0.023996316 0.980490088 0.063537799 -0.184462175
348.000000 -0.585361660 -0.039002787 0.462676376 -0.023224512 0.980488360 0.064107537 -0.184373006
349.000000 -0.586740553 -0.036163516 0.451569319 -0.022658287 0.980376124 0.065035462 -0.184714913
350.000000 -0.589552164 -0.035219200 0.443553686 -0.021458143 0.980349779 0.066138819 -0.184606299
351.000000 -0.591819048 -0.033490557 0.434022307 -0.020268470 0.980299890 0.067489423 -0.184516862
352.000000 -0.590996385 -0.032724433 0.423696995 -0.019534212 0.980181873 0.068832740 -0.184726760
353.000000 -0.598289013 -0.032024220 0.415969908 -0.018216593 0.980476260 0.069488846 -0.183045849
354.000000 -0.601157129 -0.032375693 0.408706754 -0.017275965 0.980674863 0.069483064 -0.182072833
355.000000 -0.603486121 -0.030158373 0.399936318 -0.016549459 0.980891347 0.069184393 -0.181085140
356.000000 -0.604177654 -0.030558210 0.390603125 -0.015303517 0.981141210 0.069137245 -0.179854915
357.000000 -0.608288229 -0.029411510 0.383621216 -0.014211018 0.981672466 0.068048656 -0.177444652
358.000000 -0.609871149 -0.025769122 0.375319004 -0.013845569 0.982105613 0.066801950 -0.175540164
359.000000 -0.610846162 -0.021770881 0.368251443 -0.013094121 0.982428968 0.067297623 -0.173588365
360.000000 -0.613203704 -0.020077962 0.361261547 -0.011937317 0.982866526 0.068810619 -0.170575395
361.000000 -0.613468051 -0.020544797 0.351957440 -0.011103375 0.983365715 0.069844678 -0.167302862
362.000000 -0.615626514 -0.015955672 0.344654441 -0.010870901 0.984040678 0.069970027 -0.163248315
363.000000 -0.617189705 -0.016086753 0.337579608 -0.010901932 0.984610200 0.071451567 -0.159118176
364.000000 -0.618826628 -0.018050753 0.328966916 -0.010721656 0.985118568 0.072485626 -0.155474529
365.000000 -0.621209919 -0.017630469 0.320862144 -0.011125567 0.985758245 0.071537741 -0.151786938
366.000000 -0.621033072 -0.012545237 0.312759936 -0.012129766 0.986330926 0.070476212 -0.148449555
367.000000 -0.621751189 -0.010332908 0.305687815 -0.012177878 0.986886382 0.071415313 -0.144245893
368.000000 -0.622202933 -0.010049053 0.297139585 -0.012403599 0.987425029 0.072568156 -0.139899611
369.000000 -0.625357687 -0.010703810 0.290882766 -0.012293762 0.988098145 0.073018260 -0.134830624
370.000000 -0.628853142 -0.010563519 0.281616390 -0.012181801 0.988848090 0.072562024 -0.129482716
371.000000 -0.628634155 -0.011492264 0.271216899 -0.011714674 0.989512980 0.071656913 -0.124868579
372.000000 -0.629300356 -0.011698166 0.261564642 -0.011271273 0.990240395 0.070444733 -0.119726606
373.000000 -0.631205082 -0.011049842 0.253340721 -0.011001340 0.990970016 0.068276383 -0.114872262
374.000000 -0.633170366 -0.006112743 0.246925116 -0.010716137 0.991708696 0.065568261 -0.109999135
375.000000 -0.634686470 -0.004317620 0.239560306 -0.009855195 0.992209375 0.064822659 -0.105931155
376.000000 -0.638864517 -0.006457686 0.231611371 -0.008440252 0.992658198 0.064383440 -0.102045223
377.000000 -0.638583302 -0.005385880 0.222698867 -0.007106603 0.993130267 0.062157918 -0.098884568
378.000000 -0.641064465 -0.001352985 0.215303823 -0.006747977 0.993633270 0.060699403 -0.094673045
379.000000 -0.642772257 -0.000425768 0.204993576 -0.006606777 0.994027197 0.060723927 -0.090437099
380.000000 -0.645934463 0.000155338 0.198096961 -0.006571506 0.994449258 0.060162004 -0.086069815
381.000000 -0.647840381 0.001146975 0.188538462 -0.005605115 0.994762778 0.059728127 -0.082753964
382.000000 -0.648688257 0.001965161 0.180370629 -0.004324178 0.995026410 0.059601244 -0.079695858
383.000000 -0.654977798 0.003016883 0.171746954 -0.002996117 0.995414317 0.058988195 -0.075244889
384.000000 -0.659648180 -0.003373249 0.163444802 -0.001743377 0.995665014 0.059379008 -0.071570031
385.000000 -0.661505044 -0.004319205 0.153932154 -0.000729459 0.995907903 0.058957025 -0.068491198
386.000000 -0.664490879 -0.004036895 0.145401582 -0.000218363 0.996174932 0.058423210 -0.064978488
387.000000 -0.669961870 -0.006193724 0.138407543 0.000343460 0.996476352 0.057454683 -0.061104666
388.000000 -0.673565030 -0.007750802 0.129082352 0.000367384 0.996734381 0.056167848 -0.058014482
389.000000 -0.677113652 -0.007056795 0.121887237 0.000087693 0.996968269 0.054711375 -0.055325951
390.000000 -0.682994962 -0.009196313 0.113921784 0.000292104 0.997166872 0.053764690 -0.052607596
391.000000 -0.685751379 -0.011095475 0.105331197 0.000124934 0.997350276 0.052047148 -0.050828870
392.000000 -0.690691531 -0.012281776 0.097988009 0.000760416 0.997517586 0.050501261 -0.049068294
393.000000 -0.693715513 -0.009467967 0.090476565 0.001030391 0.997696221 0.048348393 -0.047577001
394.000000 -0.701182961 -0.013367418 0.081648290 0.002029393 0.997821033 0.047618322 -0.045624156
395.000000 -0.702768087 -0.015156224 0.071672149 0.002467492 0.997901618 0.046162985 -0.045335509
396.000000 -0.708091676 -0.017025074 0.064940952 0.002774309 0.998056054 0.044100646 -0.043950003
397.000000 -0.712548733 -0.014848039 0.056660000 0.002589254 0.998240054 0.041689422 -0.042096533
398.000000 -0.716483474 -0.014257047 0.049680382 0.002139464 0.998360276 0.040647391 -0.040249072
399.000000 -0.718833327 -0.018658254 0.041031331 0.001977677 0.998447180 0.040314365 -0.038393777
400.000000 -0.721668363 -0.017433625 0.034303199 0.001834675 0.998631775 0.037931059 -0.035950132
401.000000 -0.727187634 -0.019003678 0.026205385 0.001459632 0.998785913 0.036628988 -0.032906491
402.000000 -0.730002761 -0.016904725 0.017766941 0.001369384 0.998952866 0.033882678 -0.030713700
403.000000 -0.734282970 -0.019402090 0.009648265 0.001682423 0.999114275 0.031382475 -0.027981823
404.000000 -0.733039200 -0.015886558 0.004329894 0.001068097 0.999273062 0.027896591 -0.025961446
405.000000 -0.734149516 -0.019446863 -0.004222244 -0.000215668 0.999360025 0.026405312 -0.024128545
406.000000 -0.736945212 -0.019089347 -0.009680185 -0.000921808 0.999470174 0.023525879 -0.022473192
407.000000 -0.737775803 -0.018122241 -0.014261177 -0.001238914 0.999557674 0.021092856 -0.020926937
408.000000 -0.739712358 -0.017556205 -0.021479130 -0.001211365 0.999620914 0.019875184 -0.019011447
409.000000 -0.742077827 -0.021769572 -0.030018955 -0.000620828 0.999666393 0.019420506 -0.017016843
410.000000 -0.743088961 -0.021651020 -0.036726326 -0.000221749 0.999743342 0.016924368 -0.015057362
411.000000 -0.743071377 -0.024255317 -0.042994693 -0.000348103 0.999793053 0.014904156 -0.013843187
412.000000 -0.746060252 -0.021893356 -0.049407311 -0.000398552 0.999844253 0.012663770 -0.012284212
413.000000 -0.749106944 -0.024832875 -0.057763323 0.000166391 0.999869108 0.012334178 -0.010469525
414.000000 -0.749890924 -0.026513826 -0.065672107 0.001416459 0.999887764 0.011825728 -0.009088112
415.000000 -0.749663830 -0.027229993 -0.073730975 0.002978344 0.999907076 0.010946944 -0.007559953
416.000000 -0.753818214 -0.028317835 -0.081398472 0.004692286 0.999931455 0.009654919 -0.004679224
417.000000 -0.757635176 -0.031411715 -0.089755945 0.005689959 0.999950051 0.008045096 -0.001668922
418.000000 -0.759528458 -0.033951055 -0.098643214 0.005856973 0.999968827 0.005264372 0.000493283
419.000000 -0.759393752 -0.033215903 -0.106286600 0.005423532 0.999981463 0.002083112 0.001825382
420.000000 -0.761477888 -0.035886850 -0.116216965 0.005003360 0.999982536 0.000829267 0.003024247
421.000000 -0.759093821 -0.036749031 -0.124257833 0.004511474 0.999985218 -0.000748666 0.002929453
422.000000 -0.760525227 -0.037212521 -0.132721275 0.004319551 0.999983251 -0.002384769 0.003023115
423.000000 -0.760367334 -0.045128401 -0.143668175 0.004249616 0.999985635 -0.002513808 0.002081016
424.000000 -0.759998918 -0.045082420 -0.153214440 0.003392632 0.999978781 -0.005453074 0.001080474
425.000000 -0.757349193 -0.042375710 -0.161328211 0.001690813 0.999968052 -0.007777188 -0.000700702
426.000000 -0.757015884 -0.041804500 -0.170840889 0.000023291 0.999964595 -0.008104063 -0.002270336
427.000000 -0.752125919 -0.044919685 -0.181470767 -0.001411105 0.999956369 -0.007898405 -0.004788639
428.000000 -0.750931859 -0.043635637 -0.191718116 -0.002809653 0.999939442 -0.008723356 -0.006093550
429.000000 -0.754438043 -0.044078138 -0.200440079 -0.003668186 0.999932826 -0.009039553 -0.006259690
430.000000 -0.751578748 -0.046240039 -0.211929142 -0.003572864 0.999921679 -0.009158166 -0.007744870
431.000000 -0.748237610 -0.044779867 -0.220372066 -0.003342137 0.999896765 -0.010851956 -0.008802271
432.000000 -0.749269366 -0.044905443 -0.230404854 -0.003490024 0.999876797 -0.012473249 -0.008866737
433.000000 -0.750733435 -0.046681914 -0.241369814 -0.003040738 0.999861419 -0.013078929 -0.009839491
434.000000 -0.750574172 -0.049595382 -0.252135366 -0.002027408 0.999846697 -0.013838528 -0.010534841
435.000000 -0.747102499 -0.049864467 -0.262446076 -0.001847214 0.999800861 -0.016277222 -0.011395565
436.000000 -0.744141877 -0.049764998 -0.271165371 -0.002704226 0.999734342 -0.019233722 -0.012411603
437.000000 -0.742033780 -0.051558498 -0.281624317 -0.004111409 0.999689758 -0.020504037 -0.013530583
438.000000 -0.733493209 -0.052097298 -0.291490823 -0.005918178 0.999613523 -0.022326224 -0.015469918
439.000000 -0.731310487 -0.054645792 -0.299525619 -0.006741973 0.999555528 -0.024012683 -0.016329842
440.000000 -0.734455228 -0.057533514 -0.307676256 -0.007788683 0.999498188 -0.025907937 -0.016476819
441.000000 -0.728534162 -0.052555554 -0.316285729 -0.008413099 0.999366224 -0.029120050 -0.018665493
442.000000 -0.729287028 -0.051215194 -0.323623687 -0.008730144 0.999288559 -0.031023156 -0.019587172
443.000000 -0.729319751 -0.051407218 -0.331926584 -0.008741606 0.999235332 -0.031770032 -0.021046596
444.000000 -0.729614139 -0.054073889 -0.341389239 -0.008401165 0.999223173 -0.031614158 -0.021978291
445.000000 -0.732104421 -0.055163108 -0.350255847 -0.008376610 0.999252141 -0.030943748 -0.021621328
446.000000 -0.730456293 -0.055502720 -0.358086973 -0.008503906 0.999274552 -0.029922886 -0.021970248
447.000000 -0.729285121 -0.055027612 -0.366438597 -0.008622159 0.999240160 -0.030615665 -0.022526426
448.000000 -0.727198303 -0.051202282 -0.372412443 -0.009118645 0.999191046 -0.031631481 -0.023098342
449.000000 -0.725995302 -0.051740132 -0.388787806 -0.007400249 0.999183655 -0.031616945 -0.024033526
450.000000 -0.723485768 -0.049848050 -0.397251725 -0.006348971 0.999089658 -0.033919070 -0.025081418
451.000000 -0.727716029 -0.046726927 -0.403688371 -0.005961754 0.999021828 -0.035966665 -0.025024179
452.000000 -0.728008807 -0.043887958 -0.410418212 -0.005148933 0.998920739 -0.038114164 -0.026042273
453.000000 -0.724937141 -0.039626244 -0.416468859 -0.004708835 0.998795331 -0.040233303 -0.027694283
454.000000 -0.732866228 -0.047898486 -0.432269037 -0.004323548 0.998847485 -0.039266117 -0.027260693
455.000000 -0.733436525 -0.050328102 -0.440862596 -0.003820659 0.998814881 -0.039731175 -0.027849916
456.000000 -0.736408293 -0.048800446 -0.448082864 -0.004113566 0.998732269 -0.041715845 -0.027869765
457.000000 -0.739023328 -0.051060680 -0.458148360 -0.004003825 0.998663485 -0.043081954 -0.028269710
458.000000 -0.741152287 -0.050826926 -0.466175795 -0.003729506 0.998541832 -0.045915503 -0.028144702
459.000000 -0.742571175 -0.050982207 -0.475265920 -0.004789166 0.998444855 -0.048144970 -0.027694292
460.000000 -0.744982779 -0.050989289 -0.483991414 -0.005288419 0.998372912 -0.049710222 -0.027431551
461.000000 -0.746091664 -0.047688331 -0.492349565 -0.005512151 0.998192668 -0.052987024 -0.027808694
462.000000 -0.746301472 -0.047769740 -0.501562119 -0.005984942 0.998056769 -0.055141844 -0.028393421
463.000000 -0.747227192 -0.044105425 -0.508339226 -0.006943002 0.997903705 -0.057278275 -0.029311588
464.000000 -0.756769657 -0.047371663 -0.523362637 -0.007672030 0.997831702 -0.058500949 -0.029166566
465.000000 -0.759580851 -0.050895099 -0.533151388 -0.008175150 0.997776747 -0.058897588 -0.030096421
466.000000 -0.763433814 -0.053738020 -0.542939961 -0.008773916 0.997751653 -0.058856014 -0.030832762
467.000000 -0.767369747 -0.057528414 -0.554646969 -0.008515816 0.997694850 -0.059206504 -0.032047778
468.000000 -0.770981491 -0.057755265 -0.564467907 -0.008450846 0.997551858 -0.061076608 -0.032992583
469.000000 -0.776709259 -0.065575317 -0.576863766 -0.008385223 0.997521043 -0.061509106 -0.033137869
470.000000 -0.778064251 -0.063926995 -0.583896518 -0.009436294 0.997244358 -0.065106824 -0.034289569
471.000000 -0.781219304 -0.066914551 -0.594404399 -0.010893510 0.996781170 -0.070917502 -0.035768453
472.000000 -0.783826172 -0.065773681 -0.603736937 -0.012410572 0.996314466 -0.075936377 -0.037909191
473.000000 -0.789874196 -0.067171559 -0.611302912 -0.013906547 0.996115863 -0.077573523 -0.039269842
474.000000 -0.794148326 -0.071269125 -0.619538009 -0.014464268 0.995915353 -0.079412155 -0.040460877
475.000000 -0.798232138 -0.076444864 -0.629380763 -0.015191636 0.995623529 -0.082338586 -0.041512907
476.000000 -0.801140428 -0.081683755 -0.639843047 -0.016512733 0.995397329 -0.084231310 -0.042621534
477.000000 -0.803413272 -0.087895259 -0.648902833 -0.016376341 0.995290279 -0.084941015 -0.043750908
478.000000 -0.808673918 -0.091048479 -0.657585263 -0.016000977 0.995202184 -0.086410850 -0.043009546
479.000000 -0.811132431 -0.093289644 -0.666785836 -0.016032713 0.995045006 -0.088486828 -0.042408366
480.000000 -0.813822925 -0.094777629 -0.673338890 -0.016371097 0.994966447 -0.089889444 -0.041153666
481.000000 -0.817880452 -0.097609483 -0.682946742 -0.016480548 0.994875729 -0.091548473 -0.039617114
482.000000 -0.817370772 -0.092659391 -0.687621534 -0.016560912 0.994568765 -0.095077075 -0.038975649
483.000000 -0.820018172 -0.095680624 -0.694005311 -0.016351959 0.994544744 -0.096031740 -0.037300542
484.000000 -0.821905077 -0.095192544 -0.701797187 -0.017411632 0.994437814 -0.097303614 -0.036363225
485.000000 -0.821708620 -0.096640915 -0.708596826 -0.017233113 0.994413912 -0.097921632 -0.035429586
486.000000 -0.823167205 -0.098957554 -0.714816809 -0.016781829 0.994375527 -0.098967887 -0.033778846
487.000000 -0.826606512 -0.101794317 -0.723207772 -0.016187733 0.994357705 -0.100095741 -0.031170772
488.000000 -0.825850308 -0.099493533 -0.728304505 -0.015813563 0.994207144 -0.102241859 -0.029132901
489.000000 -0.828176379 -0.102046512 -0.736490488 -0.016196594 0.994161189 -0.103386268 -0.026315559
490.000000 -0.830052078 -0.102306962 -0.742324829 -0.015117754 0.994224131 -0.103736073 -0.022992093
491.000000 -0.829845548 -0.104966000 -0.750079036 -0.014709464 0.994280756 -0.104003921 -0.019302275
492.000000 -0.829168260 -0.104490757 -0.756900370 -0.014529661 0.994243383 -0.105053790 -0.015253001
493.000000 -0.831111789 -0.109057322 -0.763205945 -0.013955650 0.994323790 -0.104978099 -0.010246220
494.000000 -0.830859780 -0.104935691 -0.766998947 -0.013387782 0.994156182 -0.106930673 -0.006328879
495.000000 -0.834303498 -0.104697786 -0.775040507 -0.012260628 0.994020283 -0.108489029 -0.001848400
496.000000 -0.834602892 -0.101385109 -0.780807436 -0.011688090 0.993875861 -0.109864771 0.001989304
497.000000 -0.830925763 -0.095926374 -0.785081446 -0.011405940 0.993746340 -0.110985935 0.004505586
498.000000 -0.831117988 -0.096860640 -0.793217897 -0.011464993 0.993741572 -0.110863410 0.007454499
499.000000 -0.825641453 -0.096896619 -0.799180448 -0.011314930 0.993733227 -0.110845767 0.008917005
500.000000 -0.829284906 -0.089860439 -0.807562232 -0.010749647 0.993391275 -0.113612175 0.012267805
501.000000 -0.831956208 -0.086485267 -0.817637920 -0.009930418 0.993003726 -0.116671145 0.015261771
502.000000 -0.837976456 -0.093088992 -0.834266841 -0.011417970 0.992859662 -0.117161430 0.019300140
503.000000 -0.833528459 -0.093205199 -0.840519249 -0.011276080 0.992806196 -0.117296606 0.021217771
504.000000 -0.833853841 -0.097363472 -0.850462794 -0.010633349 0.992794394 -0.116787627 0.024634186
505.000000 -0.833320498 -0.098729432 -0.857638061 -0.009205635 0.992722332 -0.116809092 0.027808536
506.000000 -0.835906148 -0.095227636 -0.866268873 -0.007840233 0.992506981 -0.117677055 0.031946637
507.000000 -0.835482955 -0.095056131 -0.876298845 -0.006785754 0.992322862 -0.118270747 0.035515279
508.000000 -0.831395745 -0.092092961 -0.882795751 -0.005881967 0.992046177 -0.119653121 0.038638141
509.000000 -0.831077337 -0.095351130 -0.891717553 -0.004145324 0.991682112 -0.121291660 0.042868990
510.000000 -0.830501258 -0.096109815 -0.899989367 -0.002825755 0.991478503 -0.121703811 0.046373717
511.000000 -0.824731886 -0.094512455 -0.904783010 -0.001209088 0.991372645 -0.121815287 0.048372332
512.000000 -0.820765018 -0.100238502 -0.919161201 0.000175872 0.991209924 -0.122391567 0.050231591
513.000000 -0.820071101 -0.100025751 -0.929452717 0.001497998 0.990972757 -0.123286977 0.052640580
514.000000 -0.815866172 -0.098202035 -0.940426350 0.002811747 0.990769327 -0.124219567 0.054200646
515.000000 -0.803929687 -0.093642041 -0.945627809 0.005235419 0.990594983 -0.125570059 0.054095294
516.000000 -0.799320638 -0.094740830 -0.954700351 0.006317891 0.990423560 -0.126213670 0.055600759
517.000000 -0.792567253 -0.096537329 -0.963197410 0.007846944 0.990233660 -0.127243385 0.056434482
518.000000 -0.787145019 -0.096585199 -0.970441818 0.009573873 0.990018547 -0.128402516 0.057309624
519.000000 -0.785870016 -0.095427603 -0.978462338 0.009880893 0.989785671 -0.129487619 0.058818445
520.000000 -0.779549539 -0.098440573 -0.984615564 0.011677561 0.989666462 -0.129730776 0.059949271
521.000000 -0.778242290 -0.103364319 -0.993664801 0.012805744 0.989468038 -0.130176380 0.061993074
522.000000 -0.773244262 -0.101582885 -0.998828769 0.013244117 0.989275277 -0.130666077 0.063916758
523.000000 -0.772613585 -0.101427823 -1.008286834 0.013574636 0.989142478 -0.130253077 0.066686377
524.000000 -0.771556556 -0.101860642 -1.015864372 0.014273456 0.989081442 -0.129165068 0.069502108
525.000000 -0.768530905 -0.102820277 -1.023074865 0.015332816 0.989014089 -0.127916485 0.072480693
526.000000 -0.766871333 -0.103113890 -1.028821588 0.016724570 0.988899291 -0.126684234 0.075826406
527.000000 -0.763238609 -0.102670029 -1.034244657 0.018746579 0.988858163 -0.124681421 0.079137087
528.000000 -0.757992864 -0.098165251 -1.042102218 0.021581339 0.988729000 -0.123279780 0.082166150
529.000000 -0.762644291 -0.099368960 -1.046696424 0.023141734 0.988614321 -0.120790668 0.086693861
530.000000 -0.758952796 -0.100886732 -1.052617550 0.024436289 0.988602102 -0.118229181 0.089947768
531.000000 -0.764350533 -0.100526780 -1.057088017 0.025303593 0.988645852 -0.114545852 0.093906015
532.000000 -0.761721253 -0.104361944 -1.057903409 0.026166823 0.988803208 -0.110771202 0.096505113
533.000000 -0.763218582 -0.093798019 -1.066976547 0.027506907 0.988331795 -0.111291237 0.100288838
534.000000 -0.759488106 -0.089116298 -1.072568893 0.028925618 0.988164842 -0.110130593 0.102785058
535.000000 -0.761402905 -0.090201989 -1.079212785 0.030263249 0.987923980 -0.108295523 0.106594600
536.000000 -0.760936499 -0.090115502 -1.079135656 0.030789044 0.987825632 -0.105850555 0.109764278
537.000000 -0.757637501 -0.089418456 -1.081235528 0.031491525 0.987805426 -0.102945104 0.112476848
538.000000 -0.760276198 -0.080511637 -1.094133139 0.030811170 0.987504244 -0.101593554 0.116468139
539.000000 -0.749343097 -0.077872656 -1.093604326 0.032166522 0.987560809 -0.098995514 0.117851004
540.000000 -0.757866442 -0.072844133 -1.103173852 0.031192761 0.987074316 -0.097919099 0.122975983
541.000000 -0.761569619 -0.067576140 -1.109322190 0.031323813 0.986621201 -0.096426211 0.127668902
542.000000 -0.756656528 -0.066562429 -1.109716773 0.031861596 0.986397266 -0.093936160 0.131077081
543.000000 -0.764528751 -0.061076760 -1.116932392 0.031594567 0.985629857 -0.093186602 0.137301877
544.000000 -0.751658440 -0.053330466 -1.116628170 0.033487912 0.985230327 -0.092687473 0.140031368
545.000000 -0.758213103 -0.054051623 -1.121152878 0.032941360 0.984491944 -0.089896590 0.147000432
546.000000 -0.767753124 -0.051343173 -1.130347729 0.031835783 0.983645499 -0.086515263 0.154735535
547.000000 -0.756354809 -0.043565661 -1.128604412 0.032456808 0.983235657 -0.084290572 0.158395797
548.000000 -0.757490039 -0.036484666 -1.128706694 0.036069196 0.982546866 -0.080171846 0.163930282
549.000000 -0.768707991 -0.035651460 -1.136846304 0.035318244 0.981550574 -0.077657863 0.171115130
550.000000 -0.769178867 -0.033872135 -1.141563892 0.036178898 0.980695724 -0.076752134 0.176170513
551.000000 -0.773676693 -0.036163993 -1.143291473 0.036255341 0.979865789 -0.074487559 0.181659594
552.000000 -0.766932011 -0.024014451 -1.143897653 0.038623225 0.979322731 -0.073561452 0.184455708
553.000000 -0.775594592 -0.027209386 -1.149428010 0.038300060 0.978462577 -0.070313752 0.190263167
554.000000 -0.776944220 -0.026154451 -1.157991409 0.037294988 0.977592230 -0.069592215 0.195139572
555.000000 -0.778916717 -0.030235514 -1.156946421 0.038753223 0.976764262 -0.067564406 0.199661538
556.000000 -0.777043939 -0.018255152 -1.161683202 0.039345209 0.975921690 -0.068525702 0.203305095
557.000000 -0.776281714 -0.018012457 -1.163449287 0.038672604 0.975253940 -0.066752806 0.207191303
558.000000 -0.772479236 -0.013510682 -1.163604498 0.037910987 0.974875927 -0.065443724 0.209515512
559.000000 -0.772287369 -0.016039826 -1.164811850 0.037034854 0.974384725 -0.063639782 0.212491751
560.000000 -0.771467805 -0.012358047 -1.168647289 0.036501028 0.973743975 -0.062571019 0.215812877
561.000000 -0.771903992 -0.006036527 -1.171724439 0.036130145 0.973168969 -0.062021192 0.218609482
562.000000 -0.773322105 0.000419378 -1.182206273 0.035196066 0.972483158 -0.062203553 0.221739605
563.000000 -0.779011011 -0.008898154 -1.181969166 0.034236759 0.971818984 -0.058311578 0.225821644
564.000000 -0.776797712 -0.003291443 -1.179444313 0.034110889 0.971373916 -0.056619681 0.228173912
565.000000 -0.775488734 -0.000817224 -1.180908203 0.033381630 0.970769167 -0.055213019 0.231180474
566.000000 -0.776562929 -0.004826672 -1.182938099 0.033032369 0.970084727 -0.052856233 0.234628722
567.000000 -0.777082503 -0.003209978 -1.181879282 0.032943584 0.969413280 -0.050875548 0.237832502
568.000000 -0.781142235 0.004702002 -1.190020084 0.032964706 0.968624830 -0.049976610 0.241208524
569.000000 -0.786081851 0.004594676 -1.196352124 0.032586265 0.967698336 -0.047909960 0.245362386
570.000000 -0.784101248 0.006884411 -1.196126699 0.034704320 0.966987908 -0.045368496 0.248337984
571.000000 -0.796470404 0.002324484 -1.208888292 0.034069821 0.965643108 -0.042479180 0.254102647
572.000000 -0.786034584 0.008555084 -1.201338291 0.036559865 0.964972496 -0.040843226 0.256560534
573.000000 -0.788133383 0.007438019 -1.206710100 0.037489004 0.963669956 -0.038271628 0.261667848
574.000000 -0.788838923 0.009998254 -1.208623052 0.037112843 0.962642789 -0.036396697 0.265738159
575.000000 -0.796919048 0.022618134 -1.227325797 0.038603012 0.960676312 -0.035637062 0.272655278
576.000000 -0.794680238 0.027171575 -1.227906823 0.039759178 0.959572554 -0.033170905 0.276657611
577.000000 -0.796074629 0.028949812 -1.231173158 0.039735164 0.958359122 -0.030490808 0.281139255
578.000000 -0.794298112 0.033562846 -1.233531475 0.039828017 0.957307041 -0.028462127 0.284898102
579.000000 -0.802671194 0.031878099 -1.244161129 0.039653163 0.955570817 -0.025068689 0.291004449
580.000000 -0.799820185 0.035297327 -1.243673205 0.038483586 0.954642415 -0.023256734 0.294339836
581.000000 -0.792331696 0.029351916 -1.235959172 0.035755869 0.954065979 -0.020677721 0.296735704
582.000000 -0.793384194 0.025922783 -1.241596580 0.034618124 0.952656806 -0.018085090 0.301528692
583.000000 -0.802739143 0.036558457 -1.253294230 0.034701042 0.950686574 -0.017194353 0.307725847
584.000000 -0.800632477 0.036524974 -1.254579544 0.033545218 0.949629664 -0.014342516 0.311243564
585.000000 -0.798873067 0.035141699 -1.255201459 0.032730781 0.948462129 -0.011237293 0.314995348
586.000000 -0.795747638 0.033247408 -1.255424857 0.031792849 0.947296321 -0.008744390 0.318657309
587.000000 -0.796146631 0.034402546 -1.257259846 0.031275932 0.945926011 -0.006409054 0.322807610
588.000000 -0.796414018 0.033397481 -1.256250143 0.030757235 0.944705725 -0.003786144 0.326451868
589.000000 -0.795813560 0.042128537 -1.260758877 0.030866094 0.943270981 -0.002677726 0.330575138
590.000000 -0.797026992 0.044929922 -1.259688616 0.031436127 0.942037284 -0.000452873 0.334031940
591.000000 -0.795458198 0.038484082 -1.255809307 0.030346546 0.941098452 0.003621670 0.336748719
592.000000 -0.797009587 0.040165491 -1.258338213 0.030240225 0.939852238 0.005847378 0.340189904
593.000000 -0.798917711 0.037421551 -1.259354949 0.029483438 0.938673913 0.007902711 0.343452364
594.000000 -0.795531988 0.050888222 -1.257715702 0.030313769 0.937687874 0.007872103 0.346064299
595.000000 -0.797989428 0.042685252 -1.259019136 0.029147575 0.936553955 0.011680074 0.349114209
596.000000 -0.795749426 0.049936138 -1.255655408 0.030109441 0.935671806 0.012193047 0.351373047
597.000000 -0.796868026 0.053373367 -1.258375883 0.030371722 0.934415877 0.013219387 0.354640365
598.000000 -0.796900868 0.059755690 -1.260285616 0.030687807 0.933089137 0.013831758 0.358066440
599.000000 -0.798952401 0.061378241 -1.262459278 0.030813100 0.931631923 0.015243014 0.361773640
600.000000 -0.797025561 0.064494923 -1.260219932 0.030903479 0.930550933 0.016389608 0.364487737
601.000000 -0.804112732 0.062757634 -1.266891479 0.030901203 0.928929090 0.019289739 0.368461311
602.000000 -0.804196298 0.063918427 -1.265819192 0.030983064 0.927629054 0.021884337 0.371571690
603.000000 -0.804210186 0.065796554 -1.267586946 0.031071525 0.926124752 0.024148697 0.375159025
604.000000 -0.805210829 0.063978069 -1.266819239 0.030588550 0.924641490 0.025693074 0.378737688
605.000000 -0.806200802 0.065535143 -1.269185781 0.030593237 0.923006713 0.026548898 0.382645756
606.000000 -0.802523851 0.068898939 -1.265638828 0.030601315 0.921883464 0.026760546 0.385328859
607.000000 -0.800306678 0.073823668 -1.266986966 0.030448318 0.920582235 0.026754787 0.388439685
608.000000 -0.802982569 0.074488357 -1.265617609 0.029901298 0.919407606 0.027899915 0.391173989
609.000000 -0.802189946 0.076493800 -1.267592907 0.029717527 0.917976737 0.029326845 0.394430578
610.000000 -0.800642610 0.078294523 -1.264458179 0.029499013 0.916754484 0.030258389 0.397209525
611.000000 -0.800214708 0.079802684 -1.267321467 0.029689748 0.914973974 0.031579066 0.401178151
612.000000 -0.796831965 0.078722328 -1.268892884 0.029835902 0.913469851 0.032317944 0.404522151
613.000000 -0.796578228 0.078715086 -1.267984509 0.031542227 0.911836565 0.032121215 0.408077627
614.000000 -0.798215568 0.083195023 -1.268130779 0.033721492 0.909540653 0.032509655 0.412966967
615.000000 -0.799862385 0.088911742 -1.272016883 0.034978908 0.906919181 0.034184135 0.418456107
616.000000 -0.797549248 0.090011366 -1.270037293 0.034458134 0.905217648 0.035842545 0.422029495
617.000000 -0.795660079 0.094434217 -1.274121642 0.034733843 0.903198242 0.037453238 0.426173359
618.000000 -0.793876171 0.090165399 -1.270658851 0.033327106 0.901525140 0.040838826 0.429504216
619.000000 -0.792244434 0.089966930 -1.273150563 0.032210872 0.899314761 0.042526878 0.434035599
620.000000 -0.790419340 0.087435074 -1.274582624 0.031544302 0.897199690 0.043492626 0.438344628
621.000000 -0.786568582 0.091325805 -1.277399898 0.031463347 0.895204902 0.043196354 0.442439109
622.000000 -0.782450557 0.092654407 -1.274619579 0.030676601 0.893981576 0.043162756 0.444963813
623.000000 -0.781713068 0.095966332 -1.277779937 0.030026590 0.892046571 0.043407995 0.448850900
624.000000 -0.777285635 0.093216956 -1.275341868 0.028681928 0.890782356 0.044418484 0.451343715
625.000000 -0.771621227 0.094187714 -1.273949862 0.028204383 0.889259696 0.044028308 0.454404205
626.000000 -0.767331362 0.098867513 -1.277452469 0.029326726 0.887033701 0.043994959 0.458667278
627.000000 -0.762803018 0.095619857 -1.275316715 0.028855827 0.885469675 0.045160707 0.461596459
628.000000 -0.756624997 0.091150761 -1.276926517 0.028572632 0.883715868 0.045737222 0.464906424
629.000000 -0.752961993 0.095086582 -1.279603243 0.029287528 0.881970346 0.043978889 0.468333691
630.000000 -0.748108447 0.093227960 -1.277706027 0.028807571 0.880587399 0.043836109 0.470971704
631.000000 -0.740757108 0.095661059 -1.275048256 0.027770419 0.879242301 0.042974759 0.473618954
632.000000 -0.737313509 0.092167459 -1.280994773 0.027684240 0.876836598 0.043301418 0.478033662
633.000000 -0.721439004 0.084541596 -1.260321617 0.026828444 0.876642048 0.042824958 0.478481948
634.000000 -0.715969801 0.085180521 -1.260717869 0.027631540 0.874550819 0.042041186 0.482317179
635.000000 -0.709699690 0.085758366 -1.262495279 0.027903959 0.872425795 0.041121062 0.486213565
636.000000 -0.702160954 0.081628345 -1.257370949 0.027405245 0.871003330 0.040393669 0.488846123
637.000000 -0.696220696 0.088048942 -1.257105589 0.028007021 0.869157851 0.038532548 0.492235214
638.000000 -0.689452887 0.086905979 -1.257711649 0.027727008 0.867390335 0.038515463 0.495360225
639.000000 -0.681277812 0.085320972 -1.256294727 0.027633386 0.865747392 0.038155649 0.498258978
640.000000 -0.670990586 0.084338106 -1.253793359 0.027473690 0.864428878 0.037405368 0.500608385
641.000000 -0.664626598 0.085702643 -1.253417730 0.027696503 0.862806022 0.036426537 0.503459752
642.000000 -0.655502141 0.085092627 -1.252981186 0.027330292 0.861493349 0.036002606 0.505752921
643.000000 -0.647829056 0.083578356 -1.250420809 0.027806304 0.860363007 0.035811078 0.507661045
644.000000 -0.639713585 0.086518764 -1.248818636 0.028182702 0.859195530 0.035349943 0.509646058
645.000000 -0.631304920 0.085665628 -1.247374177 0.027664514 0.858021617 0.035961550 0.511605680
646.000000 -0.623428404 0.084971949 -1.247807384 0.027936665 0.856744468 0.035996597 0.513724327
647.000000 -0.615898490 0.087810867 -1.244614124 0.028263295 0.855836153 0.034984931 0.515287936
648.000000 -0.606938303 0.087361485 -1.242464066 0.027845256 0.854824364 0.035221726 0.516971290
649.000000 -0.599009514 0.085187152 -1.240244508 0.026986813 0.854007781 0.035655808 0.518334866
650.000000 -0.589916646 0.082439914 -1.236983776 0.026077181 0.853537321 0.035768449 0.519147992
651.000000 -0.583219767 0.083680108 -1.237851501 0.025179081 0.852594137 0.034952261 0.520795166
652.000000 -0.575866163 0.083531059 -1.236910820 0.024742877 0.852045476 0.034853037 0.521719813
653.000000 -0.557627857 0.079317853 -1.230707765 0.023986639 0.852281451 0.035586134 0.521319985
654.000000 -0.550696850 0.084258147 -1.233565092 0.024651464 0.851752579 0.035134360 0.522183299
655.000000 -0.542458057 0.083990924 -1.233415723 0.024541691 0.851506650 0.035431672 0.522569299
656.000000 -0.534465432 0.081735387 -1.227079391 0.024368621 0.851945698 0.035831407 0.521833956
657.000000 -0.525488675 0.079729393 -1.221246600 0.024135062 0.851906896 0.036280710 0.521877170
658.000000 -0.515847743 0.082268707 -1.223180532 0.024676347 0.851153910 0.036313247 0.523076773
659.000000 -0.508629024 0.083936371 -1.221523523 0.025133053 0.850732803 0.036269434 0.523742735
660.000000 -0.501373768 0.088316344 -1.220318556 0.025519036 0.850495219 0.036079824 0.524123013
661.000000 -0.491058111 0.083053328 -1.213282228 0.024654251 0.850885868 0.037531208 0.523427963
662.000000 -0.483736247 0.083865948 -1.210668564 0.023864063 0.851023078 0.037518300 0.523242414
663.000000 -0.479151994 0.093737938 -1.217208624 0.023792721 0.850692511 0.037200324 0.523805439
664.000000 -0.470257610 0.096882127 -1.213495135 0.022676900 0.851341248 0.038483389 0.522707283
665.000000 -0.460986018 0.096887738 -1.206762552 0.020717684 0.852076113 0.040171579 0.521462619
666.000000 -0.452263951 0.099613979 -1.206569910 0.019515982 0.851911008 0.041644532 0.521663070
667.000000 -0.444083750 0.101423182 -1.203317404 0.017618269 0.851974547 0.042628851 0.521547437
668.000000 -0.437079549 0.102411330 -1.200957298 0.015238708 0.851962984 0.043837752 0.521541059
669.000000 -0.432625711 0.104591072 -1.208176136 0.012980924 0.851047158 0.045720588 0.522933841
670.000000 -0.423041880 0.104698673 -1.207076430 0.010153843 0.851480782 0.046484128 0.522222817
671.000000 -0.416384757 0.107611224 -1.207199812 0.008423253 0.851534486 0.047092281 0.522111416
672.000000 -0.409029424 0.107697330 -1.207619071 0.006547620 0.851369083 0.049641479 0.522172034
673.000000 -0.401684582 0.106195815 -1.209293842 0.005152100 0.850974381 0.051914245 0.522609651
674.000000 -0.393380463 0.108119465 -1.213642359 0.005122593 0.850385487 0.052620575 0.523497224
675.000000 -0.384153306 0.109577581 -1.212133646 0.004989376 0.850306988 0.053560171 0.523530662
676.000000 -0.376244843 0.109272487 -1.216233015 0.004120547 0.849692464 0.055024344 0.524383426
677.000000 -0.366367131 0.112407990 -1.217095494 0.003710474 0.849326909 0.055401009 0.524938762
678.000000 -0.359476596 0.116402552 -1.223139882 0.004075344 0.847822309 0.056493390 0.527246773
679.000000 -0.350650817 0.118144363 -1.228897095 0.004901906 0.846310258 0.057437893 0.529561877
680.000000 -0.342198730 0.118454956 -1.232607126 0.006587793 0.844675303 0.057932205 0.532094002
681.000000 -0.333413303 0.120418638 -1.237723589 0.008064536 0.842742562 0.058248777 0.535095155
682.000000 -0.323780656 0.118513063 -1.240352154 0.009218561 0.841276586 0.059471741 0.537244678
683.000000 -0.315053284 0.120579444 -1.246956110 0.010924454 0.839898407 0.059531890 0.539358139
684.000000 -0.307953715 0.125743538 -1.249329686 0.011962586 0.839580357 0.059371244 0.539848864
685.000000 -0.300011635 0.127640948 -1.252729774 0.010956503 0.839560866 0.061064724 0.539711535
686.000000 -0.290570557 0.129625574 -1.261870503 0.009924257 0.839317441 0.062788427 0.539912343
687.000000 -0.280790925 0.127040103 -1.266422987 0.008941704 0.839808524 0.065172404 0.538882434
688.000000 -0.271581739 0.131745875 -1.273002863 0.007864975 0.840247631 0.066256680 0.538081884
689.000000 -0.259466439 0.132615730 -1.281336665 0.006842156 0.840465248 0.067992710 0.537539184
690.000000 -0.249848902 0.127689749 -1.285737514 0.005497197 0.840904534 0.068366721 0.536819696
691.000000 -0.240184516 0.128093123 -1.293536663 0.005174919 0.841275096 0.067100406 0.536401987
692.000000 -0.230350405 0.128859401 -1.298083305 0.004393558 0.842023909 0.066425696 0.535316765
693.000000 -0.221892148 0.131590515 -1.306261539 0.003251086 0.842456818 0.066166103 0.534675658
694.000000 -0.212795228 0.135126680 -1.314127207 0.002488693 0.842586398 0.066338934 0.534454107
695.000000 -0.203758389 0.137206480 -1.319334149 0.001421173 0.842725575 0.067163050 0.534135342
696.000000 -0.184611529 0.136054426 -1.335465312 0.000496549 0.842785835 0.068474293 0.533875525
697.000000 -0.176325619 0.137083367 -1.339548588 0.001073755 0.843529403 0.069102123 0.532617986
698.000000 -0.161649555 0.138691485 -1.351441860 -0.000211190 0.844501555 0.072368816 0.530641079
699.000000 -0.155531675 0.142579526 -1.359821558 -0.000414056 0.844579220 0.072931968 0.530440032
700.000000 -0.148579061 0.145175099 -1.362617612 -0.000887069 0.845032692 0.074323967 0.529523432
701.000000 -0.141594738 0.146716475 -1.364183426 -0.002049864 0.845377088 0.076729037 0.528626502
702.000000 -0.136217952 0.148895994 -1.371681571 -0.002562350 0.845154226 0.079478987 0.528574347
703.000000 -0.129288167 0.146434575 -1.376477480 -0.002645381 0.845407903 0.082539655 0.527698398
704.000000 -0.122734666 0.150990486 -1.380711675 -0.002556875 0.846048295 0.083986841 0.526442707
705.000000 -0.114948571 0.153012097 -1.382966995 -0.003925919 0.846833527 0.086111411 0.524826109
706.000000 -0.106987536 0.153296053 -1.389997959 -0.004935385 0.846927643 0.087823145 0.524381816
707.000000 -0.099826962 0.154706746 -1.397033453 -0.005079858 0.847018778 0.087866023 0.524226010
708.000000 -0.092996538 0.157546312 -1.399658203 -0.004794034 0.847517014 0.087884627 0.523419738
709.000000 -0.085196435 0.160216093 -1.401206493 -0.005252989 0.848348439 0.088924162 0.521890581
710.000000 -0.077920914 0.156604379 -1.404288888 -0.005762881 0.849081457 0.090745568 0.520377457
711.000000 -0.070910871 0.160405278 -1.405571461 -0.005443418 0.850256681 0.090584256 0.518486619
712.000000 -0.063402772 0.161571980 -1.404192686 -0.006925152 0.851794720 0.091479942 0.515780270
713.000000 -0.055991769 0.162490264 -1.409228921 -0.008702076 0.852595091 0.092615589 0.514225960
714.000000 -0.045795500 0.156766459 -1.409855366 -0.010117115 0.854016006 0.093982503 0.511587322
715.000000 -0.037629902 0.156672865 -1.410806179 -0.010093633 0.855796397 0.093073033 0.508771241
716.000000 -0.029326677 0.158407182 -1.411062121 -0.010155804 0.857874572 0.091818556 0.505487204
717.000000 -0.020944834 0.161274567 -1.412631750 -0.009655584 0.859734774 0.091215186 0.502436638
718.000000 -0.011362791 0.162233904 -1.408200860 -0.010012927 0.862103820 0.091115788 0.498371959
719.000000 -0.003287852 0.160525888 -1.406352282 -0.010542043 0.863799572 0.093046844 0.495057076
720.000000 0.006265759 0.155903071 -1.406505823 -0.011258675 0.865545213 0.095171481 0.491576135
721.000000 0.016285062 0.155430257 -1.404893637 -0.010285109 0.867551506 0.095331229 0.488016903
722.000000 0.026664793 0.154879153 -1.402473927 -0.009593342 0.869524896 0.095815353 0.484410852
723.000000 0.036949754 0.159005702 -1.396372080 -0.010042498 0.872302055 0.095028035 0.479539394
724.000000 0.048757970 0.158871353 -1.390932083 -0.010327863 0.874446869 0.095233388 0.475569785
725.000000 0.058070004 0.160087198 -1.389305115 -0.010875346 0.875979543 0.095881648 0.472597420
726.000000 0.069329143 0.157818660 -1.387988091 -0.011258146 0.877530932 0.097696692 0.469327211
727.000000 0.078736603 0.155593842 -1.384290218 -0.010659350 0.879345357 0.098053701 0.465857983
728.000000 0.089527905 0.156563342 -1.378299475 -0.008918424 0.881563246 0.098380513 0.461614579
729.000000 0.098791122 0.154393226 -1.373928308 -0.007914662 0.883331299 0.101150468 0.457637161
730.000000 0.111373663 0.154919088 -1.368409872 -0.007225189 0.885627866 0.102734327 0.452831924
731.000000 0.122720599 0.153411806 -1.366788387 -0.006223076 0.887510896 0.104693808 0.448692352
732.000000 0.136326492 0.150319517 -1.363079309 -0.004908129 0.889501333 0.106059827 0.444426090
733.000000 0.146179259 0.150188044 -1.360430479 -0.004196977 0.891643345 0.106933743 0.439908743
734.000000 0.155765831 0.151013553 -1.356215477 -0.003966097 0.893925250 0.107045747 0.435227722
735.000000 0.165162861 0.149702504 -1.347786665 -0.004380482 0.896463811 0.107484914 0.429860890
736.000000 0.174104333 0.148830533 -1.343535185 -0.005102270 0.898562908 0.108625151 0.425157815
737.000000 0.181510329 0.150807172 -1.341870427 -0.005238567 0.900518477 0.108852841 0.420939475
738.000000 0.189386725 0.149871796 -1.336932302 -0.005088880 0.902637780 0.109710604 0.416152239
739.000000 0.197300971 0.151647836 -1.331660986 -0.005402622 0.904501021 0.111210927 0.411680490
740.000000 0.203962862 0.152463332 -1.332540870 -0.006498759 0.905561447 0.114088930 0.408533901
741.000000 0.212798357 0.150046214 -1.327072978 -0.008254369 0.907405198 0.116105735 0.403815717
742.000000 0.218026578 0.150505960 -1.326643229 -0.009910815 0.908611178 0.117205821 0.400737226
743.000000 0.223957896 0.151357532 -1.322764874 -0.011866167 0.910120845 0.117683113 0.397101820
744.000000 0.231331766 0.148569882 -1.320322990 -0.013471296 0.911186874 0.118761063 0.394274980
745.000000 0.236520529 0.148350745 -1.320283890 -0.013969413 0.911878824 0.117418163 0.393058270
746.000000 0.241280496 0.150305063 -1.316980124 -0.013519800 0.912560523 0.116127312 0.391873538
747.000000 0.253424883 0.145981044 -1.310254574 -0.016706824 0.913722873 0.119391538 0.388042629
748.000000 0.261465847 0.150396883 -1.307819605 -0.017334195 0.914808273 0.118003346 0.385876328
749.000000 0.266458631 0.146540433 -1.307157516 -0.017497784 0.915256441 0.118944295 0.384514838
750.000000 0.271012545 0.146200851 -1.307189941 -0.017554397 0.915738344 0.118601583 0.383469403
751.000000 0.278503895 0.141583920 -1.303428650 -0.017323580 0.916862845 0.118243098 0.380894959
752.000000 0.282770187 0.143817931 -1.302568913 -0.015487247 0.918005466 0.117065884 0.378578454
753.000000 0.287346154 0.144324124 -1.301675916 -0.014365829 0.919274151 0.116875350 0.375591278
754.000000 0.293010890 0.144700855 -1.299044490 -0.013331967 0.920947671 0.116335586 0.371676713
755.000000 0.297339320 0.146600619 -1.296366215 -0.012156962 0.922512591 0.116645440 0.367717952
756.000000 0.303858846 0.147343650 -1.291459560 -0.012888733 0.924297094 0.118695065 0.362519175
757.000000 0.308229864 0.147160977 -1.291881084 -0.013930838 0.925656140 0.122034021 0.357874840
758.000000 0.317075729 0.145242468 -1.287926435 -0.015273882 0.927711606 0.124995708 0.351417005
759.000000 0.325402200 0.150021568 -1.282785535 -0.015127190 0.930005670 0.125734150 0.345038414
760.000000 0.330799311 0.152104169 -1.281979203 -0.014300308 0.931402624 0.128196567 0.340367913
761.000000 0.340045035 0.149998218 -1.277101755 -0.013612633 0.933204532 0.131665602 0.334077984
762.000000 0.345904559 0.150036111 -1.277751803 -0.012075372 0.934631884 0.134461865 0.328994542
763.000000 0.353712916 0.151675448 -1.274779677 -0.010261805 0.936421931 0.136755124 0.322965503
764.000000 0.359392226 0.150320798 -1.274610043 -0.009384354 0.937676072 0.140755042 0.317590237
765.000000 0.367349029 0.148879424 -1.273675919 -0.009182843 0.939311445 0.143649608 0.311407238
766.000000 0.375500232 0.147342056 -1.273048759 -0.008175500 0.940967679 0.145415962 0.305560440
767.000000 0.382345676 0.145319402 -1.271664500 -0.007086505 0.942270458 0.147591874 0.300487608
768.000000 0.388050646 0.148776144 -1.273600817 -0.005811228 0.943360507 0.148393974 0.296675652
769.000000 0.397124231 0.144195840 -1.271111012 -0.004168576 0.944480836 0.149627477 0.292489737
770.000000 0.403451264 0.146374792 -1.270099640 -0.001402464 0.945240259 0.149738580 0.289995193
771.000000 0.408030599 0.148091495 -1.271064639 0.001161270 0.945397317 0.151516810 0.288557053
772.000000 0.415814042 0.146746859 -1.270909786 0.003136187 0.945427954 0.153049737 0.287631601
773.000000 0.421660066 0.146775067 -1.271072149 0.004515255 0.945423961 0.153401703 0.287438780
774.000000 0.426310152 0.144746482 -1.272461891 0.004425447 0.945181549 0.154008374 0.287912667
775.000000 0.431929260 0.145350277 -1.273025513 0.003824824 0.945135176 0.152532846 0.288857400
776.000000 0.437145621 0.144203931 -1.272661448 0.002110407 0.944995224 0.151949912 0.289639056
777.000000 0.441533417 0.142909974 -1.275368929 -0.000371203 0.944817483 0.150776401 0.290837198
778.000000 0.444502264 0.139228895 -1.280378819 -0.001688825 0.944342315 0.148683161 0.293441832
779.000000 0.446757883 0.139269575 -1.282215357 -0.002504121 0.944136143 0.144186795 0.296328843
780.000000 0.449029297 0.138185591 -1.284402013 -0.004105249 0.943657756 0.140097678 0.299776345
781.000000 0.452313811 0.137925684 -1.285249710 -0.006399804 0.943337560 0.135545000 0.302821428
782.000000 0.455001861 0.137506112 -1.286118269 -0.007922893 0.943286002 0.131426021 0.304755449
783.000000 0.456213593 0.138564184 -1.287683368 -0.008210592 0.943085909 0.128277361 0.306702614
784.000000 0.460339725 0.136560887 -1.286416292 -0.008357201 0.942892790 0.127581477 0.307581455
785.000000 0.462987125 0.134787694 -1.288269043 -0.008825606 0.942485571 0.127121195 0.309003741
786.000000 0.465787321 0.133085698 -1.289225936 -0.008193823 0.942209482 0.125315741 0.310596406
787.000000 0.467197001 0.133707270 -1.290365458 -0.007081504 0.942098618 0.122748263 0.311982214
788.000000 0.468076825 0.134137675 -1.293226719 -0.006805362 0.941981435 0.119862460 0.313460857
789.000000 0.473749191 0.129476637 -1.292417526 -0.006129198 0.942513347 0.116057947 0.313307405
790.000000 0.476323664 0.129254192 -1.293124914 -0.004236193 0.942896247 0.111676425 0.313778728
791.000000 0.479160130 0.126604855 -1.292896628 -0.002898988 0.942991197 0.109192081 0.314382493
792.000000 0.482652187 0.124819174 -1.292042375 -0.001933877 0.942992985 0.106126957 0.315432310
793.000000 0.485113084 0.122365773 -1.292557716 -0.000791814 0.942739129 0.102279827 0.317460388
794.000000 0.488019228 0.120657012 -1.290543437 0.000432649 0.942750931 0.098030277 0.318764180
795.000000 0.489711225 0.116994664 -1.290498614 0.000876540 0.942515492 0.093972199 0.320675850
796.000000 0.493307561 0.113134891 -1.288684368 0.001240218 0.942407966 0.087577611 0.322793901
797.000000 0.492793024 0.113028087 -1.290167928 0.001674597 0.941861510 0.080217436 0.326281041
798.000000 0.497991234 0.110988714 -1.285773039 0.001035746 0.942012906 0.074553803 0.327188581
799.000000 0.494903624 0.111604966 -1.289293885 0.001617400 0.940791070 0.071073532 0.331448525
800.000000 0.500292361 0.107344687 -1.288034797 0.001266035 0.940041125 0.069773845 0.333845377
801.000000 0.501594901 0.107581712 -1.288212538 0.001976382 0.938808262 0.067493252 0.337756991
802.000000 0.503467739 0.106059626 -1.288083315 0.002812446 0.937438190 0.066049211 0.341817528
803.000000 0.505829334 0.106489442 -1.286088586 0.003378433 0.936168253 0.064046733 0.345652491
804.000000 0.510678649 0.103323936 -1.281616807 0.003678229 0.935326815 0.062436923 0.348212391
805.000000 0.512995183 0.102020517 -1.280130863 0.004328602 0.933928013 0.061149199 0.352165401
806.000000 0.516026735 0.102475643 -1.278821826 0.004103196 0.932687044 0.060090862 0.355622202
807.000000 0.521594286 0.099267662 -1.278112292 0.003438604 0.931463778 0.060031082 0.358831018
808.000000 0.525159955 0.098262616 -1.275690317 0.002718937 0.930389166 0.058841661 0.361809760
809.000000 0.525844276 0.102161556 -1.273325682 0.002537986 0.928973496 0.056918219 0.365734965
810.000000 0.527684093 0.100722656 -1.271232963 0.001705923 0.927344799 0.056825206 0.369864345
811.000000 0.532401800 0.099057615 -1.267690063 0.001171866 0.925660253 0.057363722 0.373980135
812.000000 0.538370252 0.098377153 -1.263290763 -0.000045242 0.924262226 0.057671782 0.377376795
813.000000 0.538067400 0.097621143 -1.262903929 -0.000492092 0.922040761 0.059296474 0.382523835
814.000000 0.542855501 0.099305682 -1.258236408 -0.001384086 0.920481563 0.060655866 0.386047423
815.000000 0.543762267 0.100054890 -1.256368637 -0.002304350 0.918443859 0.062158793 0.390630037
816.000000 0.547131717 0.100108966 -1.253171802 -0.002679667 0.916582465 0.064096935 0.394665718
817.000000 0.542513013 0.100831315 -1.253099680 -0.003372163 0.914079189 0.066082172 0.400101244
818.000000 0.546666801 0.098366216 -1.249938488 -0.004004619 0.912166297 0.068609342 0.404016495
819.000000 0.546886742 0.099955082 -1.247683287 -0.004834522 0.910070181 0.070346721 0.408411890
820.000000 0.548800945 0.097129934 -1.244309545 -0.006306204 0.908281565 0.073108464 0.411873817
821.000000 0.547560096 0.100754417 -1.242604971 -0.006475120 0.906269431 0.074554540 0.416023344
822.000000 0.548618019 0.099896327 -1.238560557 -0.007374079 0.904383600 0.077866174 0.419491202
823.000000 0.548781633 0.102386542 -1.236317992 -0.008111719 0.902435005 0.080275603 0.423203290
824.000000 0.547836065 0.104851566 -1.233843207 -0.009506153 0.900664508 0.082704246 0.426465690
825.000000 0.550160289 0.103056803 -1.229667902 -0.011416827 0.899203956 0.085831985 0.428876191
826.000000 0.545651555 0.103693798 -1.230386019 -0.013044877 0.896908522 0.088293880 0.433115602
827.000000 0.547645390 0.103187077 -1.225711703 -0.014782969 0.895845413 0.091279790 0.434638262
828.000000 0.545307755 0.104622371 -1.226849794 -0.016458169 0.893882155 0.093633309 0.438105732
829.000000 0.543735385 0.106467813 -1.223511219 -0.017788781 0.892726183 0.094730936 0.440169960
830.000000 0.540212929 0.105881393 -1.219464302 -0.020445025 0.889967382 0.096673422 0.445190191
831.000000 0.539702535 0.106564283 -1.215292454 -0.021116560 0.888986647 0.096942469 0.447055876
832.000000 0.539047837 0.106480576 -1.211590052 -0.022116296 0.887512803 0.097813986 0.449738085
833.000000 0.533329189 0.107443042 -1.210353971 -0.023787368 0.885324419 0.097977474 0.453911006
834.000000 0.532799780 0.104746439 -1.206832886 -0.024458464 0.883481979 0.098595768 0.457318544
835.000000 0.532337308 0.105417274 -1.202242970 -0.025011731 0.881634414 0.098725162 0.460812926
836.000000 0.527002931 0.107927814 -1.201652288 -0.026216652 0.879169524 0.098878987 0.465399355
837.000000 0.524476051 0.106903598 -1.200177908 -0.028317625 0.877189875 0.099639826 0.468836695
838.000000 0.520678401 0.102183864 -1.197355628 -0.031348515 0.875543118 0.100806005 0.471465379
839.000000 0.519345403 0.109489702 -1.196027875 -0.032183148 0.874163091 0.100123353 0.474108070
840.000000 0.511378765 0.113657139 -1.196029425 -0.033861585 0.871878564 0.101162501 0.477961570
841.000000 0.509358048 0.112595774 -1.193230510 -0.037007265 0.870006084 0.103935599 0.480538547
842.000000 0.505671501 0.116116315 -1.190370083 -0.039563809 0.867999673 0.104760848 0.483773112
843.000000 0.500486732 0.118038848 -1.189474344 -0.040774446 0.865376472 0.105816759 0.488122761
844.000000 0.494282991 0.115747735 -1.187028408 -0.043781690 0.862771153 0.107783042 0.492028326
845.000000 0.490347683 0.113836758 -1.185287595 -0.045552179 0.860028386 0.109522961 0.496266991
846.000000 0.486711174 0.116089538 -1.183650732 -0.046140581 0.857346416 0.109609313 0.500813186
847.000000 0.482834905 0.114426225 -1.182676435 -0.046118185 0.854233146 0.110017784 0.506018639
848.000000 0.479682773 0.113662690 -1.180558801 -0.046350215 0.851167619 0.109539255 0.511240125
849.000000 0.474421382 0.113870174 -1.179959774 -0.045828700 0.847373486 0.108596407 0.517749667
850.000000 0.478555202 0.112179399 -1.173375607 -0.045271080 0.844475269 0.108047053 0.522625923
851.000000 0.476390451 0.107900664 -1.176110864 -0.045935478 0.840005040 0.107894674 0.529754877
852.000000 0.474673688 0.111276694 -1.171811104 -0.047023203 0.836814702 0.106076516 0.535049260
853.000000 0.470518231 0.114635594 -1.170793533 -0.047820341 0.833027601 0.104678653 0.541129053
854.000000 0.466026276 0.116480708 -1.167817712 -0.049015384 0.829298019 0.104434118 0.546768486
855.000000 0.460270673 0.115228906 -1.162736773 -0.052110694 0.825772047 0.106164306 0.551465511
856.000000 0.457094133 0.118085563 -1.158710957 -0.054466963 0.822758853 0.106950924 0.555574298
857.000000 0.455750942 0.121632144 -1.152745247 -0.054546129 0.820257723 0.107273057 0.559190929
858.000000 0.450324416 0.120822668 -1.147570848 -0.055365801 0.817155898 0.108646490 0.563370943
859.000000 0.447262049 0.120475531 -1.142309785 -0.055757515 0.814353526 0.109334007 0.567243695
860.000000 0.442123413 0.126484379 -1.139976978 -0.055021480 0.811517119 0.107708432 0.571674347
861.000000 0.436769187 0.124356017 -1.136317611 -0.055331152 0.809169471 0.107964337 0.574914753
862.000000 0.444820642 0.125290811 -1.121779561 -0.054267172 0.809338748 0.107722409 0.574823141
863.000000 0.438126534 0.122984156 -1.117766738 -0.053834498 0.807086229 0.107233681 0.578112960
864.000000 0.432838708 0.125140563 -1.109073758 -0.052217502 0.805639446 0.105884001 0.580523014
865.000000 0.426698864 0.123976193 -1.102081537 -0.052164059 0.803382099 0.105899788 0.583644867
866.000000 0.416255653 0.120836750 -1.098339677 -0.052783780 0.800670922 0.106400922 0.587212741
867.000000 0.412153989 0.118913837 -1.087987661 -0.051806204 0.799617529 0.105390504 0.588914931
868.000000 0.404568464 0.114903055 -1.083628058 -0.051380675 0.797729909 0.104165323 0.591723382
869.000000 0.397789478 0.113197379 -1.071604967 -0.049887966 0.796985149 0.102025919 0.593225539
870.000000 0.387451887 0.112412706 -1.064825296 -0.048895683 0.795386910 0.100088015 0.595777810
871.000000 0.377714038 0.117202461 -1.058726072 -0.048224751 0.793513060 0.099102132 0.598489881
872.000000 0.370656788 0.112476446 -1.049322724 -0.048948068 0.792444825 0.100582667 0.599598467
873.000000 0.360995829 0.105893135 -1.046972632 -0.047887713 0.790815413 0.100155286 0.601902544
874.000000 0.356805801 0.103548691 -1.033609629 -0.045168556 0.791323066 0.098198898 0.601767898
875.000000 0.346832514 0.099223107 -1.027015686 -0.043907307 0.790807009 0.096504740 0.602812886
876.000000 0.338834345 0.096146330 -1.016778827 -0.042585056 0.790761709 0.094723046 0.603249490
877.000000 0.325619757 0.098383546 -1.014608264 -0.041233517 0.789204419 0.091786548 0.605831087
878.000000 0.317451268 0.096685186 -1.005149364 -0.041722603 0.788460851 0.090148851 0.607010603
879.000000 0.307965338 0.092594668 -0.998993874 -0.041699752 0.787103772 0.087491348 0.609158456
880.000000 0.297678351 0.089905053 -0.993238270 -0.040839165 0.785635471 0.084220104 0.611568451
881.000000 0.287491232 0.090372533 -0.987073898 -0.040652763 0.784083545 0.081953913 0.613876104
882.000000 0.278291106 0.089207739 -0.977568924 -0.041081537 0.782603502 0.080910467 0.615871370
883.000000 0.271003455 0.085055202 -0.969841003 -0.041893084 0.780852795 0.080142841 0.618135095
884.000000 0.258534938 0.080271259 -0.969854057 -0.043014247 0.777942240 0.079262905 0.621830344
885.000000 0.249505609 0.083906956 -0.963939905 -0.042552065 0.775867105 0.077583574 0.624660194
886.000000 0.242355838 0.082871482 -0.954474568 -0.042594232 0.774070382 0.077284761 0.626919329
887.000000 0.233340070 0.084032983 -0.949651241 -0.042197984 0.771114171 0.076960035 0.630618274
888.000000 0.225714475 0.083416685 -0.943286657 -0.042035110 0.767834246 0.077451095 0.634558916
889.000000 0.217345551 0.078668885 -0.939041674 -0.041868277 0.763692081 0.078246616 0.639452100
890.000000 0.209057942 0.075847909 -0.935876667 -0.041109189 0.759051383 0.078100815 0.645020366
891.000000 0.202935502 0.073374361 -0.928922951 -0.039661039 0.754712820 0.078097679 0.650181770
892.000000 0.194363028 0.071592256 -0.925495744 -0.037831590 0.749575436 0.077643313 0.656259835
893.000000 0.187719524 0.068132177 -0.920536757 -0.036120098 0.744793355 0.077356093 0.661811292
894.000000 0.177607954 0.070758268 -0.920538008 -0.034211207 0.739598989 0.075710416 0.667900383
895.000000 0.176801890 0.066765457 -0.905909181 -0.033072226 0.737167656 0.075805038 0.670629263
896.000000 0.167919561 0.063315645 -0.905861557 -0.033139121 0.732280135 0.075539008 0.675989270
897.000000 0.161057457 0.058616202 -0.902120411 -0.032740135 0.727786958 0.075271957 0.680873275
898.000000 0.155062035 0.059813593 -0.898761511 -0.030544117 0.723114789 0.074000262 0.686072826
899.000000 0.147721156 0.060259428 -0.897234619 -0.028745595 0.717904329 0.073920801 0.691608727
900.000000 0.138851732 0.057337686 -0.896324217 -0.029375607 0.713230312 0.074824348 0.696305156
901.000000 0.133017316 0.058348268 -0.897329867 -0.028595394 0.708501577 0.074482441 0.701184809
902.000000 0.125057310 0.054620788 -0.890102923 -0.029517053 0.705234289 0.074508242 0.704430103
903.000000 0.117759019 0.054339856 -0.889788091 -0.030009028 0.701355338 0.074013509 0.708323479
904.000000 0.110357650 0.051454928 -0.890668631 -0.030093255 0.697032332 0.073725469 0.712604344
905.000000 0.103818603 0.052503094 -0.886905611 -0.030108528 0.693526447 0.071794167 0.716212392
906.000000 0.091481045 0.053196736 -0.884350419 -0.029425370 0.690007865 0.071403511 0.719669938
907.000000 0.086817294 0.055671837 -0.888361335 -0.029676365 0.685455382 0.069820061 0.724151433
908.000000 0.074520588 0.056209307 -0.882305384 -0.029820226 0.682779551 0.070094936 0.726642668
909.000000 0.066871241 0.054306615 -0.886009932 -0.030140948 0.678989530 0.069746852 0.730205595
910.000000 0.059462726 0.054157380 -0.890227616 -0.029751899 0.675291121 0.069222331 0.733692706
911.000000 0.048417494 0.059700802 -0.879044235 -0.028710078 0.674333990 0.067961447 0.734731674
912.000000 0.045068912 0.049740311 -0.890617728 -0.030294513 0.669126511 0.068908080 0.739326537
913.000000 0.039685421 0.052528519 -0.894051373 -0.029702341 0.665540040 0.066751502 0.742777526
914.000000 0.028560832 0.052223794 -0.888029993 -0.029094262 0.663900375 0.066320524 0.744305968
915.000000 0.021121174 0.057208553 -0.887848377 -0.027850902 0.661105216 0.064853191 0.746966124
916.000000 0.015570849 0.052276593 -0.892417014 -0.028618462 0.657386422 0.066031836 0.750109196
917.000000 0.007527746 0.053215519 -0.889172912 -0.028833196 0.655436993 0.066069104 0.751801729
918.000000 0.001011364 0.055679977 -0.886868298 -0.027880702 0.653430104 0.065550111 0.753627896
919.000000 -0.004523113 0.054763123 -0.887703896 -0.027378682 0.651011050 0.065029606 0.755781829
920.000000 -0.010858119 0.054057501 -0.883996308 -0.026268020 0.649502099 0.064893708 0.757130027
921.000000 -0.015810624 0.052034304 -0.885457098 -0.025062583 0.647356808 0.064140022 0.759069920
922.000000 -0.019661844 0.047293432 -0.888625860 -0.023199497 0.645022094 0.064137772 0.761114061
923.000000 -0.025558501 0.053911883 -0.884712756 -0.020182963 0.644390523 0.061475642 0.761954248
924.000000 -0.031642586 0.054953564 -0.883288980 -0.018481921 0.643452525 0.060830355 0.762841344
925.000000 -0.033673629 0.052453101 -0.883497477 -0.018377639 0.641935527 0.060716964 0.764129877
926.000000 -0.035605952 0.047712632 -0.886685908 -0.018256417 0.639630020 0.060809162 0.766056359
927.000000 -0.042540550 0.050732046 -0.875544965 -0.016518330 0.640057087 0.058500770 0.765918911
928.000000 -0.038126722 0.040679991 -0.897639513 -0.016913502 0.634323299 0.058040939 0.770700455
929.000000 -0.047563657 0.049433876 -0.878135920 -0.013817376 0.636542320 0.054997809 0.769154191
930.000000 -0.046360284 0.041951440 -0.886749327 -0.013807870 0.634035587 0.054741368 0.771240294
931.000000 -0.050650924 0.044657629 -0.877904475 -0.012142108 0.635228515 0.052970268 0.770409942
932.000000 -0.052832097 0.047769062 -0.877147377 -0.010467040 0.635209203 0.050890606 0.770590603
933.000000 -0.056238368 0.044996124 -0.873087049 -0.008995526 0.635664761 0.049786896 0.770305574
934.000000 -0.055038914 0.039426513 -0.878176928 -0.007503593 0.634796441 0.048746336 0.771103680
935.000000 -0.057117850 0.039668716 -0.875670850 -0.005767467 0.635480285 0.047097612 0.770657778
936.000000 -0.060531422 0.043188065 -0.871088743 -0.003694653 0.636392832 0.045708153 0.770000875
937.000000 -0.060609221 0.043852028 -0.871190667 -0.002408374 0.636394441 0.044692419 0.770064175
938.000000 -0.060543433 0.043696258 -0.871359110 -0.001791446 0.636607587 0.043831658 0.769939244
939.000000 -0.060774162 0.043287866 -0.871618867 -0.001355628 0.637130439 0.043141779 0.769546449
940.000000 -0.061107039 0.042814650 -0.871248960 -0.000635050 0.637998343 0.041985329 0.768891990
941.000000 -0.060853705 0.044979457 -0.872874677 0.000892511 0.638629615 0.040262401 0.768459737
942.000000 -0.059838697 0.035892446 -0.874675095 0.000789254 0.638964295 0.040247455 0.768182337
943.000000 -0.061709434 0.043176644 -0.871649325 0.003316684 0.640110731 0.037633114 0.767353237
944.000000 -0.059955686 0.037938528 -0.873523355 0.003916055 0.640294492 0.037129905 0.767221630
945.000000 -0.060538813 0.042917415 -0.871474028 0.006055454 0.641257048 0.034952249 0.766505718
946.000000 -0.058884859 0.035636336 -0.877334177 0.005881960 0.640896797 0.035020329 0.766805291
947.000000 -0.060530469 0.037591077 -0.872909248 0.007572682 0.642571628 0.033576559 0.765452206
948.000000 -0.061099529 0.039295964 -0.871357679 0.009319389 0.643705547 0.032043807 0.764545321
949.000000 -0.060502678 0.039582681 -0.871497929 0.010521491 0.644222438 0.031069504 0.764134467
950.000000 -0.056004509 0.035181485 -0.879693866 0.010358079 0.642998457 0.030765364 0.765179157
951.000000 -0.057381317 0.034816045 -0.875563860 0.011563213 0.644087195 0.029471584 0.764296710
952.000000 -0.058230758 0.036131568 -0.872122228 0.012941577 0.645188391 0.028639920 0.763376892
953.000000 -0.057979062 0.039738994 -0.871917248 0.014022126 0.645628572 0.027384907 0.763031602
954.000000 -0.058902726 0.036219783 -0.867859423 0.014456728 0.646740317 0.027345670 0.762082815
955.000000 -0.054401651 0.029094458 -0.878033936 0.014450392 0.645394862 0.028346604 0.763186216
956.000000 -0.055979744 0.030908437 -0.871952415 0.015778285 0.646960557 0.027983909 0.761846423
957.000000 -0.054994494 0.034844439 -0.872441947 0.017655456 0.647343218 0.027704287 0.761490285
958.000000 -0.055072039 0.037016172 -0.873502672 0.018999221 0.647545338 0.027549051 0.761291742
959.000000 -0.053232536 0.035814520 -0.875325501 0.019550636 0.647696912 0.028279655 0.761122048
960.000000 -0.051712781 0.035805542 -0.879361868 0.020214479 0.647361517 0.028600996 0.761378050
961.000000 -0.051638737 0.034993704 -0.876145661 0.021198828 0.648473978 0.029200928 0.760381103
962.000000 -0.052171797 0.035070419 -0.874976218 0.022247184 0.649301112 0.029695567 0.759625793
963.000000 -0.050126508 0.034332603 -0.875398159 0.022922302 0.649857640 0.029756717 0.759127259
964.000000 -0.047999740 0.029815836 -0.879058659 0.023299646 0.649992287 0.030605372 0.758966684
965.000000 -0.046394408 0.028413819 -0.882342339 0.023565406 0.650268435 0.030429123 0.758729041
