0.000000 0.000000000 0.000000000 0.000000000 0.000000000 0.000000000 0.000000000 1.000000000
1.000000 -0.000073884 -0.000527320 0.001393411 -0.000158293 -0.000719291 0.000183788 0.999999702
2.000000 -0.004396013 -0.002153611 -0.000091812 0.000257673 -0.000787784 0.000433390 0.999999583
3.000000 -0.003333561 -0.000282294 -0.000017178 0.001051983 -0.002071418 0.000208724 0.999997258
4.000000 -0.007063245 -0.001422938 0.001230537 0.000927046 -0.001743632 -0.000006901 0.999998033
5.000000 -0.004884671 -0.002424841 -0.000470882 0.001012710 -0.002281320 0.000073937 0.999996901
6.000000 -0.005087123 -0.000664581 -0.000143012 0.001028315 -0.002354877 0.000080345 0.999996662
7.000000 -0.006893363 -0.001264230 -0.000498288 0.000986290 -0.002257488 0.000133663 0.999996960
8.000000 -0.008887800 0.000797205 0.000027632 0.001095800 -0.002126384 -0.000178695 0.999997139
9.000000 -0.008983289 -0.001593704 0.000902147 0.000653808 -0.002282052 -0.000415566 0.999997079
10.000000 -0.008834768 0.000120691 0.000951693 0.000964615 -0.002596230 -0.000898719 0.999995768
11.000000 -0.010096641 -0.001023238 0.000142352 0.000412043 -0.002428594 -0.001604549 0.999995649
12.000000 -0.012315408 -0.000702774 0.001533358 0.000080111 -0.001640367 -0.002183574 0.999996245
13.000000 -0.012569021 -0.002315433 0.000239001 -0.000556566 -0.001686171 -0.002385348 0.999995589
14.000000 -0.014631928 -0.002636794 0.000249443 -0.000285100 -0.001184166 -0.002648783 0.999995768
15.000000 -0.015425149 -0.000469957 0.000107285 0.000390600 -0.001126863 -0.002934356 0.999994993
16.000000 -0.016842781 0.000226949 -0.002064585 -0.000236135 -0.000344754 -0.003212529 0.999994755
17.000000 -0.018685827 0.000338660 -0.001305634 -0.001257266 0.000142664 -0.003297027 0.999993742
18.000000 -0.020683063 -0.000768440 -0.001521723 -0.001922610 0.000648109 -0.003684329 0.999991119
19.000000 -0.023750963 0.000375930 -0.002402337 -0.002304543 0.001608654 -0.004332033 0.999986649
20.000000 -0.027506802 -0.000174926 -0.002189544 -0.003142821 0.002793173 -0.004610463 0.999980509
21.000000 -0.033720430 0.000864067 -0.002886477 -0.003197197 0.004322153 -0.004588673 0.999975026
22.000000 -0.033438317 0.001260622 -0.004638959 -0.003899408 0.004886003 -0.004646025 0.999969661
23.000000 -0.042011477 -0.001231632 -0.005683724 -0.005061750 0.007178394 -0.004702866 0.999950349
24.000000 -0.041799758 0.000046613 -0.006995665 -0.004578208 0.007979144 -0.005086663 0.999944746
25.000000 -0.049567491 -0.000193087 -0.005546231 -0.003992784 0.010483432 -0.005206501 0.999923527
26.000000 -0.056347512 0.001335674 -0.008160173 -0.004356992 0.012870390 -0.004796793 0.999896169
27.000000 -0.060210235 -0.005180781 -0.008044546 -0.005669432 0.014515561 -0.004125593 0.999870062
28.000000 -0.068093263 -0.003478597 -0.012081780 -0.004961455 0.016815858 -0.003771140 0.999839187
29.000000 -0.079482839 -0.003705469 -0.010708811 -0.004958481 0.019592881 -0.003510802 0.999789596
30.000000 -0.086035043 -0.004909271 -0.012943064 -0.005572843 0.021459298 -0.003293659 0.999748766
31.000000 -0.092576273 -0.004149714 -0.017091710 -0.005274828 0.023538429 -0.003122093 0.999704123
32.000000 -0.099598266 -0.003780963 -0.017315730 -0.005040520 0.025328452 -0.002632404 0.999662995
33.000000 -0.132888943 -0.006607492 -0.018040642 -0.005401459 0.030035138 -0.003137775 0.999529302
34.000000 -0.136713758 -0.006584590 -0.020886000 -0.005669080 0.031027557 -0.001973038 0.999500513
35.000000 -0.141028807 -0.007827987 -0.021682540 -0.005385759 0.031821579 -0.000194025 0.999479055
36.000000 -0.155144751 -0.006850275 -0.023163050 -0.004825116 0.033836070 0.000225900 0.999415755
37.000000 -0.167763516 -0.007356214 -0.020866500 -0.005667830 0.036535405 0.000443973 0.999316216
38.000000 -0.170449391 -0.003689733 -0.025413752 -0.005853082 0.037679795 0.000008832 0.999272764
39.000000 -0.182595029 -0.001461775 -0.024784774 -0.006398793 0.040621527 -0.000691091 0.999153852
40.000000 -0.193650141 0.000047141 -0.023263857 -0.007775663 0.043454185 -0.001515245 0.999023974
41.000000 -0.209763706 -0.001140356 -0.021022525 -0.009534918 0.046537824 -0.001974421 0.998869061
42.000000 -0.217112541 -0.002029513 -0.019103823 -0.010145042 0.047204830 -0.002506901 0.998830557
43.000000 -0.221328661 0.000139511 -0.019935980 -0.010289517 0.047942523 -0.003436784 0.998791218
44.000000 -0.229900628 -0.001416971 -0.015018785 -0.010964436 0.048789777 -0.004143149 0.998740315
45.000000 -0.236774191 -0.003303364 -0.014839679 -0.010485471 0.049494382 -0.004638541 0.998708606
46.000000 -0.238508388 -0.000448048 -0.014883501 -0.009424333 0.049511082 -0.005965482 0.998711288
47.000000 -0.242221028 0.000766519 -0.013239546 -0.009656420 0.050025366 -0.006807514 0.998678088
48.000000 -0.251257718 -0.001896566 -0.013292847 -0.010012481 0.051428903 -0.006869528 0.998602808
49.000000 -0.268518150 -0.001539878 -0.007817982 -0.009184306 0.054095265 -0.006729199 0.998470843
50.000000 -0.267156959 -0.001078343 -0.011809513 -0.008723110 0.053362343 -0.006226418 0.998517692
51.000000 -0.270498246 -0.001447670 -0.012208901 -0.007815120 0.053919774 -0.006208433 0.998495400
52.000000 -0.272095203 0.001635419 -0.017758870 -0.006268807 0.054253865 -0.006996253 0.998483002
53.000000 -0.284056306 0.006008135 -0.009363256 -0.005820475 0.055760205 -0.008080733 0.998394549
54.000000 -0.285490751 0.005479383 -0.009153605 -0.006486283 0.055462044 -0.009142156 0.998397827
55.000000 -0.307471335 0.004236151 -0.000563800 -0.006330117 0.059196610 -0.010026566 0.998175919
56.000000 -0.312782079 0.006661764 0.000267815 -0.005660487 0.059756283 -0.010400135 0.998142779
57.000000 -0.324505687 0.007860036 0.003255405 -0.006627869 0.061555687 -0.009911133 0.998032391
58.000000 -0.340340227 0.005378490 0.008346733 -0.007422615 0.064493418 -0.008907354 0.997850776
59.000000 -0.340948850 0.010475919 0.006334189 -0.006223474 0.064639658 -0.007719909 0.997859418
60.000000 -0.350619286 0.011316765 0.005406369 -0.006863072 0.066467896 -0.006630345 0.997742951
61.000000 -0.375123262 0.011679111 0.016551398 -0.007855336 0.072347701 -0.005474343 0.997333527
62.000000 -0.384866953 0.008239117 0.017344434 -0.009284236 0.075734809 -0.003925945 0.997077048
63.000000 -0.393703043 0.008021044 0.021105248 -0.010515386 0.079214461 -0.001854304 0.996800423
64.000000 -0.408652037 0.009017725 0.025775831 -0.011276867 0.083299980 0.000023076 0.996460736
65.000000 -0.421269923 0.007725691 0.026283938 -0.012657847 0.086936779 0.001026644 0.996132910
66.000000 -0.434554905 0.004717336 0.030486472 -0.013619702 0.090764605 0.001970052 0.995777249
67.000000 -0.450671643 0.004791610 0.028508730 -0.013492461 0.094314680 0.002109512 0.995448768
68.000000 -0.456398040 0.003909472 0.033001367 -0.014351613 0.096493885 0.001963719 0.995228171
69.000000 -0.465956062 0.001726545 0.032304637 -0.015625723 0.099028252 0.001267645 0.994961143
70.000000 -0.473529875 0.001919943 0.029327914 -0.016210133 0.100297943 -0.000062397 0.994825423
71.000000 -0.490512460 -0.003011732 0.031251706 -0.017504379 0.105074160 -0.004054284 0.994302034
72.000000 -0.506510973 -0.004650400 0.033487409 -0.017203713 0.108454116 -0.005708828 0.993936181
73.000000 -0.511255085 -0.006301468 0.031659953 -0.016948994 0.109825388 -0.007491881 0.993778110
74.000000 -0.512240171 -0.011817968 0.027629547 -0.017069407 0.110296912 -0.008903593 0.993712187
75.000000 -0.508985460 -0.015424177 0.019282259 -0.015525315 0.111093521 -0.010212180 0.993636191
76.000000 -0.511127234 -0.015689660 0.010225445 -0.013039325 0.112777404 -0.011304598 0.993470371
77.000000 -0.509064674 -0.017921215 0.004080571 -0.011859328 0.114400961 -0.011673088 0.993295312
78.000000 -0.516481280 -0.021546634 0.001265280 -0.011074265 0.117807388 -0.011682356 0.992905974
79.000000 -0.518551528 -0.025133647 -0.004570916 -0.009427503 0.120379008 -0.011663347 0.992614686
80.000000 -0.528486967 -0.022944111 -0.001326129 -0.007173873 0.124509133 -0.011508638 0.992125750
81.000000 -0.538745344 -0.022626337 -0.001727045 -0.007126110 0.129080653 -0.010832453 0.991549313
82.000000 -0.545607269 -0.024315966 -0.004689083 -0.007359633 0.133108363 -0.009948038 0.991024256
83.000000 -0.559000850 -0.024250928 -0.004890800 -0.007263097 0.138014957 -0.009446952 0.990358472
84.000000 -0.573238194 -0.025163315 -0.006077558 -0.008297112 0.143674552 -0.009173058 0.989547670
85.000000 -0.588585079 -0.024667617 -0.001152083 -0.008471074 0.150166214 -0.008213632 0.988590360
86.000000 -0.603618443 -0.022885691 -0.001770794 -0.008695689 0.154316291 -0.006722947 0.987960339
87.000000 -0.614980102 -0.022192894 -0.003270298 -0.009383610 0.157899186 -0.004798313 0.987398982
88.000000 -0.629510999 -0.023478538 -0.001340643 -0.009871121 0.161772996 -0.003006828 0.986774027
89.000000 -0.634005010 -0.021132955 -0.004705861 -0.009679076 0.163997948 -0.001357528 0.986412287
90.000000 -0.655364454 -0.022597820 -0.001981258 -0.011105806 0.168722332 -0.000116231 0.985601068
91.000000 -0.670286894 -0.024805270 0.003518164 -0.012726473 0.173177242 0.000808464 0.984808147
92.000000 -0.673939705 -0.022886217 -0.000695780 -0.012346566 0.174744725 0.001209044 0.984535635
93.000000 -0.678234220 -0.019497020 -0.001395300 -0.012410225 0.176841468 0.001623576 0.984159768
94.000000 -0.694795549 -0.021172464 0.006029710 -0.013638127 0.180518597 0.001974384 0.983475029
95.000000 -0.707922995 -0.022795193 0.004310220 -0.013734949 0.183554411 0.002162184 0.982911229
96.000000 -0.716307580 -0.020308847 0.004688784 -0.013781416 0.185548589 0.002084130 0.982536256
97.000000 -0.730452478 -0.018206656 0.010962084 -0.015084228 0.189487144 0.002157224 0.981764972
98.000000 -0.736835241 -0.019870773 0.014645636 -0.016326599 0.191335276 0.002471012 0.981385827
99.000000 -0.746143341 -0.018429585 0.017487317 -0.016116595 0.193813309 0.002207317 0.980903566
100.000000 -0.750842333 -0.013289322 0.021907687 -0.015515494 0.196364850 0.001870604 0.980406344
101.000000 -0.757509768 -0.016885571 0.021227926 -0.016719004 0.197803706 0.001098139 0.980098426
102.000000 -0.770271719 -0.015733643 0.029181331 -0.017216364 0.201349929 0.000599931 0.979367852
103.000000 -0.781664789 -0.012947897 0.041776866 -0.017200788 0.205430999 0.000760414 0.978520155
104.000000 -0.785842955 -0.012418721 0.043091089 -0.018075150 0.207645163 0.001424136 0.978036165
105.000000 -0.794073403 -0.014033173 0.049988836 -0.018252615 0.210542634 0.002069387 0.977412045
106.000000 -0.795829177 -0.011438513 0.045645654 -0.017484929 0.211511999 0.002736402 0.977215171
107.000000 -0.808551550 -0.010407390 0.054208070 -0.018432029 0.214980081 0.002387598 0.976441562
108.000000 -0.808965445 -0.008563071 0.056276143 -0.019389408 0.217016712 0.002567064 0.975971878
109.000000 -0.817500114 -0.007586294 0.065599114 -0.020067096 0.221317008 0.003205256 0.974990129
110.000000 -0.820752621 -0.005980290 0.069931746 -0.020981403 0.224657223 0.003967924 0.974203885
111.000000 -0.827566683 -0.008564094 0.078778088 -0.022689790 0.228826344 0.005272304 0.973188519
112.000000 -0.831922531 -0.007199525 0.083239764 -0.023603832 0.232333973 0.005936923 0.972331524
113.000000 -0.842839062 -0.005966575 0.095411301 -0.024612881 0.237578258 0.006817110 0.971032619
114.000000 -0.844321609 -0.005189932 0.097838312 -0.026072361 0.240216196 0.007788489 0.970337987
115.000000 -0.857624292 -0.008225504 0.110859245 -0.027802749 0.245282009 0.008773056 0.969013274
116.000000 -0.866421521 -0.009788758 0.122310430 -0.027769396 0.249015749 0.009308836 0.968056500
117.000000 -0.872293591 -0.009691196 0.125647813 -0.026763761 0.252420455 0.009393622 0.967201829
118.000000 -0.878136992 -0.006983417 0.133206457 -0.027019845 0.256074667 0.008639250 0.966240704
119.000000 -0.886479855 -0.007920880 0.142346293 -0.027792918 0.260069519 0.007933534 0.965157211
120.000000 -0.896675050 -0.001650348 0.161304682 -0.027708394 0.264694124 0.006701258 0.963910997
121.000000 -0.901424587 -0.006974369 0.160062343 -0.029430890 0.266956836 0.006412681 0.963237643
122.000000 -0.906317532 -0.009718891 0.167920351 -0.029679857 0.269928277 0.006459248 0.962401211
123.000000 -0.917470098 -0.009724041 0.184300601 -0.027993530 0.274671316 0.006438976 0.961109042
124.000000 -0.922028959 -0.008428678 0.189869225 -0.026886519 0.278199852 0.006685961 0.960123599
125.000000 -0.927900970 -0.010038079 0.198852897 -0.026599007 0.281442285 0.007010267 0.959183812
126.000000 -0.937609196 -0.009363031 0.215447545 -0.026165167 0.286370665 0.006456099 0.957739830
127.000000 -0.945946634 -0.009335235 0.221329063 -0.026403306 0.290311217 0.005723558 0.956550837
128.000000 -0.948941588 -0.008383081 0.228694767 -0.026756607 0.293611109 0.005565193 0.955534220
129.000000 -0.958854795 -0.008772620 0.246907294 -0.027138747 0.298575610 0.006195719 0.953979909
130.000000 -0.957363248 -0.006207822 0.251480877 -0.027462270 0.301945478 0.006964575 0.952904105
131.000000 -0.962205172 -0.006453699 0.250147879 -0.027476050 0.305623770 0.007836636 0.951723576
132.000000 -0.975182295 -0.006187193 0.270778269 -0.028008968 0.312164754 0.008096226 0.949580431
133.000000 -0.985087872 -0.007280478 0.287442297 -0.028494641 0.319123209 0.008705079 0.947244763
134.000000 -0.990389407 -0.008743935 0.291655838 -0.028018022 0.324205548 0.009472520 0.945524156
135.000000 -0.996093512 -0.004372261 0.306019932 -0.026912222 0.329182386 0.010042312 0.943829298
136.000000 -1.002525330 -0.002892669 0.315916508 -0.026348159 0.333187580 0.011050522 0.942427576
137.000000 -1.009383678 -0.004422130 0.318858773 -0.025908737 0.337562472 0.012509344 0.940863311
138.000000 -1.015700340 -0.000936506 0.325635731 -0.025873471 0.342836797 0.013523603 0.938941181
139.000000 -1.024774075 0.001156464 0.339935362 -0.027316909 0.349249840 0.014458727 0.936519742
140.000000 -1.034025431 -0.003503392 0.342944384 -0.029199092 0.354581743 0.015641125 0.934438050
141.000000 -1.046105385 0.000411741 0.360051900 -0.029558403 0.361230910 0.016209582 0.931866825
142.000000 -1.052197695 -0.001173858 0.371671975 -0.030714985 0.366165370 0.017642036 0.929875374
143.000000 -1.058610201 -0.001840029 0.378998727 -0.030188622 0.370644420 0.018746311 0.928094804
144.000000 -1.064332247 0.001173951 0.386857986 -0.028902018 0.374749064 0.019042762 0.926480055
145.000000 -1.074626446 0.000130259 0.396939784 -0.028503552 0.379428476 0.019268474 0.924581170
146.000000 -1.087054968 0.001494683 0.418564498 -0.028291335 0.386660457 0.018982278 0.921592653
147.000000 -1.086846113 0.003305413 0.421709299 -0.028735783 0.390211374 0.018843755 0.920083821
148.000000 -1.092289209 0.003893033 0.434021771 -0.029293964 0.395260632 0.018398190 0.917917430
149.000000 -1.097208977 0.005291153 0.442618400 -0.029519964 0.399128348 0.018322015 0.916236579
150.000000 -1.096490979 0.005260024 0.452554733 -0.030391904 0.402645111 0.018568743 0.914663017
151.000000 -1.101482391 0.002324730 0.462043732 -0.031081416 0.406706095 0.019087533 0.912830651
152.000000 -1.106772065 0.003198411 0.470796227 -0.031090533 0.410801053 0.019289413 0.910990536
153.000000 -1.111655951 0.005686555 0.483778030 -0.031572051 0.414887726 0.019954192 0.909105718
154.000000 -1.114155054 0.006661452 0.491594493 -0.032341585 0.418417931 0.021634143 0.907420754
155.000000 -1.120127678 0.007826421 0.507401407 -0.033164836 0.423102289 0.023179876 0.905178070
156.000000 -1.122381091 0.007491682 0.518402934 -0.033429086 0.427737206 0.025077177 0.902936578
157.000000 -1.125977159 0.009665940 0.535952449 -0.033122357 0.432759732 0.026266309 0.900517642
158.000000 -1.127076864 0.009592660 0.543773413 -0.033058118 0.436875433 0.027517503 0.898493111
159.000000 -1.130030990 0.008481167 0.560332656 -0.033307392 0.442100644 0.028523235 0.895892859
160.000000 -1.129250288 0.010033030 0.571354508 -0.032550447 0.446788371 0.028378852 0.893596828
161.000000 -1.129929543 0.011441387 0.582019687 -0.032096833 0.451826066 0.028056992 0.891086876
162.000000 -1.130976200 0.013543706 0.598419070 -0.032534245 0.457377106 0.027158864 0.888262391
163.000000 -1.129611731 0.013706647 0.609771729 -0.032359369 0.461610645 0.026371937 0.886099875
164.000000 -1.132702112 0.013420694 0.629696846 -0.032073867 0.466701418 0.025041115 0.883478343
165.000000 -1.131061316 0.014666747 0.641183853 -0.031610847 0.470318943 0.023228293 0.881624222
166.000000 -1.132070899 0.013116632 0.652460456 -0.031434208 0.473238051 0.021739529 0.880105138
167.000000 -1.131010294 0.013359770 0.665360868 -0.030236242 0.476085275 0.020451115 0.878641188
168.000000 -1.130879402 0.017297484 0.680142164 -0.029798580 0.479026794 0.019512190 0.877077341
169.000000 -1.134470582 0.015516680 0.698463917 -0.031327862 0.483227283 0.019816812 0.874709785
170.000000 -1.132868409 0.014164362 0.709142566 -0.031819068 0.486217171 0.020210512 0.873024583
171.000000 -1.133629322 0.013029251 0.723336101 -0.031379361 0.489119917 0.020142881 0.871419132
172.000000 -1.129710197 0.015214179 0.738173962 -0.030432494 0.491617769 0.020170342 0.870045364
173.000000 -1.136597395 0.013858929 0.753743708 -0.029587725 0.494383186 0.019840054 0.868513823
174.000000 -1.136732817 0.012394343 0.766667604 -0.028901804 0.495819360 0.019858290 0.867717385
175.000000 -1.138466835 0.013814829 0.782421589 -0.028202891 0.496535391 0.019279281 0.867343903
176.000000 -1.136553645 0.017915249 0.789974749 -0.028333412 0.496390015 0.017891726 0.867452621
177.000000 -1.136578441 0.017939724 0.796755672 -0.030766349 0.496939600 0.017479159 0.867063403
178.000000 -1.136042833 0.015887376 0.811041474 -0.033210110 0.498897433 0.017833179 0.865840852
179.000000 -1.136321306 0.014576793 0.825987160 -0.034229845 0.501254141 0.017528547 0.864445150
180.000000 -1.133418322 0.015039600 0.837147474 -0.034361172 0.503321528 0.016936010 0.863249660
181.000000 -1.134845257 0.014671069 0.852312565 -0.034692533 0.506508946 0.016451348 0.861379385
182.000000 -1.136363029 0.017327186 0.869980812 -0.035034310 0.509372473 0.015537358 0.859692276
183.000000 -1.132074833 0.016947459 0.880165160 -0.036145687 0.511233568 0.015584429 0.858539999
184.000000 -1.131599307 0.017471988 0.897002995 -0.036946166 0.514632106 0.015665069 0.856471419
185.000000 -1.132376671 0.018658973 0.916506410 -0.037843019 0.518822849 0.015728187 0.853898883
186.000000 -1.128930092 0.019549705 0.924986482 -0.039275859 0.522666216 0.015999379 0.851481915
187.000000 -1.127528429 0.016649108 0.941664696 -0.040491790 0.527489960 0.016592285 0.848433554
188.000000 -1.126210093 0.014925398 0.960352302 -0.039828673 0.532547295 0.016116323 0.845309019
189.000000 -1.123744607 0.017653588 0.975502729 -0.038466513 0.536743581 0.015069625 0.842733383
190.000000 -1.123619556 0.015167329 0.993125379 -0.038985644 0.541548371 0.015119598 0.839628994
191.000000 -1.119502544 0.011067998 1.009311438 -0.038192417 0.546002924 0.015205719 0.836774111
192.000000 -1.120487690 0.012506001 1.029454112 -0.034719948 0.551100314 0.013568602 0.833605886
193.000000 -1.121808767 0.016626045 1.046622038 -0.033202630 0.555987656 0.012393174 0.830434680
194.000000 -1.117641926 0.022869568 1.060589433 -0.034457285 0.560528278 0.012417221 0.827324927
195.000000 -1.119083405 0.017525207 1.079058528 -0.036903277 0.565563262 0.013886177 0.823761821
196.000000 -1.118106842 0.014297538 1.091920972 -0.037917692 0.570090115 0.014893045 0.820571542
197.000000 -1.117398858 0.011110138 1.109738231 -0.037500594 0.575314164 0.015744621 0.816920638
198.000000 -1.115767956 0.012605898 1.126102448 -0.035313219 0.579779327 0.015771458 0.813855112
199.000000 -1.118160844 0.013862211 1.141656637 -0.033850402 0.584329665 0.015927469 0.810653567
200.000000 -1.117410660 0.014242839 1.160736203 -0.033931576 0.589157045 0.016837455 0.807130158
201.000000 -1.114950299 0.015411139 1.171391129 -0.033867572 0.592983782 0.017604589 0.804309249
202.000000 -1.112732649 0.015911441 1.189406514 -0.033521887 0.597348809 0.018172877 0.801074564
203.000000 -1.111956000 0.014863882 1.203000307 -0.033023383 0.601011872 0.018724162 0.798337996
204.000000 -1.108847380 0.019006290 1.215608478 -0.032410141 0.603706181 0.018847035 0.796324790
205.000000 -1.104062915 0.020235851 1.231875777 -0.033652920 0.606490731 0.019023990 0.794150233
206.000000 -1.102250814 0.011162128 1.245152473 -0.035734180 0.608823597 0.020600595 0.792232633
207.000000 -1.097475290 0.009504952 1.258635044 -0.035789058 0.610691488 0.020077281 0.790804625
208.000000 -1.092197537 0.009743858 1.272822618 -0.035180327 0.613295853 0.018756436 0.788846433
209.000000 -1.086590886 0.009790156 1.284684181 -0.034022368 0.616056323 0.016987124 0.786783695
210.000000 -1.083320975 0.012994967 1.299185038 -0.032880891 0.619803727 0.014997642 0.783924282
211.000000 -1.076009512 0.010292578 1.311787724 -0.033504598 0.622574329 0.014457017 0.781709433
212.000000 -1.069885373 0.006535601 1.327997088 -0.032473389 0.626049876 0.013178472 0.778995097
213.000000 -1.063093662 0.006146461 1.339894652 -0.030119818 0.628319263 0.010813153 0.777297139
214.000000 -1.054744124 0.008664157 1.351539612 -0.027764939 0.630528629 0.009274291 0.775613785
215.000000 -1.044997215 0.004484128 1.363551617 -0.026634337 0.632321775 0.008758144 0.774198353
216.000000 -1.033548713 0.001987785 1.386508107 -0.024030460 0.635378599 0.006875605 0.771796167
217.000000 -1.027712345 0.002227686 1.399637461 -0.021111473 0.637393177 0.004955539 0.770233572
218.000000 -1.016486287 0.001713278 1.411156416 -0.019320618 0.639652073 0.003499548 0.768413723
219.000000 -1.005892992 -0.003816620 1.423143387 -0.017663853 0.642355204 0.002273100 0.766200125
220.000000 -0.997542500 -0.005202653 1.435119510 -0.014837264 0.645516396 0.000018757 0.763602316
221.000000 -0.987156928 -0.004106071 1.454263091 -0.012833384 0.649032056 -0.001786114 0.760650694
222.000000 -0.977155209 -0.010393892 1.464475751 -0.011810056 0.651350260 -0.002610713 0.758680820
223.000000 -0.964716613 -0.013477039 1.472204685 -0.010138214 0.653737783 -0.003908582 0.756643176
224.000000 -0.953050792 -0.020267114 1.477590322 -0.008639783 0.655935287 -0.004540406 0.754754066
225.000000 -0.943360150 -0.021405831 1.496950507 -0.005993375 0.659735501 -0.005471111 0.751454115
226.000000 -0.928146660 -0.024492422 1.500467181 -0.002569532 0.660369992 -0.006029160 0.750911772
227.000000 -0.914463699 -0.025135670 1.519064903 0.001768749 0.662243962 -0.008321916 0.749239922
228.000000 -0.904056072 -0.029688274 1.526877761 0.005842495 0.662725329 -0.010514263 0.748765945
229.000000 -0.892592669 -0.029726325 1.537755132 0.009953043 0.663632810 -0.014126109 0.747858882
230.000000 -0.883544326 -0.032349512 1.544940114 0.012658104 0.664197087 -0.018281853 0.747226715
231.000000 -0.873179793 -0.036580123 1.551963091 0.013868412 0.664661825 -0.021910237 0.746694207
232.000000 -0.862445652 -0.039245214 1.559516311 0.014907404 0.665267467 -0.025798466 0.746010303
233.000000 -0.853641748 -0.042538244 1.568880677 0.016225183 0.666571140 -0.028983749 0.744701028
234.000000 -0.841753602 -0.041863870 1.580076575 0.017992444 0.668184280 -0.032741811 0.743057251
235.000000 -0.830496490 -0.046749063 1.587657332 0.019126557 0.668923736 -0.034968570 0.742261708
236.000000 -0.819182754 -0.054570224 1.593006015 0.019712128 0.669458508 -0.036299862 0.741700113
237.000000 -0.812069416 -0.068547592 1.590730190 0.019853339 0.668696046 -0.037056729 0.742346466
238.000000 -0.800227404 -0.073491991 1.599738002 0.021909310 0.669535160 -0.039613612 0.741399586
239.000000 -0.789231002 -0.074866489 1.611811638 0.024788301 0.670702457 -0.042702995 0.740081251
240.000000 -0.780905724 -0.075238138 1.621478677 0.028254945 0.671768665 -0.045265749 0.738836586
241.000000 -0.770318866 -0.075545847 1.629320860 0.030195663 0.672678888 -0.047773737 0.737773061
242.000000 -0.759325743 -0.082150623 1.639524937 0.031049276 0.674443126 -0.049448442 0.736014426
243.000000 -0.746436417 -0.088157043 1.648411870 0.032453641 0.676848888 -0.052374914 0.733538866
244.000000 -0.736110568 -0.090849839 1.658376217 0.035798199 0.679927468 -0.055083673 0.730330706
245.000000 -0.724976659 -0.093762457 1.668943882 0.038627051 0.683011472 -0.057249017 0.727135360
246.000000 -0.710716188 -0.091023117 1.679157853 0.041982327 0.685697973 -0.059320260 0.724249184
247.000000 -0.701746643 -0.088716902 1.695500970 0.044798464 0.689930022 -0.060218569 0.719974577
248.000000 -0.691629291 -0.089046925 1.704269767 0.047262028 0.693461061 -0.060310356 0.716408193
249.000000 -0.682515979 -0.092834450 1.711094499 0.048820309 0.697016895 -0.059944328 0.712874949
250.000000 -0.672210991 -0.092490926 1.724926353 0.050850853 0.701634347 -0.060471751 0.708143055
251.000000 -0.662806094 -0.092272632 1.734076381 0.052432265 0.705265582 -0.060997941 0.704365373
252.000000 -0.655770421 -0.089141876 1.744035602 0.052804373 0.708517134 -0.060728986 0.701089978
253.000000 -0.644706011 -0.089335181 1.759257555 0.052292429 0.712568700 -0.059464347 0.697119296
254.000000 -0.632837534 -0.096595496 1.768312454 0.052021652 0.715325594 -0.057655480 0.694463015
255.000000 -0.621575713 -0.101683557 1.776272416 0.053744134 0.717304826 -0.056811914 0.692356706
256.000000 -0.613014102 -0.104299270 1.783612609 0.054550551 0.719065964 -0.056834355 0.690462351
257.000000 -0.600772798 -0.104973905 1.799188137 0.055459872 0.722615480 -0.057798695 0.686593294
258.000000 -0.589599371 -0.110190667 1.804921746 0.055942979 0.725318193 -0.058963127 0.683598757
259.000000 -0.579580307 -0.114558525 1.818147182 0.056482833 0.729322731 -0.060311247 0.679161668
260.000000 -0.569511056 -0.111166164 1.828403711 0.057487361 0.732328892 -0.062227767 0.675660610
261.000000 -0.560000777 -0.112387136 1.835285783 0.057036251 0.734834552 -0.062824093 0.672917604
262.000000 -0.548287392 -0.111735731 1.841547847 0.056641027 0.737031996 -0.063865647 0.670445204
263.000000 -0.538055837 -0.110686131 1.850267768 0.056507509 0.739250302 -0.064783029 0.667921424
264.000000 -0.526165187 -0.111871533 1.857581973 0.056224149 0.740810156 -0.065081075 0.666185796
265.000000 -0.512948453 -0.113157667 1.861454248 0.055949904 0.741469860 -0.066148289 0.665369332
266.000000 -0.501038611 -0.113786981 1.864640355 0.055999849 0.742060184 -0.067078575 0.664613545
267.000000 -0.488043755 -0.110583864 1.873474240 0.055860810 0.743721664 -0.068588786 0.662610888
268.000000 -0.475160152 -0.108230017 1.877572536 0.055431288 0.745106280 -0.069833204 0.660959363
269.000000 -0.448282361 -0.118548974 1.884014010 0.053890083 0.746986270 -0.069900759 0.658954680
270.000000 -0.436058670 -0.123615228 1.884202361 0.055204105 0.746750653 -0.071925573 0.658895075
271.000000 -0.422955990 -0.121732756 1.888718486 0.057591356 0.747129679 -0.075148329 0.657900572
272.000000 -0.409091830 -0.120045252 1.894703507 0.059035156 0.748273492 -0.077358633 0.656214356
273.000000 -0.394833803 -0.122379504 1.898471355 0.059611261 0.749242246 -0.079003155 0.654859543
274.000000 -0.381764501 -0.122793175 1.903610349 0.059849374 0.750280201 -0.080674127 0.653444231
275.000000 -0.367611080 -0.123625524 1.905904770 0.059139159 0.750853181 -0.082276113 0.652650476
276.000000 -0.352614105 -0.125668913 1.909335852 0.058586899 0.751646698 -0.083978593 0.651569188
277.000000 -0.338004470 -0.128272533 1.913257957 0.058695104 0.752341092 -0.085591055 0.650547385
278.000000 -0.322236359 -0.127462983 1.919995427 0.059807975 0.753158391 -0.087990463 0.649178803
279.000000 -0.307163477 -0.130408615 1.923447847 0.060446538 0.753522038 -0.089748353 0.648456633
280.000000 -0.289998472 -0.130040944 1.925397396 0.061298713 0.753900588 -0.091753125 0.647655606
281.000000 -0.277209282 -0.125802159 1.933781266 0.062068183 0.755327284 -0.093705475 0.645637274
282.000000 -0.264472723 -0.127515599 1.936829090 0.061782941 0.756383240 -0.093744583 0.644421637
283.000000 -0.250642478 -0.128270090 1.943132639 0.062115900 0.757540405 -0.094864361 0.642864585
284.000000 -0.237819701 -0.129306585 1.947432041 0.063459046 0.757792234 -0.096202448 0.642237484
285.000000 -0.227083385 -0.128045648 1.954448223 0.064819172 0.757721424 -0.097334348 0.642014623
286.000000 -0.216748849 -0.127250344 1.958874226 0.064613633 0.757045686 -0.097460106 0.642812848
287.000000 -0.206436247 -0.126425475 1.964205861 0.063642070 0.756402254 -0.097088128 0.643723011
288.000000 -0.196967959 -0.126676917 1.970848918 0.062388077 0.755722463 -0.096453294 0.644738674
289.000000 -0.187747568 -0.125795811 1.976660013 0.061174221 0.754872799 -0.095656559 0.645968080
290.000000 -0.179300934 -0.125149831 1.984669328 0.060309429 0.754538357 -0.094686791 0.646582603
291.000000 -0.170073926 -0.125027925 1.989335656 0.060214363 0.753565192 -0.094063260 0.647816181
292.000000 -0.166601926 -0.133313060 1.995766759 0.059314307 0.752924740 -0.092372574 0.648886204
293.000000 -0.160643354 -0.131834999 2.002818823 0.059365455 0.752818406 -0.091937639 0.649066746
294.000000 -0.154492304 -0.131428033 2.010643959 0.058906727 0.753505349 -0.090989016 0.648444772
295.000000 -0.148392379 -0.130699337 2.018325567 0.058001410 0.754709840 -0.090274982 0.647224307
296.000000 -0.143056929 -0.130311489 2.027646542 0.057031773 0.756180525 -0.089330271 0.645723104
297.000000 -0.137462467 -0.128133401 2.037133932 0.056118190 0.758044720 -0.088444620 0.643736303
298.000000 -0.131824553 -0.126776919 2.046991110 0.055685788 0.759945869 -0.087842427 0.641611278
299.000000 -0.126126051 -0.126922011 2.056288004 0.055317540 0.761356235 -0.087604471 0.640001714
300.000000 -0.121129513 -0.127109066 2.067522764 0.054893263 0.762825787 -0.087315224 0.638325572
301.000000 -0.116875142 -0.125033036 2.078504324 0.054368872 0.764063895 -0.087023981 0.636927962
302.000000 -0.111664802 -0.124374464 2.085429668 0.053480957 0.764810979 -0.086047933 0.636238694
303.000000 -0.109688431 -0.122738913 2.098403215 0.053154957 0.766299784 -0.085091315 0.634601235
304.000000 -0.105257958 -0.121482655 2.111592770 0.053238891 0.767593384 -0.083944932 0.633181930
305.000000 -0.101282865 -0.119636483 2.124084473 0.053999525 0.768406212 -0.083104290 0.632241786
306.000000 -0.098914355 -0.119233049 2.138653755 0.053633489 0.769436955 -0.081651904 0.631207764
307.000000 -0.095255733 -0.119171977 2.152209520 0.052788388 0.770800710 -0.079922274 0.629835069
308.000000 -0.093340635 -0.117503516 2.164308548 0.051851027 0.772300541 -0.078114636 0.628300428
309.000000 -0.090781838 -0.115324914 2.178676605 0.051183511 0.774330139 -0.076129757 0.626096964
310.000000 -0.090351462 -0.116928115 2.187879324 0.050628282 0.775211453 -0.073719807 0.625339389
311.000000 -0.088508844 -0.114293501 2.213328123 0.051925827 0.776759386 -0.071051076 0.623618782
312.000000 -0.084484935 -0.113322958 2.226655960 0.051754750 0.777140617 -0.070040144 0.623272181
313.000000 -0.086826533 -0.113744900 2.239015818 0.051588953 0.776662111 -0.068642497 0.624037564
314.000000 -0.085483462 -0.113270432 2.252291441 0.051008478 0.776014209 -0.067116961 0.625056326
315.000000 -0.085868329 -0.112397447 2.265102386 0.050900616 0.774587333 -0.066445902 0.626903951
316.000000 -0.084750742 -0.109829582 2.277833462 0.051171526 0.772720277 -0.066315308 0.629195631
317.000000 -0.086836070 -0.108691551 2.291111708 0.051156115 0.770231128 -0.066166431 0.632257044
318.000000 -0.088239431 -0.109475225 2.301503658 0.050836373 0.767300308 -0.065730527 0.635881543
319.000000 -0.086875170 -0.108066507 2.314333677 0.050386708 0.764694810 -0.065638803 0.639057636
320.000000 -0.088538110 -0.107007243 2.325599194 0.049897321 0.761012435 -0.065885380 0.643451214
321.000000 -0.089882880 -0.106497094 2.336262465 0.049781289 0.756675124 -0.066190153 0.648524046
322.000000 -0.090393484 -0.103786595 2.346072197 0.050075442 0.751817942 -0.066692024 0.654075265
323.000000 -0.088310421 -0.100354277 2.355485678 0.049671415 0.746630251 -0.067192897 0.659970641
324.000000 -0.095220730 -0.109083764 2.360017061 0.048105106 0.739755094 -0.065131702 0.667986631
325.000000 -0.096780419 -0.108017549 2.366977453 0.048207860 0.733182132 -0.065009207 0.675199032
326.000000 -0.097866230 -0.107842430 2.377292633 0.047767706 0.726236403 -0.064991325 0.682696879
327.000000 -0.097812690 -0.111920021 2.383912086 0.047018230 0.719034433 -0.063787125 0.690441847
328.000000 -0.097320765 -0.110618412 2.396104336 0.046768516 0.712562025 -0.063998997 0.697117090
329.000000 -0.100155689 -0.112581536 2.402636528 0.046527009 0.705465853 -0.063418463 0.704365849
330.000000 -0.100997783 -0.111033015 2.413687468 0.046451386 0.699116945 -0.063473471 0.710667908
331.000000 -0.103932329 -0.113234572 2.421520948 0.045423236 0.692583919 -0.061985489 0.717232227
332.000000 -0.104575500 -0.112885237 2.436635256 0.045037586 0.687565148 -0.061031897 0.722150147
333.000000 -0.107882358 -0.110517144 2.446954489 0.045623891 0.681111693 -0.061475456 0.728166223
334.000000 -0.108590946 -0.108731478 2.457347631 0.047206268 0.675235271 -0.061249033 0.733537555
335.000000 -0.107406497 -0.112882555 2.464316130 0.046332709 0.668349504 -0.060304418 0.739949703
336.000000 -0.110724255 -0.113008752 2.473310471 0.048530519 0.660693824 -0.061219338 0.746579230
337.000000 -0.111408681 -0.119084582 2.479870796 0.049334381 0.653250277 -0.060871102 0.753076971
338.000000 -0.111480325 -0.104525886 2.487881899 0.052289646 0.646176100 -0.066147283 0.758516192
339.000000 -0.112398952 -0.106212817 2.490135908 0.052674334 0.638836026 -0.066237465 0.764674127
340.000000 -0.114847451 -0.116966069 2.495858192 0.051624659 0.631974876 -0.063834138 0.770628214
341.000000 -0.114907175 -0.101368695 2.504450321 0.054357857 0.625428975 -0.067857020 0.775421917
342.000000 -0.117352307 -0.106524892 2.507204294 0.054216146 0.618540466 -0.065762274 0.781116903
343.000000 -0.119230747 -0.106891863 2.517914295 0.054420106 0.612589478 -0.065536998 0.785797358
344.000000 -0.119950652 -0.107301265 2.520475626 0.056900155 0.604638040 -0.065192766 0.791786015
345.000000 -0.115283072 -0.110016435 2.511865139 0.058500044 0.594572484 -0.064307645 0.799328387
346.000000 -0.117586553 -0.108485840 2.519215584 0.059145883 0.588991165 -0.064033300 0.803424478
347.000000 -0.115745783 -0.109942555 2.522020578 0.059576720 0.582889199 -0.064078175 0.807827175
348.000000 -0.114548504 -0.104974844 2.524359465 0.060817413 0.577404141 -0.066426873 0.811475873
349.000000 -0.120847583 -0.107600555 2.540984154 0.061528094 0.570550859 -0.063299276 0.816504240
350.000000 -0.119597971 -0.107455179 2.543957949 0.061805163 0.566648066 -0.063462190 0.819184184
351.000000 -0.117743909 -0.100941762 2.551958561 0.062240366 0.565154135 -0.065870635 0.819992661
352.000000 -0.115781426 -0.096928239 2.549808264 0.062490910 0.562346280 -0.066213749 0.821874261
353.000000 -0.116705418 -0.099214792 2.561183453 0.061641436 0.561192751 -0.065536864 0.822780609
354.000000 -0.117498279 -0.097935498 2.566339970 0.061299711 0.558912814 -0.065178640 0.824384987
355.000000 -0.114417911 -0.096980974 2.568335056 0.060417369 0.555698812 -0.064795993 0.826649904
356.000000 -0.116447568 -0.096859872 2.577341557 0.059605204 0.554043353 -0.064615928 0.827833354
357.000000 -0.116582811 -0.096151769 2.582370758 0.059458952 0.552135646 -0.064753562 0.829106629
358.000000 -0.117072642 -0.092636034 2.589001656 0.059315722 0.551179945 -0.064538859 0.829769254
359.000000 -0.116649091 -0.091844462 2.594123363 0.058176197 0.549960554 -0.063788295 0.830716550
360.000000 -0.117009759 -0.090535596 2.601643801 0.057354271 0.549419463 -0.062853642 0.831202805
361.000000 -0.117748499 -0.087884538 2.610764503 0.057462659 0.548981905 -0.062128238 0.831538975
362.000000 -0.118740737 -0.091472454 2.616476774 0.056545824 0.548072577 -0.061891332 0.832219005
363.000000 -0.115215778 -0.084878333 2.627142906 0.058742221 0.547942817 -0.062840261 0.832081199
364.000000 -0.114718616 -0.083533496 2.632976055 0.058587976 0.547135949 -0.062643617 0.832637668
365.000000 -0.116156697 -0.083815366 2.643094778 0.057847258 0.547310531 -0.062413275 0.832592010
366.000000 -0.116036654 -0.084475964 2.649879932 0.057832252 0.547620952 -0.062637225 0.832372129
367.000000 -0.116057277 -0.083904520 2.657876730 0.058420829 0.548904777 -0.062174749 0.831519604
368.000000 -0.116739750 -0.082715057 2.666705132 0.058609027 0.550737858 -0.061215740 0.830364645
369.000000 -0.119151533 -0.082753822 2.675705194 0.058215789 0.552884400 -0.060091294 0.829046905
370.000000 -0.118720174 -0.081918359 2.683334351 0.057625860 0.555061936 -0.059676703 0.827661872
371.000000 -0.118112385 -0.079160921 2.688401699 0.056519646 0.557704091 -0.059553437 0.825969160
372.000000 -0.118456841 -0.078095496 2.695655346 0.055022694 0.561645508 -0.058746774 0.823453486
373.000000 -0.121841490 -0.078672923 2.704653740 0.052979868 0.566784322 -0.057376374 0.820156455
374.000000 -0.123158932 -0.079279676 2.714707136 0.050387044 0.572711051 -0.056302790 0.816267848
375.000000 -0.122744858 -0.081290685 2.722230673 0.047279485 0.578585207 -0.055613611 0.812349021
376.000000 -0.122998655 -0.082434326 2.737654209 0.042657129 0.591108263 -0.055765256 0.803530693
377.000000 -0.117882133 -0.080730557 2.740817070 0.040761791 0.596967816 -0.057665661 0.799151182
378.000000 -0.117055893 -0.080612868 2.746822119 0.039263234 0.603044987 -0.058147244 0.794615626
379.000000 -0.116174936 -0.082608946 2.751792431 0.037705507 0.609091222 -0.057965565 0.790079892
380.000000 -0.112535298 -0.083403654 2.753244877 0.036791213 0.614321411 -0.058329109 0.786036432
381.000000 -0.107569277 -0.081526794 2.753567696 0.036670137 0.619624019 -0.058878444 0.781827807
382.000000 -0.108269632 -0.084583506 2.761784315 0.035720974 0.626936257 -0.058523882 0.776047647
383.000000 -0.107047468 -0.086613394 2.766925335 0.035584312 0.633901060 -0.058869962 0.770348907
384.000000 -0.106708050 -0.086232513 2.770624876 0.036383912 0.640971184 -0.059589744 0.764382899
385.000000 -0.107507497 -0.087127551 2.772436380 0.037219539 0.648096442 -0.060603552 0.758230150
386.000000 -0.105740309 -0.095867455 2.776284456 0.037673630 0.656124294 -0.060228158 0.751301646
387.000000 -0.103908584 -0.098556086 2.776877165 0.037830476 0.665054560 -0.060937837 0.743342340
388.000000 -0.102624223 -0.099061929 2.779838800 0.036959115 0.674252808 -0.061837804 0.734978378
389.000000 -0.099121220 -0.102642693 2.779421091 0.035830472 0.682395935 -0.062465347 0.727427006
390.000000 -0.097344279 -0.101851232 2.782921314 0.036144875 0.690491021 -0.064721122 0.719532430
391.000000 -0.096200168 -0.100528061 2.784759283 0.035769198 0.698538482 -0.065784737 0.711643815
392.000000 -0.097842187 -0.103802197 2.796155930 0.033992510 0.708955765 -0.065448217 0.701386333
393.000000 -0.091815636 -0.091676846 2.793962002 0.034607653 0.717798531 -0.068360820 0.692021966
394.000000 -0.093289107 -0.111533538 2.807389736 0.031273734 0.728579283 -0.063105591 0.681330979
395.000000 -0.084231958 -0.106231391 2.801716805 0.032714155 0.735667348 -0.064086251 0.673510373
396.000000 -0.088349760 -0.102961689 2.806211233 0.032936178 0.744546294 -0.064266697 0.663653374
397.000000 -0.086289614 -0.101286180 2.806961775 0.032506924 0.752686858 -0.064033248 0.654450595
398.000000 -0.077051282 -0.101757541 2.800301552 0.032286394 0.759450734 -0.064218648 0.646581829
399.000000 -0.073714942 -0.103951715 2.800863504 0.031272862 0.767081797 -0.065099895 0.637471199
400.000000 -0.068815410 -0.101211406 2.804824591 0.031414267 0.775505722 -0.067042418 0.626984358
401.000000 -0.069360018 -0.096752532 2.801498413 0.032596342 0.782916307 -0.069117591 0.617415786
402.000000 -0.066226482 -0.099615857 2.802327633 0.031476811 0.789712012 -0.069599986 0.608703494
403.000000 -0.061790168 -0.099458531 2.800990820 0.030325370 0.795993745 -0.070551194 0.600414038
404.000000 -0.056724310 -0.098682225 2.805092096 0.027991110 0.803345919 -0.071603939 0.590529203
405.000000 -0.051924348 -0.100852475 2.807428837 0.025710724 0.810859084 -0.071941450 0.580233514
406.000000 -0.046776354 -0.099856943 2.811486244 0.024000309 0.818975210 -0.072521634 0.568721592
407.000000 -0.045725942 -0.106793463 2.806805372 0.020897375 0.825676322 -0.070541352 0.559326231
408.000000 -0.031405389 -0.104535311 2.823617935 0.021020615 0.835500419 -0.070698254 0.544517100
409.000000 -0.025863051 -0.105783910 2.828606129 0.020698091 0.843052328 -0.071545608 0.532649457
410.000000 -0.023454905 -0.105652094 2.830827475 0.020366529 0.851058722 -0.071153283 0.519828200
411.000000 -0.020389438 -0.104348481 2.839501858 0.019521741 0.859681010 -0.069999903 0.505635679
412.000000 -0.014380574 -0.103445545 2.847678661 0.018949915 0.867677093 -0.069186062 0.491925418
413.000000 -0.011126995 -0.102164432 2.850822449 0.018450473 0.874809086 -0.068630181 0.479227036
414.000000 -0.008189201 -0.093159378 2.858144522 0.018482553 0.881961048 -0.067791171 0.466055155
415.000000 -0.004125237 -0.093604594 2.864756107 0.015982887 0.888125539 -0.064549290 0.454764724
416.000000 -0.002168179 -0.096843958 2.867054462 0.012826797 0.893285036 -0.062343512 0.444961339
417.000000 0.000698924 -0.091494158 2.867213488 0.011202384 0.898402572 -0.061629266 0.434682846
418.000000 0.009015322 -0.093963981 2.874216318 0.007798084 0.904078662 -0.059780236 0.423092484
419.000000 0.018488526 -0.107368097 2.873663902 0.002322853 0.908838749 -0.058622982 0.413001269
420.000000 0.019545913 -0.095197454 2.876828194 0.003307825 0.912796199 -0.061337788 0.403769493
421.000000 0.027180433 -0.087804243 2.879958630 0.000005762 0.920365393 -0.060952187 0.386280149
422.000000 0.032082438 -0.087842062 2.880238295 -0.001858851 0.923871040 -0.060166400 0.377940327
423.000000 0.038467526 -0.081620961 2.879511356 -0.002293937 0.927066565 -0.060325217 0.370004267
424.000000 0.048273206 -0.080332756 2.878372192 -0.003928123 0.930447221 -0.059904315 0.361474782
425.000000 0.056364179 -0.082291916 2.877619267 -0.005877064 0.933405340 -0.060244426 0.353681445
426.000000 0.062917352 -0.078598484 2.873201847 -0.006568009 0.936108172 -0.061498359 0.346231610
427.000000 0.073367238 -0.077379659 2.870266676 -0.008092395 0.938932240 -0.061902467 0.338391602
428.000000 0.083290577 -0.076343179 2.868848324 -0.008864106 0.941429615 -0.062606163 0.331228226
429.000000 0.090087414 -0.071818933 2.860820770 -0.008631120 0.943399966 -0.063932315 0.325322390
430.000000 0.104457498 -0.067421168 2.856916428 -0.009560701 0.945920289 -0.064545594 0.317769140
431.000000 0.113332629 -0.067449987 2.851978779 -0.009687117 0.948079944 -0.063365258 0.311505020
432.000000 0.127484679 -0.066263914 2.846400976 -0.009754437 0.950102866 -0.063077815 0.305336803
433.000000 0.138258457 -0.062989533 2.837671757 -0.008728275 0.952072680 -0.062854193 0.299216986
434.000000 0.151537895 -0.061139733 2.832288027 -0.007201706 0.954211652 -0.061491780 0.292655110
435.000000 0.167062998 -0.066539511 2.825222969 -0.006035741 0.956005991 -0.059990518 0.287084162
436.000000 0.188108921 -0.071946979 2.817036629 -0.004043348 0.957529426 -0.061195541 0.281737834
437.000000 0.203899026 -0.072367013 2.808522701 -0.001417072 0.958285213 -0.065744214 0.278145999
438.000000 0.212444782 -0.067813635 2.797036886 0.001804977 0.958880246 -0.070536427 0.274899989
439.000000 0.215857744 -0.060047746 2.786894560 0.004540364 0.959656298 -0.072854653 0.271535397
440.000000 0.223808408 -0.052799702 2.778509378 0.005322343 0.960966766 -0.072044276 0.267065704
441.000000 0.243296146 -0.053479314 2.770217419 0.003863976 0.963008106 -0.069116734 0.260429204
442.000000 0.271345258 -0.059449643 2.752152443 0.002961493 0.965946496 -0.067069143 0.249880388
443.000000 0.282497168 -0.059366733 2.740975380 0.003565038 0.967248857 -0.068039060 0.244514972
444.000000 0.292675853 -0.055104554 2.733915329 0.004856790 0.968633413 -0.069070935 0.238652244
445.000000 0.303331614 -0.055560291 2.724644423 0.004235922 0.969814718 -0.069350190 0.233734831
446.000000 0.311619163 -0.054612666 2.716582775 0.003762058 0.970950603 -0.069874808 0.228819340
447.000000 0.319806814 -0.052070498 2.708836079 0.003450392 0.972172618 -0.070160814 0.223486006
448.000000 0.329450130 -0.052081019 2.700530767 0.002818838 0.973699212 -0.069808714 0.216860905
449.000000 0.333172083 -0.048118681 2.693757534 0.003253376 0.975023985 -0.069351181 0.210969225
450.000000 0.345397353 -0.049488187 2.686274290 0.001634417 0.976481736 -0.068103328 0.204554766
451.000000 0.357663989 -0.047683001 2.680580854 0.001125056 0.977783620 -0.067836240 0.198333666
452.000000 0.365497887 -0.044741899 2.674006462 0.000513654 0.978853583 -0.067863934 0.192976281
453.000000 0.377607465 -0.044930339 2.668926954 -0.000183075 0.980031192 -0.066610374 0.187355131
454.000000 0.388905346 -0.044152766 2.663906574 -0.000646238 0.980937362 -0.066173032 0.182709143
455.000000 0.398086369 -0.042082697 2.656496525 -0.000933791 0.981634200 -0.065548755 0.179155827
456.000000 0.408770740 -0.037266493 2.651758671 -0.000585616 0.982471704 -0.064470977 0.174907118
457.000000 0.422316432 -0.038698077 2.649234772 -0.000890852 0.983457744 -0.062471740 0.170021743
458.000000 0.435099244 -0.042567581 2.643322468 -0.000561732 0.984317183 -0.061656903 0.165281132
459.000000 0.444069445 -0.038560301 2.638684273 0.002049077 0.984919190 -0.062886387 0.161168367
460.000000 0.457531631 -0.036114544 2.636038303 0.004689157 0.985834777 -0.062570162 0.155540153
461.000000 0.468567669 -0.036517650 2.630319118 0.006771273 0.986553609 -0.062283535 0.150953397
462.000000 0.477953792 -0.034673989 2.623828888 0.008254964 0.987203181 -0.063093849 0.146222189
463.000000 0.479678452 -0.032902867 2.620419741 0.007995531 0.987772286 -0.063479349 0.142170355
464.000000 0.495359004 -0.028776705 2.617152691 0.007577305 0.988933504 -0.062740125 0.134226650
465.000000 0.507174611 -0.031443089 2.615339279 0.005623139 0.990136683 -0.060321402 0.126329243
466.000000 0.520191193 -0.029546142 2.612948418 0.004891706 0.991148233 -0.059548881 0.118554555
467.000000 0.535079420 -0.024720728 2.612061024 0.005395899 0.992216527 -0.058370184 0.109864429
468.000000 0.543295741 -0.023231626 2.611260891 0.005083878 0.993149281 -0.055878863 0.102499895
469.000000 0.555394292 -0.018176645 2.611683130 0.004905465 0.994209468 -0.053825978 0.092877530
470.000000 0.568002939 -0.016692638 2.610305786 0.003700459 0.995232940 -0.050322935 0.083458304
471.000000 0.579696417 -0.016939223 2.608414650 0.002397512 0.996059120 -0.047129601 0.075095385
472.000000 0.589901328 -0.016974002 2.604641438 0.001877613 0.996690035 -0.045225915 0.067527629
473.000000 0.593518257 -0.013179377 2.598780394 0.001662806 0.997099936 -0.044529937 0.061692879
474.000000 0.601607919 -0.012727067 2.596527815 0.001579853 0.997632742 -0.043019999 0.053625170
475.000000 0.613807023 -0.012933671 2.594760656 0.001912121 0.998130620 -0.041212525 0.045090634
476.000000 0.623557508 -0.013468236 2.586824894 0.001327310 0.998451293 -0.040099055 0.038540684
477.000000 0.638268113 -0.010888889 2.590574980 0.000856934 0.998771131 -0.039737497 0.029605567
478.000000 0.645822763 -0.008172303 2.590088367 -0.000029281 0.998953521 -0.039293375 0.023407452
479.000000 0.657133818 -0.005259573 2.593306541 -0.001429395 0.999171972 -0.037701543 0.015227780
480.000000 0.665510237 -0.007852897 2.587461710 -0.002778712 0.999327004 -0.035373736 0.009304820
481.000000 0.678482890 -0.007064536 2.589728117 -0.003246163 0.999374270 -0.035168260 0.001916902
482.000000 0.682304561 -0.008727506 2.587434530 -0.004033257 0.999394894 -0.034377165 -0.003442297
483.000000 0.686662197 -0.009286076 2.584515333 -0.003859478 0.999416411 -0.033055786 -0.007694398
484.000000 0.700614631 -0.009323075 2.579341173 -0.003335161 0.999366879 -0.032750968 -0.013493507
485.000000 0.708128095 -0.014211401 2.579893112 -0.002467987 0.999270678 -0.033802316 -0.017589333
486.000000 0.712867498 -0.011687472 2.576368809 -0.001443009 0.999076784 -0.037084226 -0.021640345
487.000000 0.715381026 -0.007790372 2.566708088 -0.000197034 0.998936415 -0.038839474 -0.024850827
488.000000 0.720119059 -0.007037774 2.562227488 0.000208924 0.998753190 -0.038993239 -0.031169314
489.000000 0.725253284 -0.007751301 2.553562880 0.000122217 0.998511195 -0.039048847 -0.038087271
490.000000 0.731665969 -0.005954221 2.549463749 0.000016324 0.998193204 -0.039293185 -0.045456983
491.000000 0.731971145 -0.006664440 2.537877083 -0.000752330 0.997994006 -0.039543904 -0.049433112
492.000000 0.732683063 -0.007861331 2.525279284 -0.002598554 0.997714400 -0.040452100 -0.054063436
493.000000 0.735437214 -0.003956556 2.518303871 -0.004982994 0.997314274 -0.041920941 -0.059850443
494.000000 0.735103488 0.001321420 2.508680582 -0.007184363 0.996983409 -0.041841812 -0.064974621
495.000000 0.732834220 -0.004978508 2.498627424 -0.010126352 0.996879399 -0.040038552 -0.067274436
496.000000 0.737011135 -0.003090978 2.491364002 -0.011483701 0.996535718 -0.040163089 -0.071913503
497.000000 0.735022783 -0.001853824 2.479759216 -0.011868667 0.996325493 -0.039752420 -0.074929103
498.000000 0.736067414 -0.001272961 2.473178148 -0.011967300 0.995943725 -0.039827123 -0.079791613
499.000000 0.736973286 -0.000422955 2.462311983 -0.011337148 0.995504379 -0.040022958 -0.085092127
500.000000 0.736631215 0.001494765 2.451401472 -0.011028010 0.995096982 -0.040555611 -0.089529946
501.000000 0.740822315 0.003413811 2.445367098 -0.010937979 0.994606614 -0.040593166 -0.094817013
502.000000 0.742284536 0.001498252 2.430791378 -0.011062115 0.994212806 -0.039897271 -0.099130020
503.000000 0.741885364 0.005846441 2.420536518 -0.010934487 0.993831038 -0.040680733 -0.102593437
504.000000 0.739216208 0.007326439 2.405861139 -0.010597765 0.993530512 -0.039750237 -0.105852619
505.000000 0.737411082 0.003729656 2.399266005 -0.010205183 0.993132651 -0.038626950 -0.109960757
506.000000 0.737070799 0.002453431 2.387538433 -0.009480779 0.992622435 -0.039950363 -0.114082277
507.000000 0.729202330 0.004632294 2.377068043 -0.008355091 0.992241383 -0.041852187 -0.116771519
508.000000 0.732724547 0.004891977 2.366463423 -0.007639764 0.991813481 -0.042420398 -0.120200463
509.000000 0.738760591 0.002889529 2.350483179 -0.006044613 0.991225302 -0.042130020 -0.125143394
510.000000 0.741051555 -0.001635134 2.338849306 -0.004508852 0.990694165 -0.042659067 -0.129170209
511.000000 0.739683151 -0.003738806 2.323531866 -0.003111198 0.990029812 -0.044881731 -0.133480027
512.000000 0.744180202 -0.003073275 2.312243938 -0.002856159 0.989113510 -0.046870816 -0.139461190
513.000000 0.746650696 -0.005249709 2.300387621 -0.002698937 0.988328815 -0.047540657 -0.144702196
514.000000 0.750622094 -0.009488463 2.287123919 -0.002887315 0.987480640 -0.048757818 -0.149987727
515.000000 0.756125808 -0.008965477 2.272099257 -0.003201496 0.986446142 -0.051202562 -0.155859023
516.000000 0.750268817 -0.006322712 2.274301291 -0.003920633 0.985823512 -0.053002123 -0.159145847
517.000000 0.766240716 -0.009276301 2.252352715 -0.004561829 0.984656334 -0.052971449 -0.166208282
518.000000 0.757616758 -0.012271821 2.257280588 -0.004961271 0.984022498 -0.053513303 -0.169739425
519.000000 0.748949885 -0.014395148 2.257076502 -0.006310640 0.983414114 -0.055408590 -0.172588289
520.000000 0.746578693 -0.011315018 2.249762535 -0.007540307 0.982552648 -0.058214590 -0.176478162
521.000000 0.747887552 -0.009245336 2.242439270 -0.009582896 0.981740355 -0.059197355 -0.180526331
522.000000 0.737706065 -0.007265031 2.248329639 -0.010927320 0.981330097 -0.058860753 -0.182776570
523.000000 0.756994426 -0.009039611 2.225675344 -0.012460776 0.979997158 -0.057774581 -0.190032706
524.000000 0.753765464 -0.008192182 2.223606348 -0.013739068 0.979273975 -0.057638753 -0.193678752
525.000000 0.765217960 -0.007415801 2.207265854 -0.014490593 0.978090942 -0.056908946 -0.199723780
526.000000 0.766831100 -0.007882476 2.198292732 -0.014701463 0.977166176 -0.055448748 -0.204586372
527.000000 0.770388126 -0.007820100 2.193752289 -0.015114611 0.976139069 -0.055106826 -0.209492937
528.000000 0.785204291 -0.008370817 2.171097279 -0.015983956 0.974540055 -0.054206878 -0.216974333
529.000000 0.780566096 -0.007781833 2.170079708 -0.016672155 0.973752141 -0.053427204 -0.220622584
530.000000 0.790224552 -0.009261787 2.153733730 -0.017459840 0.972316265 -0.052544925 -0.227013856
531.000000 0.790454805 -0.007556871 2.145620346 -0.017868277 0.971262634 -0.052043516 -0.231562376
532.000000 0.789614916 -0.006732941 2.140313148 -0.018188098 0.970534444 -0.051351070 -0.234723493
533.000000 0.797201633 -0.004414290 2.124709606 -0.018018411 0.969164789 -0.050748531 -0.240457013
534.000000 0.803846002 -0.006590500 2.109698296 -0.017596282 0.967977226 -0.049868345 -0.245404989
535.000000 0.801938474 -0.006259963 2.105458736 -0.017685018 0.966969192 -0.050295342 -0.249255151
536.000000 0.810490310 -0.006022945 2.087145329 -0.017750500 0.965429485 -0.050056811 -0.255196244
537.000000 0.810927033 -0.006697848 2.078556299 -0.017590614 0.964377880 -0.049657080 -0.259229779
538.000000 0.808539629 -0.007897511 2.070309877 -0.017730685 0.963427544 -0.049219929 -0.262812555
539.000000 0.812757254 -0.009405702 2.054996967 -0.018190455 0.962100089 -0.048752666 -0.267685860
540.000000 0.814126670 -0.011708334 2.045761347 -0.018480951 0.960976958 -0.049151476 -0.271598727
541.000000 0.816469193 -0.010797337 2.031090736 -0.019038660 0.959850669 -0.050260261 -0.275314689
542.000000 0.818210125 -0.008040741 2.025834560 -0.019929374 0.958706796 -0.050098639 -0.279238701
543.000000 0.816666842 -0.010150537 2.016399384 -0.021420388 0.958064198 -0.048390545 -0.281624734
544.000000 0.823629498 -0.013109058 2.000437737 -0.023530880 0.956905127 -0.046599153 -0.285670102
545.000000 0.824892700 -0.014154777 1.994170308 -0.025094304 0.956216514 -0.044631001 -0.288146317
546.000000 0.827493072 -0.018314496 1.980855227 -0.026175832 0.955383778 -0.042971212 -0.291050017
547.000000 0.824831724 -0.018635586 1.977031231 -0.027123496 0.954679906 -0.042696983 -0.293304503
548.000000 0.826091528 -0.018244833 1.970327258 -0.027674699 0.953700185 -0.042228840 -0.296490878
549.000000 0.825967193 -0.020975322 1.963552594 -0.027588397 0.952765703 -0.041783735 -0.299550563
550.000000 0.826738715 -0.021621242 1.955343723 -0.027433624 0.951676846 -0.042429540 -0.302916288
551.000000 0.829917014 -0.024145886 1.946752310 -0.027449731 0.950349331 -0.042492714 -0.307045668
552.000000 0.827369392 -0.022641435 1.944631338 -0.026751401 0.949189186 -0.044020377 -0.310461730
553.000000 0.828352451 -0.020691872 1.937951684 -0.026888380 0.947849274 -0.044395145 -0.314464331
554.000000 0.829602480 -0.023334071 1.930169463 -0.025789550 0.946543038 -0.044020560 -0.318517357
555.000000 0.829752326 -0.026505262 1.921487808 -0.024873544 0.945361793 -0.045103546 -0.321928591
556.000000 0.829319596 -0.025091946 1.916038156 -0.024583420 0.944214225 -0.047145411 -0.325011402
557.000000 0.828144133 -0.021495253 1.910686493 -0.023961561 0.943137527 -0.047503475 -0.328117102
558.000000 0.827124000 -0.024688289 1.905482531 -0.023035446 0.941848099 -0.046414059 -0.332019895
559.000000 0.825472891 -0.026261121 1.901624203 -0.022101324 0.940463543 -0.046761941 -0.335936189
560.000000 0.830167174 -0.024889424 1.893629789 -0.021299969 0.938575327 -0.047392737 -0.341140062
561.000000 0.828607261 -0.026166081 1.890617251 -0.020754620 0.937124193 -0.047675852 -0.345100790
562.000000 0.829177201 -0.026694104 1.882787824 -0.020779489 0.935432792 -0.048539065 -0.349539340
563.000000 0.831850171 -0.024514049 1.875041842 -0.020899912 0.933508635 -0.049554035 -0.354498625
564.000000 0.835388064 -0.021801129 1.863630891 -0.020904373 0.931258738 -0.049659580 -0.360352844
565.000000 0.836564302 -0.021914467 1.856164098 -0.020650197 0.929073691 -0.048727345 -0.366089225
566.000000 0.839033186 -0.022481382 1.848789811 -0.020755172 0.926858008 -0.047900680 -0.371764749
567.000000 0.841855466 -0.020592153 1.840253592 -0.020939998 0.924755871 -0.047484946 -0.377005666
568.000000 0.844286323 -0.019731089 1.829490542 -0.020755999 0.922753334 -0.046401653 -0.382023960
569.000000 0.843283057 -0.023713380 1.818938017 -0.020257683 0.920962930 -0.045126218 -0.386497736
570.000000 0.842404246 -0.025008872 1.810976028 -0.021170760 0.919281483 -0.045916371 -0.390339643
571.000000 0.842494011 -0.021540254 1.801478624 -0.022809273 0.917396486 -0.047105350 -0.394518077
572.000000 0.841420412 -0.021153361 1.790865183 -0.023965089 0.915569782 -0.046195507 -0.398777753
573.000000 0.839464188 -0.024817437 1.783668995 -0.025347432 0.914194345 -0.045342539 -0.401933074
574.000000 0.838176012 -0.022844821 1.772918224 -0.026561825 0.912802517 -0.045924399 -0.404940724
575.000000 0.837690175 -0.019148678 1.764935613 -0.027344944 0.911530793 -0.045140881 -0.407831132
576.000000 0.836381912 -0.021323219 1.755613089 -0.027642526 0.910125792 -0.043356311 -0.411129117
577.000000 0.835636377 -0.021425784 1.744958639 -0.028214237 0.908589840 -0.043156937 -0.414494783
578.000000 0.835313320 -0.019872263 1.734865904 -0.028866772 0.906985581 -0.042740051 -0.417991728
579.000000 0.834762573 -0.019641370 1.723489881 -0.028805528 0.905710638 -0.041835707 -0.420842290
580.000000 0.833414018 -0.020581588 1.713557482 -0.028376251 0.904778361 -0.041468482 -0.422908068
581.000000 0.832493186 -0.018649533 1.701094389 -0.027935924 0.903750300 -0.041864119 -0.425090998
582.000000 0.831571698 -0.014789298 1.692224979 -0.027324071 0.902581394 -0.041603196 -0.427632242
583.000000 0.827312887 -0.017287761 1.678545713 -0.026375324 0.901193559 -0.039783914 -0.430780321
584.000000 0.826152205 -0.016884655 1.666581988 -0.025754873 0.899577796 -0.039005011 -0.434252262
585.000000 0.826274633 -0.013871983 1.654826522 -0.025049735 0.897863865 -0.037976552 -0.437916398
586.000000 0.824675560 -0.013717115 1.644158125 -0.023452708 0.896024466 -0.035831645 -0.441934556
587.000000 0.823324561 -0.017334282 1.615193605 -0.019167248 0.891664028 -0.033256650 -0.451067448
588.000000 0.821116686 -0.019849956 1.605939507 -0.017032582 0.889895916 -0.033475332 -0.454614699
589.000000 0.819015026 -0.021239467 1.594545364 -0.015127391 0.888481200 -0.034787063 -0.457342505
590.000000 0.817669511 -0.021131016 1.580855370 -0.014037305 0.886715889 -0.036389410 -0.460666567
591.000000 0.817104042 -0.018306553 1.566589832 -0.013368449 0.884860754 -0.036741614 -0.464212000
592.000000 0.817418814 -0.020047136 1.550650358 -0.012641725 0.882305205 -0.035676144 -0.469153404
593.000000 0.816413879 -0.023977727 1.534673095 -0.012469621 0.879919052 -0.034280173 -0.473721266
594.000000 0.813046575 -0.022454709 1.525669575 -0.012845960 0.878217876 -0.033252884 -0.476930410
595.000000 0.811614335 -0.026920296 1.512803197 -0.012627008 0.876213074 -0.031416222 -0.480733007
596.000000 0.809103727 -0.026649766 1.502188087 -0.012901697 0.874346852 -0.031204585 -0.484125346
597.000000 0.806611180 -0.030172445 1.488564968 -0.012525998 0.872221291 -0.031265624 -0.487950414
598.000000 0.804270566 -0.033633716 1.476444006 -0.012027959 0.870328128 -0.031479340 -0.491317987
599.000000 0.803147376 -0.032018967 1.465035439 -0.012758231 0.868569255 -0.032911647 -0.494309127
600.000000 0.799640179 -0.030830123 1.454047680 -0.014119686 0.867013276 -0.033675827 -0.496945262
601.000000 0.798200250 -0.032377683 1.442180872 -0.015565856 0.865370274 -0.033674136 -0.499758005
602.000000 0.793916345 -0.027859963 1.431146264 0.017400319 -0.863788068 0.034165230 0.502394378
603.000000 0.791628838 -0.028264701 1.422103405 0.018771620 -0.862340868 0.034187339 0.504823804
604.000000 0.789039135 -0.030309260 1.411966085 0.019543950 -0.860664546 0.034147929 0.507650018
605.000000 0.786676168 -0.028167248 1.403588772 0.020161796 -0.859145105 0.034313086 0.510182142
606.000000 0.783763051 -0.027004428 1.391095161 0.019805633 -0.857609689 0.033987321 0.512794375
607.000000 0.780602038 -0.028357089 1.382362247 0.019661676 -0.856396556 0.033655193 0.514845312
608.000000 0.778670311 -0.027804926 1.372479439 0.020202469 -0.854908168 0.034206092 0.517256081
609.000000 0.777171612 -0.023460895 1.361712217 0.020702248 -0.852912247 0.033888754 0.520541668
610.000000 0.774214566 -0.027271345 1.349576235 0.019415094 -0.851088822 0.031995304 0.523686171
611.000000 0.774372220 -0.026714586 1.338888049 0.018061318 -0.849125326 0.031486452 0.526942611
612.000000 0.772231638 -0.025537536 1.330354691 0.016718101 -0.847611547 0.031824991 0.529398084
613.000000 0.770179749 -0.022662722 1.315320969 0.015006467 -0.845937073 0.031935036 0.532114029
614.000000 0.769436836 -0.022102304 1.306342721 0.013235969 -0.844431341 0.031440686 0.534576356
615.000000 0.767793119 -0.021046102 1.296211004 0.011985868 -0.842822194 0.030621475 0.537186682
616.000000 0.765612602 -0.018881202 1.284873009 0.011058263 -0.840680063 0.029266607 0.540627599
617.000000 0.765173435 -0.017563134 1.270021915 0.010025370 -0.838124037 0.027582813 0.544689596
618.000000 0.763918281 -0.018504634 1.253342152 0.008708321 -0.835199654 0.025605451 0.549281359
619.000000 0.761897922 -0.020286787 1.241751671 0.007279325 -0.832052886 0.024273647 0.554117143
620.000000 0.759318113 -0.020517834 1.231335759 0.005865119 -0.829316556 0.023947274 0.558234870
621.000000 0.756910741 -0.017112277 1.220414162 0.005368455 -0.826918066 0.023665240 0.561798573
622.000000 0.755011857 -0.018470500 1.207782745 0.004413274 -0.823901117 0.022421403 0.566272676
623.000000 0.752229989 -0.022863496 1.197972775 0.003842417 -0.821206331 0.021558646 0.570211053
624.000000 0.749911606 -0.019863077 1.186214447 0.004450380 -0.818275988 0.021630723 0.574401140
625.000000 0.749144316 -0.017884828 1.176984072 0.004651605 -0.815247595 0.021055285 0.578710914
626.000000 0.746201515 -0.017435804 1.166771293 0.003851254 -0.811541021 0.019965623 0.583941519
627.000000 0.743214726 -0.021414123 1.155062795 0.002130256 -0.807591736 0.019292474 0.589422524
628.000000 0.740999103 -0.019586541 1.148983240 0.001401304 -0.804014385 0.020154539 0.594266474
629.000000 0.736861229 -0.020685934 1.137556314 0.000285295 -0.799829423 0.020142091 0.599889219
630.000000 0.733625412 -0.022408497 1.129060864 -0.001093169 -0.795622349 0.020692132 0.605438471
631.000000 0.729748487 -0.020261139 1.124643087 -0.002376826 -0.792044342 0.022103671 0.610058606
632.000000 0.727311850 -0.021556951 1.106478930 -0.003616607 -0.787200451 0.022675078 0.616269529
633.000000 0.722688735 -0.022786103 1.097492814 -0.004259170 -0.783482730 0.023616947 0.620950043
634.000000 0.718673468 -0.024659775 1.092947483 -0.004372495 -0.780363560 0.024907455 0.624814510
635.000000 0.715554953 -0.021049298 1.081795573 -0.003736035 -0.776292920 0.026350057 0.629810214
636.000000 0.711469710 -0.024242949 1.073767424 -0.003630322 -0.772489011 0.026240567 0.634475410
637.000000 0.708240092 -0.022656672 1.066493511 -0.002383219 -0.768839538 0.026792012 0.638875782
638.000000 0.703130841 -0.021561157 1.059926987 -0.001549856 -0.765168428 0.026354076 0.643288612
639.000000 0.699241519 -0.020515289 1.052565336 -0.000907173 -0.761865437 0.025690068 0.647225022
640.000000 0.693708777 -0.019658968 1.046509147 -0.000590493 -0.759020269 0.025090810 0.650583029
641.000000 0.688245654 -0.019944083 1.040173769 -0.000477121 -0.756523609 0.024184473 0.653518856
642.000000 0.680455923 -0.018913502 1.033992171 -0.000774802 -0.753958344 0.023536200 0.656499982
643.000000 0.676765978 -0.018618483 1.031730175 -0.001307946 -0.751951337 0.023478910 0.658799052
644.000000 0.671430349 -0.017266680 1.024652243 -0.001645529 -0.749421895 0.023521923 0.661672831
645.000000 0.665413380 -0.015162716 1.021460414 -0.002085450 -0.747538149 0.023519699 0.663799047
646.000000 0.657416105 -0.016868781 1.014846563 -0.003136805 -0.745327711 0.023287307 0.666284025
647.000000 0.649991512 -0.016533094 1.011082172 -0.003645235 -0.743289709 0.024259929 0.668519676
648.000000 0.643286347 -0.013277207 1.005288839 -0.003678963 -0.741274953 0.025305066 0.670714200
649.000000 0.628806770 -0.005574949 0.994505823 -0.005795680 -0.736651242 0.024469981 0.675805092
650.000000 0.610152364 -0.008690456 0.984407187 -0.010168586 -0.731917918 0.022323633 0.680951118
651.000000 0.600041270 -0.007483751 0.977863252 -0.011806922 -0.729056537 0.022509333 0.683981299
652.000000 0.588615775 -0.010386559 0.974219918 -0.013291030 -0.726570547 0.023411704 0.686564267
653.000000 0.579182446 -0.010152877 0.971399605 -0.012645641 -0.724195778 0.025291555 0.689014435
654.000000 0.569652438 -0.006540492 0.964997232 -0.011239939 -0.721191704 0.025946701 0.692158163
655.000000 0.557827711 -0.010044049 0.960150838 -0.010615302 -0.718131185 0.024177950 0.695406616
656.000000 0.546767056 -0.011265155 0.955761313 -0.009497124 -0.715079427 0.022698496 0.698610008
657.000000 0.534991086 -0.012906884 0.951371789 -0.008582803 -0.712166667 0.021045411 0.701642334
658.000000 0.522676885 -0.016256858 0.948465049 -0.007672414 -0.709338009 0.020032421 0.704541922
659.000000 0.510903239 -0.018002283 0.944846511 -0.006114277 -0.706218481 0.020117141 0.707681656
660.000000 0.498802930 -0.021497929 0.940504014 -0.004914579 -0.703370392 0.020260898 0.710517704
661.000000 0.486409277 -0.024647247 0.938462257 -0.003370801 -0.700848401 0.021491496 0.712978423
662.000000 0.473752886 -0.024606600 0.934999883 -0.001220555 -0.698193669 0.024094766 0.715502262
663.000000 0.462040812 -0.025027234 0.927116096 0.000139104 -0.694767594 0.025462700 0.718783438
664.000000 0.451152861 -0.025993351 0.924039721 0.000308586 -0.691795051 0.025573606 0.721640825
665.000000 0.438916743 -0.028731883 0.920661390 0.000021045 -0.689119637 0.026220798 0.724173009
666.000000 0.427826881 -0.032133486 0.917523682 -0.000133888 -0.686962724 0.027765395 0.726162016
667.000000 0.416443527 -0.037025094 0.914242208 -0.000178412 -0.684853137 0.030467138 0.728043914
668.000000 0.404185385 -0.039221451 0.912138820 0.000974131 -0.682797134 0.034202520 0.729806423
669.000000 0.395019859 -0.038090259 0.908455491 0.002248512 -0.680401981 0.037675366 0.731866539
670.000000 0.384321600 -0.038999826 0.904548109 0.002932995 -0.678255141 0.039479826 0.733759344
671.000000 0.374691159 -0.041952524 0.901048839 0.003836416 -0.675999224 0.040047485 0.735803306
672.000000 0.365544587 -0.042417936 0.897214115 0.005551918 -0.673334360 0.040530141 0.738205492
673.000000 0.358181626 -0.039579839 0.894437671 0.007072441 -0.670175612 0.041116383 0.741029084
674.000000 0.347849727 -0.043992490 0.891425014 0.007349898 -0.666885734 0.040541664 0.744019985
675.000000 0.338567823 -0.048702210 0.887961090 0.007589643 -0.663388908 0.040958364 0.747114420
676.000000 0.329486191 -0.052301317 0.885970116 0.008633088 -0.660512984 0.042874992 0.749539673
677.000000 0.320784271 -0.054698948 0.882393360 0.009941936 -0.657688677 0.045043420 0.751876235
678.000000 0.312090337 -0.056239128 0.878869116 0.011483443 -0.654938340 0.047197871 0.754119515
679.000000 0.302672386 -0.058251429 0.873208582 0.013267340 -0.651949942 0.048161201 0.756614625
680.000000 0.294744730 -0.060570452 0.870517552 0.014150528 -0.648888707 0.048147283 0.759226620
681.000000 0.286695540 -0.064773262 0.867119014 0.014752628 -0.645596802 0.048216205 0.762012005
682.000000 0.277824521 -0.068261676 0.862654209 0.016083425 -0.642400622 0.049131058 0.764623344
683.000000 0.270424366 -0.067999996 0.858050108 0.017677274 -0.639349401 0.050862022 0.767028630
684.000000 0.262624919 -0.069629475 0.852564991 0.018745663 -0.636415660 0.052057184 0.769359291
685.000000 0.254769474 -0.072717138 0.846779644 0.019371843 -0.633149803 0.052676026 0.771991730
686.000000 0.244363680 -0.078913860 0.837393165 0.020209730 -0.629141450 0.054219365 0.775134087
687.000000 0.235838324 -0.081379153 0.832253098 0.022537583 -0.625362635 0.056287143 0.777975142
688.000000 0.227245390 -0.083591677 0.826102197 0.024561325 -0.620924115 0.058138520 0.781325698
689.000000 0.220002010 -0.087192081 0.820405781 0.026755525 -0.616468310 0.058787905 0.784726024
690.000000 0.210838169 -0.091270864 0.813881993 0.028443072 -0.611786425 0.060035631 0.788228393
691.000000 0.202140510 -0.096912943 0.806999505 0.030380907 -0.606910288 0.061851032 0.791777313
692.000000 0.193004727 -0.096727714 0.797618687 0.032197453 -0.601845324 0.065131545 0.795300841
693.000000 0.184274763 -0.098904639 0.788205147 0.033027645 -0.596819580 0.066691108 0.798916638
694.000000 0.177994788 -0.096939124 0.782574773 0.032995503 -0.592057526 0.067775860 0.802362561
695.000000 0.172763363 -0.098269902 0.774260640 0.031577654 -0.586358309 0.068130665 0.806563675
696.000000 0.165519640 -0.102558725 0.766822278 0.029982559 -0.580238998 0.068330735 0.811020732
697.000000 0.156610057 -0.111813299 0.755094290 0.027925259 -0.574034393 0.069092758 0.815432966
698.000000 0.149081290 -0.115827560 0.749240458 0.027685516 -0.569005132 0.070853218 0.818807960
699.000000 0.140861154 -0.119403437 0.743137002 0.028238593 -0.564197958 0.072972327 0.821923494
700.000000 0.131767094 -0.122710705 0.735718846 0.028872008 -0.558915317 0.075256079 0.825297892
701.000000 0.125050962 -0.123758361 0.730439425 0.029676344 -0.553677142 0.077268369 0.828607559
702.000000 0.114240661 -0.127777994 0.721450150 0.029356375 -0.547865689 0.078559011 0.832351983
703.000000 0.106912985 -0.133504018 0.719087422 0.028990034 -0.543300927 0.080029316 0.835211933
704.000000 0.098800451 -0.137381166 0.714135468 0.030695772 -0.538956523 0.082717106 0.837700129
705.000000 0.090275839 -0.138149619 0.709676743 0.032724984 -0.534755170 0.084934197 0.840090573
706.000000 0.079023018 -0.139839515 0.702554941 0.033826847 -0.529656053 0.086435199 0.843118668
707.000000 0.072373584 -0.143598244 0.700659454 0.035560280 -0.525123060 0.086959004 0.845824659
708.000000 0.066456154 -0.141263336 0.697265923 0.037774060 -0.520151734 0.086886041 0.848802745
709.000000 0.060257345 -0.142401606 0.694519401 0.036432654 -0.515242457 0.085835047 0.851956725
710.000000 0.053215295 -0.149910808 0.691939533 0.035410553 -0.511941195 0.085483707 0.854022741
711.000000 0.045157224 -0.152259767 0.689495325 0.037562668 -0.509060800 0.086216524 0.855577469
712.000000 0.039325535 -0.149352297 0.687612057 0.038617883 -0.506456435 0.085122041 0.857184231
713.000000 0.032260597 -0.156496584 0.688275814 0.037000433 -0.503739476 0.082438834 0.859116614
714.000000 0.021932065 -0.165194750 0.688796759 0.038493585 -0.501110494 0.081661068 0.860661328
715.000000 0.013159215 -0.167266294 0.688541114 0.041564818 -0.498903126 0.082939222 0.861678064
716.000000 0.008581251 -0.170636952 0.692975402 0.043586355 -0.497695088 0.083190188 0.862252414
717.000000 -0.002062649 -0.174765870 0.696729362 0.045188766 -0.495657772 0.083794318 0.863284349
718.000000 -0.011507064 -0.178923458 0.697434604 0.047920328 -0.492863595 0.084636301 0.864653587
719.000000 -0.017447889 -0.181024924 0.702454329 0.050931364 -0.490830302 0.085366219 0.865565836
720.000000 -0.027177602 -0.182915092 0.705506027 0.053072523 -0.488288790 0.085443124 0.866866112
721.000000 -0.033807486 -0.183782816 0.709767818 0.054953817 -0.485960692 0.085525267 0.868048251
722.000000 -0.042190731 -0.184919685 0.715944111 0.056389697 -0.483857900 0.085458674 0.869136691
723.000000 -0.050196916 -0.186706081 0.722590387 0.057032466 -0.481727064 0.085268073 0.870296299
724.000000 -0.060062051 -0.190130800 0.728724837 0.057876129 -0.479440510 0.085956477 0.871434808
725.000000 -0.069545746 -0.190707311 0.735215247 0.060812552 -0.477772862 0.087676205 0.871979296
726.000000 -0.079406142 -0.193010837 0.741082668 0.063747384 -0.476224720 0.089144237 0.872467518
727.000000 -0.087990671 -0.194577977 0.749414802 0.066307172 -0.474911988 0.090786077 0.872822940
728.000000 -0.097077221 -0.196756810 0.756936848 0.067819364 -0.473068327 0.091822132 0.873599231
729.000000 -0.106781483 -0.198636711 0.764122665 0.068175726 -0.470258623 0.092120707 0.875055850
730.000000 -0.116469771 -0.201055586 0.772062600 0.067905486 -0.466806859 0.092339516 0.876900017
731.000000 -0.128144294 -0.204100758 0.777122498 0.069101170 -0.462228984 0.092272088 0.879235625
732.000000 -0.138085067 -0.207617030 0.786128521 0.071154512 -0.457973450 0.092261091 0.881297469
733.000000 -0.148123085 -0.211787447 0.795786023 0.073107943 -0.454018176 0.091383241 0.883273363
734.000000 -0.156626284 -0.214459047 0.805958509 0.075694360 -0.450245798 0.090364300 0.885089457
735.000000 -0.165802211 -0.219838530 0.815266132 0.078019358 -0.445890903 0.089108847 0.887216926
736.000000 -0.175071210 -0.221908823 0.824941278 0.080689900 -0.441309661 0.088650972 0.889312029
737.000000 -0.182529181 -0.224958986 0.835344672 0.084757835 -0.437090367 0.089362547 0.890944660
738.000000 -0.190047503 -0.227522656 0.845625043 0.089473180 -0.433444142 0.091536567 0.892043591
739.000000 -0.197457641 -0.230434865 0.856531501 0.093680821 -0.430628896 0.093845822 0.892734885
740.000000 -0.206093282 -0.235304236 0.863865972 0.099036150 -0.428169042 0.096553497 0.893051267
741.000000 -0.212473273 -0.238354236 0.873850703 0.105177104 -0.426295698 0.099233069 0.892951608
742.000000 -0.221365392 -0.241158053 0.879974842 0.109413348 -0.423771977 0.100716315 0.893477619
743.000000 -0.228614807 -0.242850006 0.887240648 0.112457991 -0.421802133 0.100378484 0.894069493
744.000000 -0.232412249 -0.244842872 0.895552754 0.115678258 -0.420603573 0.099297896 0.894343972
745.000000 -0.237073362 -0.247263074 0.902033329 0.119000323 -0.419256300 0.098590843 0.894618869
746.000000 -0.242718428 -0.250640541 0.908914149 0.123591863 -0.417961061 0.098551258 0.894606769
747.000000 -0.248180062 -0.254694402 0.915666342 0.129282951 -0.416600823 0.099215657 0.894363403
748.000000 -0.252080798 -0.256619513 0.921731591 0.134823143 -0.415065676 0.099839799 0.894189715
749.000000 -0.255748957 -0.259791076 0.928701520 0.140253603 -0.413645238 0.100434117 0.893946052
750.000000 -0.261896700 -0.262332290 0.933069646 0.145544559 -0.411929756 0.101186939 0.893807530
751.000000 -0.263636917 -0.264937311 0.937407792 0.150174975 -0.410673410 0.101721056 0.893558979
752.000000 -0.267291188 -0.267246932 0.943165183 0.154930666 -0.409596503 0.102716260 0.893127382
753.000000 -0.271372885 -0.269475967 0.946895182 0.159270570 -0.408444464 0.104416825 0.892694294
754.000000 -0.274621636 -0.270660192 0.950827599 0.163753584 -0.407636911 0.106393300 0.892018735
755.000000 -0.279619813 -0.273123622 0.955294847 0.167867303 -0.407210499 0.108649202 0.891176522
756.000000 -0.285893828 -0.275579125 0.958605111 0.171678349 -0.406609416 0.110205486 0.890533566
757.000000 -0.291920960 -0.278636396 0.962383270 0.175342605 -0.406138510 0.111806341 0.889834702
758.000000 -0.297443599 -0.282239199 0.966764510 0.180172458 -0.405825227 0.114231385 0.888704121
759.000000 -0.303518444 -0.286758572 0.970973849 0.186080217 -0.405719489 0.116482489 0.887241602
760.000000 -0.310895503 -0.290671408 0.974831223 0.191634968 -0.405516416 0.118515126 0.885881841
761.000000 -0.317883313 -0.295148671 0.976360619 0.196293756 -0.405376405 0.119772561 0.884756029
762.000000 -0.325827450 -0.297330767 0.978369951 0.200848356 -0.405181289 0.121129371 0.883637726
763.000000 -0.333986998 -0.300619423 0.981834352 0.205017164 -0.404986084 0.122439235 0.882588744
764.000000 -0.341827035 -0.305718958 0.984976351 0.208840862 -0.404664785 0.122970179 0.881765366
765.000000 -0.351150095 -0.309588999 0.987317443 0.212181270 -0.403732985 0.124269038 0.881212831
766.000000 -0.360523194 -0.314256012 0.989195704 0.215596393 -0.402582705 0.125115737 0.880790234
767.000000 -0.369292438 -0.318097711 0.991489470 0.218734682 -0.401222706 0.126459077 0.880445063
768.000000 -0.377841860 -0.322249115 0.995041370 0.222102061 -0.399983197 0.127558902 0.880007267
769.000000 -0.387269139 -0.329606980 0.996196628 0.225090891 -0.398409426 0.128344193 0.879847586
770.000000 -0.394524336 -0.332209289 0.999138415 0.228453562 -0.397022635 0.128543466 0.879578650
771.000000 -0.408831000 -0.336150110 0.999060869 0.230973199 -0.394058675 0.129867330 0.880058885
772.000000 -0.417690456 -0.340049684 1.001375437 0.233486116 -0.392243505 0.130811095 0.880066872
773.000000 -0.425048828 -0.342028260 1.005093098 0.235971659 -0.390616208 0.131873950 0.879969060
774.000000 -0.435311615 -0.343657196 1.005679607 0.237761348 -0.388778239 0.133843601 0.880003929
775.000000 -0.444116116 -0.346236706 1.007483721 0.240313128 -0.387681723 0.135549262 0.879533350
776.000000 -0.453540415 -0.348933935 1.008903742 0.243746042 -0.386432081 0.137718171 0.878801346
777.000000 -0.462025225 -0.352690756 1.010648966 0.247116953 -0.385262161 0.138740003 0.878212690
778.000000 -0.471154213 -0.356265843 1.012419224 0.249634981 -0.383808702 0.139742061 0.877978027
779.000000 -0.478945613 -0.358188987 1.014077783 0.252222955 -0.381925672 0.140558690 0.877929151
780.000000 -0.486329287 -0.360366225 1.015450954 0.254413247 -0.379835904 0.141126886 0.878112614
781.000000 -0.495283127 -0.362407953 1.015929461 0.255662441 -0.377260536 0.141671360 0.878772080
782.000000 -0.502299964 -0.365086108 1.017751455 0.256815165 -0.374849319 0.141641483 0.879472375
783.000000 -0.510090351 -0.365722418 1.018670321 0.259095669 -0.371841282 0.141738236 0.880064666
784.000000 -0.515788436 -0.366099834 1.020453930 0.260939509 -0.369011015 0.141242668 0.880790532
785.000000 -0.523180604 -0.366598606 1.021653056 0.262634158 -0.365637362 0.140353069 0.881835401
786.000000 -0.529074669 -0.368747115 1.022767782 0.264142990 -0.362321407 0.139439762 0.882897615
787.000000 -0.534357846 -0.369522333 1.024408579 0.265695214 -0.358657062 0.138207912 0.884120882
788.000000 -0.539113045 -0.369445801 1.025186539 0.266269445 -0.354569435 0.136793196 0.885815322
789.000000 -0.545037627 -0.369930953 1.026893735 0.266983509 -0.350370616 0.135896012 0.887407720
790.000000 -0.548455536 -0.370287925 1.027730942 0.267847389 -0.346161216 0.135197282 0.888904870
791.000000 -0.553495765 -0.371101707 1.028390884 0.268647790 -0.342311591 0.135450885 0.890114665
792.000000 -0.557374120 -0.370207250 1.029502392 0.269478112 -0.338494182 0.134280413 0.891499877
793.000000 -0.560751677 -0.368882656 1.030782938 0.269450188 -0.335120142 0.132750630 0.893010855
794.000000 -0.563937545 -0.368787438 1.031038046 0.268576771 -0.331899464 0.130463034 0.894812107
795.000000 -0.567780256 -0.366879046 1.031902194 0.268101037 -0.328944981 0.127868220 0.896418810
796.000000 -0.569695950 -0.365976393 1.033938408 0.266249895 -0.326450109 0.124875002 0.898302615
797.000000 -0.572091162 -0.364762932 1.035428524 0.263699532 -0.323687404 0.122024469 0.900443852
798.000000 -0.575702369 -0.363008022 1.035315275 0.260763943 -0.320402861 0.119850546 0.902762413
799.000000 -0.577419996 -0.360942632 1.037233949 0.257885903 -0.318297565 0.117805511 0.904601216
800.000000 -0.579273820 -0.357905865 1.039455295 0.255683899 -0.316505402 0.115232341 0.906185210
801.000000 -0.581449807 -0.357035697 1.040039062 0.253949702 -0.314624697 0.113368958 0.907561719
802.000000 -0.581979990 -0.356002986 1.043286920 0.253695399 -0.313319415 0.111060940 0.908369482
803.000000 -0.583038688 -0.356625855 1.044355392 0.253087491 -0.311190903 0.108342677 0.909598172
804.000000 -0.584004462 -0.353959739 1.047074318 0.252667218 -0.308850080 0.105758168 0.910816193
805.000000 -0.585717618 -0.352685124 1.047553539 0.251085252 -0.305930287 0.103158064 0.912535608
806.000000 -0.586461604 -0.349772871 1.049789786 0.249357253 -0.303439856 0.100391857 0.914148092
807.000000 -0.586945415 -0.347234815 1.052313447 0.247493446 -0.301114470 0.098112866 0.915669680
808.000000 -0.587095022 -0.342906415 1.054844022 0.245598912 -0.299119592 0.096148364 0.917040944
809.000000 -0.588712513 -0.340424001 1.056174636 0.242955416 -0.296931148 0.094201982 0.918656886
810.000000 -0.588965654 -0.336335033 1.058180690 0.240360007 -0.295583665 0.093130365 0.919882655
811.000000 -0.588224769 -0.330576926 1.060414791 0.238534674 -0.294814199 0.091563985 0.920761526
812.000000 -0.589400709 -0.326262295 1.063179255 0.236838475 -0.294325769 0.090566300 0.921454072
813.000000 -0.589426160 -0.322399944 1.066582441 0.234989271 -0.293876231 0.089309305 0.922193408
814.000000 -0.590658426 -0.319565624 1.068583012 0.232118472 -0.292816788 0.088528894 0.923332036
815.000000 -0.590710998 -0.314072400 1.072137833 0.229174450 -0.291991562 0.087436765 0.924432158
816.000000 -0.592364490 -0.310139626 1.073971987 0.225582138 -0.290945351 0.086977147 0.925688088
817.000000 -0.592484951 -0.306618959 1.078591347 0.222459450 -0.290916145 0.086649433 0.926483393
818.000000 -0.592366993 -0.305873245 1.083438396 0.219666839 -0.291090965 0.085781157 0.927175343
819.000000 -0.593168378 -0.302504122 1.087679744 0.217432767 -0.290890962 0.085029967 0.927833676
820.000000 -0.592456639 -0.299958408 1.093614697 0.215458527 -0.291134298 0.083417594 0.928364098
821.000000 -0.593174100 -0.296547920 1.097948909 0.213897526 -0.290356874 0.080596656 0.929217398
822.000000 -0.592882097 -0.293855011 1.103973150 0.210926279 -0.289070070 0.078561783 0.930471182
823.000000 -0.593911290 -0.290722787 1.110485554 0.208481386 -0.287032634 0.076618634 0.931814015
824.000000 -0.594093740 -0.287687629 1.116586924 0.206983447 -0.285459042 0.074289352 0.932819426
825.000000 -0.593921423 -0.286586702 1.123265386 0.205629006 -0.283750296 0.072082222 0.933812976
826.000000 -0.595430493 -0.283471704 1.130029440 0.204579145 -0.282184809 0.069314048 0.934727073
827.000000 -0.595083475 -0.278892428 1.135534286 0.201627627 -0.280475646 0.066092469 0.936115086
828.000000 -0.595741272 -0.275256455 1.142274857 0.197430894 -0.278289139 0.063069612 0.937869072
829.000000 -0.595535874 -0.271181583 1.148218989 0.192582443 -0.276111364 0.060313195 0.939700425
830.000000 -0.596029818 -0.267016709 1.154917240 0.187373802 -0.274124771 0.057556394 0.941506207
831.000000 -0.596765637 -0.260157228 1.161865950 0.182776749 -0.272225887 0.055333924 0.943092704
832.000000 -0.597929120 -0.255335569 1.168000698 0.178835467 -0.270876199 0.053755220 0.944327474
833.000000 -0.597325385 -0.251511872 1.174461126 0.175319701 -0.270543188 0.051968809 0.945181787
834.000000 -0.599805951 -0.246471047 1.179797173 0.171545789 -0.269658715 0.050439019 0.946209311
835.000000 -0.599865735 -0.242645502 1.187133908 0.167286694 -0.268749297 0.048166860 0.947348356
836.000000 -0.602698863 -0.238609642 1.193009615 0.163472876 -0.267198324 0.045780662 0.948570430
837.000000 -0.603011370 -0.235675469 1.199346066 0.158913180 -0.265506536 0.042229224 0.949983954
838.000000 -0.603464544 -0.231233597 1.206631541 0.154543564 -0.262857944 0.038766507 0.951587737
839.000000 -0.603987694 -0.229822323 1.212181926 0.150520012 -0.259719431 0.035478961 0.953221262
840.000000 -0.605626345 -0.226565376 1.217452168 0.147471994 -0.256741792 0.033795498 0.954564571
841.000000 -0.606697798 -0.222593963 1.222411394 0.145188719 -0.254557788 0.032756280 0.955535233
842.000000 -0.608847380 -0.218617782 1.227754831 0.142396703 -0.252908438 0.031418785 0.956437886
843.000000 -0.611328065 -0.214490756 1.232197881 0.139037579 -0.251105338 0.029429777 0.957469881
844.000000 -0.610685229 -0.208969280 1.235939503 0.135229841 -0.249048427 0.027369790 0.958612859
845.000000 -0.610797226 -0.203742668 1.239602566 0.131782725 -0.246524230 0.025468081 0.959797144
846.000000 -0.611106873 -0.198529556 1.243867278 0.128879979 -0.244079754 0.024184547 0.960848629
847.000000 -0.612435699 -0.195420504 1.246691704 0.125536278 -0.241576299 0.023658542 0.961936474
848.000000 -0.613062918 -0.188863188 1.251575470 0.123268105 -0.239566028 0.023037698 0.962747276
849.000000 -0.614450276 -0.184629142 1.255010247 0.120311335 -0.237792835 0.023396885 0.963551939
850.000000 -0.615626931 -0.182247043 1.257945538 0.118007109 -0.236501917 0.023210783 0.964158952
851.000000 -0.615433574 -0.175913259 1.262055755 0.115828715 -0.235617131 0.023203565 0.964639723
852.000000 -0.617820621 -0.170311615 1.263912082 0.112870105 -0.233694732 0.022297809 0.965479136
853.000000 -0.615270376 -0.168998569 1.267566323 0.109684490 -0.232140660 0.020834006 0.966253579
854.000000 -0.615985096 -0.166639253 1.271167755 0.107586786 -0.229729265 0.019372791 0.967095792
855.000000 -0.617186606 -0.160787597 1.273480773 0.106218226 -0.226680234 0.018148797 0.967989862
856.000000 -0.616517603 -0.163184911 1.276518703 0.104702912 -0.224884227 0.017383562 0.968587697
857.000000 -0.620805919 -0.154483855 1.277808666 0.105609365 -0.223420769 0.017889410 0.968818784
858.000000 -0.618665516 -0.147538722 1.279358268 0.105111845 -0.223047063 0.017492827 0.968966186
859.000000 -0.620639741 -0.143718168 1.280885339 0.102919430 -0.221778214 0.017123809 0.969499230
860.000000 -0.621733665 -0.139809206 1.282771111 0.100839637 -0.220985413 0.016526492 0.969909132
861.000000 -0.621712029 -0.135477901 1.285070062 0.098842904 -0.220601127 0.016557982 0.970201552
862.000000 -0.621795237 -0.128303781 1.285297513 0.096782193 -0.219754413 0.016155120 0.970608175
863.000000 -0.619840443 -0.124866173 1.288156629 0.093891568 -0.219027922 0.015617031 0.971064985
864.000000 -0.624665439 -0.123061687 1.286968708 0.091441594 -0.216772184 0.015710203 0.971803188
865.000000 -0.623404264 -0.122031063 1.289902925 0.089845814 -0.215973243 0.016218599 0.972121537
866.000000 -0.622575402 -0.118880913 1.291405201 0.088778153 -0.216000557 0.016776379 0.972204089
867.000000 -0.621834993 -0.113935694 1.291529655 0.087519847 -0.216061980 0.016320994 0.972312272
868.000000 -0.622979581 -0.111894161 1.293092489 0.085389867 -0.215425819 0.015911397 0.972649515
869.000000 -0.625531435 -0.113086551 1.291793585 0.082574777 -0.213906080 0.015357445 0.973236740
870.000000 -0.624862552 -0.108608752 1.293125868 0.081206307 -0.213198557 0.015333004 0.973507464
871.000000 -0.625919402 -0.104743719 1.294366121 0.079596326 -0.212804303 0.014971890 0.973732293
872.000000 -0.624852180 -0.102832273 1.296110034 0.077632107 -0.212767184 0.014684171 0.973903358
873.000000 -0.625670910 -0.098972514 1.297029614 0.076150484 -0.212542504 0.014263861 0.974075675
874.000000 -0.627384365 -0.100341439 1.298386931 0.074396685 -0.212393910 0.013639408 0.974252462
875.000000 -0.628965795 -0.099006668 1.300353169 0.073733546 -0.212718353 0.013267257 0.974237263
876.000000 -0.630129457 -0.099035740 1.301557064 0.073009111 -0.212803274 0.013221809 0.974273920
877.000000 -0.631002665 -0.100498088 1.302307248 0.072659098 -0.212770402 0.013348415 0.974305511
878.000000 -0.633285403 -0.098075815 1.301480412 0.072940178 -0.212360531 0.013579568 0.974370718
879.000000 -0.633129478 -0.100453973 1.304796815 0.072540939 -0.212411121 0.013542785 0.974390030
880.000000 -0.633562267 -0.100170150 1.306237221 0.073283330 -0.212517604 0.013969158 0.974305272
