0.000000 0.000000000 0.000000000 0.000000000 0.000000000 0.000000000 0.000000000 1.000000000
1.000000 0.000054305 -0.000122128 0.000573470 0.001809066 -0.000734823 0.000308321 0.999998033
2.000000 -0.002805871 0.007796525 -0.001865462 0.002944626 -0.000496545 -0.000019650 0.999995530
3.000000 -0.002121363 0.004693813 -0.000887886 0.000644479 -0.000634797 0.000204200 0.999999583
4.000000 -0.000294248 0.002749661 -0.002310097 0.000126388 -0.000484386 -0.000054521 0.999999881
5.000000 -0.001033980 0.002223550 -0.003172098 -0.000369766 0.000231698 -0.000383751 0.999999821
6.000000 -0.000131729 0.004483541 -0.002049744 -0.001335821 0.000261977 -0.000759167 0.999998808
7.000000 -0.000889542 0.001398270 -0.002386453 -0.002351132 0.000414501 -0.000515711 0.999997020
8.000000 -0.001859586 0.001859885 -0.000370592 -0.001510286 0.000466119 -0.000350357 0.999998689
9.000000 -0.001151325 0.004345266 -0.001413181 -0.000982585 0.000377160 -0.000527769 0.999999285
10.000000 -0.001284016 0.002569073 -0.001527682 -0.001646845 0.000344074 -0.000534954 0.999998450
11.000000 -0.001004552 0.000851642 -0.001101242 -0.001217819 0.000407079 -0.000378778 0.999999106
12.000000 -0.001088952 0.001146134 0.001396437 0.000123638 0.000412539 -0.000189826 0.999999881
13.000000 -0.000652820 -0.000599407 0.001064360 0.000892237 0.000326957 0.000309899 0.999999523
14.000000 -0.000291208 -0.001018277 0.002196457 0.001554558 -0.000084118 0.000626363 0.999998569
15.000000 -0.000759829 -0.001075101 0.001090951 0.002207649 -0.000219999 0.000975871 0.999997079
16.000000 -0.000317767 -0.000121754 0.001151996 0.002548800 -0.000409374 0.001143334 0.999996006
17.000000 -0.002113739 0.002583175 -0.000496792 0.002982713 -0.000353644 0.000944893 0.999995053
18.000000 -0.001974824 0.002937104 -0.000237591 0.002475890 -0.000584266 0.000241498 0.999996722
19.000000 0.000519062 0.003350993 -0.000194545 0.002152164 -0.001002963 -0.000494854 0.999997079
20.000000 -0.001169152 0.003422984 -0.000210888 0.001342982 -0.000404864 -0.001325420 0.999998152
21.000000 -0.001363925 0.002048985 0.000102987 0.000654766 -0.000153103 -0.001815171 0.999998152
22.000000 -0.001966988 0.002992901 -0.000484731 0.000534587 -0.000191054 -0.002129985 0.999997556
23.000000 -0.000796983 0.002201459 -0.001062440 -0.000014069 -0.000512769 -0.002225443 0.999997377
24.000000 -0.002440171 0.001906699 -0.001291588 -0.000160295 -0.000509010 -0.002393991 0.999996960
25.000000 -0.001461076 0.000830727 -0.000136541 -0.000267123 -0.000970242 -0.002573243 0.999996185
26.000000 -0.001418786 0.001053128 0.000088902 0.000039120 -0.001077586 -0.002682609 0.999995828
27.000000 -0.001661170 0.001019850 -0.000065274 0.000205431 -0.001074005 -0.003032875 0.999994814
28.000000 -0.001834030 0.000939458 -0.000287665 0.000040206 -0.000995895 -0.003312485 0.999994040
29.000000 -0.002400311 -0.000320346 0.000867115 0.000035587 -0.000866553 -0.003532045 0.999993384
30.000000 -0.003032317 -0.000393272 0.000515520 0.000374774 -0.000623451 -0.003787172 0.999992549
31.000000 -0.004991579 0.000346503 0.000358584 0.000404739 -0.000360649 -0.003903877 0.999992251
32.000000 -0.003343037 0.000450736 -0.000324746 -0.000393317 -0.000812520 -0.004374511 0.999990046
33.000000 -0.007193042 0.001575288 0.000800792 -0.000114420 -0.000278178 -0.004846982 0.999988198
34.000000 -0.009440758 0.006037286 0.001355139 0.000110491 0.000097230 -0.005137936 0.999986768
35.000000 -0.006248017 0.003876173 0.000494635 -0.001012087 -0.000067114 -0.005280187 0.999985516
36.000000 -0.010809957 0.003151490 0.000748415 -0.001372719 0.001543602 -0.005260163 0.999984026
37.000000 -0.009188017 0.003948189 0.000930946 -0.001255540 0.002148921 -0.005181824 0.999983490
38.000000 -0.011102962 0.009495187 0.001421963 -0.001408290 0.003465680 -0.004924684 0.999980867
39.000000 -0.013084511 0.010608244 0.001439694 -0.003102165 0.004407951 -0.004077702 0.999977171
40.000000 -0.012224450 0.005954652 0.003313996 -0.004278859 0.004286750 -0.003023257 0.999977052
41.000000 -0.015173333 0.006320654 0.004174544 -0.003577508 0.004815431 -0.002049056 0.999979913
42.000000 -0.019018084 0.008542757 0.005003145 -0.003177117 0.005573466 -0.001497921 0.999978304
43.000000 -0.021467881 0.009302327 0.006552245 -0.002732484 0.006192604 -0.001287564 0.999976218
44.000000 -0.020066306 0.009357149 0.008192556 -0.001957912 0.006638638 -0.001677181 0.999974608
45.000000 -0.017966814 0.009362585 0.011142259 -0.002098345 0.007034602 -0.002498823 0.999969959
46.000000 -0.020259902 0.010197405 0.013550092 -0.003090742 0.008536644 -0.003778429 0.999951661
47.000000 -0.021789480 0.011997534 0.018303417 -0.003590774 0.009770532 -0.005175821 0.999932408
48.000000 -0.022186540 0.011923588 0.020528564 -0.004488148 0.010212788 -0.006846961 0.999914348
49.000000 -0.021305874 0.011490556 0.025997568 -0.006562199 0.010522543 -0.008824894 0.999884129
50.000000 -0.019923458 0.011826633 0.031984027 -0.007992313 0.010860587 -0.010499056 0.999853969
51.000000 -0.020894155 0.016677016 0.039211445 -0.007854663 0.011117832 -0.012203258 0.999832869
52.000000 -0.018898105 0.019056953 0.044928566 -0.008266770 0.010700062 -0.013368867 0.999819219
53.000000 -0.016911121 0.019749107 0.050924294 -0.009806518 0.010570040 -0.014642753 0.999788821
54.000000 -0.014818048 0.017402187 0.058455329 -0.011522386 0.010312496 -0.015481354 0.999760568
55.000000 -0.012364067 0.018389132 0.066049986 -0.011719188 0.008906474 -0.016124235 0.999761641
56.000000 -0.008455317 0.017174054 0.073552623 -0.011842273 0.006854281 -0.017156754 0.999759197
57.000000 -0.006025945 0.015663709 0.081619561 -0.011419414 0.005500903 -0.018600130 0.999746621
58.000000 -0.002115079 0.013965554 0.090508863 -0.009873704 0.003936506 -0.020192187 0.999739587
59.000000 0.001268588 0.014350923 0.098662809 -0.008869431 0.002539879 -0.022587709 0.999702275
60.000000 0.005072869 0.014971700 0.108799078 -0.008579072 0.001247500 -0.025157075 0.999645889
61.000000 0.009786077 0.012775585 0.118242659 -0.008407923 -0.000395003 -0.027722003 0.999580204
62.000000 0.013333864 0.012300584 0.127009630 -0.008158931 -0.002325328 -0.030122774 0.999510229
63.000000 0.018177457 0.012978323 0.136472046 -0.007762852 -0.004706376 -0.032351442 0.999435306
64.000000 0.020120552 0.014935063 0.146913022 -0.007146855 -0.006774118 -0.034812085 0.999345362
65.000000 0.021429617 0.014244092 0.152967945 -0.007924017 -0.008443464 -0.038115434 0.999206245
66.000000 0.024563041 0.011128114 0.164308533 -0.008939820 -0.010407648 -0.041405868 0.999048233
67.000000 0.026951158 0.008957337 0.172687724 -0.007096647 -0.012457902 -0.045277435 0.998871565
68.000000 0.037734274 0.011988997 0.182048410 -0.005033879 -0.016228883 -0.048360202 0.998685420
69.000000 0.044070374 0.012690654 0.190230265 -0.004744676 -0.019282334 -0.050854992 0.998508632
70.000000 0.046397608 0.009191457 0.200476870 -0.005336481 -0.022038393 -0.052913051 0.998341620
71.000000 0.053551707 0.010376992 0.209230542 -0.004549727 -0.025672853 -0.054047789 0.998197913
72.000000 0.059227720 0.011299989 0.220257580 -0.004773254 -0.028622460 -0.055780090 0.998021305
73.000000 0.063207142 0.006407075 0.230827212 -0.005795910 -0.031789910 -0.057161991 0.997841835
74.000000 0.065226004 0.004463242 0.238769323 -0.004806415 -0.034902498 -0.059533045 0.997604430
75.000000 0.069846272 0.006788856 0.247786731 -0.003508254 -0.038690433 -0.062641442 0.997279704
76.000000 0.071186289 0.011721573 0.253258318 -0.003594870 -0.041763239 -0.065840453 0.996949315
77.000000 0.076923199 0.008097295 0.263216257 -0.005246340 -0.045411970 -0.069320180 0.996546507
78.000000 0.080244869 0.006052192 0.272450656 -0.005201522 -0.048249938 -0.072765999 0.996167660
79.000000 0.086209737 0.007989820 0.279710412 -0.004532730 -0.052155048 -0.075865254 0.995742857
80.000000 0.089953236 0.007656431 0.287607849 -0.005441654 -0.056605864 -0.079461902 0.995214522
81.000000 0.090541989 0.008553039 0.294711918 -0.005816274 -0.060215432 -0.082997091 0.994711876
82.000000 0.092854246 0.007756442 0.302481622 -0.006844095 -0.064456210 -0.086729392 0.994121015
83.000000 0.096928343 0.009422658 0.312142432 -0.008487497 -0.068703115 -0.089828305 0.993548572
84.000000 0.097585157 0.006600750 0.320223808 -0.010396024 -0.072579697 -0.092576809 0.993002355
85.000000 0.099077240 0.006495386 0.329267800 -0.010957441 -0.076885290 -0.095216788 0.992422462
86.000000 0.103670165 0.004777051 0.338882804 -0.011265187 -0.081767969 -0.098036028 0.991753995
87.000000 0.106529467 0.005948349 0.348640352 -0.010921019 -0.085964434 -0.100999229 0.991105437
88.000000 0.109467715 0.004064558 0.358352691 -0.011192037 -0.089687951 -0.103901438 0.990472257
89.000000 0.109393112 0.002582297 0.367941737 -0.010883889 -0.092611797 -0.107146710 0.989860713
90.000000 0.111789331 0.005000275 0.376991063 -0.009572494 -0.096048646 -0.111130543 0.989107192
91.000000 0.114147261 0.004517053 0.386190176 -0.009736924 -0.099158049 -0.113924637 0.988480687
92.000000 0.114015669 0.003386041 0.396508157 -0.010303376 -0.102335237 -0.115874372 0.987924337
93.000000 0.118136853 0.003095409 0.406720966 -0.011058351 -0.106533177 -0.117375359 0.987294972
94.000000 0.117615558 0.003297439 0.416050494 -0.011522862 -0.110325575 -0.119246878 0.986648738
95.000000 0.122676075 0.000614954 0.428069592 -0.012900000 -0.115679994 -0.121425465 0.985752285
96.000000 0.122715972 -0.003112828 0.438442856 -0.013436633 -0.120251529 -0.125079408 0.984740674
97.000000 0.127049446 -0.003904866 0.449694812 -0.011929751 -0.124745280 -0.128500909 0.983759999
98.000000 0.128893375 -0.008086754 0.460775733 -0.011983782 -0.128867656 -0.132282928 0.982726157
99.000000 0.128131270 -0.012576679 0.471869379 -0.011536495 -0.132687405 -0.135902613 0.981728792
100.000000 0.131907195 -0.008478090 0.482316226 -0.008029152 -0.137132734 -0.138264239 0.980822682
101.000000 0.131120414 -0.008252306 0.490619451 -0.005624604 -0.140701130 -0.140543297 0.980009794
102.000000 0.130098104 -0.009865284 0.501440167 -0.003600349 -0.144850776 -0.142848760 0.979080975
103.000000 0.134049416 -0.008442661 0.511785924 -0.000011286 -0.150004238 -0.145009011 0.977993429
104.000000 0.134004936 -0.016052216 0.518997371 0.001157298 -0.153972998 -0.147292882 0.977034211
105.000000 0.132787973 -0.015434179 0.530712962 0.003887391 -0.157445505 -0.149063662 0.976204813
106.000000 0.139812052 -0.013534708 0.540858746 0.006714624 -0.162442699 -0.150432155 0.975160241
107.000000 0.137220457 -0.018170463 0.547440052 0.007458820 -0.165925086 -0.152222961 0.974290252
108.000000 0.138420761 -0.024337754 0.557144225 0.008788713 -0.170461088 -0.153756097 0.973254740
109.000000 0.139144450 -0.031493705 0.566056848 0.010742042 -0.175826326 -0.154855698 0.972105682
110.000000 0.148361251 -0.030678492 0.576128721 0.013840377 -0.183221981 -0.155100584 0.970660567
111.000000 0.144386590 -0.033129483 0.582502842 0.015603973 -0.188471645 -0.155275032 0.969600260
112.000000 0.146135822 -0.034984916 0.591183662 0.017682595 -0.194909379 -0.155771554 0.968211174
113.000000 0.146441072 -0.034420561 0.599365413 0.020176211 -0.200962156 -0.156138182 0.966865063
114.000000 0.146218792 -0.035366248 0.606736720 0.021813553 -0.206675112 -0.157168403 0.965457261
115.000000 0.146615833 -0.039564431 0.616181672 0.022927666 -0.212346435 -0.158473179 0.963986278
116.000000 0.149921313 -0.041208044 0.625390112 0.024523426 -0.218420982 -0.159272432 0.962456822
117.000000 0.143539935 -0.039110083 0.631723046 0.025942804 -0.223674357 -0.160148740 0.961066663
118.000000 0.144978479 -0.042099476 0.642947018 0.027342029 -0.231312230 -0.160233289 0.959204018
119.000000 0.152758151 -0.037028987 0.652459741 0.030341463 -0.238537624 -0.161108211 0.957195580
120.000000 0.145855412 -0.040227644 0.659413576 0.030788962 -0.243637949 -0.162749708 0.955617666
121.000000 0.138912663 -0.042913888 0.666903377 0.031952135 -0.249142975 -0.164840877 0.953799963
122.000000 0.150520772 -0.042124487 0.681731820 0.033947177 -0.257745922 -0.166007042 0.951239347
123.000000 0.149479747 -0.044342332 0.691695333 0.035056211 -0.263865650 -0.167218089 0.949307203
124.000000 0.152633280 -0.044666585 0.704185247 0.036726974 -0.271017700 -0.168050781 0.947079420
125.000000 0.150929719 -0.045637004 0.714753330 0.038313758 -0.277127445 -0.169602081 0.944969654
126.000000 0.150230974 -0.050213046 0.724318027 0.038573880 -0.282802910 -0.171473220 0.942937672
127.000000 0.157111138 -0.048776589 0.736827433 0.040487029 -0.289756358 -0.173673242 0.940340161
128.000000 0.156718254 -0.054524396 0.745981395 0.041151550 -0.295432985 -0.175480083 0.938207150
129.000000 0.152699411 -0.050007477 0.752493739 0.041915275 -0.299696147 -0.176542744 0.936620533
130.000000 0.148843229 -0.050341018 0.757715881 0.040935945 -0.304117948 -0.178219885 0.934919357
131.000000 0.151094019 -0.052666515 0.769259334 0.040418286 -0.310823500 -0.179086283 0.932568073
132.000000 0.154372156 -0.053040624 0.779122114 0.040509630 -0.317344159 -0.180612132 0.930070400
133.000000 0.155683190 -0.054709114 0.788967609 0.040265277 -0.323468298 -0.182922348 0.927516222
134.000000 0.157457083 -0.054785416 0.797252655 0.041380864 -0.329824835 -0.184872940 0.924837947
135.000000 0.153504521 -0.054735899 0.801769018 0.041298445 -0.335483968 -0.187041804 0.922366679
136.000000 0.161140621 -0.053777933 0.814227700 0.040954564 -0.343683928 -0.188533023 0.919053555
137.000000 0.161452711 -0.054184899 0.821270764 0.040128835 -0.349961072 -0.189310253 0.916557968
138.000000 0.163086385 -0.054740869 0.829935849 0.040192164 -0.357506812 -0.189320236 0.913636327
139.000000 0.166186780 -0.053544976 0.838443637 0.040589780 -0.365946919 -0.189026847 0.910331905
140.000000 0.163171768 -0.053543922 0.851487637 0.038064260 -0.380707830 -0.189501911 0.904268563
141.000000 0.163516521 -0.051138576 0.858049870 0.037874557 -0.388784766 -0.188555300 0.901032090
142.000000 0.163445264 -0.050567325 0.865975857 0.036648106 -0.397004575 -0.187965438 0.897615314
143.000000 0.162225455 -0.051592324 0.873677850 0.035272464 -0.404664099 -0.187423959 0.894357383
144.000000 0.157710433 -0.051943485 0.878248215 0.034769893 -0.411041230 -0.187220693 0.891506910
145.000000 0.156438231 -0.051492993 0.886785150 0.035569277 -0.418791234 -0.186311916 0.888052166
146.000000 0.153322250 -0.050431453 0.890378773 0.036756031 -0.425887823 -0.185854688 0.884718359
147.000000 0.148545742 -0.048082821 0.895038128 0.036720529 -0.432240754 -0.186747119 0.881444871
148.000000 0.143553942 -0.050108392 0.901301205 0.035462912 -0.438960761 -0.187437415 0.878022194
149.000000 0.140894830 -0.046381019 0.909005880 0.035624601 -0.445717931 -0.187412217 0.874610186
150.000000 0.137308329 -0.046370473 0.914903343 0.035428032 -0.452041805 -0.187928885 0.871255279
151.000000 0.133013606 -0.043862306 0.921056151 0.035810884 -0.458338141 -0.187704250 0.867992401
152.000000 0.129975080 -0.045739088 0.930739284 0.035981804 -0.465616226 -0.187618956 0.864121497
153.000000 0.125009894 -0.042826697 0.937797070 0.036995739 -0.472098738 -0.187406406 0.860600352
154.000000 0.119931102 -0.043185651 0.944713950 0.037239894 -0.477910995 -0.187620506 0.857328892
155.000000 0.109655052 -0.041867156 0.958674252 0.036986101 -0.488021612 -0.187674373 0.851613343
156.000000 0.102936000 -0.040219344 0.963873506 0.036192704 -0.493162811 -0.187441856 0.848732054
157.000000 0.098977327 -0.042979427 0.972797275 0.035776880 -0.499802232 -0.188211665 0.844685793
158.000000 0.092279941 -0.041670732 0.977272928 0.035045087 -0.505181909 -0.189092621 0.841312647
159.000000 0.086717188 -0.041939799 0.983455718 0.034676809 -0.510796547 -0.189998969 0.837725997
160.000000 0.080914319 -0.041784626 0.990931153 0.035201747 -0.516655505 -0.191155493 0.833838999
161.000000 0.074629068 -0.040324986 0.997612119 0.035349276 -0.521914721 -0.193077192 0.830106378
162.000000 0.068850785 -0.039583050 1.003052592 0.034572069 -0.526777565 -0.194343790 0.826765180
163.000000 0.063870370 -0.042037018 1.010322094 0.033836618 -0.532992721 -0.195365921 0.822560668
164.000000 0.057826579 -0.041278202 1.015831709 0.033431295 -0.538778663 -0.196631014 0.818496287
165.000000 0.052929252 -0.041709628 1.022481799 0.032257054 -0.544677973 -0.197382569 0.814447999
166.000000 0.047601908 -0.042452745 1.029839635 0.031605858 -0.550602913 -0.196984842 0.810576618
167.000000 0.042236507 -0.042737160 1.035647511 0.031687938 -0.556250989 -0.197265729 0.806639314
168.000000 0.036687434 -0.041176237 1.038964033 0.030816503 -0.560910165 -0.198063001 0.803244174
169.000000 0.031607956 -0.041630115 1.044497490 0.030386237 -0.566246927 -0.198199436 0.799473584
170.000000 0.027639300 -0.038744219 1.049334288 0.030601166 -0.571708560 -0.198023096 0.795612812
171.000000 0.023788750 -0.038789392 1.053422332 0.028889731 -0.577018440 -0.198514014 0.791711628
172.000000 0.019616097 -0.035199989 1.056328058 0.027039845 -0.581912816 -0.198169902 0.788273454
173.000000 0.016434163 -0.033479158 1.060058594 0.025132375 -0.587456644 -0.196743146 0.784573197
174.000000 0.014584422 -0.030959230 1.064627409 0.023636954 -0.594110847 -0.195065871 0.780014634
175.000000 0.010230333 -0.031774770 1.066744924 0.021097396 -0.599667013 -0.194207370 0.776039839
176.000000 0.007517815 -0.031752586 1.068310142 0.018926455 -0.605681658 -0.192986846 0.771717250
177.000000 0.007725731 -0.029617116 1.071423173 0.017200790 -0.612017572 -0.191700459 0.767065525
178.000000 0.004078761 -0.026301909 1.075658321 0.015806807 -0.618601620 -0.190245077 0.762160778
179.000000 0.004381105 -0.021409560 1.080216765 0.015111556 -0.625384450 -0.187958881 0.757190406
180.000000 0.001697034 -0.020934574 1.081754327 0.013275480 -0.631596029 -0.186716720 0.752361000
181.000000 -0.000768930 -0.019417275 1.084223509 0.011596891 -0.637968779 -0.185042024 0.747409403
182.000000 -0.002714708 -0.018489473 1.084773660 0.010594019 -0.644463539 -0.183498517 0.742214799
183.000000 -0.006341308 -0.016456217 1.088876247 0.008517481 -0.658631086 -0.180690780 0.730399489
184.000000 -0.009055272 -0.013921190 1.087353826 0.009321909 -0.665417314 -0.179430962 0.724525630
185.000000 -0.011753768 -0.014515886 1.086708426 0.009233766 -0.671744168 -0.179477900 0.718653083
186.000000 -0.013108157 -0.019119889 1.091462731 0.007458835 -0.678337753 -0.180278242 0.712251365
187.000000 -0.015243489 -0.017563634 1.095488787 0.006887204 -0.684611678 -0.180592626 0.706148505
188.000000 -0.016582083 -0.014724241 1.103516221 0.005602750 -0.691316187 -0.181198135 0.699441075
189.000000 -0.017532155 -0.015501404 1.108434200 0.004403304 -0.697210491 -0.183369756 0.693003356
190.000000 -0.016778216 -0.016290762 1.112638235 0.005373874 -0.703483343 -0.184071720 0.686439991
191.000000 -0.017114881 -0.016623452 1.118803978 0.006840433 -0.709807277 -0.184657782 0.679726660
192.000000 -0.018123306 -0.016450889 1.123839498 0.006728896 -0.715404153 -0.185705364 0.673546672
193.000000 -0.018030273 -0.017061355 1.127151489 0.006207269 -0.720532477 -0.186713725 0.667781711
194.000000 -0.018731128 -0.016950296 1.129566669 0.006094989 -0.725583732 -0.187396154 0.662098050
195.000000 -0.019469097 -0.014842467 1.131862044 0.005989869 -0.730444491 -0.187208205 0.656786144
196.000000 -0.018943205 -0.014419062 1.136111379 0.005125314 -0.735569060 -0.186914086 0.651133597
197.000000 -0.019568011 -0.012960333 1.139200926 0.004356558 -0.740535676 -0.186912671 0.645485520
198.000000 -0.019192755 -0.013350803 1.139817119 0.003852043 -0.745101690 -0.186746374 0.640261114
199.000000 -0.019458964 -0.011935275 1.143511653 0.003250863 -0.749853909 -0.185684517 0.635003746
200.000000 -0.019323394 -0.013609294 1.148075700 0.001487371 -0.754635513 -0.185144141 0.629479647
201.000000 -0.019737065 -0.011930980 1.147166610 0.000756211 -0.758665323 -0.184638172 0.624767959
202.000000 -0.019548059 -0.012763802 1.148564339 0.000083123 -0.763062119 -0.183813572 0.619635940
203.000000 -0.019317895 -0.013569094 1.152166367 -0.000526481 -0.767744422 -0.182472751 0.614224672
204.000000 -0.019652948 -0.013159748 1.153529167 -0.000663633 -0.771825135 -0.181169644 0.609477758
205.000000 -0.020270988 -0.013807155 1.153444529 -0.001182445 -0.775814235 -0.179966062 0.604750454
206.000000 -0.019506589 -0.013255142 1.153415203 -0.000995120 -0.779971957 -0.178052038 0.599950135
207.000000 -0.020972028 -0.014084175 1.154263020 -0.000987966 -0.784155667 -0.175755620 0.595154524
208.000000 -0.021835819 -0.013393186 1.154554129 -0.001701856 -0.788058281 -0.173577860 0.590620041
209.000000 -0.022624284 -0.012665056 1.153355241 -0.002755782 -0.791490495 -0.172430739 0.586347103
210.000000 -0.022334695 -0.015295386 1.154285431 -0.004441677 -0.795157552 -0.171575800 0.581606865
211.000000 -0.023414493 -0.014672793 1.152115464 -0.005702199 -0.798344016 -0.170082092 0.577655911
212.000000 -0.024348170 -0.013742767 1.150760055 -0.006554729 -0.801766276 -0.168383598 0.573388755
213.000000 -0.024839073 -0.013218433 1.149407387 -0.007405936 -0.804911554 -0.167026535 0.569354653
214.000000 -0.025841475 -0.014106788 1.149231076 -0.008450777 -0.807924867 -0.165643260 0.565462947
215.000000 -0.026484966 -0.014530167 1.146855712 -0.008690148 -0.810727119 -0.164077446 0.561893702
216.000000 -0.027468920 -0.016538456 1.146302342 -0.009286189 -0.813931823 -0.162408099 0.557720661
217.000000 -0.028001368 -0.015702225 1.143052101 -0.009003186 -0.816934586 -0.160564095 0.553855598
218.000000 -0.028345883 -0.016957983 1.141462922 -0.009308418 -0.819879949 -0.158643067 0.550038755
219.000000 -0.029208124 -0.018631905 1.138772964 -0.009053410 -0.822816849 -0.156938776 0.546132565
220.000000 -0.029853940 -0.019004107 1.138077378 -0.008236466 -0.825776041 -0.154833257 0.542266369
221.000000 -0.030707449 -0.020619638 1.135515571 -0.006990308 -0.828334689 -0.153315574 0.538801372
222.000000 -0.032081246 -0.021474384 1.132844090 -0.005590127 -0.830685198 -0.151360467 0.535743237
223.000000 -0.032199591 -0.021953128 1.130349994 -0.005114275 -0.832959116 -0.148896128 0.532900512
224.000000 -0.033927053 -0.023760036 1.128907323 -0.005465714 -0.835597336 -0.146565735 0.529401243
225.000000 -0.035669476 -0.024292320 1.126457095 -0.005070043 -0.838426471 -0.144055873 0.525607526
226.000000 -0.037240893 -0.025354974 1.123006940 -0.004839534 -0.841008008 -0.141999930 0.522032738
227.000000 -0.038120031 -0.026934274 1.120476842 -0.004464820 -0.843574047 -0.139348865 0.518598855
228.000000 -0.039893001 -0.026120216 1.117392421 -0.003888063 -0.845705330 -0.136579484 0.515861928
229.000000 -0.042157561 -0.027900070 1.113373756 -0.004248712 -0.847424150 -0.134897828 0.513475180
230.000000 -0.043759435 -0.027321629 1.109914064 -0.004123771 -0.849460840 -0.132533669 0.510719299
231.000000 -0.045535803 -0.030630536 1.107949853 -0.004162247 -0.851458907 -0.130191043 0.507986784
232.000000 -0.047534764 -0.031805858 1.106024742 -0.003142535 -0.853445351 -0.127492622 0.505338192
233.000000 -0.049997330 -0.032064863 1.101689458 -0.001687068 -0.855008721 -0.124782123 0.503375113
234.000000 -0.053222299 -0.032282442 1.098054647 -0.000358885 -0.856370330 -0.122492641 0.501622617
235.000000 -0.056048214 -0.034895644 1.094951630 -0.001097691 0.857568800 0.120742328 -0.499995768
236.000000 -0.057422638 -0.036646895 1.089875817 -0.002105390 0.858363867 0.118749790 -0.499104738
237.000000 -0.062900245 -0.041595519 1.083716512 -0.005203812 0.860474348 0.114937827 -0.496332675
238.000000 -0.066237926 -0.044116504 1.078744054 -0.006978838 0.861617565 0.112200096 -0.494952083
239.000000 -0.069629967 -0.047101542 1.074276209 -0.009354121 0.862941325 0.109342411 -0.493243396
240.000000 -0.074729204 -0.048497498 1.073910952 -0.011771489 0.864637971 0.105365947 -0.491081089
241.000000 -0.078282565 -0.051618665 1.070797205 -0.014062481 0.865957022 0.101640135 -0.489479244
242.000000 -0.081967592 -0.052433133 1.066496730 -0.016390337 0.866964400 0.097788274 -0.488407105
243.000000 -0.083679408 -0.054521762 1.061173320 -0.018598218 0.867683828 0.094153956 -0.487764210
244.000000 -0.087369204 -0.053950839 1.055741549 -0.019832073 0.868370593 0.090555638 -0.487174392
245.000000 -0.091355056 -0.058691189 1.052376151 -0.019375553 0.869295776 0.087986030 -0.486012310
246.000000 -0.092400998 -0.063259587 1.045644760 -0.020006932 0.870048463 0.085151784 -0.485143870
247.000000 -0.099299461 -0.063374855 1.042335033 -0.020390142 0.871403873 0.081146613 -0.483378470
248.000000 -0.104273021 -0.067272000 1.037641644 -0.021379359 0.872448325 0.077852502 -0.481991559
249.000000 -0.103817791 -0.068265676 1.025511265 -0.023050897 0.872745156 0.074649222 -0.481883794
250.000000 -0.107192546 -0.073557496 1.021092415 -0.023876281 0.873939991 0.071421169 -0.480164468
251.000000 -0.111001104 -0.075355917 1.015142918 -0.025540581 0.875297487 0.067528069 -0.478165239
252.000000 -0.114170104 -0.078917399 1.012106299 -0.027276620 0.876797020 0.064279132 -0.475763738
253.000000 -0.116540194 -0.077553466 1.004703045 -0.029719841 0.878049433 0.060417652 -0.473809659
254.000000 -0.119661987 -0.079662174 0.998256505 -0.032120757 0.879392087 0.056765821 -0.471609384
255.000000 -0.126518041 -0.080693066 0.994162083 -0.034328818 0.880999565 0.053159766 -0.468865961
256.000000 -0.126747131 -0.084882379 0.986824512 -0.036654692 0.882076740 0.050031975 -0.467005134
257.000000 -0.128839821 -0.090275526 0.982568383 -0.038529679 0.883298755 0.047982853 -0.464754134
258.000000 -0.129588097 -0.093832523 0.976237178 -0.039772078 0.884394228 0.046178754 -0.462744564
259.000000 -0.135368377 -0.095095433 0.971754670 -0.040699277 0.886105597 0.043187361 -0.459668636
260.000000 -0.135211289 -0.099582449 0.965131223 -0.042476129 0.887447357 0.040460173 -0.457160711
261.000000 -0.139101774 -0.101800561 0.961889267 -0.043946665 0.889064193 0.037941061 -0.454085946
262.000000 -0.140127659 -0.106380381 0.956083715 -0.044936769 0.890416622 0.036353797 -0.451461315
263.000000 -0.144599289 -0.107252471 0.950969994 -0.045847014 0.892276645 0.033985287 -0.447867572
264.000000 -0.150361985 -0.109006964 0.945318103 -0.047305997 0.894237280 0.031388137 -0.443978131
265.000000 -0.151517242 -0.105694987 0.939862192 -0.049547438 0.895588756 0.028867990 -0.441171676
266.000000 -0.154457390 -0.105437867 0.932958901 -0.050616413 0.896922410 0.027780678 -0.438402057
267.000000 -0.158632606 -0.107786909 0.928620696 -0.051482163 0.898673594 0.026550150 -0.434776276
268.000000 -0.161488026 -0.108337671 0.924781084 -0.053100936 0.900196552 0.024708441 -0.431527466
269.000000 -0.166809171 -0.112378657 0.917035818 -0.054502301 0.901421487 0.022881052 -0.428888321
270.000000 -0.170233876 -0.113271832 0.910610557 -0.055407040 0.902512789 0.021103842 -0.426562250
271.000000 -0.173521489 -0.114518248 0.905412853 -0.055472527 0.903886139 0.020054212 -0.423686832
272.000000 -0.174074650 -0.115927547 0.896409631 -0.055626146 0.905210376 0.018022252 -0.420921773
273.000000 -0.179794639 -0.115955591 0.894722819 -0.056340434 0.907150686 0.016155198 -0.416704148
274.000000 -0.179014802 -0.117070504 0.887152791 -0.056920361 0.908270538 0.015416717 -0.414206505
275.000000 -0.182932734 -0.116969481 0.881016612 -0.057321128 0.909739137 0.014579583 -0.410945892
276.000000 -0.183305472 -0.119245656 0.874005556 -0.057930656 0.910894215 0.013589568 -0.408327073
277.000000 -0.189461231 -0.117841646 0.871900737 -0.058920331 0.912396252 0.011676833 -0.404876739
278.000000 -0.191048175 -0.115978606 0.865765691 -0.059816577 0.913387239 0.010569017 -0.402534485
279.000000 -0.195060402 -0.116962157 0.861881256 -0.059987430 0.914560974 0.010183419 -0.399844974
280.000000 -0.196562916 -0.117481932 0.854985237 -0.060214367 0.915635943 0.009548278 -0.397358656
281.000000 -0.199630976 -0.121221535 0.848873138 -0.060294200 0.917064250 0.009567219 -0.394038439
282.000000 -0.201576978 -0.119932473 0.843487084 -0.060799655 0.918655097 0.008895048 -0.390252531
283.000000 -0.205750853 -0.120498396 0.838106990 -0.060276363 0.920464039 0.008954507 -0.386047333
284.000000 -0.208860308 -0.119548298 0.832867861 -0.059959356 0.922338128 0.008923803 -0.381598800
285.000000 -0.212019831 -0.120175242 0.826658487 -0.059852939 0.924175978 0.009432485 -0.377130449
286.000000 -0.214705497 -0.119033933 0.819792390 -0.058998022 0.925917685 0.009629949 -0.372965008
287.000000 -0.218979418 -0.119271576 0.814666748 -0.057397470 0.927924573 0.009702539 -0.368194729
288.000000 -0.226138502 -0.116416603 0.811047792 -0.055380173 0.930118680 0.009992559 -0.362922043
289.000000 -0.229396045 -0.113158867 0.803060591 -0.053602882 0.931758642 0.010049297 -0.358959049
290.000000 -0.233355999 -0.114621162 0.797125518 -0.051674947 0.933544457 0.009745712 -0.354583472
291.000000 -0.239066809 -0.110264115 0.792260885 -0.050568841 0.935368061 0.009486984 -0.349913299
292.000000 -0.243692577 -0.106211610 0.787157953 -0.049637467 0.936880648 0.010593655 -0.345945805
293.000000 -0.250660896 -0.107104406 0.779814959 -0.047510244 0.938401937 0.011390250 -0.342074245
294.000000 -0.257583678 -0.105887145 0.775821269 -0.046041477 0.939993322 0.010679200 -0.337903321
295.000000 -0.265520126 -0.105894759 0.771753550 -0.044995703 0.941610634 0.010652110 -0.333513528
296.000000 -0.273089230 -0.105619118 0.767242849 -0.044396631 0.943119466 0.010859224 -0.329297274
297.000000 -0.280988127 -0.100869849 0.762143135 -0.044428229 0.944554567 0.011259135 -0.325139940
298.000000 -0.286636949 -0.102672577 0.755508184 -0.043379664 0.945810199 0.013058017 -0.321544409
299.000000 -0.295835882 -0.103601977 0.751016915 -0.041794986 0.947337389 0.014287212 -0.317176431
300.000000 -0.304031909 -0.103785500 0.745349050 -0.040367506 0.948706985 0.015718430 -0.313174844
301.000000 -0.311948240 -0.104537740 0.740091980 -0.038248625 0.950088620 0.016790757 -0.309170991
302.000000 -0.320655823 -0.103663728 0.735437512 -0.037370112 0.951531708 0.017604943 -0.304763675
303.000000 -0.328504860 -0.104057766 0.730616212 -0.037020408 0.952878594 0.019071972 -0.300479770
304.000000 -0.336170614 -0.102819636 0.725013912 -0.037233792 0.954176426 0.020186827 -0.296232134
305.000000 -0.343266398 -0.104881153 0.719259679 -0.037407376 0.955524445 0.021343911 -0.291750163
306.000000 -0.353236854 -0.105825812 0.715377212 -0.037930280 0.957052648 0.021597238 -0.286609620
307.000000 -0.362714469 -0.103261255 0.712173223 -0.039057296 0.958412170 0.021913415 -0.281851828
308.000000 -0.369266152 -0.102128930 0.706840336 -0.039648604 0.959552646 0.023214977 -0.277754784
309.000000 -0.378728777 -0.102623656 0.701560616 -0.039738685 0.960798740 0.024680978 -0.273271769
310.000000 -0.387886584 -0.101042904 0.699072063 -0.039891433 0.962164760 0.024724698 -0.268395811
311.000000 -0.394078046 -0.098821886 0.693700314 -0.039696105 0.963382542 0.024801778 -0.264013499
312.000000 -0.403999925 -0.097074695 0.692099690 -0.038761452 0.964852810 0.025173817 -0.258694500
313.000000 -0.413301528 -0.097576171 0.688649535 -0.037415579 0.966361821 0.025794372 -0.253139317
314.000000 -0.419932514 -0.094055265 0.685722947 -0.036710937 0.967792571 0.026497182 -0.247644469
315.000000 -0.429019988 -0.092761442 0.682779789 -0.036458522 0.969160378 0.027860221 -0.242121398
316.000000 -0.435531676 -0.088639617 0.681075633 -0.036907118 0.970234692 0.028856786 -0.237591475
317.000000 -0.441948444 -0.085833639 0.677335322 -0.036666248 0.971094131 0.031010151 -0.233816609
318.000000 -0.448770881 -0.085806161 0.673614144 -0.035811983 0.971901536 0.032910191 -0.230308160
319.000000 -0.456319034 -0.083222896 0.670763612 -0.034841344 0.972786903 0.033219263 -0.226645559
320.000000 -0.461498499 -0.081056908 0.666369438 -0.033822089 0.973500788 0.033731204 -0.223639220
321.000000 -0.467497051 -0.075752854 0.661975980 -0.032957453 0.974141538 0.034595691 -0.220828310
322.000000 -0.472922146 -0.074537478 0.658697248 -0.031118140 0.974751651 0.035885517 -0.218181387
323.000000 -0.477305949 -0.076900192 0.654134333 -0.029881496 0.975406349 0.037542600 -0.215128019
324.000000 -0.482027233 -0.078666389 0.647918046 -0.028943509 0.976037562 0.039256547 -0.212065607
325.000000 -0.488280565 -0.066333905 0.645643353 -0.029588254 0.976827145 0.038901247 -0.208374590
326.000000 -0.493413091 -0.066085808 0.640337646 -0.028761582 0.977380991 0.040385339 -0.205592409
327.000000 -0.497790456 -0.061439753 0.635273933 -0.028414991 0.977773070 0.040912613 -0.203662768
328.000000 -0.503596246 -0.058726631 0.629796028 -0.027953235 0.978064835 0.042097826 -0.202078074
329.000000 -0.508773983 -0.055832125 0.625172555 -0.027177906 0.978308022 0.043165013 -0.200777531
330.000000 -0.513494074 -0.053766295 0.619140029 -0.026444731 0.978517771 0.044268169 -0.199609488
331.000000 -0.516396701 -0.052466411 0.611070335 -0.025810745 0.978622139 0.045788869 -0.198836148
332.000000 -0.520503521 -0.052010197 0.603286862 -0.025194144 0.978748858 0.047428884 -0.197905034
333.000000 -0.527508616 -0.051654059 0.595315397 -0.025189577 0.978932977 0.048695736 -0.196683630
334.000000 -0.531383932 -0.046556808 0.588612556 -0.025893530 0.978932977 0.049996883 -0.196265146
335.000000 -0.534786642 -0.045111701 0.580864429 -0.025982434 0.978744864 0.052971136 -0.196411327
336.000000 -0.539024949 -0.047631875 0.569626153 -0.025752258 0.978664994 0.055674888 -0.196091518
337.000000 -0.543261766 -0.046566591 0.562970579 -0.025763333 0.978781343 0.057342473 -0.195026025
338.000000 -0.546703458 -0.048729219 0.553512216 -0.025336556 0.978884161 0.059408788 -0.193944559
339.000000 -0.552437663 -0.047019009 0.544848263 -0.024983948 0.979206085 0.059726056 -0.192260325
340.000000 -0.557549715 -0.047359813 0.537384272 -0.024417439 0.979524970 0.059734546 -0.190699816
341.000000 -0.555823147 -0.043613866 0.527320981 -0.025252979 0.979572177 0.059502393 -0.190420717
342.000000 -0.562487483 -0.042858172 0.519532263 -0.025628308 0.979732931 0.060043387 -0.189370975
343.000000 -0.567934632 -0.043296047 0.510546744 -0.025336677 0.979813099 0.061569549 -0.188503325
344.000000 -0.572231233 -0.042057753 0.500717402 -0.024973476 0.979955196 0.062493954 -0.187506452
345.000000 -0.573730826 -0.042162985 0.490237236 -0.024952689 0.980033636 0.062975727 -0.186937019
346.000000 -0.576901674 -0.040022083 0.481533945 -0.024991378 0.980189145 0.062748522 -0.186191648
347.000000 -0.580664694 -0.038638465 0.473842740 -0.024809130 0.980269551 0.063124202 -0.185664907
348.000000 -0.583925068 -0.036098018 0.465119213 -0.024056386 0.980245531 0.063667461 -0.185705155
349.000000 -0.585470676 -0.035225537 0.453922093 -0.023280280 0.980124354 0.064924270 -0.186008364
350.000000 -0.591069698 -0.030543759 0.446327269 -0.022062594 0.980251372 0.065311633 -0.185350701
351.000000 -0.588420153 -0.032627147 0.435214639 -0.021097157 0.979954541 0.067516923 -0.186240420
352.000000 -0.589686871 -0.031598359 0.425852835 -0.020135678 0.979891241 0.068820097 -0.186202958
353.000000 -0.593602657 -0.031978369 0.417197555 -0.018995702 0.980058789 0.069634311 -0.185135216
354.000000 -0.595759928 -0.031292163 0.409328341 -0.018235382 0.980236590 0.069492862 -0.184321538
355.000000 -0.598433912 -0.029570494 0.401886344 -0.017613966 0.980491638 0.069255292 -0.183110982
356.000000 -0.600812495 -0.030074948 0.392084360 -0.016022846 0.980792046 0.069178618 -0.181671575
357.000000 -0.603990793 -0.029540269 0.385169268 -0.014946619 0.981298804 0.068154782 -0.179399580
358.000000 -0.605994523 -0.025204256 0.377081335 -0.014703751 0.981761396 0.066793270 -0.177389458
359.000000 -0.604942262 -0.022390937 0.370120674 -0.013940364 0.982002079 0.067478925 -0.175852820
360.000000 -0.607690752 -0.021383332 0.361478388 -0.012557579 0.982433438 0.069227584 -0.172841951
361.000000 -0.611494660 -0.017871667 0.353671849 -0.011804958 0.983111739 0.069461763 -0.168899536
362.000000 -0.612506628 -0.015640691 0.346765250 -0.011575857 0.983723640 0.070033595 -0.165072918
363.000000 -0.614105284 -0.013759302 0.339336991 -0.011505732 0.984325767 0.071083799 -0.160989136
364.000000 -0.615548074 -0.014746446 0.330325603 -0.011548398 0.984844983 0.071988046 -0.157368004
365.000000 -0.617581964 -0.014490487 0.322305739 -0.011911378 0.985472143 0.071079813 -0.153787240
366.000000 -0.618790686 -0.009523885 0.314565152 -0.012789129 0.986101151 0.070010595 -0.150131583
367.000000 -0.618821502 -0.007406427 0.307460010 -0.012874160 0.986638069 0.070966877 -0.146093190
368.000000 -0.620543361 -0.007119408 0.299519598 -0.012966720 0.987227499 0.072086304 -0.141482711
369.000000 -0.622316957 -0.007603759 0.291738510 -0.013095587 0.987867892 0.072630167 -0.136639804
370.000000 -0.625852346 -0.008101072 0.283011526 -0.012731169 0.988613486 0.072215676 -0.131400660
371.000000 -0.624818683 -0.008392041 0.273612827 -0.012635756 0.989313245 0.071096472 -0.126668438
372.000000 -0.628134906 -0.009132510 0.265475631 -0.011960577 0.990103543 0.069855951 -0.121128492
373.000000 -0.629450381 -0.008592621 0.256421417 -0.011703097 0.990832090 0.067661449 -0.116347589
374.000000 -0.630937696 -0.004216213 0.249349952 -0.011377770 0.991549492 0.065115124 -0.111625336
375.000000 -0.633039892 -0.002500663 0.243840113 -0.010497894 0.992093503 0.064300552 -0.107264675
376.000000 -0.635387540 -0.005668369 0.234268636 -0.009148899 0.992479265 0.064186186 -0.103833027
377.000000 -0.637014568 -0.002401140 0.225382328 -0.007952937 0.993022263 0.061579250 -0.100257307
378.000000 -0.639755547 0.002029158 0.217539802 -0.007793174 0.993534565 0.060137808 -0.095978200
379.000000 -0.641628802 0.001171377 0.207888395 -0.007456431 0.993928373 0.060388848 -0.091673456
380.000000 -0.643638849 0.001329362 0.200822800 -0.007365162 0.994325936 0.059897386 -0.087601200
381.000000 -0.644937336 0.003292844 0.191460758 -0.006308096 0.994627953 0.059355348 -0.084572032
382.000000 -0.650211036 0.003902404 0.183078364 -0.005132990 0.994975269 0.059239026 -0.080552034
383.000000 -0.653871536 0.002348527 0.175048620 -0.003651979 0.995296538 0.059051830 -0.076709695
384.000000 -0.658824086 0.002588522 0.166437522 -0.002522543 0.995628476 0.058241449 -0.072976030
385.000000 -0.660227716 0.003591399 0.156437978 -0.001769863 0.995897532 0.057484854 -0.069860779
386.000000 -0.665064454 0.001365888 0.148297265 -0.001095838 0.996161938 0.057363149 -0.066103071
387.000000 -0.669063687 0.000094029 0.141106904 -0.000735517 0.996458948 0.056312267 -0.062433552
388.000000 -0.672955155 -0.001860041 0.132032707 -0.000696258 0.996726871 0.055005565 -0.059240434
389.000000 -0.677155018 -0.001667076 0.125041515 -0.000816949 0.996962249 0.053593900 -0.056508765
390.000000 -0.684176564 -0.003942364 0.118128076 -0.000705613 0.997172415 0.052775893 -0.053491201
391.000000 -0.685988247 -0.005044377 0.107826993 -0.000891329 0.997354031 0.050881393 -0.051915627
392.000000 -0.690105379 -0.005505124 0.100597277 -0.000513400 0.997520030 0.049261697 -0.050267771
393.000000 -0.694174349 -0.006155862 0.092642196 0.000162896 0.997666538 0.047799274 -0.048750989
394.000000 -0.701523781 -0.008426474 0.084287226 0.001140734 0.997812033 0.046654645 -0.046831049
395.000000 -0.702892661 -0.010310321 0.074049592 0.001439774 0.997890830 0.045238413 -0.046532698
396.000000 -0.707836986 -0.013209352 0.067518242 0.001724793 0.998038292 0.043356393 -0.045131154
397.000000 -0.711527467 -0.010309060 0.059516326 0.001649953 0.998216748 0.040762585 -0.043577060
398.000000 -0.716268301 -0.010237345 0.053528674 0.001159794 0.998343289 0.039741483 -0.041592576
399.000000 -0.720356047 -0.014122513 0.044645406 0.000962846 0.998449564 0.039357960 -0.039350122
400.000000 -0.722710729 -0.013032163 0.037458219 0.000793867 0.998630762 0.037033848 -0.036938209
401.000000 -0.726357520 -0.014220249 0.028769121 0.000250899 0.998774171 0.035696182 -0.034290805
402.000000 -0.731076419 -0.016303284 0.020317482 0.000452994 0.998922527 0.033840749 -0.031755503
403.000000 -0.731144309 -0.016346984 0.012926621 0.000687983 0.999081969 0.030833740 -0.029733267
404.000000 -0.733890295 -0.015120164 0.008165088 -0.000062045 0.999251664 0.027778463 -0.026915342
405.000000 -0.735041618 -0.019091969 -0.001190566 -0.001471901 0.999336064 0.026396863 -0.025070017
406.000000 -0.740882695 -0.022789109 -0.006950278 -0.001954155 0.999441564 0.024281008 -0.022872970
407.000000 -0.741303504 -0.018330038 -0.013091192 -0.002226686 0.999542773 0.021217251 -0.021425296
408.000000 -0.744146407 -0.020475050 -0.020798251 -0.002202922 0.999596536 0.020601235 -0.019429306
409.000000 -0.746073186 -0.022393147 -0.026931789 -0.001761506 0.999655843 0.019558268 -0.017394179
410.000000 -0.743334174 -0.022999609 -0.034212351 -0.001429959 0.999719441 0.017229456 -0.016188987
411.000000 -0.748628616 -0.025708811 -0.041037560 -0.001379832 0.999783695 0.015231730 -0.014095966
412.000000 -0.749358356 -0.025218358 -0.047478478 -0.001407027 0.999824584 0.013489669 -0.012918103
413.000000 -0.747835338 -0.022527486 -0.053876806 -0.000993543 0.999857664 0.011875927 -0.011945924
414.000000 -0.749491692 -0.026700718 -0.064133435 0.000774171 0.999872506 0.011956389 -0.010553067
415.000000 -0.751967847 -0.027511612 -0.071264289 0.002353552 0.999900460 0.011044092 -0.008455219
416.000000 -0.754344165 -0.028754089 -0.079503253 0.004292644 0.999924541 0.009816086 -0.006002929
417.000000 -0.757439733 -0.030375300 -0.087662280 0.005118647 0.999950826 0.007885560 -0.003154544
418.000000 -0.756752849 -0.033167358 -0.095865883 0.005148719 0.999972582 0.005100375 -0.001534740
419.000000 -0.757053494 -0.031857342 -0.103611141 0.004711494 0.999987185 0.001837449 -0.000067589
420.000000 -0.758711755 -0.033940021 -0.113337822 0.004257534 0.999990284 0.000450458 0.001035538
421.000000 -0.757390201 -0.035127878 -0.121660560 0.003915939 0.999991119 -0.001065840 0.001106580
422.000000 -0.759565949 -0.033863675 -0.129765004 0.003459184 0.999988437 -0.003005790 0.001449890
423.000000 -0.760507584 -0.043071929 -0.140829250 0.003571915 0.999989033 -0.002965796 0.000651450
424.000000 -0.761028826 -0.043023560 -0.150652856 0.002762690 0.999978542 -0.005936862 -0.000204124
425.000000 -0.760494053 -0.043129671 -0.159619704 0.001181533 0.999968827 -0.007650512 -0.001568969
426.000000 -0.759628892 -0.041054308 -0.167949378 -0.000549592 0.999960124 -0.008298574 -0.003254838
427.000000 -0.753197789 -0.042552609 -0.178274617 -0.002133869 0.999944389 -0.008409146 -0.005996357
428.000000 -0.753354251 -0.042594973 -0.187936276 -0.003403621 0.999928296 -0.009024084 -0.007093596
429.000000 -0.755610466 -0.042157456 -0.197198078 -0.004331094 0.999917626 -0.009482053 -0.007489050
430.000000 -0.751201332 -0.043324169 -0.208632469 -0.004375154 0.999899924 -0.009779884 -0.009238664
431.000000 -0.751781404 -0.043194149 -0.216973558 -0.004003366 0.999884009 -0.011218032 -0.009490549
432.000000 -0.750651836 -0.042889114 -0.227981567 -0.003909016 0.999856830 -0.012895679 -0.010237106
433.000000 -0.751588821 -0.044806480 -0.238160014 -0.003636288 0.999840558 -0.013429950 -0.011194462
434.000000 -0.750704765 -0.047246814 -0.247944862 -0.002632082 0.999822080 -0.014324450 -0.011987179
435.000000 -0.748599470 -0.049172960 -0.259566098 -0.002303617 0.999783158 -0.016403791 -0.012618494
436.000000 -0.747251153 -0.049625508 -0.268534034 -0.003140062 0.999721825 -0.019228216 -0.013293721
437.000000 -0.742692888 -0.050220728 -0.278084368 -0.004689062 0.999660909 -0.020787589 -0.014963523
438.000000 -0.734935641 -0.051005896 -0.288895845 -0.006434365 0.999584973 -0.022520153 -0.016772982
439.000000 -0.731677651 -0.050526708 -0.295183748 -0.007557167 0.999506176 -0.024856340 -0.017675981
440.000000 -0.728597403 -0.049254954 -0.302191287 -0.008818327 0.999397933 -0.027552905 -0.019153174
441.000000 -0.730393171 -0.049002837 -0.311489850 -0.009175590 0.999316454 -0.029889792 -0.019723564
442.000000 -0.730164945 -0.046447389 -0.318575740 -0.009507505 0.999224842 -0.032014407 -0.020841535
443.000000 -0.727844596 -0.045409348 -0.326619774 -0.009453510 0.999149442 -0.033021301 -0.022818122
444.000000 -0.727271140 -0.046851177 -0.336087793 -0.009149960 0.999129057 -0.033000581 -0.023838932
445.000000 -0.732714117 -0.051366426 -0.349869132 -0.008955721 0.999188423 -0.031503100 -0.023447284
446.000000 -0.727527559 -0.047810327 -0.352733850 -0.009382597 0.999169111 -0.031503186 -0.024093542
447.000000 -0.732424796 -0.053235598 -0.366135389 -0.009068861 0.999197006 -0.030952996 -0.023770105
448.000000 -0.731705189 -0.049469650 -0.372954011 -0.009615256 0.999153793 -0.031978417 -0.024013439
449.000000 -0.732212067 -0.051476821 -0.389286637 -0.007999590 0.999163151 -0.031595383 -0.024711790
450.000000 -0.730429232 -0.049675107 -0.397260070 -0.007034946 0.999074638 -0.033855975 -0.025576096
451.000000 -0.730770171 -0.045101024 -0.403232962 -0.006471436 0.998979568 -0.036139194 -0.026303757
452.000000 -0.730606675 -0.041316029 -0.409827948 -0.005860243 0.998861074 -0.038479295 -0.027596692
453.000000 -0.736966014 -0.044335883 -0.420557857 -0.005620114 0.998832583 -0.039466314 -0.027281020
454.000000 -0.737815261 -0.047268853 -0.429493397 -0.004871903 0.998821139 -0.039241519 -0.028155027
455.000000 -0.736390829 -0.048945647 -0.437860250 -0.004252536 0.998767555 -0.039802179 -0.029344223
456.000000 -0.736127496 -0.044844706 -0.443447590 -0.004622475 0.998645663 -0.042193331 -0.030087151
457.000000 -0.736698985 -0.045884367 -0.449981004 -0.004347331 0.998559713 -0.044090543 -0.030258697
458.000000 -0.738448024 -0.046217095 -0.458213657 -0.004035186 0.998440981 -0.046827503 -0.030109465
459.000000 -0.741035104 -0.046716321 -0.468185484 -0.005095748 0.998345196 -0.049070299 -0.029546665
460.000000 -0.743165076 -0.046263132 -0.476443589 -0.005709660 0.998269737 -0.050654806 -0.029310504
461.000000 -0.744092226 -0.043272458 -0.484188765 -0.005872171 0.998094618 -0.053797644 -0.029639341
462.000000 -0.744546890 -0.043118276 -0.494037390 -0.006302196 0.997945309 -0.056109495 -0.030283896
463.000000 -0.748987138 -0.040283013 -0.501817703 -0.007774494 0.997825980 -0.058095783 -0.030127909
464.000000 -0.750652373 -0.042017639 -0.511302948 -0.008676862 0.997690618 -0.059496354 -0.031596288
465.000000 -0.754817963 -0.045363970 -0.520269215 -0.009292630 0.997644901 -0.059868313 -0.032156847
466.000000 -0.758092046 -0.046547554 -0.533298314 -0.010189374 0.997562110 -0.060449276 -0.033346064
467.000000 -0.764198661 -0.050936460 -0.544254243 -0.010033569 0.997526288 -0.060619980 -0.034145243
468.000000 -0.766988635 -0.052301910 -0.552866995 -0.009693479 0.997392654 -0.062193293 -0.035297167
469.000000 -0.772425294 -0.058917109 -0.564058125 -0.009695588 0.997358143 -0.062748842 -0.035289470
470.000000 -0.775234103 -0.058303144 -0.573321342 -0.010800842 0.997076809 -0.066344611 -0.036325604
471.000000 -0.778544784 -0.061367534 -0.582226694 -0.012287609 0.996614337 -0.072026268 -0.037697814
472.000000 -0.781567633 -0.060336363 -0.592299819 -0.013870857 0.996140182 -0.077034511 -0.039724283
473.000000 -0.786247730 -0.060621820 -0.600788951 -0.015154066 0.995891929 -0.079053521 -0.041474991
474.000000 -0.790198445 -0.064369857 -0.609939754 -0.015785901 0.995705962 -0.080373310 -0.043134831
475.000000 -0.792796910 -0.069282360 -0.618157089 -0.016403427 0.995399237 -0.083309598 -0.044392977
476.000000 -0.799923599 -0.076909490 -0.635849118 -0.017521294 0.995237291 -0.084907375 -0.044570949
477.000000 -0.804537773 -0.083036311 -0.644689739 -0.017673988 0.995152295 -0.085623838 -0.045034636
478.000000 -0.807738721 -0.085612915 -0.653125644 -0.017322768 0.995025098 -0.087216988 -0.044924941
479.000000 -0.809816599 -0.087732740 -0.661017060 -0.017066184 0.994887173 -0.089209303 -0.044158615
480.000000 -0.813005030 -0.089512393 -0.670102894 -0.017499065 0.994775116 -0.090842396 -0.043173164
481.000000 -0.817925513 -0.092216551 -0.679114044 -0.017845714 0.994699180 -0.092454262 -0.041318420
482.000000 -0.818866849 -0.089661360 -0.684600592 -0.017465120 0.994466245 -0.095438562 -0.040289976
483.000000 -0.821530938 -0.090969563 -0.691251397 -0.017781951 0.994373441 -0.096941426 -0.038827464
484.000000 -0.822699189 -0.091536373 -0.697979152 -0.018251624 0.994327366 -0.097713426 -0.037842628
485.000000 -0.818451464 -0.090187699 -0.701210618 -0.018315287 0.994247258 -0.098512925 -0.037843019
486.000000 -0.824172199 -0.095670998 -0.710666060 -0.017609915 0.994287014 -0.099220484 -0.035191599
487.000000 -0.825449347 -0.097475626 -0.717948020 -0.017018881 0.994236112 -0.100546159 -0.033096146
488.000000 -0.825385511 -0.095591195 -0.723678470 -0.016665250 0.994098544 -0.102630071 -0.030942820
489.000000 -0.825790524 -0.096222177 -0.726953268 -0.016947806 0.993997812 -0.104264908 -0.028459836
490.000000 -0.828422368 -0.096855402 -0.732005417 -0.015807852 0.994097888 -0.104439422 -0.024736946
491.000000 -0.828283489 -0.099928603 -0.740682185 -0.015366763 0.994156897 -0.104727671 -0.021168076
492.000000 -0.828348458 -0.099545486 -0.746937513 -0.015374605 0.994136751 -0.105691530 -0.016881881
493.000000 -0.827777803 -0.102878474 -0.753798068 -0.015053302 0.994160712 -0.106076881 -0.012865496
494.000000 -0.830956101 -0.100539312 -0.761193514 -0.014648348 0.994022846 -0.107881628 -0.008095522
495.000000 -0.835354865 -0.100801162 -0.769623041 -0.013555962 0.993906260 -0.109337397 -0.003449612
496.000000 -0.834360719 -0.097691298 -0.774878502 -0.012955567 0.993771970 -0.110676982 0.000175551
497.000000 -0.831597567 -0.091522828 -0.779335201 -0.012817707 0.993625462 -0.111965291 0.002813279
498.000000 -0.831036210 -0.092153929 -0.787170172 -0.012742983 0.993626177 -0.111862317 0.005606642
499.000000 -0.827053249 -0.092839524 -0.794302881 -0.012685605 0.993621469 -0.111818008 0.007223395
500.000000 -0.829186141 -0.084975988 -0.801332235 -0.012045384 0.993282080 -0.114634231 0.010230267
501.000000 -0.831363559 -0.081443779 -0.810825706 -0.011093673 0.992912829 -0.117575862 0.013300902
502.000000 -0.832028866 -0.087087020 -0.821271479 -0.011863166 0.992846131 -0.117677711 0.016364628
503.000000 -0.828829885 -0.087484062 -0.828071475 -0.011800070 0.992793918 -0.117798284 0.018563954
504.000000 -0.828128040 -0.090953976 -0.837729454 -0.011140258 0.992787659 -0.117404968 0.021555884
505.000000 -0.829334319 -0.093642607 -0.845945358 -0.009787425 0.992727518 -0.117305428 0.025212947
506.000000 -0.829964280 -0.088862516 -0.854470074 -0.008359978 0.992517710 -0.118367597 0.028771618
507.000000 -0.828642666 -0.087449417 -0.862876654 -0.007322434 0.992335737 -0.119042106 0.032329552
508.000000 -0.827338040 -0.086663395 -0.871254563 -0.006661250 0.992077351 -0.120244645 0.035769049
509.000000 -0.825766563 -0.087932646 -0.879407704 -0.005119851 0.991696596 -0.122213334 0.039692819
510.000000 -0.831755221 -0.091380484 -0.895221710 -0.004063076 0.991493344 -0.122247003 0.044498432
511.000000 -0.831831574 -0.093101814 -0.905195415 -0.003131987 0.991338134 -0.122350670 0.047636725
512.000000 -0.824067414 -0.098014146 -0.915643156 -0.001206353 0.991223752 -0.122842461 0.048824463
513.000000 -0.820455134 -0.096476465 -0.925945818 0.000312912 0.990988016 -0.123955995 0.050769653
514.000000 -0.816309929 -0.093969494 -0.935712397 0.001626835 0.990801573 -0.124863818 0.052139960
515.000000 -0.807760239 -0.090935796 -0.942209840 0.003788474 0.990614951 -0.126045123 0.052728780
516.000000 -0.800222695 -0.090709388 -0.949816465 0.005207137 0.990472198 -0.126759872 0.053569283
517.000000 -0.795319498 -0.093380317 -0.958018959 0.006529686 0.990290701 -0.127642289 0.054673083
518.000000 -0.782721400 -0.089961693 -0.957874298 0.008927521 0.990077615 -0.129127845 0.054704510
519.000000 -0.781655192 -0.086758435 -0.968819141 0.008266707 0.989760399 -0.131055325 0.055950698
520.000000 -0.777470410 -0.089773729 -0.976099491 0.009488626 0.989630938 -0.131389037 0.057248689
521.000000 -0.776966035 -0.095956013 -0.984240890 0.010872038 0.989446580 -0.131592125 0.059672073
522.000000 -0.773747385 -0.096987322 -0.992429197 0.011096599 0.989300728 -0.131752789 0.061661411
523.000000 -0.772211492 -0.096259594 -1.000285864 0.011541954 0.989199936 -0.131282628 0.064149208
524.000000 -0.769406319 -0.095935345 -1.007895470 0.012452336 0.989146292 -0.130327910 0.066702023
525.000000 -0.769736946 -0.098554909 -1.014933348 0.013173044 0.989097238 -0.128759548 0.070243284
526.000000 -0.764207006 -0.100281604 -1.016767859 0.015860192 0.989105880 -0.126638919 0.073352344
527.000000 -0.766389012 -0.100823633 -1.026756763 0.017630380 0.988955736 -0.124814354 0.077955939
528.000000 -0.761982203 -0.096149273 -1.032492161 0.020318689 0.988862336 -0.123239726 0.080934957
529.000000 -0.764956236 -0.096520543 -1.039916158 0.022015559 0.988717973 -0.121139266 0.085307501
530.000000 -0.762744188 -0.096831292 -1.045698166 0.023115568 0.988697767 -0.118708938 0.088603489
531.000000 -0.759600520 -0.090703197 -1.052402616 0.023985740 0.988726914 -0.116455875 0.091004610
532.000000 -0.758259475 -0.089760602 -1.056868911 0.024911897 0.988737226 -0.113751799 0.094013706
533.000000 -0.756762028 -0.089114770 -1.059607148 0.026561292 0.988572836 -0.112109318 0.097209498
534.000000 -0.746308029 -0.098347016 -1.054650187 0.028397150 0.988882244 -0.107771613 0.098441742
535.000000 -0.751529932 -0.083818376 -1.069277287 0.029859506 0.988224983 -0.109126396 0.103011124
536.000000 -0.765368819 -0.111644983 -1.059876919 0.029885028 0.988477111 -0.100997321 0.108717293
537.000000 -0.766777039 -0.088285334 -1.077167392 0.030309387 0.987807691 -0.103207909 0.112540454
538.000000 -0.767852426 -0.084159195 -1.083916783 0.030096006 0.987647414 -0.100469843 0.116415747
539.000000 -0.766635537 -0.079925947 -1.091913939 0.030153906 0.987450004 -0.098911852 0.119371876
540.000000 -0.759948730 -0.087081358 -1.088557720 0.030966466 0.987542033 -0.094713300 0.121783413
541.000000 -0.764344215 -0.074789345 -1.099984765 0.030918717 0.986917734 -0.094811402 0.126681328
542.000000 -0.764926076 -0.073803671 -1.100944877 0.031001909 0.986601889 -0.092283294 0.130917609
543.000000 -0.763988853 -0.074385434 -1.099873662 0.031547230 0.986172378 -0.089932702 0.135576054
544.000000 -0.756166220 -0.061433807 -1.105375528 0.033608053 0.985441446 -0.090994254 0.139626980
545.000000 -0.757335544 -0.079458073 -1.098295689 0.033290114 0.985248983 -0.083980300 0.145339325
546.000000 -0.758164525 -0.072019219 -1.102975368 0.032809958 0.984604895 -0.081061892 0.151346102
547.000000 -0.752571106 -0.066354081 -1.102657080 0.033018399 0.984053195 -0.078501791 0.156162128
548.000000 -0.761086345 -0.056139611 -1.112281084 0.035088848 0.983077765 -0.075967185 0.162959695
549.000000 -0.757898867 -0.046926118 -1.116348147 0.036121558 0.982446849 -0.074121706 0.167329997
550.000000 -0.759666741 -0.050071664 -1.115853190 0.036970384 0.981684983 -0.072008595 0.172460198
551.000000 -0.768607020 -0.040073223 -1.129058599 0.036644239 0.980499029 -0.072755054 0.178844929
552.000000 -0.771999836 -0.040243782 -1.128042579 0.038584843 0.979813457 -0.069438815 0.183453023
553.000000 -0.770368457 -0.037906878 -1.131155968 0.038553104 0.979171157 -0.067391388 0.187605545
554.000000 -0.768262684 -0.042184137 -1.133782625 0.037582353 0.978579223 -0.065216407 0.191617057
555.000000 -0.772236824 -0.041587248 -1.139030457 0.038168851 0.977514148 -0.064983718 0.196942404
556.000000 -0.769530892 -0.032469258 -1.140079260 0.039378539 0.976746261 -0.065161407 0.200424686
557.000000 -0.766012907 -0.033150546 -1.141382933 0.038696513 0.976212919 -0.063297480 0.203726128
558.000000 -0.772977829 -0.030058220 -1.148762465 0.037438851 0.975431621 -0.061772235 0.208124101
559.000000 -0.775313079 -0.021824919 -1.155651569 0.036239859 0.974807680 -0.062150937 0.211125493
560.000000 -0.775515735 -0.028787866 -1.154189110 0.035965554 0.974239230 -0.058910403 0.214694977
561.000000 -0.775469661 -0.030611392 -1.155292749 0.035550062 0.973704576 -0.056898519 0.217711076
562.000000 -0.778071821 -0.024138644 -1.162640691 0.035118308 0.972966969 -0.056525894 0.221148759
563.000000 -0.773012400 -0.021117724 -1.162243843 0.033811521 0.972588062 -0.055314183 0.223315090
564.000000 -0.780781150 -0.021666858 -1.165030956 0.033512104 0.971908033 -0.052667487 0.226931423
565.000000 -0.779634655 -0.020159207 -1.167661071 0.032744847 0.971288323 -0.051216684 0.230007708
566.000000 -0.780244827 -0.021692518 -1.165264845 0.032663763 0.970513046 -0.048679955 0.233811542
567.000000 -0.778151929 -0.016492072 -1.168001652 0.032309651 0.969915450 -0.047784451 0.236509427
568.000000 -0.779858708 0.000789054 -1.170685887 0.034213543 0.969221652 -0.047471885 0.239134356
569.000000 -0.788280964 -0.000259429 -1.177682638 0.033724762 0.968242705 -0.045349449 0.243540853
570.000000 -0.788675070 -0.009228081 -1.178841591 0.034556117 0.967443705 -0.041390955 0.247275934
571.000000 -0.795257747 -0.012879562 -1.183984995 0.034388855 0.966599047 -0.038657282 0.251016676
572.000000 -0.793106675 -0.008563679 -1.186735511 0.035406142 0.965332627 -0.037189540 0.255922556
573.000000 -0.794645011 -0.011037514 -1.192436457 0.036392868 0.964031041 -0.034490149 0.261017501
574.000000 -0.794564605 -0.006800149 -1.198729753 0.036876623 0.963032663 -0.032856118 0.264818281
575.000000 -0.787526309 0.005524404 -1.199400663 0.038752645 0.961913943 -0.031668324 0.268732041
576.000000 -0.786337078 0.008226398 -1.200390339 0.039813582 0.960783362 -0.028930767 0.272897810
577.000000 -0.791701317 0.004579622 -1.203691006 0.039085981 0.959625065 -0.025414769 0.277391583
578.000000 -0.783312023 0.013401672 -1.207479715 0.040057022 0.958667517 -0.024085429 0.280663311
579.000000 -0.784930825 0.014122196 -1.209419847 0.039629180 0.957456529 -0.021339439 0.285045773
580.000000 -0.782547593 0.024370726 -1.216884375 0.038429350 0.956199348 -0.020602548 0.289450347
581.000000 -0.781796217 0.024397820 -1.218866110 0.036892880 0.954919577 -0.018468266 0.293983787
582.000000 -0.780505776 0.022300560 -1.220067739 0.036052939 0.953780890 -0.015906136 0.297907948
583.000000 -0.785349011 0.034668542 -1.229569197 0.036675069 0.952077270 -0.014618819 0.303298533
584.000000 -0.783761024 0.034649048 -1.230513573 0.035476506 0.951042771 -0.011803345 0.306789488
585.000000 -0.782353699 0.033600599 -1.230970621 0.034620497 0.949892998 -0.008786755 0.310527861
586.000000 -0.780120969 0.032361370 -1.231621385 0.033940885 0.948701441 -0.006373930 0.314281702
587.000000 -0.779903710 0.033157110 -1.233360291 0.033325117 0.947394431 -0.003998680 0.318303764
588.000000 -0.780688047 0.032447193 -1.232003450 0.032913689 0.946163177 -0.001392838 0.322009236
589.000000 -0.779406011 0.040817074 -1.236305475 0.033418275 0.944769502 -0.000134598 0.326027304
590.000000 -0.781294942 0.044563003 -1.235432386 0.033328276 0.943548977 0.001702583 0.329547644
591.000000 -0.778106093 0.043379709 -1.234684944 0.032717232 0.942390203 0.004627053 0.332879633
592.000000 -0.779658675 0.046433296 -1.238553047 0.032624725 0.941071153 0.006656878 0.336565554
593.000000 -0.780416131 0.046905700 -1.240456104 0.032325029 0.939889252 0.008363532 0.339843094
594.000000 -0.779137969 0.048525166 -1.238774776 0.032270104 0.938908935 0.010427336 0.342490762
595.000000 -0.780558348 0.050093960 -1.238622189 0.032082576 0.937799513 0.012586588 0.345462471
596.000000 -0.781619310 0.045916609 -1.236589670 0.031778637 0.936837673 0.014779938 0.348004103
597.000000 -0.780814886 0.052821912 -1.240246415 0.032469347 0.935563564 0.015503759 0.351320595
598.000000 -0.780816436 0.057629786 -1.241101503 0.032669254 0.934273779 0.016318206 0.354681432
599.000000 -0.779817045 0.053325899 -1.236601114 0.031944860 0.933338284 0.018114710 0.357114762
600.000000 -0.778725624 0.052424494 -1.232116342 0.031700011 0.932377994 0.019743837 0.359550506
601.000000 -0.777928114 0.058348272 -1.233991861 0.032279223 0.930996716 0.021186631 0.362979800
602.000000 -0.779863596 0.059208132 -1.236331701 0.032476041 0.929451466 0.023962300 0.366730332
603.000000 -0.776089013 0.060975481 -1.233454347 0.032344047 0.928312898 0.025930038 0.369481564
604.000000 -0.780639291 0.059753165 -1.234558582 0.032022219 0.926620662 0.027526010 0.373618782
605.000000 -0.776880622 0.066984102 -1.239604235 0.032603092 0.924963474 0.027703477 0.377640188
606.000000 -0.777746558 0.061591469 -1.233830214 0.031650372 0.923950255 0.028898750 0.380104065
607.000000 -0.774810255 0.065887153 -1.233424783 0.031606272 0.922775447 0.029100293 0.382935554
608.000000 -0.777946889 0.070285805 -1.237843633 0.031534836 0.921211123 0.029874979 0.386630476
609.000000 -0.778151870 0.071674943 -1.241467834 0.031618077 0.919682205 0.031529624 0.390116423
610.000000 -0.774868488 0.069259018 -1.228960037 0.030618086 0.919090271 0.032699827 0.391492397
611.000000 -0.777622819 0.067225263 -1.235516071 0.030515969 0.917002916 0.034589373 0.396204531
612.000000 -0.774904430 0.064772174 -1.235045433 0.030515743 0.915638804 0.035396636 0.399276197
613.000000 -0.771881640 0.071902409 -1.238223672 0.032917272 0.913848162 0.034423456 0.403253108
614.000000 -0.773580670 0.074140109 -1.239448309 0.035158727 0.911494613 0.035179246 0.408293754
615.000000 -0.773812830 0.084267914 -1.243323445 0.036711760 0.908943534 0.036272265 0.413712710
616.000000 -0.770346284 0.080453940 -1.234277964 0.035427734 0.907786310 0.038095567 0.416194201
617.000000 -0.768880546 0.077542685 -1.233022928 0.035291094 0.906098127 0.040778775 0.419616282
618.000000 -0.767939687 0.079082593 -1.237955570 0.034380462 0.903917372 0.043441173 0.424104035
619.000000 -0.765615642 0.077714100 -1.240560055 0.033341464 0.901668787 0.045514278 0.428730816
620.000000 -0.764494836 0.076346636 -1.243852258 0.032939669 0.899360955 0.046418339 0.433486104
621.000000 -0.761091888 0.078583106 -1.246665001 0.032592159 0.897476971 0.046345219 0.437407076
622.000000 -0.760337293 0.076000810 -1.245361567 0.031839710 0.896022260 0.047133274 0.440350801
623.000000 -0.757170677 0.076776266 -1.239747167 0.030567769 0.894792974 0.047226489 0.442922920
624.000000 -0.754771829 0.081733488 -1.255299091 0.030835222 0.892192185 0.048225582 0.448013991
625.000000 -0.745707393 0.083374411 -1.249571085 0.030421941 0.891109288 0.047679681 0.450250357
626.000000 -0.742746174 0.082909353 -1.249290347 0.030776033 0.889150560 0.048104327 0.454037577
627.000000 -0.740623057 0.078038372 -1.249006629 0.030247808 0.887358248 0.049575027 0.457408726
628.000000 -0.733544409 0.081202224 -1.254763365 0.030655900 0.885373116 0.049182788 0.461254537
629.000000 -0.728662014 0.082777269 -1.253475070 0.030857433 0.883997381 0.047426429 0.464055181
630.000000 -0.724720955 0.081969216 -1.253136992 0.030474758 0.882485926 0.047097452 0.466981441
631.000000 -0.721120417 0.086776674 -1.257237434 0.029966520 0.880470395 0.046210155 0.470891237
632.000000 -0.717632413 0.074767299 -1.246925235 0.027910912 0.879418015 0.046657078 0.472935528
633.000000 -0.706325769 0.079489365 -1.240000606 0.029205827 0.878207326 0.045020524 0.475259990
634.000000 -0.701291144 0.085186571 -1.250124693 0.030194191 0.875385821 0.043717586 0.480496317
635.000000 -0.695139110 0.090065762 -1.259848356 0.031388417 0.872665465 0.042634785 0.485440046
636.000000 -0.695425928 0.086989895 -1.265777230 0.031784151 0.870027244 0.042277820 0.490158081
637.000000 -0.687610328 0.084386088 -1.256345749 0.031192936 0.868937373 0.041488320 0.492192596
638.000000 -0.680449009 0.089618713 -1.261058092 0.031974733 0.866913736 0.040807661 0.495754898
639.000000 -0.678650498 0.105585776 -1.249958515 0.031684499 0.866580546 0.037115585 0.496645391
640.000000 -0.669541895 0.103808030 -1.249344230 0.031621329 0.865046740 0.036600694 0.499354154
641.000000 -0.663308680 0.103400923 -1.248769403 0.031402353 0.863583386 0.035623733 0.501964629
642.000000 -0.654799402 0.102915056 -1.247837067 0.031212615 0.862295210 0.035194550 0.504216313
643.000000 -0.646185875 0.102456756 -1.245332956 0.031441674 0.861187041 0.034686889 0.506127656
644.000000 -0.638668239 0.107568264 -1.244964838 0.032131433 0.859887183 0.033846308 0.508346200
645.000000 -0.632337332 0.100297928 -1.244747758 0.031374551 0.858396411 0.035826202 0.510771632
646.000000 -0.623596251 0.104178265 -1.242197394 0.031861626 0.857472599 0.034954268 0.512351155
647.000000 -0.614382505 0.103653640 -1.235711336 0.032001555 0.856901169 0.034462914 0.513330698
648.000000 -0.607193649 0.105122365 -1.234940767 0.031516701 0.855734110 0.034260802 0.515317321
649.000000 -0.599586844 0.105863936 -1.236194730 0.030996276 0.854621708 0.034315042 0.517188072
650.000000 -0.590667903 0.103311032 -1.232988119 0.029924907 0.854145765 0.034313757 0.518036723
651.000000 -0.583000362 0.100755893 -1.230759501 0.028958615 0.853515625 0.034181580 0.519137859
652.000000 -0.575287044 0.102432944 -1.231163859 0.028661229 0.852843106 0.033779122 0.520284534
653.000000 -0.558896840 0.096118070 -1.225053072 0.027655030 0.853048146 0.034764942 0.519937932
654.000000 -0.552822173 0.102389440 -1.228364110 0.028301019 0.852426231 0.034003183 0.520972490
655.000000 -0.543102026 0.098449193 -1.222229719 0.027465858 0.852823973 0.034572072 0.520328343
656.000000 -0.533742547 0.098925643 -1.218426466 0.027514867 0.853041887 0.034551796 0.519969821
657.000000 -0.524801612 0.100371301 -1.216537476 0.027899319 0.852654815 0.034693018 0.520574450
658.000000 -0.516915917 0.099603646 -1.216353178 0.027920596 0.852067232 0.035019442 0.521512687
659.000000 -0.508685708 0.102070868 -1.214527488 0.028555928 0.851686656 0.034989316 0.522101641
660.000000 -0.502635539 0.103702486 -1.214576840 0.028908435 0.851232946 0.035311423 0.522799909
661.000000 -0.492731273 0.100720592 -1.209086895 0.028203400 0.851481676 0.036353175 0.522361875
662.000000 -0.483003616 0.103929594 -1.207744122 0.028025571 0.851588786 0.036238633 0.522204816
663.000000 -0.476071090 0.106838271 -1.205242276 0.027040437 0.852152586 0.036644280 0.521307945
664.000000 -0.468013465 0.112257399 -1.203049064 0.026180571 0.852669835 0.037574254 0.520439088
665.000000 -0.462180585 0.110939212 -1.201707602 0.024265088 0.852743983 0.039746068 0.520249069
666.000000 -0.453542233 0.112383068 -1.200951576 0.022843808 0.852635086 0.041334298 0.520368099
667.000000 -0.446198791 0.116700791 -1.201063991 0.021641094 0.852324247 0.042197857 0.520859301
668.000000 -0.439280272 0.119627640 -1.203062415 0.019617138 0.851916850 0.043238278 0.521520138
669.000000 -0.429253638 0.114868887 -1.195352554 0.015930910 0.852691531 0.045548487 0.520181477
670.000000 -0.421034753 0.116691709 -1.198663116 0.013541479 0.852624893 0.046315610 0.520290673
671.000000 -0.417570531 0.122975901 -1.204708576 0.012197341 0.852004290 0.046439551 0.521328449
672.000000 -0.406418800 0.124405876 -1.200660110 0.010085144 0.852450609 0.048390567 0.520465672
673.000000 -0.399539828 0.124449968 -1.205390811 0.008813026 0.851808131 0.050451886 0.521344244
674.000000 -0.391194642 0.122466803 -1.206661940 0.008615247 0.851395488 0.051876914 0.521881342
675.000000 -0.380859494 0.126825109 -1.202693701 0.008371124 0.851648629 0.052059565 0.521453917
676.000000 -0.373910427 0.127817467 -1.209163785 0.007685303 0.850749731 0.053428974 0.522791743
677.000000 -0.365557969 0.127058566 -1.207473278 0.006658568 0.850599706 0.054267857 0.522963405
678.000000 -0.358029157 0.127256826 -1.212587833 0.007090970 0.849183321 0.056098226 0.525062144
679.000000 -0.349505901 0.127308428 -1.219491005 0.007891236 0.847564042 0.057407171 0.527520001
680.000000 -0.341834992 0.131118730 -1.226423264 0.009822520 0.845601022 0.057367988 0.530632854
681.000000 -0.333428025 0.131441250 -1.230016589 0.011013894 0.843791366 0.057807725 0.533435106
682.000000 -0.323901474 0.132129118 -1.233604908 0.012388966 0.842270553 0.058531247 0.535724640
683.000000 -0.317438960 0.134685799 -1.244273424 0.014333852 0.840415776 0.058672640 0.538565993
684.000000 -0.306094557 0.138400614 -1.242735147 0.015275261 0.840601265 0.058889870 0.538226843
685.000000 -0.296690762 0.145549685 -1.250579119 0.014807548 0.840207994 0.059752751 0.538758636
686.000000 -0.287841558 0.143900558 -1.254315853 0.013015082 0.840525270 0.061778136 0.538081110
687.000000 -0.277770907 0.141661003 -1.258763552 0.012127277 0.840976715 0.064147465 0.537118495
688.000000 -0.267573982 0.142521068 -1.264605522 0.011021424 0.841475844 0.066063829 0.536127269
689.000000 -0.257917613 0.142220378 -1.274038315 0.009998040 0.841504931 0.068000875 0.535859466
690.000000 -0.250008553 0.141881213 -1.287454724 0.009753104 0.840942562 0.068165921 0.536724985
691.000000 -0.240283936 0.144927666 -1.294988036 0.009252015 0.841455281 0.066220090 0.536173820
692.000000 -0.230591834 0.148769647 -1.302554607 0.008938618 0.841848791 0.065120839 0.535695791
693.000000 -0.219504178 0.150544852 -1.305157423 0.007052841 0.843041182 0.064588562 0.533910096
694.000000 -0.211949974 0.152815208 -1.316088557 0.006553228 0.842786193 0.065268502 0.534236312
695.000000 -0.202676147 0.154068574 -1.321639776 0.005651174 0.842793941 0.066383384 0.534097016
696.000000 -0.184919327 0.152886391 -1.337325811 0.004496245 0.842854500 0.067524828 0.533869386
697.000000 -0.175635844 0.150452524 -1.336006045 0.004407445 0.844251633 0.068548046 0.531526804
698.000000 -0.160931528 0.155407876 -1.349690557 0.003343556 0.845107436 0.071074195 0.529840291
699.000000 -0.153022170 0.154976472 -1.354184628 0.002875328 0.845557988 0.072457962 0.528936028
700.000000 -0.147259921 0.157841340 -1.357992411 0.002471876 0.845837235 0.073869154 0.528295875
701.000000 -0.140091926 0.159744591 -1.357324004 0.001083028 0.846547246 0.076003261 0.526858509
702.000000 -0.130871207 0.163655490 -1.367037535 0.000887973 0.846250713 0.078617103 0.526951790
703.000000 -0.123505235 0.161480993 -1.369181991 0.000819488 0.846796691 0.081502497 0.525634706
704.000000 -0.117235720 0.168433666 -1.378559113 0.001523813 0.846827269 0.082734540 0.525391459
705.000000 -0.112968296 0.167480350 -1.382185221 0.000210071 0.847326934 0.085584402 0.524129987
706.000000 -0.105169803 0.163670987 -1.385773301 -0.001274205 0.847588599 0.088105917 0.523286939
707.000000 -0.097928345 0.165283009 -1.391735315 -0.001331556 0.847842991 0.088149019 0.522867262
708.000000 -0.093608707 0.169472486 -1.399262190 -0.000891158 0.847703934 0.087991200 0.523120284
709.000000 -0.083128989 0.163526714 -1.390192270 -0.002830324 0.849771440 0.090121128 0.519382954
710.000000 -0.072337270 0.167569101 -1.396865726 -0.002629888 0.850328684 0.090482816 0.518408179
711.000000 -0.064213157 0.158719614 -1.388664722 -0.003193951 0.852386057 0.092889436 0.514586568
712.000000 -0.060324550 0.168050408 -1.398332000 -0.003920666 0.852675617 0.092299230 0.514207959
713.000000 -0.053632915 0.159976959 -1.397727847 -0.006543742 0.853893578 0.095206223 0.511623621
714.000000 -0.044302821 0.156293988 -1.395609856 -0.008372409 0.855745554 0.095792510 0.508382916
715.000000 -0.036006391 0.162489906 -1.404307365 -0.007268085 0.856702685 0.094105437 0.507101476
716.000000 -0.024757862 0.157627836 -1.398636580 -0.008134299 0.859507620 0.093927227 0.502352536
717.000000 -0.018118680 0.158767015 -1.400043130 -0.007512601 0.861161709 0.093873858 0.499531478
718.000000 -0.008458614 0.162373185 -1.400296211 -0.007383720 0.863002658 0.093443468 0.496427387
719.000000 0.005724072 0.164025128 -1.396803856 -0.007425430 0.865191340 0.094669335 0.492368281
720.000000 0.019456327 0.155668259 -1.390967965 -0.008303846 0.867650092 0.097508028 0.487449020
721.000000 0.024496615 0.159443125 -1.394288301 -0.007350083 0.869044363 0.096694514 0.485137135
722.000000 0.031530440 0.153849691 -1.392197967 -0.007288995 0.870727062 0.098163769 0.481814414
723.000000 0.053495407 0.149092197 -1.376755953 -0.007631371 0.874367714 0.098866627 0.475024402
724.000000 0.067616522 0.150030494 -1.368788958 -0.007507611 0.876867592 0.098894462 0.470389962
725.000000 0.066862047 0.158027321 -1.383638382 -0.007416532 0.876352608 0.098578177 0.471416414
726.000000 0.080161512 0.160076499 -1.381784916 -0.007170210 0.878102362 0.099477470 0.467962593
727.000000 0.093557298 0.146847665 -1.370673180 -0.008058105 0.880614579 0.101922326 0.462671518
728.000000 0.108482897 0.149180993 -1.360120773 -0.006356480 0.883542120 0.101724878 0.457126796
729.000000 0.120047867 0.147394985 -1.357266903 -0.005041997 0.885194778 0.104496166 0.453304917
730.000000 0.129625261 0.148907751 -1.360980034 -0.003402731 0.886388004 0.106588997 0.450492501
731.000000 0.145348370 0.139538020 -1.348280191 -0.004151988 0.889580190 0.109046258 0.443552375
732.000000 0.154121995 0.143945307 -1.341300726 -0.003402449 0.892205775 0.108920373 0.438284874
733.000000 0.167850256 0.138973951 -1.336968660 -0.002972087 0.894563019 0.110764422 0.432988942
734.000000 0.180302918 0.141822338 -1.330210328 -0.002236901 0.897199452 0.110534146 0.427563220
735.000000 0.188375175 0.143570229 -1.329280615 -0.001973926 0.898882508 0.110896498 0.423920095
736.000000 0.190218091 0.148368180 -1.336249352 -0.001630151 0.899604976 0.111532837 0.422218770
737.000000 0.205776513 0.142638326 -1.327224255 -0.002222927 0.902402043 0.113326281 0.415719628
738.000000 0.214253604 0.155051470 -1.327612877 -0.001311106 0.904413998 0.111074932 0.411941707
739.000000 0.208352983 0.153540105 -1.324329734 -0.001912402 0.905461192 0.113419764 0.408989429
740.000000 0.216577828 0.153348476 -1.318169594 -0.003690596 0.907359004 0.115787528 0.404078275
741.000000 0.225572348 0.153154194 -1.316654444 -0.005201625 0.908923149 0.117424890 0.400053740
742.000000 0.231558025 0.151349932 -1.314362049 -0.007111482 0.910282433 0.118923701 0.396475017
743.000000 0.236693323 0.153160661 -1.311743259 -0.008928254 0.911469281 0.119469017 0.393536806
744.000000 0.244086862 0.150830552 -1.309063554 -0.010386554 0.912628651 0.120465234 0.390498638
745.000000 0.249390423 0.148290873 -1.308768272 -0.010994642 0.913253903 0.119761497 0.389234662
746.000000 0.253868341 0.151751339 -1.306341767 -0.010417296 0.913902223 0.118100390 0.388235182
747.000000 0.265586019 0.148914158 -1.300040722 -0.013656157 0.915050685 0.120943807 0.384536445
748.000000 0.271778196 0.147650644 -1.298156977 -0.014455434 0.915823460 0.121029161 0.382636130
749.000000 0.276220381 0.148642793 -1.297051191 -0.014682414 0.916450143 0.120441169 0.381310254
750.000000 0.282731593 0.146247923 -1.293905497 -0.014983690 0.917299092 0.120412439 0.379260778
751.000000 0.288956046 0.143268183 -1.291836500 -0.014713659 0.918241680 0.119686119 0.377214730
752.000000 0.294679135 0.144230410 -1.288726330 -0.013084922 0.919624209 0.118624344 0.374230415
753.000000 0.300227016 0.143104181 -1.287991643 -0.012022573 0.920822382 0.118939921 0.371207386
754.000000 0.304882675 0.144447744 -1.286214113 -0.010831114 0.922384977 0.118184060 0.367588311
755.000000 0.309924066 0.147995517 -1.282726169 -0.009699312 0.924110532 0.117963627 0.363332123
756.000000 0.314999074 0.149723113 -1.279895306 -0.010148070 0.925639033 0.119929098 0.358756810
757.000000 0.317507327 0.150347710 -1.282507181 -0.011115359 0.926740825 0.123215966 0.354747444
758.000000 0.327075541 0.147504568 -1.277251244 -0.012484181 0.928889990 0.126298562 0.347931355
759.000000 0.332165539 0.148137629 -1.275420070 -0.012299385 0.930453956 0.128475934 0.342925787
760.000000 0.339855909 0.149492130 -1.272895098 -0.011566643 0.932062149 0.131035641 0.337573707
761.000000 0.344884694 0.150585383 -1.271859884 -0.010400565 0.933404446 0.133970991 0.332715809
762.000000 0.353778481 0.147521630 -1.268046021 -0.009503427 0.935259461 0.137137875 0.326178730
763.000000 0.358641148 0.151425511 -1.269547462 -0.007156553 0.936564267 0.139361456 0.321519166
764.000000 0.366659731 0.148872972 -1.265073657 -0.006765539 0.938274086 0.143080235 0.314839691
765.000000 0.373470902 0.148452252 -1.265244722 -0.006552920 0.939767241 0.145822808 0.309079766
766.000000 0.380673051 0.146322176 -1.265438557 -0.005428963 0.941246390 0.147859231 0.303584218
767.000000 0.387518048 0.147514701 -1.264148712 -0.004268530 0.942737401 0.149010539 0.298368573
768.000000 0.390916228 0.150420040 -1.268679261 -0.002797706 0.943433583 0.150258005 0.295546651
769.000000 0.399129570 0.145896241 -1.266610026 -0.001090921 0.944501460 0.151709199 0.291376323
770.000000 0.403293848 0.149906471 -1.267818093 0.001960308 0.945063949 0.151554018 0.289623469
771.000000 0.408312768 0.150848061 -1.268426657 0.004511131 0.945201516 0.153577283 0.288076043
772.000000 0.414977163 0.148206487 -1.269340873 0.006377398 0.945036769 0.155469537 0.287565827
773.000000 0.422428966 0.147950843 -1.267317772 0.007669457 0.945262253 0.155762687 0.286632985
774.000000 0.428056926 0.146182775 -1.268216848 0.007448058 0.945135057 0.156157196 0.286843538
775.000000 0.432853192 0.145310342 -1.268453598 0.006675952 0.945015728 0.155062661 0.287847787
776.000000 0.434504718 0.149608925 -1.271174431 0.005520213 0.944685698 0.153272599 0.289906740
777.000000 0.439120471 0.145699084 -1.274137974 0.003140587 0.944384933 0.152933076 0.291099191
778.000000 0.443627656 0.142567143 -1.277648449 0.001797919 0.944150031 0.150420904 0.293174088
779.000000 0.447492123 0.142202452 -1.277825356 0.000553072 0.944139659 0.145859346 0.295508057
780.000000 0.449874908 0.141182408 -1.279949903 -0.001081919 0.943700075 0.141707793 0.298911214
781.000000 0.454325140 0.139879078 -1.278837919 -0.003771369 0.943582237 0.137240633 0.301335961
782.000000 0.454249293 0.141426951 -1.284061193 -0.004777014 0.943123341 0.133085907 0.304604143
783.000000 0.454113811 0.142649949 -1.287436724 -0.005073382 0.942746878 0.130061209 0.307061374
784.000000 0.458796561 0.142057493 -1.283890128 -0.005282227 0.942802012 0.128562570 0.307519376
785.000000 0.461698145 0.137574643 -1.285751581 -0.005851488 0.942355216 0.128856242 0.308753252
786.000000 0.464936018 0.137672856 -1.286704421 -0.005232436 0.942135096 0.126676381 0.310333967
787.000000 0.467862010 0.134553462 -1.286378503 -0.004529539 0.942108691 0.124937989 0.311128914
788.000000 0.473521590 0.129763752 -1.285794377 -0.004836179 0.942386210 0.122954033 0.311074197
789.000000 0.476787388 0.128829688 -1.286415696 -0.003670253 0.942767918 0.118592300 0.311626583
790.000000 0.476168334 0.130379900 -1.290054679 -0.001526695 0.942805409 0.113992728 0.313243181
791.000000 0.480860740 0.125803873 -1.288009286 -0.000675564 0.943123281 0.111705191 0.313113451
792.000000 0.482185543 0.125973642 -1.289292336 0.000663247 0.942889392 0.108417943 0.314967692
793.000000 0.484907091 0.124977320 -1.290988684 0.002078514 0.942580044 0.104472570 0.317212999
794.000000 0.485881686 0.123653084 -1.290090442 0.003343990 0.942447484 0.100122176 0.318993866
795.000000 0.490173370 0.116362810 -1.288331985 0.003354040 0.942401230 0.096812233 0.320150107
796.000000 0.493449837 0.112687007 -1.285888791 0.003923733 0.942351282 0.090392269 0.322161347
797.000000 0.500024915 0.108651802 -1.284406900 0.003956554 0.942300737 0.083815321 0.324081331
798.000000 0.498502016 0.108906046 -1.283509016 0.003521523 0.941939712 0.077813961 0.326622397
799.000000 0.517962933 0.103255734 -1.277324319 0.003669787 0.942500710 0.075232290 0.325605720
800.000000 0.525168657 0.102159210 -1.274813771 0.004190291 0.941938937 0.073103644 0.327703059
801.000000 0.526881337 0.102873996 -1.274887562 0.004906289 0.940765083 0.070716247 0.331566304
802.000000 0.530727863 0.101163536 -1.272558928 0.005601380 0.939735055 0.069089279 0.334803343
803.000000 0.534521878 0.099300839 -1.270175457 0.006229777 0.938538909 0.067704171 0.338411063
804.000000 0.533418775 0.101239927 -1.272814631 0.007356224 0.936888099 0.065235920 0.343410641
805.000000 0.531118155 0.101970062 -1.273385882 0.008055042 0.935141265 0.063480169 0.348448306
806.000000 0.541441560 0.096931979 -1.266197681 0.007218258 0.934717417 0.063446932 0.349607885
807.000000 0.548241079 0.093224458 -1.261671305 0.005871981 0.933945715 0.063155130 0.351741910
808.000000 0.546744704 0.096388064 -1.262576103 0.005899286 0.932366908 0.061305381 0.356228650
809.000000 0.545663357 0.097458601 -1.262412190 0.005711996 0.930633664 0.059943624 0.360964179
810.000000 0.550232112 0.096097715 -1.259304285 0.004767914 0.929287553 0.059721313 0.364465833
811.000000 0.548536241 0.099456854 -1.259703159 0.004649399 0.927015245 0.059419088 0.370257378
812.000000 0.544000924 0.105261095 -1.261205435 0.004205159 0.924574971 0.058440343 0.376468062
813.000000 0.555415630 0.099726409 -1.254781127 0.003184313 0.923543930 0.060852069 0.378620565
814.000000 0.564772725 0.097027957 -1.248237371 0.002116278 0.922337174 0.063272126 0.381164432
815.000000 0.561104417 0.094967611 -1.247646451 0.000788482 0.919920146 0.065428987 0.386607498
816.000000 0.557799637 0.104868308 -1.249839544 0.001598576 0.917319775 0.065249905 0.392764986
817.000000 0.563893139 0.096682042 -1.242803812 -0.000507974 0.915987372 0.068846896 0.395255625
818.000000 0.565289378 0.097856790 -1.239927530 -0.000916971 0.914036453 0.070389763 0.399477005
819.000000 0.567615032 0.099262781 -1.237955570 -0.001409059 0.912026167 0.072285011 0.403709203
820.000000 0.568178535 0.101352617 -1.237526774 -0.002189702 0.909955323 0.073984526 0.408047557
821.000000 0.568938017 0.101292223 -1.232643723 -0.002832328 0.908263385 0.076270573 0.411378652
822.000000 0.575316370 0.102233872 -1.225831032 -0.003396484 0.907047689 0.079045743 0.413527220
823.000000 0.573415041 0.099620447 -1.225435734 -0.004520521 0.904681265 0.082760461 0.417949945
824.000000 0.576910377 0.099250481 -1.219241261 -0.006321398 0.903540969 0.085794903 0.419777334
825.000000 0.569043279 0.105238244 -1.225301981 -0.006961889 0.900479019 0.087473787 0.425954670
826.000000 0.572693110 0.106043279 -1.217385292 -0.008994149 0.899702132 0.089429475 0.427150488
827.000000 0.572243989 0.104560599 -1.213856220 -0.011058811 0.898364604 0.092593268 0.429237902
828.000000 0.571512461 0.102545708 -1.213612437 -0.013036422 0.896626055 0.095732868 0.432119131
829.000000 0.569005370 0.103093877 -1.210926652 -0.014240330 0.895278215 0.097215436 0.434538096
830.000000 0.565282464 0.102066830 -1.208372593 -0.016760843 0.892302096 0.099429689 0.440033823
831.000000 0.564514995 0.105079472 -1.204762697 -0.017160373 0.891346335 0.099109277 0.442023277
832.000000 0.560229838 0.105092399 -1.201868653 -0.018473376 0.889583826 0.099863745 0.445338815
833.000000 0.560243666 0.103782550 -1.200054169 -0.019423768 0.887734771 0.100806870 0.448762357
834.000000 0.561636090 0.103404507 -1.194011211 -0.020024562 0.886323810 0.100873083 0.451501578
835.000000 0.559640765 0.102081046 -1.190894365 -0.020753810 0.884195924 0.101412430 0.455502272
836.000000 0.552848160 0.108932897 -1.190097809 -0.021604782 0.881799757 0.100563221 0.460271001
837.000000 0.544996738 0.106283218 -1.194076777 -0.023792589 0.878808439 0.101772554 0.465587795
838.000000 0.545193672 0.104617611 -1.188224554 -0.026609922 0.877855182 0.102205843 0.467136204
839.000000 0.540763855 0.109309852 -1.187066793 -0.027894406 0.876223207 0.101971865 0.470166504
840.000000 0.538352430 0.109707147 -1.180929780 -0.030892136 0.875031054 0.103556477 0.471849978
841.000000 0.535793841 0.108629137 -1.179738283 -0.034062725 0.873008311 0.106379397 0.474741697
842.000000 0.529369295 0.112633854 -1.178094745 -0.036140200 0.870613039 0.107250892 0.478773504
843.000000 0.527832568 0.109576866 -1.175699234 -0.038337521 0.867590427 0.109177947 0.483629256
844.000000 0.524935722 0.107387036 -1.173285961 -0.040630233 0.865134478 0.111319505 0.487339169
845.000000 0.514273882 0.106640190 -1.172066212 -0.042020760 0.862116575 0.112613261 0.492247373
846.000000 0.513202250 0.105050966 -1.169171810 -0.042754620 0.859669268 0.113677874 0.496203721
847.000000 0.512790680 0.110843137 -1.171992302 -0.042618267 0.856394172 0.112316802 0.502152920
848.000000 0.510866046 0.106105447 -1.167623281 -0.043024346 0.853626668 0.112879783 0.506683886
849.000000 0.508223414 0.104226559 -1.163706899 -0.042533845 0.850350618 0.112436973 0.512301326
850.000000 0.505326986 0.108398229 -1.162397981 -0.041364003 0.846504807 0.110546313 0.519132078
851.000000 0.500118136 0.107223600 -1.164941788 -0.042398971 0.842069268 0.109465890 0.526439726
852.000000 0.497625977 0.111060753 -1.163760185 -0.043033905 0.838425636 0.107660368 0.532540798
853.000000 0.495151073 0.108335078 -1.159020066 -0.044997979 0.835143685 0.107482590 0.537547827
854.000000 0.490348130 0.113367490 -1.156092286 -0.045880642 0.831494451 0.106425785 0.543309748
855.000000 0.485045969 0.116325438 -1.152007222 -0.047820479 0.827901065 0.107484810 0.548397601
856.000000 0.480847925 0.115021706 -1.151459694 -0.050983090 0.824369967 0.109004579 0.553112030
857.000000 0.477071881 0.112667784 -1.146749854 -0.052045457 0.821398973 0.110501260 0.557121575
858.000000 0.478101432 0.121469364 -1.137054682 -0.050836872 0.819478571 0.110069633 0.560138524
859.000000 0.472759753 0.114454515 -1.133084297 -0.052636441 0.816275179 0.112012677 0.564249396
860.000000 0.468785942 0.119611263 -1.127848864 -0.051670652 0.813839078 0.110689156 0.568105519
861.000000 0.460885823 0.115363054 -1.126331449 -0.052300625 0.810920954 0.111246087 0.572098076
862.000000 0.455249369 0.115817979 -1.122195840 -0.052131120 0.808805346 0.110781252 0.575190187
863.000000 0.448334217 0.110814109 -1.117825389 -0.052264951 0.806535900 0.110788248 0.578354657
864.000000 0.445065916 0.115840599 -1.109746933 -0.050088920 0.805239797 0.108794391 0.580726922
865.000000 0.445439100 0.113941252 -1.094839215 -0.050200097 0.804504633 0.108982146 0.581700265
866.000000 0.435031682 0.118006714 -1.093809962 -0.048916709 0.801404357 0.108185217 0.586220145
867.000000 0.429618478 0.113055564 -1.086343527 -0.049138650 0.799965501 0.107506827 0.588288069
868.000000 0.421304286 0.108235225 -1.079107761 -0.048665285 0.798326075 0.106592208 0.590715885
869.000000 0.412113428 0.107846737 -1.072715402 -0.047323793 0.796779633 0.103970945 0.593373954
870.000000 0.404313684 0.108156390 -1.063488364 -0.046047434 0.795688689 0.101860538 0.595301270
871.000000 0.393682003 0.106542975 -1.056474090 -0.046078168 0.793732882 0.102230363 0.597841024
872.000000 0.385924220 0.119256973 -1.049920797 -0.044419806 0.792710483 0.099974625 0.599701643
873.000000 0.377818376 0.115258336 -1.042279243 -0.042698883 0.791906238 0.099222682 0.601012588
874.000000 0.363589913 0.116390988 -1.040501237 -0.039543144 0.790354788 0.096364498 0.603729665
875.000000 0.354865968 0.112362772 -1.030999422 -0.038155213 0.790260971 0.094655134 0.604211986
876.000000 0.347154379 0.099810340 -1.023877621 -0.039171390 0.789792955 0.094565347 0.604772747
877.000000 0.336631954 0.107455209 -1.018517375 -0.036669105 0.788896024 0.090627871 0.606700122
878.000000 0.329592347 0.103690222 -1.008300900 -0.037443824 0.788329720 0.089381255 0.607573211
879.000000 0.319676161 0.100528106 -1.001497865 -0.037121434 0.787025571 0.086587369 0.609684646
880.000000 0.309478283 0.099660680 -0.994894445 -0.036008243 0.785681129 0.083025038 0.611976624
881.000000 0.300037771 0.100634985 -0.988856316 -0.035472929 0.784120917 0.080736920 0.614310622
882.000000 0.289427400 0.098587103 -0.981340289 -0.036446743 0.782345891 0.079697929 0.616647899
883.000000 0.281571716 0.093397498 -0.974510789 -0.037309431 0.780437410 0.079127789 0.619083405
884.000000 0.273801386 0.092454106 -0.965575814 -0.037263889 0.778881967 0.077741764 0.621216893
885.000000 0.264338046 0.094005361 -0.959453881 -0.037021574 0.776805162 0.076509692 0.623978674
886.000000 0.255671233 0.092149399 -0.953094125 -0.037533775 0.774546206 0.076194607 0.626788378
887.000000 0.243628353 0.092138916 -0.953324795 -0.037512474 0.770767331 0.076003350 0.631453931
888.000000 0.237297118 0.089019418 -0.944764733 -0.037725359 0.767843246 0.076959662 0.634878457
889.000000 0.231261715 0.085470177 -0.937973976 -0.037328508 0.764176548 0.077551469 0.639239073
890.000000 0.224218279 0.084434412 -0.930658579 -0.036230620 0.760129571 0.077094495 0.644163609
891.000000 0.220861197 0.078559145 -0.919394553 -0.035309352 0.756445050 0.077755623 0.648458302
892.000000 0.212650895 0.078264117 -0.917355537 -0.033297352 0.751188934 0.076963276 0.654738963
893.000000 0.203782916 0.073686168 -0.911770701 -0.031382680 0.746301532 0.076863803 0.660409808
894.000000 0.196848214 0.071474195 -0.907126725 -0.030225055 0.741917968 0.076143317 0.665467083
895.000000 0.189632684 0.068676189 -0.902023196 -0.029447405 0.737734914 0.075843886 0.670169890
896.000000 0.182928324 0.071716703 -0.901185036 -0.028838703 0.733234107 0.074172541 0.675303221
897.000000 0.174915090 0.064440481 -0.899208188 -0.028896198 0.728369594 0.074532308 0.680505455
898.000000 0.167855591 0.066721238 -0.894979358 -0.026765615 0.723708212 0.072906584 0.685721993
899.000000 0.161066413 0.068625420 -0.893009722 -0.024727246 0.718629718 0.072489180 0.691162229
900.000000 0.153908342 0.064856276 -0.892984688 -0.025135050 0.713817775 0.073771827 0.695981383
901.000000 0.147532359 0.065270565 -0.891632140 -0.024769872 0.709475994 0.073266789 0.700472891
902.000000 0.140553921 0.067952193 -0.888795614 -0.024307242 0.705576301 0.072318964 0.704514861
903.000000 0.131647751 0.062020164 -0.890612841 -0.025867539 0.701306403 0.072768152 0.708664238
904.000000 0.120630488 0.077594832 -0.874440491 -0.022591090 0.700135946 0.069298044 0.710279524
905.000000 0.113275513 0.079164818 -0.874229789 -0.022495408 0.696019292 0.067355774 0.714502811
906.000000 0.105235226 0.078360170 -0.875356555 -0.022613928 0.691875577 0.066392146 0.718602061
907.000000 0.098835066 0.078422219 -0.878519833 -0.023059366 0.687378407 0.065771654 0.722947598
908.000000 0.090593904 0.078601360 -0.878658295 -0.023652844 0.683612883 0.065403625 0.726523459
909.000000 0.082602136 0.079880871 -0.877406418 -0.023193559 0.680684030 0.064739004 0.729342282
910.000000 0.073656566 0.081087902 -0.876669884 -0.022602763 0.677888513 0.063994914 0.732025266
911.000000 0.067179963 0.079100519 -0.881370604 -0.022998897 0.673952699 0.064091921 0.735629678
912.000000 0.058648854 0.078232318 -0.880058467 -0.023027884 0.671268940 0.063340753 0.738143384
913.000000 0.055555493 0.073426887 -0.888553262 -0.023798315 0.666694939 0.062822856 0.742296934
914.000000 0.049407005 0.073240511 -0.892672718 -0.023760099 0.663173914 0.061591107 0.745548368
915.000000 0.041678540 0.076503433 -0.888022304 -0.022481609 0.661128998 0.060784567 0.747467875
916.000000 0.034784928 0.075192206 -0.893538475 -0.022999553 0.657318771 0.061018217 0.750786126
917.000000 0.029196769 0.071069621 -0.892873168 -0.023975326 0.654803276 0.062082291 0.752863646
918.000000 0.019223057 0.078738123 -0.884377837 -0.022165680 0.654004097 0.060652260 0.753729820
919.000000 0.011730559 0.080420934 -0.883645654 -0.021110876 0.651893258 0.059873350 0.755648553
920.000000 -0.000381164 0.089651056 -0.867594540 -0.017907517 0.652762711 0.058387369 0.755096734
921.000000 -0.004989147 0.088650793 -0.866911650 -0.016404016 0.650982440 0.057545505 0.756730676
922.000000 -0.009464070 0.084954023 -0.867050409 -0.014423471 0.649181545 0.057305750 0.758334637
923.000000 -0.011822164 0.084638178 -0.871328890 -0.012401852 0.646917641 0.056025747 0.760397851
924.000000 -0.016282737 0.087705411 -0.873913050 -0.010745351 0.645293593 0.054687895 0.761898875
925.000000 -0.021310031 0.088275351 -0.865127742 -0.009962308 0.645407557 0.054219607 0.761846483
926.000000 -0.025448725 0.083129615 -0.869651914 -0.010230275 0.642936289 0.054181255 0.763932407
927.000000 -0.029977083 0.082944676 -0.863883138 -0.008745191 0.642283201 0.052724846 0.764601767
928.000000 -0.033244044 0.084839612 -0.862458825 -0.006825714 0.640935600 0.050469521 0.765903294
929.000000 -0.034529686 0.082288004 -0.866640151 -0.006005140 0.638747454 0.049052086 0.767827749
930.000000 -0.037953034 0.084292829 -0.860491753 -0.004691777 0.639017701 0.046841104 0.767750144
931.000000 -0.041445494 0.083785631 -0.856594622 -0.003530875 0.639323950 0.045740120 0.767567754
932.000000 -0.043626770 0.080851302 -0.856990933 -0.002735425 0.639053583 0.044828665 0.767849803
933.000000 -0.045993909 0.079124354 -0.853264093 -0.001008112 0.639400959 0.043595877 0.767635822
934.000000 -0.045538485 0.079653829 -0.857249796 0.001267957 0.638780177 0.041370083 0.768275201
935.000000 -0.047798753 0.078177370 -0.856758177 0.002751649 0.639062524 0.040022057 0.768107891
936.000000 -0.050728783 0.082343578 -0.848029077 0.004767553 0.640652180 0.038323086 0.766859412
937.000000 -0.048139289 0.079306670 -0.857542396 0.005310161 0.638937950 0.037899163 0.768305779
938.000000 -0.048755512 0.077929072 -0.857199192 0.005883803 0.639230549 0.037396595 0.768082738
939.000000 -0.048513100 0.076576084 -0.856641650 0.006347470 0.639858842 0.037012823 0.767574370
940.000000 -0.050516382 0.078737803 -0.852068841 0.007384738 0.641506553 0.035223458 0.766272902
941.000000 -0.050106063 0.076553687 -0.855020463 0.008268989 0.641806901 0.034357354 0.766051650
942.000000 -0.050343961 0.075773790 -0.853727102 0.009522137 0.642794311 0.032949332 0.765270591
943.000000 -0.051904157 0.078759141 -0.850432396 0.011403062 0.643954515 0.031134218 0.764344990
944.000000 -0.049262092 0.072752520 -0.854704142 0.011968127 0.643696547 0.030833932 0.764565706
945.000000 -0.048652291 0.069711290 -0.860241711 0.012375390 0.643242836 0.029587174 0.764990270
946.000000 -0.051326513 0.076344416 -0.849925041 0.014573843 0.645770550 0.027260922 0.762905538
947.000000 -0.048567414 0.072954483 -0.862513483 0.015179581 0.644394934 0.026602061 0.764079213
948.000000 -0.048844084 0.072292261 -0.858210981 0.016455708 0.646021247 0.025339929 0.762721181
949.000000 -0.049368352 0.071987748 -0.854849160 0.017576812 0.647143245 0.024539949 0.761770606
950.000000 -0.049014613 0.071835101 -0.855064809 0.018348748 0.647375405 0.023702044 0.761581659
951.000000 -0.046254143 0.067652643 -0.859710634 0.019118890 0.646826446 0.023278290 0.762042046
952.000000 -0.046114296 0.067515604 -0.860004663 0.019875618 0.647274852 0.022357672 0.761669457
953.000000 -0.045735300 0.068636112 -0.859986246 0.020696416 0.647743404 0.021692105 0.761268377
954.000000 -0.044660792 0.066426426 -0.860643566 0.021749556 0.647865117 0.021817083 0.761131942
955.000000 -0.045041293 0.067788333 -0.859709859 0.022742016 0.648632050 0.020927288 0.760474443
956.000000 -0.044192627 0.067109235 -0.859130800 0.023598736 0.649155617 0.020968234 0.760000288
957.000000 -0.042371944 0.066418767 -0.861051917 0.024638010 0.649283290 0.021407600 0.759845972
958.000000 -0.041973859 0.066196226 -0.861027002 0.025697280 0.649691164 0.021735929 0.759452879
959.000000 -0.041671708 0.066552125 -0.861113727 0.026435256 0.650116444 0.022144295 0.759051681
960.000000 -0.040458903 0.065911330 -0.861659884 0.026977392 0.650421143 0.022547921 0.758759618
961.000000 -0.040236428 0.066028178 -0.861641169 0.028028022 0.650952756 0.022875767 0.758255601
962.000000 -0.040871486 0.066692598 -0.860566616 0.029311651 0.651760280 0.023436811 0.757495940
963.000000 -0.039688662 0.065634981 -0.860450149 0.030036973 0.652371824 0.023643410 0.756934464
964.000000 -0.037182435 0.063506857 -0.864016354 0.030575860 0.652524471 0.023824530 0.756775618
965.000000 -0.039197452 0.067663178 -0.856436729 0.032024141 0.654726148 0.022869997 0.754841089
