11197.1 0.000000 0.000000 0.000000 0.000000 0.000000 0.000000 1.000000
11197.122977 -0.006406 0.001836 -0.003698 0.000084 0.001899 0.000739 0.999998
11197.159840 -0.011100 0.002906 -0.006570 -0.001562 0.004910 0.002184 0.999984
11197.196703 -0.013952 0.001275 -0.008350 -0.006413 0.008158 0.002493 0.999943
11197.233567 -0.017581 0.001714 -0.010197 -0.011647 0.012557 0.005383 0.999839
11197.270430 -0.020861 0.007084 -0.013030 -0.015249 0.015792 0.004669 0.999748
11197.307293 -0.019949 0.004638 -0.013962 -0.019919 0.017270 0.007825 0.999622
11197.344157 -0.021179 0.005232 -0.014755 -0.020209 0.018317 0.010220 0.999576
11197.381020 -0.025064 0.010573 -0.016867 -0.018156 0.018758 0.009781 0.999611
11197.417883 -0.025146 0.011909 -0.017542 -0.018687 0.017482 0.009809 0.999624
11197.454747 -0.027605 0.017841 -0.019279 -0.019342 0.015603 0.007518 0.999663
11197.491610 -0.033046 0.023661 -0.020183 -0.021807 0.014379 0.004205 0.999650
11197.528474 -0.034824 0.030691 -0.021654 -0.027147 0.011962 0.000228 0.999560
11197.565337 -0.037242 0.037857 -0.022626 -0.034577 0.010860 -0.002970 0.999339
11197.602200 -0.039358 0.043564 -0.023589 -0.043950 0.011359 -0.005006 0.998957
11197.639064 -0.042615 0.054317 -0.025416 -0.051243 0.013384 -0.007070 0.998571
11197.675927 -0.042990 0.061238 -0.026527 -0.058575 0.015018 -0.007512 0.998142
11197.712790 -0.045557 0.068476 -0.027556 -0.064776 0.017450 -0.006857 0.997724
11197.749654 -0.047985 0.078507 -0.029863 -0.070541 0.019780 -0.008262 0.997279
11197.786517 -0.047223 0.086531 -0.032152 -0.075387 0.021459 -0.009482 0.996878
11197.823380 -0.048193 0.096939 -0.035344 -0.077803 0.024617 -0.008861 0.996625
11197.860244 -0.049930 0.106361 -0.038587 -0.081038 0.028548 -0.007093 0.996277
11197.897107 -0.050806 0.115724 -0.041389 -0.083417 0.032359 -0.005872 0.995972
11197.933971 -0.053166 0.124642 -0.044031 -0.086904 0.037486 -0.004270 0.995502
11197.970834 -0.055689 0.136779 -0.046975 -0.092619 0.042984 -0.005902 0.994756
11198.007697 -0.057652 0.145348 -0.048969 -0.102437 0.049887 -0.006118 0.993469
11198.044561 -0.062663 0.156167 -0.050426 -0.112847 0.059559 -0.005408 0.991811
11198.081424 -0.062706 0.166650 -0.051652 -0.122700 0.069006 -0.000302 0.990042
11198.118287 -0.063584 0.179131 -0.052409 -0.131803 0.079482 0.006858 0.988060
11198.155151 -0.065177 0.191683 -0.052354 -0.141465 0.089788 0.014909 0.985750
11198.192014 -0.066272 0.203238 -0.050944 -0.152438 0.099229 0.025117 0.982998
11198.228878 -0.066579 0.217846 -0.048949 -0.163655 0.106320 0.035571 0.980126
11198.265741 -0.065464 0.234812 -0.045452 -0.175575 0.111918 0.046131 0.976995
11198.302604 -0.065819 0.247358 -0.038875 -0.188910 0.118367 0.059435 0.973021
11198.339468 -0.064172 0.260135 -0.029868 -0.202975 0.121914 0.071429 0.968936
11198.376331 -0.061924 0.272949 -0.018724 -0.219008 0.121727 0.079341 0.964843
11198.413194 -0.059210 0.286462 -0.006893 -0.235749 0.119226 0.085825 0.960647
11198.450058 -0.058654 0.300713 0.004996 -0.253004 0.116487 0.091707 0.956038
11198.486921 -0.054693 0.312361 0.018208 -0.267066 0.112202 0.097139 0.952182
11198.523784 -0.050984 0.325261 0.031550 -0.277022 0.108107 0.102080 0.949290
11198.560648 -0.047802 0.337573 0.043311 -0.288827 0.104941 0.106370 0.945649
11198.597511 -0.043416 0.349067 0.055066 -0.300503 0.103199 0.109701 0.941814
11198.634375 -0.042319 0.361142 0.066142 -0.311345 0.104852 0.112073 0.937822
11198.671238 -0.040244 0.371302 0.076482 -0.324016 0.106497 0.111908 0.933353
11198.708101 -0.040662 0.382946 0.085769 -0.335550 0.110254 0.110670 0.928979
11198.744965 -0.039456 0.393513 0.094145 -0.346644 0.114694 0.107255 0.924759
11198.781828 -0.042171 0.405091 0.101754 -0.356530 0.122418 0.104631 0.920300
11198.818691 -0.042852 0.414591 0.109043 -0.367618 0.129050 0.100971 0.915428
11198.855555 -0.043729 0.424047 0.115456 -0.378338 0.135194 0.097120 0.910577
11198.892418 -0.045081 0.433162 0.121289 -0.387580 0.141311 0.093820 0.906097
11198.929281 -0.046572 0.442269 0.126337 -0.395947 0.146805 0.092112 0.901770
11198.966145 -0.043603 0.450222 0.129734 -0.404176 0.147808 0.090469 0.898114
11199.003008 -0.044108 0.457536 0.133459 -0.410954 0.149205 0.091519 0.894695
11199.039872 -0.046605 0.463961 0.136033 -0.416866 0.149387 0.093435 0.891727
11199.076735 -0.050997 0.469112 0.139307 -0.420380 0.150205 0.096290 0.889633
11199.113598 -0.058272 0.472317 0.141840 -0.422007 0.152353 0.099745 0.888116
11199.150462 -0.062249 0.473799 0.143450 -0.422005 0.153531 0.101553 0.887709
11199.187325 -0.066144 0.472813 0.144435 -0.420945 0.154832 0.101957 0.887940
11199.224189 -0.070537 0.469737 0.144395 -0.418904 0.157129 0.101466 0.888557
11199.261052 -0.080488 0.465780 0.143570 -0.414735 0.162882 0.100842 0.889548
11199.297915 -0.093407 0.460409 0.141710 -0.409507 0.170670 0.100555 0.890542
11199.334779 -0.105727 0.453230 0.137995 -0.404178 0.177213 0.099343 0.891833
11199.371642 -0.119433 0.444216 0.133873 -0.397192 0.182010 0.097531 0.894203
11199.408505 -0.134456 0.433304 0.129090 -0.387122 0.185422 0.095432 0.898136
11199.445369 -0.157518 0.421850 0.125044 -0.373923 0.191999 0.094094 0.902477
11199.482232 -0.172482 0.407936 0.118374 -0.361213 0.194475 0.092141 0.907312
11199.519095 -0.190883 0.393745 0.112293 -0.346977 0.198639 0.091521 0.912016
11199.555959 -0.206188 0.378029 0.106217 -0.331621 0.199647 0.090207 0.917622
11199.592822 -0.220518 0.360896 0.101564 -0.314910 0.198747 0.088505 0.923850
11199.629686 -0.236050 0.344965 0.098488 -0.296839 0.197881 0.086178 0.930216
11199.666549 -0.249148 0.328858 0.095671 -0.280384 0.196611 0.083596 0.935810
11199.703412 -0.261518 0.311374 0.093794 -0.267034 0.197502 0.082107 0.939651
11199.740276 -0.274695 0.297981 0.092414 -0.253717 0.200509 0.080732 0.942818
11199.777139 -0.283661 0.283338 0.091004 -0.240071 0.202580 0.078710 0.946114
11199.814003 -0.294913 0.272635 0.090959 -0.223062 0.206494 0.075693 0.949671
11199.850866 -0.306212 0.261112 0.092647 -0.206075 0.210869 0.071335 0.952879
11199.887729 -0.316463 0.249800 0.093783 -0.190815 0.215328 0.067355 0.955346
11199.924592 -0.325781 0.237451 0.095102 -0.176975 0.219290 0.064803 0.957284
11199.961456 -0.334942 0.228301 0.096583 -0.161778 0.222435 0.062079 0.959425
11199.998319 -0.345523 0.218662 0.098198 -0.145903 0.224855 0.058102 0.961653
11200.035183 -0.354247 0.209792 0.099773 -0.128053 0.225694 0.054727 0.964194
11200.072046 -0.363569 0.200081 0.100959 -0.111002 0.225411 0.048823 0.966687
11200.108909 -0.372491 0.189697 0.102232 -0.094696 0.224925 0.044372 0.968748
11200.145773 -0.382571 0.179376 0.104372 -0.077951 0.225330 0.041602 0.970268
11200.182636 -0.391960 0.166489 0.106998 -0.062865 0.225373 0.039087 0.971456
11200.219500 -0.402551 0.154875 0.110306 -0.047168 0.226394 0.035997 0.972227
11200.256363 -0.410930 0.139586 0.113036 -0.032464 0.226481 0.032591 0.972929
11200.293226 -0.421395 0.127630 0.115176 -0.016498 0.227545 0.027613 0.973236
11200.330090 -0.430138 0.114806 0.116403 0.000031 0.228593 0.023943 0.973228
11200.366953 -0.442054 0.101256 0.118615 0.015497 0.232033 0.020457 0.972369
11200.403816 -0.454207 0.090160 0.119427 0.028642 0.236490 0.017475 0.971055
11200.440680 -0.465616 0.082728 0.118637 0.041308 0.240461 0.011736 0.969708
11200.477543 -0.477528 0.069189 0.120444 0.053136 0.244712 0.006764 0.968115
11200.514407 -0.490734 0.061368 0.121344 0.065903 0.249416 -0.000416 0.966151
11200.551270 -0.503121 0.054598 0.121583 0.075082 0.254134 -0.010079 0.964198
11200.588133 -0.515442 0.042882 0.124269 0.080795 0.260123 -0.016591 0.962046
11200.624997 -0.531194 0.039764 0.127467 0.083680 0.269032 -0.024991 0.959164
11200.661860 -0.545233 0.038126 0.130464 0.081304 0.279531 -0.028954 0.956250
11200.698724 -0.556721 0.043412 0.132438 0.078832 0.290825 -0.032049 0.952984
11200.735587 -0.566169 0.045279 0.134952 0.072449 0.302571 -0.033025 0.949795
11200.772450 -0.578061 0.050155 0.139402 0.066961 0.316707 -0.033356 0.945569
11200.809314 -0.588709 0.061006 0.142192 0.065825 0.330172 -0.032147 0.941074
11200.846177 -0.601245 0.065057 0.147068 0.063216 0.343652 -0.031609 0.936434
11200.883040 -0.616380 0.070815 0.152171 0.062312 0.357715 -0.029547 0.931281
11200.919904 -0.629203 0.078658 0.153974 0.062352 0.369110 -0.027804 0.926875
11200.956767 -0.645050 0.082453 0.158673 0.061635 0.380755 -0.024881 0.922284
11200.993630 -0.662633 0.085618 0.165190 0.060493 0.393201 -0.018609 0.917272
11201.030494 -0.677529 0.092866 0.169449 0.059095 0.404832 -0.006699 0.912455
11201.067357 -0.689333 0.098304 0.173601 0.054895 0.414564 0.005439 0.908346
11201.104221 -0.700569 0.104638 0.178254 0.050256 0.422643 0.015635 0.904767
11201.141084 -0.709610 0.108759 0.183902 0.043979 0.427987 0.022336 0.902438
11201.177947 -0.717659 0.114674 0.189778 0.037876 0.431898 0.027600 0.900704
11201.214811 -0.725172 0.120392 0.196314 0.030150 0.435634 0.032812 0.899020
11201.251674 -0.731473 0.128030 0.203893 0.023910 0.438936 0.037014 0.897437
11201.288538 -0.737659 0.134081 0.213484 0.018100 0.442921 0.041340 0.895424
11201.325401 -0.742188 0.141749 0.223196 0.010749 0.446637 0.046597 0.893436
11201.362264 -0.745749 0.150532 0.234030 0.001650 0.450561 0.051932 0.891232
11201.399127 -0.748061 0.160904 0.245752 -0.007747 0.455027 0.056763 0.888633
11201.435991 -0.749846 0.170027 0.259573 -0.019746 0.461128 0.060872 0.885023
11201.472854 -0.749172 0.180807 0.272483 -0.034960 0.467976 0.066089 0.880573
11201.509718 -0.748830 0.193503 0.287030 -0.051930 0.476592 0.072227 0.874613
11201.546581 -0.747241 0.206447 0.301975 -0.069425 0.485176 0.078765 0.868090
11201.583444 -0.745579 0.221051 0.318143 -0.086580 0.493773 0.084035 0.861179
11201.620308 -0.742818 0.234245 0.333615 -0.105017 0.500648 0.089208 0.854614
11201.657171 -0.739686 0.249257 0.348582 -0.124451 0.506673 0.094283 0.847883
11201.694035 -0.736933 0.263833 0.364137 -0.143026 0.512894 0.099959 0.840531
11201.730898 -0.733617 0.276745 0.379317 -0.159984 0.518903 0.108618 0.832674
11201.767761 -0.730364 0.292084 0.393770 -0.175799 0.523063 0.117939 0.825585
11201.804625 -0.729299 0.307038 0.409560 -0.192279 0.524990 0.127045 0.819313
11201.841488 -0.725601 0.321801 0.421867 -0.203861 0.523342 0.136123 0.816103
11201.878351 -0.723968 0.337776 0.435097 -0.211004 0.521474 0.146928 0.813606
11201.915215 -0.722994 0.350832 0.447947 -0.219032 0.518196 0.160120 0.811086
11201.952078 -0.722057 0.364559 0.458512 -0.228061 0.513601 0.174437 0.808563
11201.988941 -0.721141 0.376679 0.468746 -0.235930 0.510328 0.189048 0.805086
11202.025805 -0.719673 0.388444 0.477465 -0.244018 0.508508 0.202863 0.800451
11202.062668 -0.719859 0.399880 0.486338 -0.252049 0.509052 0.215901 0.794182
11202.099532 -0.721610 0.411613 0.494170 -0.259603 0.511590 0.227573 0.786824
11202.136395 -0.725230 0.421961 0.502382 -0.267116 0.515677 0.236788 0.778883
11202.173258 -0.729914 0.432756 0.510633 -0.273122 0.520896 0.242702 0.771471
11202.210122 -0.736880 0.442149 0.519701 -0.279163 0.526941 0.246675 0.763906
11202.246985 -0.743314 0.450750 0.525218 -0.287038 0.531745 0.249713 0.756637
11202.283848 -0.750152 0.457928 0.530736 -0.293677 0.537106 0.250984 0.749852
11202.320712 -0.758503 0.464775 0.536100 -0.299192 0.542751 0.251066 0.743553
11202.357575 -0.766641 0.471145 0.539224 -0.304081 0.548150 0.251271 0.737515
11202.394438 -0.779294 0.476654 0.546785 -0.307773 0.554937 0.253884 0.729975
11202.431302 -0.789939 0.481780 0.548759 -0.310968 0.557612 0.256331 0.725715
11202.468165 -0.801779 0.486467 0.553588 -0.310741 0.559981 0.260084 0.722646
11202.505029 -0.811785 0.488860 0.554985 -0.311722 0.558443 0.264706 0.721735
11202.541892 -0.819806 0.488981 0.553125 -0.312305 0.554697 0.269594 0.722562
11202.578755 -0.821634 0.487108 0.543252 -0.311771 0.548014 0.271427 0.727191
11202.615619 -0.828508 0.482818 0.544377 -0.308593 0.545107 0.272949 0.730156
11202.652482 -0.838319 0.476493 0.553617 -0.303186 0.547073 0.275352 0.730048
11202.689345 -0.842392 0.467392 0.554353 -0.298202 0.548537 0.276067 0.730732
11202.726209 -0.844499 0.457049 0.554468 -0.291662 0.551101 0.274799 0.731920
11202.763072 -0.848102 0.445995 0.559643 -0.282006 0.556763 0.271494 0.732651
11202.799936 -0.852503 0.433908 0.567305 -0.271017 0.563726 0.266756 0.733215
11202.836799 -0.855814 0.421080 0.574592 -0.260401 0.569487 0.260474 0.734867
11202.873662 -0.860001 0.408027 0.584185 -0.250081 0.575439 0.253284 0.736326
11202.910526 -0.864396 0.395242 0.596389 -0.238500 0.582456 0.245604 0.737253
11202.947389 -0.867539 0.381101 0.607551 -0.228815 0.588838 0.238447 0.737602
11202.984252 -0.870158 0.367017 0.618687 -0.219876 0.594470 0.231206 0.738108
11203.021116 -0.872613 0.353249 0.631772 -0.208427 0.600225 0.221379 0.739784
11203.057979 -0.874853 0.338762 0.643847 -0.194025 0.605505 0.210280 0.742631
11203.094842 -0.879314 0.324852 0.657997 -0.176823 0.611757 0.199692 0.744722
11203.131706 -0.884678 0.310527 0.672849 -0.157821 0.618352 0.189356 0.746242
11203.168569 -0.889606 0.294382 0.685665 -0.139396 0.623339 0.179420 0.748215
11203.205433 -0.896436 0.278317 0.701252 -0.122055 0.627926 0.169173 0.749794
11203.242296 -0.902470 0.259567 0.715317 -0.107213 0.628987 0.156518 0.753912
11203.279159 -0.908496 0.243745 0.729873 -0.092423 0.628708 0.140620 0.759217
11203.316023 -0.915456 0.225736 0.744669 -0.079398 0.628489 0.125434 0.763521
11203.352886 -0.922251 0.209380 0.758325 -0.068657 0.628671 0.113820 0.766227
11203.389750 -0.928886 0.192992 0.770908 -0.060008 0.628734 0.102386 0.768512
11203.426613 -0.935389 0.177212 0.783981 -0.052164 0.629600 0.090299 0.769889
11203.463476 -0.942093 0.164085 0.796581 -0.042071 0.631646 0.076760 0.770300
11203.500340 -0.949585 0.153681 0.809879 -0.030140 0.635697 0.060951 0.768938
11203.537203 -0.957044 0.144139 0.821530 -0.017380 0.641300 0.049570 0.765490
11203.574066 -0.965296 0.135641 0.834303 -0.006797 0.648574 0.040317 0.760053
11203.610930 -0.973494 0.128938 0.846901 0.003623 0.655815 0.032825 0.754199
11203.647793 -0.981444 0.123113 0.859166 0.012965 0.662751 0.025194 0.748304
11203.684656 -0.989797 0.117405 0.873220 0.020824 0.669971 0.016949 0.741902
11203.721520 -0.998143 0.112332 0.885774 0.028157 0.675975 0.009952 0.736319
11203.758383 -1.007718 0.107875 0.900612 0.033749 0.682665 0.003112 0.729945
11203.795247 -1.018318 0.103120 0.916316 0.039231 0.689276 -0.002537 0.723431
11203.832110 -1.029390 0.098128 0.932471 0.045822 0.695797 -0.010821 0.716694
11203.868973 -1.040066 0.094064 0.947882 0.054656 0.702827 -0.019789 0.708982
11203.905837 -1.050677 0.089982 0.964116 0.062701 0.711917 -0.027108 0.698933
11203.942700 -1.059784 0.087619 0.977635 0.069390 0.722955 -0.028785 0.686799
11203.979563 -1.067671 0.085134 0.990394 0.070622 0.736170 -0.023886 0.672678
11204.016427 -1.073139 0.084929 1.003203 0.068492 0.749683 -0.019667 0.657949
11204.053290 -1.076217 0.084083 1.016482 0.064383 0.762990 -0.013631 0.643052
11204.090153 -1.076758 0.086217 1.028105 0.060843 0.773482 -0.011929 0.630778
11204.127017 -1.074838 0.089189 1.040299 0.058178 0.781768 -0.012542 0.620723
11204.163880 -1.071519 0.094049 1.054184 0.054304 0.788842 -0.011297 0.612088
11204.200744 -1.066520 0.099730 1.066217 0.048282 0.793697 -0.007041 0.606353
11204.237607 -1.059962 0.107263 1.079004 0.041531 0.796951 -0.002158 0.602611
11204.274470 -1.051512 0.114603 1.092645 0.034181 0.798886 0.002418 0.600506
11204.311334 -1.041750 0.120983 1.104112 0.026575 0.799019 0.007080 0.600677
11204.348197 -1.031206 0.128990 1.116952 0.019994 0.798885 0.011550 0.601040
11204.385061 -1.019341 0.137468 1.130997 0.014865 0.798831 0.017526 0.601117
11204.421924 -1.006783 0.146106 1.145004 0.009659 0.798832 0.024985 0.600958
11204.458787 -0.994021 0.156878 1.158179 0.004983 0.798894 0.034168 0.600480
11204.495651 -0.980691 0.168016 1.170631 -0.000325 0.798774 0.044120 0.600012
11204.532514 -0.967131 0.179108 1.183822 -0.005622 0.799391 0.054701 0.598290
11204.569377 -0.953544 0.190251 1.197419 -0.011541 0.800927 0.066896 0.594901
11204.606241 -0.940410 0.199237 1.210053 -0.017271 0.803247 0.081088 0.589848
11204.643104 -0.927906 0.208006 1.221277 -0.022393 0.806321 0.093127 0.583671
11204.679967 -0.915560 0.216314 1.233399 -0.029121 0.810206 0.101350 0.576582
11204.716831 -0.903682 0.224341 1.244218 -0.038984 0.813922 0.108451 0.569430
11204.753694 -0.892160 0.232131 1.254289 -0.050841 0.817574 0.116735 0.561569
11204.790558 -0.880985 0.239778 1.263545 -0.063422 0.821030 0.126324 0.553109
11204.827421 -0.870753 0.247538 1.271390 -0.077657 0.823241 0.135755 0.545723
11204.864285 -0.859917 0.258102 1.280765 -0.089722 0.825220 0.144850 0.538498
11204.901148 -0.850045 0.267415 1.288663 -0.099089 0.826304 0.155096 0.532304
11204.938011 -0.841383 0.279609 1.296627 -0.107377 0.827352 0.167578 0.525239
11204.974874 -0.833166 0.289787 1.305042 -0.113786 0.828028 0.183647 0.517394
11205.011738 -0.826815 0.304002 1.311710 -0.117309 0.827516 0.198898 0.511758
11205.048601 -0.820981 0.316359 1.317934 -0.120196 0.826066 0.213777 0.507412
11205.085465 -0.815069 0.330593 1.329073 -0.120595 0.825748 0.229411 0.500967
11205.122328 -0.814657 0.343626 1.327531 -0.122517 0.821068 0.244333 0.501138
11205.159191 -0.817429 0.356566 1.320763 -0.125479 0.814818 0.258022 0.503736
11205.196055 -0.817171 0.367537 1.328346 -0.125920 0.813640 0.272082 0.498102
11205.232918 -0.819912 0.377923 1.331705 -0.125564 0.812178 0.283890 0.493971
11205.269782 -0.824397 0.389106 1.336583 -0.123368 0.811420 0.294867 0.489318
11205.306645 -0.829907 0.398068 1.342044 -0.122485 0.809999 0.306514 0.484714
11205.343508 -0.836758 0.407780 1.346046 -0.121952 0.808083 0.316142 0.481854
11205.380372 -0.844830 0.418089 1.348530 -0.121956 0.805721 0.324810 0.480040
11205.417235 -0.854990 0.427914 1.346303 -0.126217 0.801191 0.334507 0.479861
11205.454098 -0.865257 0.437659 1.343528 -0.132231 0.796485 0.344092 0.479298
11205.490962 -0.875404 0.448527 1.337357 -0.140010 0.791511 0.350490 0.480692
11205.527825 -0.884883 0.458011 1.328554 -0.151196 0.785255 0.357379 0.482488
11205.564688 -0.894574 0.467435 1.313673 -0.165180 0.777608 0.364345 0.485072
11205.601552 -0.899750 0.477036 1.307837 -0.176225 0.773719 0.370351 0.482850
11205.638415 -0.906378 0.486667 1.289729 -0.189219 0.767078 0.373854 0.485819
11205.675279 -0.909446 0.497076 1.282740 -0.197772 0.763793 0.378391 0.484073
11205.712142 -0.909538 0.505944 1.282310 -0.203346 0.761638 0.383565 0.481077
11205.749005 -0.907128 0.514156 1.288745 -0.206201 0.760473 0.388448 0.477776
11205.785869 -0.902710 0.520322 1.299149 -0.206661 0.759671 0.393044 0.475087
11205.822732 -0.897861 0.523724 1.304425 -0.205989 0.757868 0.396226 0.475615
11205.859595 -0.889491 0.524345 1.321131 -0.199017 0.760766 0.398603 0.471957
11205.896459 -0.881166 0.521812 1.332444 -0.191782 0.762900 0.398388 0.471688
11205.933322 -0.868515 0.516055 1.354374 -0.180681 0.768701 0.398528 0.466507
11205.970186 -0.853920 0.507718 1.378524 -0.168515 0.775937 0.397505 0.459908
11206.007049 -0.838892 0.497341 1.401238 -0.156301 0.783487 0.395730 0.452897
11206.043912 -0.822663 0.485498 1.423248 -0.144475 0.791574 0.393427 0.444694
11206.080776 -0.814450 0.472996 1.425927 -0.138433 0.794878 0.389094 0.444535
11206.117639 -0.805768 0.459630 1.428444 -0.133841 0.798058 0.383717 0.444917
11206.154502 -0.791913 0.444131 1.439505 -0.128799 0.803279 0.377044 0.442709
11206.191366 -0.777225 0.428242 1.453261 -0.124529 0.809441 0.368171 0.440168
11206.228229 -0.766164 0.413325 1.461539 -0.121944 0.814814 0.356839 0.440311
11206.265092 -0.758040 0.398979 1.467264 -0.119991 0.819468 0.345438 0.441301
11206.301956 -0.751898 0.384788 1.471782 -0.119392 0.823250 0.334813 0.442613
11206.338819 -0.744421 0.370607 1.479770 -0.118728 0.827309 0.326017 0.441788
11206.375683 -0.736857 0.356420 1.489102 -0.117491 0.831385 0.317762 0.440479
11206.412546 -0.728881 0.343421 1.500707 -0.115392 0.835825 0.308839 0.438975
11206.449409 -0.721278 0.330194 1.513556 -0.111144 0.840784 0.299618 0.436988
11206.486273 -0.716807 0.318831 1.524909 -0.104623 0.846306 0.288325 0.435533
11206.523136 -0.712376 0.306617 1.538041 -0.096088 0.853072 0.275538 0.432566
11206.559999 -0.709709 0.294895 1.550843 -0.086387 0.859972 0.262718 0.428912
11206.596863 -0.709931 0.285044 1.562866 -0.076586 0.866002 0.250523 0.425925
11206.633726 -0.709909 0.273333 1.576396 -0.067537 0.871682 0.240375 0.421697
11206.670589 -0.708799 0.261714 1.592011 -0.058223 0.877727 0.230567 0.415986
11206.707453 -0.708590 0.249843 1.607943 -0.048851 0.883671 0.219734 0.410435
11206.744316 -0.708587 0.239890 1.624453 -0.037075 0.890319 0.207730 0.403492
11206.781179 -0.710077 0.227610 1.640558 -0.026735 0.896534 0.195755 0.396475
11206.818043 -0.712144 0.217984 1.657399 -0.015646 0.902572 0.185829 0.388055
11206.854906 -0.713694 0.206755 1.675654 -0.006802 0.908245 0.177645 0.378798
11206.891770 -0.715254 0.196691 1.694615 0.000375 0.913307 0.170296 0.369959
11206.928633 -0.716447 0.185987 1.713726 0.005660 0.917968 0.162276 0.361897
11206.965496 -0.716716 0.175125 1.732375 0.010720 0.922834 0.149683 0.354764
11207.002360 -0.716975 0.165227 1.749911 0.016498 0.927689 0.133522 0.348272
11207.039223 -0.716501 0.155469 1.766840 0.022111 0.932298 0.119084 0.340809
11207.076087 -0.715578 0.146834 1.783304 0.026223 0.936341 0.108877 0.332753
11207.112950 -0.713659 0.138419 1.798832 0.028862 0.939877 0.100497 0.325113
11207.149813 -0.710086 0.130520 1.813561 0.031507 0.942868 0.091762 0.318726
11207.186677 -0.705431 0.122441 1.826694 0.032933 0.945334 0.081388 0.314064
11207.223540 -0.698409 0.115645 1.839949 0.035555 0.947660 0.069146 0.309670
11207.260403 -0.690738 0.109035 1.851325 0.037518 0.949250 0.056834 0.307060
11207.297267 -0.681542 0.103934 1.861738 0.038486 0.950611 0.045478 0.304612
11207.334130 -0.671609 0.099851 1.870966 0.037589 0.951955 0.040514 0.301209
11207.370994 -0.661677 0.097850 1.878403 0.037242 0.953348 0.041530 0.296675
11207.407857 -0.650278 0.097836 1.884987 0.036301 0.954966 0.043203 0.291300
11207.444720 -0.637545 0.098493 1.889699 0.036853 0.956483 0.040083 0.286663
11207.481584 -0.624036 0.100760 1.892621 0.039388 0.957978 0.031829 0.282336
11207.518447 -0.609175 0.103800 1.895310 0.042839 0.959725 0.025792 0.276457
11207.555310 -0.594248 0.107627 1.896508 0.046968 0.961689 0.027074 0.268730
11207.592174 -0.579926 0.113235 1.897403 0.048662 0.963723 0.037388 0.259754
11207.629037 -0.565635 0.119045 1.897316 0.048320 0.965402 0.049296 0.251463
11207.665900 -0.552184 0.125235 1.896062 0.047134 0.966701 0.056701 0.245058
11207.702764 -0.538823 0.131713 1.895348 0.046262 0.967966 0.062698 0.238686
11207.739627 -0.526955 0.137525 1.895089 0.045622 0.968853 0.072636 0.232309
11207.776491 -0.515425 0.143571 1.895029 0.044848 0.969498 0.083803 0.225917
11207.813354 -0.503949 0.148909 1.894711 0.041964 0.969797 0.095642 0.220423
11207.850217 -0.492708 0.154952 1.894441 0.038452 0.969599 0.109648 0.215350
11207.887081 -0.481661 0.161519 1.894516 0.035087 0.968783 0.125542 0.210874
11207.923944 -0.470624 0.169305 1.895132 0.031838 0.967662 0.140907 0.206788
11207.960808 -0.459118 0.177572 1.896764 0.028146 0.966392 0.156402 0.202071
11207.997671 -0.447902 0.186008 1.898690 0.024872 0.965042 0.170948 0.197111
11208.034534 -0.436253 0.194887 1.902040 0.022120 0.963851 0.185077 0.190389
11208.071398 -0.425661 0.204504 1.905911 0.020962 0.962654 0.198475 0.182934
11208.108261 -0.414049 0.213830 1.911108 0.020862 0.961723 0.211029 0.173555
11208.145124 -0.402605 0.223364 1.917393 0.022413 0.960703 0.223457 0.163138
11208.181988 -0.391541 0.233712 1.924946 0.025414 0.959453 0.235634 0.152578
11208.218851 -0.380601 0.243175 1.933246 0.030009 0.958062 0.246920 0.142290
11208.255714 -0.368585 0.252617 1.943005 0.035120 0.956416 0.258307 0.131576
11208.292578 -0.357188 0.261915 1.953368 0.041278 0.954777 0.268256 0.121392
11208.329441 -0.347721 0.272550 1.964155 0.048334 0.953142 0.276931 0.111776
11208.366305 -0.336217 0.280742 1.976172 0.054868 0.950443 0.289393 0.099496
11208.403168 -0.326090 0.287771 1.987506 0.061144 0.947485 0.301360 0.087841
11208.440031 -0.318051 0.298080 1.997618 0.065203 0.945394 0.309228 0.079722
11208.476895 -0.310132 0.306639 2.006074 0.066943 0.942761 0.318230 0.073819
11208.513758 -0.302113 0.314988 2.014094 0.067976 0.938916 0.330677 0.066855
11208.550622 -0.296019 0.322782 2.020615 0.068111 0.934350 0.344680 0.059551
11208.587485 -0.283268 0.331763 2.027516 0.070195 0.930511 0.356208 0.048355
11208.624348 -0.272793 0.340699 2.032735 0.072056 0.926916 0.366269 0.038496
11208.661211 -0.260273 0.350895 2.037393 0.074685 0.923160 0.375974 0.029009
11208.698075 -0.250103 0.361431 2.039874 0.075810 0.919328 0.385434 0.023020
11208.734938 -0.239546 0.371491 2.040095 0.076583 0.914920 0.395869 0.018563
11208.771802 -0.226372 0.383149 2.040883 0.077178 0.909845 0.407464 0.014129
11208.808665 -0.212783 0.394509 2.040556 0.077870 0.903918 0.420418 0.010851
11208.845528 -0.197539 0.406297 2.040546 0.078696 0.898156 0.432514 0.007383
11208.882392 -0.177874 0.417848 2.041291 0.080892 0.893422 0.441870 0.002155
11208.919255 -0.163029 0.428795 2.040527 -0.082497 -0.889399 -0.449627 0.000388
11208.956119 -0.146507 0.438298 2.040881 -0.084207 -0.886064 -0.455842 0.002791
11208.992982 -0.130988 0.446191 2.039598 -0.086411 -0.883700 -0.459979 0.005189
11209.029845 -0.113208 0.452742 2.040108 -0.090378 -0.880686 -0.464874 0.010784
11209.066709 -0.098742 0.457162 2.040857 -0.094823 -0.875117 -0.474264 0.015888
11209.103572 -0.098428 0.461426 2.039033 -0.096210 -0.870749 -0.482047 0.013032
11209.140435 -0.094750 0.464542 2.039764 -0.100869 -0.869956 -0.482505 0.013828
11209.177299 -0.098693 0.465928 2.039382 -0.103270 -0.869753 -0.482431 0.011185
11209.214162 -0.104578 0.464307 2.034564 -0.105663 -0.866841 -0.487161 0.009821
11209.251025 -0.108337 0.460796 2.029586 -0.106870 -0.864961 -0.490257 0.008297
11209.287889 -0.101842 0.454209 2.027643 -0.106917 -0.866235 -0.488006 0.007489
11209.324752 -0.095638 0.445182 2.025883 -0.105623 -0.869666 -0.482149 0.007572
11209.361616 -0.081747 0.432892 2.024637 -0.105376 -0.873786 -0.474559 0.013723
11209.398479 -0.072947 0.419082 2.023776 -0.103556 -0.878288 -0.466406 0.018745
11209.435343 -0.060734 0.403047 2.023462 -0.102457 -0.883361 -0.456612 0.026115
11209.472206 -0.046362 0.386477 2.023871 -0.101811 -0.889501 -0.444097 0.034632
11209.509069 -0.033833 0.369391 2.025274 -0.100428 -0.896080 -0.430301 0.042374
11209.545933 -0.018944 0.352730 2.028227 -0.099781 -0.902780 -0.415292 0.050647
11209.582796 -0.004044 0.335534 2.032529 -0.099789 -0.908641 -0.401209 0.058695
11209.619659 0.009107 0.319942 2.038918 -0.101048 -0.914137 -0.387091 0.065594
11209.656523 0.026904 0.304010 2.045615 -0.103258 -0.919576 -0.371892 0.073573
11209.693386 0.044423 0.289373 2.053232 -0.105539 -0.925487 -0.354730 0.080641
11209.730249 0.060648 0.274940 2.061447 -0.107773 -0.930994 -0.337686 0.087192
11209.767113 0.075980 0.261594 2.071013 -0.111946 -0.934894 -0.323038 0.095330
11209.803976 0.090430 0.248331 2.081330 -0.117073 -0.937306 -0.311221 0.104374
11209.840840 0.104169 0.236818 2.091396 -0.121358 -0.940049 -0.298233 0.112418
11209.877703 0.116321 0.225673 2.100516 -0.123981 -0.943566 -0.283252 0.118661
11209.914566 0.130553 0.215701 2.108558 -0.126425 -0.946631 -0.268614 0.125511
11209.951430 0.142235 0.205009 2.115969 -0.128961 -0.948958 -0.255980 0.131614
11209.988293 0.153666 0.193557 2.122143 -0.130602 -0.951038 -0.244081 0.137454
11210.025156 0.166686 0.183308 2.126125 -0.131043 -0.953337 -0.230674 0.144107
11210.062020 0.177909 0.171627 2.129284 -0.130693 -0.955725 -0.216667 0.150218
11210.098883 0.189183 0.162093 2.131571 -0.129096 -0.957839 -0.203157 0.156864
11210.135746 0.200609 0.152621 2.132447 -0.126990 -0.959561 -0.190173 0.164164
11210.172610 0.212354 0.143697 2.132050 -0.123397 -0.961311 -0.176526 0.171732
11210.209473 0.222948 0.135098 2.129820 -0.118772 -0.963210 -0.161304 0.179170
11210.246336 0.232866 0.128060 2.126626 -0.114035 -0.964861 -0.145419 0.186793
11210.283200 0.245130 0.121890 2.122424 -0.110149 -0.965468 -0.131204 0.196274
11210.320063 0.256213 0.115396 2.117574 -0.107985 -0.965269 -0.120439 0.205156
11210.356927 0.267144 0.110264 2.112137 -0.105544 -0.965210 -0.108564 0.213177
11210.393790 0.278449 0.105911 2.105527 -0.103622 -0.965074 -0.094855 0.221126
11210.430653 0.288722 0.101356 2.098691 -0.102006 -0.964893 -0.081934 0.227736
11210.467517 0.299778 0.096157 2.090370 -0.100777 -0.964601 -0.068970 0.233733
11210.504380 0.309085 0.091543 2.081529 -0.099805 -0.964631 -0.054658 0.237776
11210.541243 0.318152 0.087292 2.071167 -0.097278 -0.965137 -0.040060 0.239673
11210.578107 0.326472 0.083731 2.061133 -0.095980 -0.965339 -0.033157 0.240436
11210.614970 0.334322 0.080749 2.050760 -0.094272 -0.965645 -0.030760 0.240201
11210.651834 0.340416 0.078919 2.039035 -0.091783 -0.966647 -0.028418 0.237405
11210.688697 0.348600 0.078390 2.027201 -0.088813 -0.967594 -0.030938 0.234344
11210.725560 0.355009 0.078083 2.015239 -0.083707 -0.969093 -0.036074 0.229240
11210.762424 0.362041 0.079114 2.003407 -0.076633 -0.970763 -0.039005 0.224112
11210.799287 0.369421 0.080169 1.992750 -0.069377 -0.972058 -0.041248 0.220428
11210.836150 0.377219 0.082085 1.983440 -0.064240 -0.972594 -0.042849 0.219313
11210.873014 0.386087 0.082081 1.974933 -0.061588 -0.971963 -0.046191 0.222176
11210.909877 0.395202 0.082761 1.967371 -0.060355 -0.970484 -0.048427 0.228412
11210.946740 0.404760 0.083525 1.959429 -0.058383 -0.968532 -0.048886 0.236952
11210.983604 0.413169 0.086018 1.952613 -0.056341 -0.966075 -0.051073 0.246813
11211.020467 0.422192 0.090433 1.946063 -0.054860 -0.962484 -0.057285 0.259487
11211.057331 0.430845 0.096062 1.939990 -0.054770 -0.957908 -0.066349 0.273879
11211.094194 0.440551 0.102773 1.934113 -0.056183 -0.951880 -0.079446 0.290614
11211.131057 0.449847 0.109575 1.928901 -0.058923 -0.944859 -0.094153 0.308067
11211.167921 0.458885 0.116598 1.924084 -0.062670 -0.937503 -0.108227 0.324728
11211.204784 0.469938 0.125658 1.919405 -0.066201 -0.929941 -0.120502 0.341037
11211.241647 0.479790 0.134292 1.915670 -0.070117 -0.923174 -0.129481 0.355061
11211.278511 0.490516 0.143805 1.912104 -0.074912 -0.916563 -0.135505 0.368698
11211.315374 0.501407 0.154222 1.909164 -0.083347 -0.909190 -0.143188 0.381999
11211.352237 0.513118 0.164180 1.905981 -0.094078 -0.901210 -0.154406 0.393865
11211.389101 0.525286 0.174819 1.902670 -0.103517 -0.893862 -0.167423 0.402821
11211.425964 0.536581 0.185800 1.899254 -0.113234 -0.887424 -0.181065 0.408501
11211.462828 0.547223 0.196019 1.895347 -0.125002 -0.881474 -0.194697 0.411669
11211.499691 0.558653 0.208643 1.891643 -0.134389 -0.876627 -0.208192 0.412456
11211.536554 0.570045 0.222756 1.887227 -0.143251 -0.872291 -0.220538 0.412249
11211.573418 0.577006 0.231148 1.882868 -0.152725 -0.867911 -0.234784 0.410222
11211.610281 0.586798 0.243925 1.876307 -0.160480 -0.862810 -0.249013 0.409630
11211.647145 0.595333 0.256686 1.869311 -0.169225 -0.856904 -0.263108 0.409697
11211.684008 0.600308 0.268139 1.861841 -0.179607 -0.849914 -0.277570 0.410295
11211.720871 0.606401 0.282005 1.854067 -0.189687 -0.842650 -0.289977 0.412157
11211.757735 0.610789 0.296611 1.846047 -0.199586 -0.835408 -0.300416 0.414740
11211.794598 0.615792 0.311384 1.836877 -0.209868 -0.827153 -0.311017 0.418379
11211.831461 0.619661 0.326365 1.828310 -0.219399 -0.819040 -0.321638 0.421410
11211.868325 0.622219 0.340891 1.820183 -0.228037 -0.811739 -0.331239 0.423509
11211.905188 0.623760 0.355268 1.812128 -0.235647 -0.805193 -0.340236 0.424705
11211.942052 0.625169 0.369016 1.803875 -0.243774 -0.798796 -0.347986 0.425918
11211.978915 0.626463 0.382753 1.795041 -0.251637 -0.792956 -0.353905 0.427376
11212.015778 0.631194 0.394855 1.783775 -0.260428 -0.786192 -0.359739 0.429729
11212.052642 0.633616 0.406132 1.773958 -0.268773 -0.780152 -0.365725 0.430545
11212.089505 0.637495 0.416028 1.762758 -0.276236 -0.773991 -0.371149 0.432296
11212.126369 0.641628 0.424397 1.751212 -0.282880 -0.768294 -0.376597 0.433448
11212.163232 0.645115 0.431428 1.739495 -0.288060 -0.764015 -0.381512 0.433302
11212.200095 0.646969 0.436909 1.728470 -0.291834 -0.760616 -0.386393 0.432431
11212.236959 0.649799 0.441490 1.715861 -0.294614 -0.757884 -0.388940 0.433059
11212.273822 0.649907 0.445118 1.705424 -0.295758 -0.756631 -0.390927 0.432681
11212.310685 0.647645 0.447419 1.698755 -0.296049 -0.755487 -0.394887 0.430881
11212.347549 0.647206 0.448226 1.691731 -0.296493 -0.753494 -0.398735 0.430522
11212.384412 0.649633 0.448588 1.681909 -0.295601 -0.752562 -0.399181 0.432349
11212.421275 0.653001 0.447103 1.670960 -0.293957 -0.751916 -0.399178 0.434591
11212.458139 0.655970 0.444136 1.660661 -0.291132 -0.750846 -0.401214 0.436463
11212.495002 0.657987 0.440473 1.652692 -0.287076 -0.749798 -0.403063 0.439239
11212.531866 0.661342 0.435315 1.643421 -0.281510 -0.748495 -0.403736 0.444414
11212.568729 0.664992 0.429090 1.634291 -0.274119 -0.748210 -0.402403 0.450680
11212.605592 0.666389 0.421625 1.627707 -0.265407 -0.749174 -0.400553 0.455912
11212.642456 0.671128 0.411809 1.617437 -0.257077 -0.748902 -0.397361 0.463855
11212.679319 0.673961 0.401043 1.609120 -0.247870 -0.749885 -0.392197 0.471608
11212.716182 0.677752 0.389475 1.601010 -0.238781 -0.751230 -0.385418 0.479678
11212.753046 0.682608 0.376619 1.593652 -0.230969 -0.752021 -0.378243 0.487903
11212.789909 0.688827 0.363561 1.586502 -0.224428 -0.752784 -0.370274 0.495828
11212.826772 0.697442 0.349400 1.579108 -0.218586 -0.754692 -0.361429 0.502025
11212.863636 0.707280 0.334853 1.570974 -0.212613 -0.758524 -0.349803 0.507026
11212.900499 0.721487 0.321128 1.558873 -0.205779 -0.763504 -0.334127 0.512909
11212.937363 0.735786 0.307365 1.549310 -0.199348 -0.769394 -0.316696 0.517685
11212.974226 0.748934 0.291489 1.542204 -0.193816 -0.774589 -0.302436 0.520558
11213.011089 0.763634 0.275190 1.533214 -0.189652 -0.777335 -0.290447 0.524808
11213.047953 0.778823 0.258400 1.525807 -0.186428 -0.778826 -0.277922 0.530504
11213.084816 0.796612 0.244278 1.516972 -0.181752 -0.780055 -0.260557 0.539065
11213.121680 0.814020 0.229706 1.508549 -0.175349 -0.781782 -0.239902 0.548194
11213.158543 0.828695 0.215188 1.503490 -0.167534 -0.784844 -0.218188 0.555289
11213.195406 0.844736 0.200715 1.496526 -0.159404 -0.786606 -0.199384 0.562216
11213.232270 0.860188 0.185340 1.488849 -0.153568 -0.786986 -0.183697 0.568617
11213.269133 0.873303 0.168390 1.482465 -0.147499 -0.787835 -0.170995 0.572992
11213.305996 0.885662 0.154494 1.474892 -0.139363 -0.789518 -0.158327 0.576344
11213.342860 0.897966 0.140925 1.464089 -0.130301 -0.790050 -0.147225 0.580661
11213.379723 0.908334 0.128479 1.453851 -0.120379 -0.791044 -0.134858 0.584441
11213.416586 0.916862 0.116543 1.443916 -0.108827 -0.792847 -0.120821 0.587327
11213.453450 0.926006 0.106076 1.430903 -0.096341 -0.793428 -0.105559 0.591648
11213.490313 0.933751 0.096323 1.418517 -0.086258 -0.792925 -0.090145 0.596409
11213.527177 0.940373 0.087587 1.406369 -0.078242 -0.791567 -0.076920 0.601152
11213.564040 0.947012 0.079185 1.391627 -0.071946 -0.788602 -0.066648 0.607033
11213.600903 0.951642 0.071749 1.378171 -0.064782 -0.786370 -0.056804 0.611718
11213.637767 0.955489 0.063768 1.363301 -0.055975 -0.784043 -0.046066 0.616459
11213.674630 0.958367 0.056587 1.349722 -0.046656 -0.781804 -0.031886 0.620959
11213.711493 0.960781 0.048500 1.336040 -0.037707 -0.778500 -0.016565 0.626292
11213.748357 0.964176 0.041061 1.323057 -0.031402 -0.774656 -0.006197 0.631573
11213.785220 0.967491 0.033172 1.309247 -0.024603 -0.771555 0.001326 0.635685
11213.822083 0.970363 0.025668 1.295872 -0.017035 -0.769991 0.005694 0.637802
11213.858947 0.973596 0.019574 1.282149 -0.011925 -0.768269 0.006666 0.639981
11213.895810 0.976593 0.014124 1.268518 -0.009406 -0.766091 0.004654 0.642647
11213.932674 0.979294 0.009814 1.254826 -0.007714 -0.763972 0.001917 0.645201
11213.969537 0.980727 0.007024 1.242281 -0.003713 -0.762655 0.000166 0.646794
11214.006400 0.981548 0.005296 1.229228 0.002506 -0.761687 -0.000375 0.647940
11214.043264 0.982939 0.004319 1.213275 0.007367 -0.759416 -0.002406 0.650560
11214.080127 0.984595 0.004142 1.197825 0.009761 -0.756701 -0.006302 0.653658
11214.116990 0.986676 0.004422 1.180975 0.012686 -0.753602 -0.009751 0.657136
11214.153854 0.989017 0.005055 1.166580 0.014042 -0.750729 -0.014188 0.660309
11214.190717 0.992602 0.006530 1.150367 0.013748 -0.746380 -0.017973 0.665135
11214.227581 0.996727 0.007946 1.134103 0.013347 -0.741610 -0.021221 0.670362
11214.264444 1.002078 0.011042 1.117152 0.011891 -0.735868 -0.024522 0.676577
11214.301307 1.007771 0.015053 1.102028 0.009433 -0.730110 -0.027322 0.682718
11214.338171 1.014897 0.020969 1.084486 0.006193 -0.722603 -0.030879 0.690545
11214.375034 1.022396 0.027606 1.070247 -0.000786 -0.714716 -0.032802 0.698645
11214.411897 1.030390 0.034266 1.053787 -0.010003 -0.704671 -0.036548 0.708521
11214.448761 1.038689 0.041492 1.037954 -0.022297 -0.693125 -0.042509 0.719217
11214.485624 1.046708 0.049065 1.024740 -0.037497 -0.681112 -0.050777 0.729453
11214.522487 1.053886 0.056453 1.008738 -0.052477 -0.667757 -0.062579 0.739886
11214.559351 1.060135 0.065801 0.996824 -0.064511 -0.656694 -0.074185 0.747721
11214.596214 1.063917 0.073609 0.982616 -0.074080 -0.646018 -0.085516 0.754890
11214.633078 1.066672 0.083878 0.971779 -0.081722 -0.637563 -0.097213 0.759859
11214.669941 1.068071 0.094721 0.958770 -0.092749 -0.628040 -0.111707 0.764516
11214.706804 1.067707 0.105157 0.947757 -0.104139 -0.620114 -0.127774 0.766999
11214.743668 1.066073 0.118007 0.937654 -0.114383 -0.613758 -0.142458 0.768065
11214.780531 1.063120 0.131493 0.926398 -0.127204 -0.606982 -0.155769 0.768849
11214.817394 1.060237 0.146068 0.916232 -0.142498 -0.599912 -0.167814 0.769180
11214.854258 1.055371 0.159975 0.906187 -0.160067 -0.593644 -0.178244 0.768241
11214.891121 1.050514 0.176678 0.896180 -0.177101 -0.589118 -0.184946 0.766401
11214.927984 1.043552 0.192690 0.882220 -0.194164 -0.585545 -0.189288 0.763942
11214.964848 1.034206 0.211486 0.859147 -0.210503 -0.580775 -0.190635 0.762920
11215.001711 1.024838 0.227932 0.842950 -0.228703 -0.577845 -0.193237 0.759243
11215.038575 1.009382 0.245187 0.797507 -0.250333 -0.562378 -0.194709 0.763645
11215.075438 0.992196 0.261088 0.756941 -0.272637 -0.546399 -0.196694 0.767091
11215.112301 0.975665 0.276670 0.724132 -0.291174 -0.533147 -0.198622 0.769104
11215.149165 0.957273 0.293189 0.686900 -0.307835 -0.516858 -0.198088 0.773858
11215.186028 0.945410 0.306039 0.670151 -0.323630 -0.507817 -0.201373 0.772550
11215.222892 0.939077 0.316668 0.667609 -0.337348 -0.504265 -0.207163 0.767461
11215.259755 0.929398 0.327418 0.654867 -0.347678 -0.497938 -0.209371 0.766382
11215.296618 0.921285 0.336575 0.649087 -0.353816 -0.495779 -0.211222 0.764462
11215.333482 0.914073 0.344318 0.642822 -0.360287 -0.492612 -0.213912 0.762737
11215.370345 0.902181 0.351360 0.623251 -0.368806 -0.481880 -0.214512 0.765349
11215.407208 0.900194 0.357331 0.623833 -0.374160 -0.480020 -0.219115 0.762610
11215.444072 0.902420 0.362085 0.631993 -0.377350 -0.482033 -0.225709 0.757830
11215.480935 0.897798 0.366819 0.627330 -0.381438 -0.477916 -0.230262 0.757021
11215.517798 0.900227 0.370563 0.634884 -0.384970 -0.479610 -0.238909 0.751462
11215.554662 0.895389 0.374698 0.626013 -0.389499 -0.472939 -0.243105 0.752010
11215.591525 0.896742 0.378277 0.627874 -0.391950 -0.471856 -0.247686 0.749919
11215.628389 0.897548 0.380636 0.627716 -0.394649 -0.469986 -0.250779 0.748649
11215.665252 0.899719 0.382508 0.628442 -0.395743 -0.470039 -0.252865 0.747335
11215.702115 0.900462 0.382947 0.626797 -0.396294 -0.469575 -0.253466 0.747131
11215.738979 0.902951 0.382054 0.626364 -0.395547 -0.470036 -0.253119 0.747355
11215.775842 0.907915 0.378604 0.625938 -0.394630 -0.470110 -0.252122 0.748130
11215.812706 0.913394 0.373451 0.626022 -0.391015 -0.469741 -0.248378 0.751504
11215.849569 0.923852 0.365927 0.633113 -0.383399 -0.472986 -0.244364 0.754702
11215.886432 0.937823 0.356286 0.641927 -0.375234 -0.476480 -0.240214 0.757934
11215.923295 0.948052 0.344450 0.640921 -0.367040 -0.475988 -0.233352 0.764372
11215.960159 0.961698 0.331409 0.645349 -0.357866 -0.478823 -0.226591 0.768971
11215.997022 0.974044 0.315822 0.642827 -0.351594 -0.479302 -0.220086 0.773443
11216.033886 0.991557 0.298246 0.652394 -0.345299 -0.485967 -0.215083 0.773526
11216.070749 1.004905 0.280732 0.651687 -0.336598 -0.490837 -0.206785 0.776544
11216.107613 1.011676 0.262617 0.639539 -0.324814 -0.493700 -0.194562 0.782880
11216.144476 1.012625 0.246427 0.610505 -0.310390 -0.491809 -0.178298 0.793720
11216.181339 1.013223 0.229943 0.585126 -0.295013 -0.490616 -0.162604 0.803631
11216.218203 1.013549 0.214037 0.560481 -0.280382 -0.488092 -0.149271 0.812939
11216.255066 1.018213 0.197951 0.547194 -0.266576 -0.488614 -0.139937 0.818909
11216.291929 1.019268 0.182032 0.530753 -0.253812 -0.486329 -0.130908 0.825788
11216.328793 1.018328 0.165081 0.514579 -0.241303 -0.483638 -0.123534 0.832230
11216.365656 1.018291 0.151838 0.502271 -0.227193 -0.482811 -0.115907 0.837760
11216.402519 1.017421 0.141708 0.489711 -0.211846 -0.482674 -0.106851 0.843048
11216.439383 1.013386 0.131838 0.474833 -0.196148 -0.482521 -0.099387 0.847833
11216.476246 1.008602 0.122474 0.460506 -0.181248 -0.483025 -0.092825 0.851598
11216.513110 1.004271 0.113428 0.449243 -0.166789 -0.484946 -0.086602 0.854113
11216.549973 0.998053 0.105152 0.436168 -0.151552 -0.485747 -0.080301 0.857107
11216.586836 0.991585 0.096456 0.422643 -0.136425 -0.486189 -0.072729 0.860069
11216.623700 0.985989 0.090014 0.409579 -0.121681 -0.486904 -0.065159 0.862481
11216.660563 0.978017 0.081109 0.394353 -0.108859 -0.486163 -0.059223 0.865036
11216.697427 0.971717 0.072058 0.381512 -0.097164 -0.485813 -0.053230 0.867013
11216.734290 0.965458 0.064227 0.368926 -0.086120 -0.484348 -0.045402 0.869442
11216.771153 0.959469 0.056348 0.356273 -0.075558 -0.482089 -0.038448 0.872011
11216.808017 0.953110 0.049526 0.345201 -0.061877 -0.480912 -0.031724 0.874007
11216.844880 0.946423 0.041824 0.333307 -0.047965 -0.479348 -0.026478 0.875913
11216.881743 0.939923 0.035431 0.321403 -0.036443 -0.476400 -0.021073 0.878220
11216.918607 0.934761 0.029453 0.310132 -0.027971 -0.472695 -0.015910 0.880638
11216.955470 0.928783 0.022317 0.298682 -0.022015 -0.468511 -0.012662 0.883092
11216.992333 0.922965 0.017238 0.287379 -0.017526 -0.464483 -0.010549 0.885346
11217.029197 0.917856 0.013473 0.277452 -0.012238 -0.461963 -0.010358 0.886754
11217.066060 0.910059 0.010800 0.265846 -0.006080 -0.458611 -0.010396 0.888556
11217.102924 0.902450 0.009336 0.254192 -0.003222 -0.454428 -0.012034 0.890697
11217.139787 0.895990 0.009163 0.243848 -0.002984 -0.449947 -0.015533 0.892915
11217.176650 0.884931 0.013190 0.228041 -0.003317 -0.442197 -0.018975 0.896711
11217.213514 0.875734 0.014298 0.215087 -0.005129 -0.435557 -0.020718 0.899908
11217.250377 0.868168 0.021638 0.202247 -0.002579 -0.429793 -0.020711 0.902686
11217.287241 0.859633 0.024254 0.188132 -0.001060 -0.423843 -0.020355 0.905506
11217.324104 0.850960 0.028336 0.173178 0.001850 -0.417828 -0.019985 0.908304
11217.360967 0.842934 0.034343 0.157879 0.001879 -0.410465 -0.018510 0.911687
11217.397830 0.832707 0.042558 0.140360 -0.000200 -0.400302 -0.020771 0.916148
11217.434694 0.824098 0.048353 0.126540 -0.007553 -0.388918 -0.022461 0.920968
11217.471557 0.817492 0.056457 0.114338 -0.020957 -0.375399 -0.025426 0.926278
11217.508421 0.808457 0.063984 0.101013 -0.040540 -0.358621 -0.029135 0.932147
11217.545284 0.801097 0.072195 0.091434 -0.058567 -0.344369 -0.034723 0.936362
11217.582147 0.790385 0.081628 0.080938 -0.071419 -0.331164 -0.038860 0.940064
11217.619011 0.778375 0.092607 0.070493 -0.082748 -0.320326 -0.044167 0.942652
11217.655874 0.769868 0.100124 0.065007 -0.095738 -0.313381 -0.048127 0.943563
11217.692738 0.755813 0.107269 0.056814 -0.110151 -0.307016 -0.053788 0.943777
11217.729601 0.747203 0.119071 0.052620 -0.122948 -0.306302 -0.059345 0.942094
11217.766464 0.733400 0.127165 0.047141 -0.137584 -0.305205 -0.065126 0.940042
11217.803328 0.720469 0.137660 0.043334 -0.150889 -0.305109 -0.069092 0.937746
11217.840191 0.705674 0.148817 0.039929 -0.162692 -0.304576 -0.071959 0.935728
11217.877054 0.688276 0.161954 0.036871 -0.174089 -0.302241 -0.073228 0.934335
11217.913918 0.675072 0.176407 0.038246 -0.187250 -0.300921 -0.072591 0.932263
11217.950781 0.658204 0.191949 0.037979 -0.202418 -0.297435 -0.072712 0.930200
11217.987644 0.641333 0.203872 0.040001 -0.218984 -0.296160 -0.073551 0.926782
11218.024508 0.622639 0.217287 0.041408 -0.235309 -0.296139 -0.074650 0.922691
11218.061371 0.604933 0.231396 0.043560 -0.250412 -0.298438 -0.075741 0.917874
11218.098235 0.587284 0.244251 0.045217 -0.264394 -0.300625 -0.076105 0.913197
11218.135098 0.571723 0.256991 0.049272 -0.276746 -0.302769 -0.074465 0.908954
11218.171961 0.554170 0.268518 0.051723 -0.290085 -0.301753 -0.072103 0.905316
11218.208825 0.536755 0.280603 0.052647 -0.305199 -0.297389 -0.070572 0.901905
11218.245688 0.521627 0.291156 0.055369 -0.318999 -0.292840 -0.070539 0.898615
11218.282551 0.507790 0.302973 0.058867 -0.330142 -0.287501 -0.070537 0.896311
11218.319415 0.493954 0.314788 0.060374 -0.343003 -0.279467 -0.070867 0.893994
11218.356278 0.493373 0.325235 0.067415 -0.357875 -0.275244 -0.074333 0.889180
11218.393142 0.482094 0.335812 0.068216 -0.371393 -0.265335 -0.075999 0.886504
11218.430005 0.469638 0.344508 0.068193 -0.384741 -0.253864 -0.076658 0.884110
11218.466868 0.463546 0.352339 0.070430 -0.395456 -0.245797 -0.077446 0.881590
11218.503732 0.459823 0.359148 0.073594 -0.402441 -0.240249 -0.078762 0.879840
11218.540595 0.452273 0.365436 0.073096 -0.408056 -0.231980 -0.078381 0.879507
11218.577458 0.453218 0.370854 0.076234 -0.411579 -0.228269 -0.080322 0.878661
11218.614322 0.457428 0.375864 0.079509 -0.415073 -0.224141 -0.083301 0.877802
11218.651185 0.467868 0.380421 0.084375 -0.419670 -0.221269 -0.087520 0.875932
11218.688048 0.472654 0.385423 0.085352 -0.425550 -0.215104 -0.090313 0.874346
11218.724912 0.473440 0.391034 0.083790 -0.431297 -0.207259 -0.090570 0.873398
11218.761775 0.476367 0.397017 0.081433 -0.436368 -0.202054 -0.090130 0.872143
11218.798639 0.480458 0.403093 0.077653 -0.441284 -0.197714 -0.087301 0.870951
11218.835502 0.481368 0.408313 0.070810 -0.447398 -0.192167 -0.081522 0.869633
11218.872365 0.480850 0.412716 0.062020 -0.452335 -0.187812 -0.071601 0.868903
11218.909229 0.475073 0.416567 0.050933 -0.455252 -0.182537 -0.057692 0.869539
11218.946092 0.464702 0.417868 0.035867 -0.459680 -0.174606 -0.043589 0.869659
11218.982955 0.466801 0.416163 0.028947 -0.462989 -0.173156 -0.034459 0.868603
11219.019819 0.475155 0.413133 0.023577 -0.461216 -0.176277 -0.030162 0.869078
11219.056682 0.470819 0.408307 0.015231 -0.459279 -0.175743 -0.027507 0.870299
11219.093545 0.458877 0.401469 0.005707 -0.460134 -0.171351 -0.027343 0.870728
11219.130409 0.444160 0.392410 -0.003487 -0.460671 -0.165400 -0.028816 0.871547
11219.167272 0.449622 0.381325 -0.001891 -0.455301 -0.168924 -0.035184 0.873457
11219.204136 0.501383 0.367152 -0.008662 -0.443540 -0.187275 -0.048157 0.875146
11219.240999 0.564797 0.351663 0.013947 -0.428907 -0.215092 -0.064384 0.875002
11219.277862 0.571340 0.338111 0.019013 -0.415411 -0.217954 -0.068089 0.880508
11219.314726 0.598905 0.323669 0.036522 -0.401555 -0.231798 -0.074846 0.882848
11219.351589 0.617967 0.309499 0.051327 -0.386805 -0.244492 -0.078347 0.885702
11219.388453 0.616651 0.295923 0.057316 -0.371652 -0.251416 -0.077616 0.890304
11219.425316 0.605126 0.282219 0.056274 -0.356752 -0.256059 -0.074848 0.895299
11219.462179 0.589786 0.268355 0.052791 -0.342056 -0.259516 -0.071175 0.900324
11219.499043 0.574696 0.253933 0.049403 -0.325269 -0.263338 -0.067446 0.905706
11219.535906 0.562842 0.240233 0.047831 -0.307323 -0.266722 -0.062366 0.911330
11219.572769 0.549013 0.225060 0.043102 -0.293176 -0.264597 -0.057815 0.916893
11219.609633 0.537608 0.209732 0.037882 -0.281518 -0.260147 -0.053761 0.922052
11219.646496 0.523864 0.195393 0.032454 -0.266646 -0.255351 -0.049337 0.928042
11219.683359 0.511326 0.181719 0.027179 -0.247510 -0.253566 -0.044508 0.934057
11219.720223 0.498423 0.170273 0.021549 -0.227299 -0.253551 -0.039620 0.939403
11219.757086 0.487900 0.155683 0.016334 -0.211089 -0.255062 -0.034941 0.942955
11219.793950 0.474869 0.143081 0.009035 -0.198281 -0.254241 -0.030810 0.946096
11219.830813 0.465545 0.129165 0.003863 -0.185366 -0.254375 -0.026566 0.948803
11219.867676 0.454770 0.117049 -0.002205 -0.171137 -0.253799 -0.023221 0.951714
11219.904540 0.442635 0.104359 -0.009068 -0.156496 -0.252355 -0.021786 0.954647
11219.941403 0.432870 0.094965 -0.015692 -0.140293 -0.251372 -0.021550 0.957427
11219.978266 0.422631 0.086995 -0.024025 -0.126033 -0.247980 -0.019974 0.960324
11220.015130 0.412596 0.078532 -0.033166 -0.112707 -0.243131 -0.017907 0.963257
11220.051993 0.401398 0.071207 -0.043657 -0.098083 -0.237769 -0.014911 0.966242
11220.088856 0.393254 0.066692 -0.054596 -0.083459 -0.233602 -0.010012 0.968692
11220.125720 0.381115 0.058262 -0.066920 -0.071074 -0.228611 -0.007412 0.970892
11220.162583 0.368406 0.051588 -0.081312 -0.057770 -0.223486 -0.005781 0.972976
11220.199447 0.358835 0.048434 -0.095074 -0.042387 -0.219368 -0.003650 0.974714
11220.236310 0.345550 0.039997 -0.109018 -0.031329 -0.211904 -0.000143 0.976788
11220.273173 0.337944 0.036242 -0.122464 -0.022321 -0.204272 0.003927 0.978652
11220.310037 0.330973 0.034674 -0.135275 -0.015076 -0.195071 0.008139 0.980640
11220.346900 0.319191 0.031666 -0.148065 -0.010329 -0.182397 0.014897 0.983058
11220.383764 0.309391 0.031273 -0.160342 -0.006242 -0.169993 0.018903 0.985244
11220.420627 0.304243 0.031786 -0.169169 -0.001844 -0.159998 0.023261 0.986842
11220.457490 0.293816 0.030494 -0.177483 0.001269 -0.148289 0.023291 0.988669
11220.494354 0.287700 0.031029 -0.184033 0.001489 -0.137077 0.024823 0.990248
11220.531217 0.280239 0.037578 -0.190446 0.001381 -0.125422 0.028031 0.991706
11220.568080 0.272666 0.042721 -0.195199 -0.000946 -0.114615 0.031327 0.992915
11220.604944 0.264182 0.047315 -0.199082 -0.003987 -0.105599 0.031361 0.993906
11220.641807 0.256361 0.057185 -0.202624 -0.004341 -0.100011 0.032283 0.994453
11220.678671 0.245681 0.063853 -0.205416 -0.006289 -0.095352 0.033113 0.994873
11220.715534 0.237286 0.067356 -0.205524 -0.008605 -0.092642 0.034152 0.995076
11220.752397 0.227341 0.070562 -0.205955 -0.009326 -0.090494 0.033462 0.995291
