1.34184e+09 0.000000 0.000000 0.000000 0.000000 0.000000 0.000000 1.000000
1341839113.693575 -0.000384 -0.000093 -0.000002 0.000449 0.000161 -0.001064 0.999999
1341839113.725606 -0.000985 0.002573 -0.000230 0.000145 0.000168 0.000907 1.000000
1341839113.793718 -0.002991 0.006327 -0.000817 -0.000012 0.000734 0.003913 0.999992
1341839113.861553 -0.002535 0.006557 -0.000781 0.000290 0.000693 0.002886 0.999996
1341839113.894400 -0.001842 0.008376 -0.000713 0.000205 0.000601 0.002075 0.999998
1341839113.925550 -0.001956 0.011526 -0.000723 -0.000171 0.000605 0.002480 0.999997
1341839113.961614 -0.002573 0.011415 -0.000708 -0.000266 0.000578 0.004283 0.999991
1341839113.993616 -0.002379 0.013840 -0.000646 -0.000334 0.000595 0.003440 0.999994
1341839114.025642 -0.002482 0.013697 -0.000717 -0.000534 0.000568 0.001514 0.999999
1341839114.061534 -0.001888 0.013816 -0.000503 -0.000397 0.000441 0.001619 0.999999
1341839114.093617 -0.001420 0.019609 -0.000122 -0.000601 0.000303 0.002060 0.999998
1341839114.129556 -0.000493 0.024492 -0.000267 -0.002090 0.000125 0.002017 0.999996
1341839114.161678 0.000653 0.024067 -0.000370 -0.002559 -0.000037 0.001149 0.999996
1341839114.229673 0.001991 0.028993 0.000102 -0.002824 -0.000478 -0.002900 0.999992
1341839114.261690 0.002300 0.028137 -0.000099 -0.003042 -0.000571 -0.002704 0.999992
1341839114.293564 0.000885 0.029622 0.000053 -0.002432 -0.000338 -0.001679 0.999996
1341839114.329671 0.000717 0.033982 -0.000299 -0.002979 -0.000249 -0.002195 0.999993
1341839114.361622 0.001982 0.034274 -0.000475 -0.003353 -0.000447 -0.003039 0.999990
1341839114.397666 0.002711 0.033019 -0.000436 -0.003202 -0.000556 -0.003884 0.999987
1341839114.429583 0.002708 0.036499 -0.000439 -0.003093 -0.000523 -0.004268 0.999986
1341839114.461610 0.002617 0.041593 -0.000539 -0.003573 -0.000606 -0.003083 0.999989
1341839114.497561 0.001996 0.044213 -0.000702 -0.003900 -0.000624 -0.001002 0.999992
1341839114.529492 0.002023 0.046564 -0.000920 -0.004079 -0.000600 -0.001280 0.999991
1341839114.565482 0.001719 0.047204 -0.001043 -0.003973 -0.000479 -0.002901 0.999988
1341839114.597648 0.001538 0.050509 -0.000883 -0.003828 -0.000491 -0.002339 0.999990
1341839114.629596 0.001286 0.054787 -0.001136 -0.004372 -0.000510 -0.001615 0.999989
1341839114.665607 0.000771 0.056122 -0.001671 -0.004862 -0.000379 -0.001633 0.999987
1341839114.697721 0.000501 0.058128 -0.002029 -0.004947 -0.000244 -0.002692 0.999984
1341839114.730054 -0.000509 0.057631 -0.002687 -0.005268 -0.000089 -0.004800 0.999975
1341839114.765560 -0.001933 0.058542 -0.003262 -0.004776 0.000254 -0.005242 0.999975
1341839114.797510 -0.002988 0.062877 -0.003900 -0.005252 0.000378 -0.004175 0.999977
1341839114.833570 -0.006615 0.061956 -0.005766 -0.005595 0.001157 -0.003925 0.999976
1341839114.865530 -0.011438 0.063841 -0.006913 -0.004421 0.002209 -0.003586 0.999981
1341839114.897742 -0.012032 0.066488 -0.007816 -0.004867 0.002319 -0.003487 0.999979
1341839114.933721 -0.016394 0.066970 -0.009881 -0.004904 0.003258 -0.003177 0.999978
1341839114.965565 -0.024012 0.068418 -0.012574 -0.003890 0.004819 -0.002622 0.999977
1341839114.997678 -0.027052 0.071474 -0.013833 -0.003655 0.005352 -0.001405 0.999978
1341839115.033675 -0.028548 0.074576 -0.015344 -0.004361 0.005506 -0.000589 0.999975
1341839115.065634 -0.038454 0.075717 -0.019539 -0.004299 0.007615 -0.000117 0.999962
1341839115.101577 -0.047067 0.080397 -0.022935 -0.003489 0.009736 0.003271 0.999941
1341839115.133455 -0.049647 0.083979 -0.024201 -0.003498 0.010144 0.004904 0.999930
1341839115.165699 -0.052547 0.083498 -0.026259 -0.003740 0.010861 0.002891 0.999930
1341839115.201542 -0.060315 0.084694 -0.029061 -0.002653 0.012521 0.003052 0.999913
1341839115.233600 -0.061919 0.092790 -0.029448 -0.002374 0.012667 0.005700 0.999901
1341839115.265499 -0.062872 0.096267 -0.032009 -0.004615 0.012729 0.006090 0.999890
1341839115.301699 -0.069720 0.096974 -0.035037 -0.004297 0.014278 0.005325 0.999875
1341839115.333616 -0.070423 0.104256 -0.035297 -0.003726 0.014450 0.004966 0.999876
1341839115.369483 -0.069033 0.108840 -0.037538 -0.006182 0.014102 0.004398 0.999872
1341839115.401613 -0.070016 0.108095 -0.039352 -0.007244 0.014377 0.003886 0.999863
1341839115.469819 -0.074241 0.119594 -0.040944 -0.007296 0.015088 0.005236 0.999846
1341839115.533671 -0.084415 0.117942 -0.046715 -0.008333 0.017411 0.007327 0.999787
1341839115.569633 -0.084998 0.125839 -0.047185 -0.008798 0.017425 0.007934 0.999778
1341839115.601623 -0.084609 0.125240 -0.048766 -0.010478 0.017479 0.006429 0.999772
1341839115.637954 -0.087967 0.121928 -0.049289 -0.009408 0.018259 0.006260 0.999769
1341839115.669467 -0.089527 0.124581 -0.048901 -0.008114 0.018711 0.008505 0.999756
1341839115.701635 -0.090419 0.131778 -0.049210 -0.009020 0.018654 0.009917 0.999736
1341839115.737552 -0.090584 0.126867 -0.050526 -0.010583 0.018768 0.009413 0.999724
1341839115.769579 -0.096478 0.125197 -0.049772 -0.007359 0.020080 0.009216 0.999729
1341839115.805533 -0.097633 0.133255 -0.048435 -0.005965 0.020299 0.009005 0.999736
1341839115.837641 -0.097521 0.134363 -0.049124 -0.007564 0.020265 0.009028 0.999725
1341839115.869594 -0.099609 0.131866 -0.048882 -0.006668 0.020746 0.010687 0.999705
1341839115.905464 -0.101438 0.137612 -0.048317 -0.006078 0.020945 0.012079 0.999689
1341839115.937926 -0.102840 0.138871 -0.049555 -0.007941 0.021079 0.013067 0.999661
1341839115.976772 -0.108672 0.133769 -0.051316 -0.007289 0.022499 0.015454 0.999601
1341839116.037844 -0.125594 0.143278 -0.053591 -0.005763 0.026202 0.020869 0.999422
1341839116.073614 -0.127087 0.139644 -0.055472 -0.007544 0.026368 0.021697 0.999388
1341839116.105551 -0.132000 0.134704 -0.055966 -0.006061 0.027408 0.022315 0.999357
1341839116.137629 -0.134008 0.134332 -0.055794 -0.005214 0.027850 0.022395 0.999348
1341839116.173741 -0.134635 0.136309 -0.056183 -0.005739 0.027904 0.022726 0.999336
1341839116.205705 -0.135736 0.131403 -0.056766 -0.006065 0.028069 0.023258 0.999317
1341839116.237744 -0.141555 0.130624 -0.057120 -0.004536 0.029370 0.023268 0.999287
1341839116.273644 -0.143591 0.132301 -0.057591 -0.004586 0.029775 0.024444 0.999247
1341839116.305590 -0.144973 0.134115 -0.058204 -0.004796 0.030013 0.026292 0.999192
1341839116.341693 -0.147978 0.135610 -0.059511 -0.005387 0.030756 0.026315 0.999166
1341839116.374159 -0.152950 0.136648 -0.061271 -0.004917 0.032156 0.027778 0.999085
1341839116.405626 -0.154635 0.138788 -0.061531 -0.004578 0.032460 0.031507 0.998966
1341839116.441448 -0.155578 0.139550 -0.062028 -0.004972 0.032557 0.033731 0.998888
1341839116.473792 -0.156977 0.137884 -0.062656 -0.004746 0.033031 0.035001 0.998830
1341839116.505559 -0.158436 0.137235 -0.062744 -0.004377 0.033197 0.036146 0.998785
1341839116.541530 -0.158620 0.137117 -0.062885 -0.004360 0.033220 0.036236 0.998781
1341839116.573449 -0.160445 0.142085 -0.062874 -0.004062 0.033489 0.037657 0.998721
1341839116.609629 -0.161498 0.142660 -0.063908 -0.005173 0.033526 0.038358 0.998688
1341839116.642092 -0.161926 0.138995 -0.064318 -0.005210 0.033726 0.035859 0.998774
1341839116.673494 -0.162643 0.138198 -0.064518 -0.004687 0.034071 0.033949 0.998832
1341839116.709491 -0.163398 0.142739 -0.064836 -0.004879 0.034063 0.034697 0.998805
1341839116.741798 -0.163119 0.142986 -0.065698 -0.005959 0.034043 0.033003 0.998858
1341839116.777780 -0.163113 0.139400 -0.066465 -0.006037 0.034523 0.029000 0.998965
1341839116.809493 -0.163318 0.138848 -0.066406 -0.005639 0.034699 0.027615 0.999000
1341839116.841577 -0.162886 0.143183 -0.066619 -0.006241 0.034546 0.027273 0.999011
1341839116.877541 -0.162610 0.138205 -0.068157 -0.007690 0.034704 0.025772 0.999036
1341839116.909607 -0.168544 0.135822 -0.068864 -0.005416 0.036115 0.025282 0.999013
1341839116.941574 -0.169136 0.139191 -0.068553 -0.004760 0.036184 0.025500 0.999008
1341839116.977669 -0.169974 0.143910 -0.070004 -0.006641 0.036277 0.025464 0.998995
1341839117.009692 -0.172246 0.139491 -0.071654 -0.007252 0.036931 0.024250 0.998997
1341839117.045446 -0.175087 0.140698 -0.071390 -0.005207 0.037653 0.022506 0.999024
1341839117.077581 -0.174931 0.148800 -0.071830 -0.005712 0.037727 0.020621 0.999059
1341839117.109633 -0.175943 0.148292 -0.074183 -0.007672 0.037934 0.020633 0.999038
1341839117.145451 -0.179299 0.147922 -0.075837 -0.007147 0.039116 0.021527 0.998977
1341839117.177591 -0.184037 0.149886 -0.076869 -0.006516 0.040287 0.020653 0.998953
1341839117.209585 -0.185814 0.151233 -0.078077 -0.006810 0.040785 0.019919 0.998946
1341839117.245753 -0.188161 0.148368 -0.078978 -0.006954 0.041116 0.020995 0.998910
1341839117.278976 -0.198155 0.149945 -0.081764 -0.005135 0.043568 0.021890 0.998797
1341839117.313580 -0.206872 0.153441 -0.085337 -0.004767 0.045875 0.022975 0.998672
1341839117.345623 -0.211018 0.152705 -0.086924 -0.004790 0.046521 0.025993 0.998568
1341839117.377641 -0.219785 0.156110 -0.088822 -0.004221 0.047978 0.027607 0.998458
1341839117.413568 -0.225649 0.161185 -0.091136 -0.005092 0.049073 0.027147 0.998413
1341839117.445717 -0.227270 0.162177 -0.092619 -0.005812 0.049256 0.027038 0.998403
1341839117.477601 -0.230781 0.170099 -0.093183 -0.005601 0.049573 0.028362 0.998352
1341839117.513635 -0.234263 0.174309 -0.097050 -0.008749 0.049907 0.029269 0.998287
1341839117.545603 -0.245375 0.174382 -0.101964 -0.009556 0.052152 0.031543 0.998095
1341839117.581707 -0.250653 0.179512 -0.102804 -0.008876 0.052838 0.032736 0.998027
1341839117.613653 -0.255775 0.180913 -0.104611 -0.010382 0.052955 0.032673 0.998008
1341839117.645887 -0.259244 0.181136 -0.105921 -0.010761 0.053264 0.033701 0.997954
1341839117.681569 -0.263603 0.183818 -0.107097 -0.010662 0.053751 0.034956 0.997885
1341839117.713639 -0.267392 0.188553 -0.108262 -0.010939 0.054145 0.035332 0.997848
1341839117.745712 -0.271289 0.186995 -0.109385 -0.011932 0.054163 0.033583 0.997896
1341839117.781725 -0.277963 0.185372 -0.109782 -0.011210 0.054703 0.033223 0.997887
1341839117.813499 -0.281460 0.189959 -0.109956 -0.010612 0.054989 0.034441 0.997836
1341839117.849617 -0.283742 0.194505 -0.112386 -0.012779 0.054949 0.035930 0.997761
1341839117.881610 -0.288322 0.192340 -0.113783 -0.014123 0.054934 0.035867 0.997746
1341839117.913581 -0.293706 0.190602 -0.113350 -0.013000 0.055111 0.034199 0.997810
1341839117.949521 -0.299225 0.197652 -0.112541 -0.012593 0.055054 0.032278 0.997882
1341839117.981586 -0.305648 0.199241 -0.114059 -0.014917 0.054599 0.031977 0.997885
1341839118.017504 -0.311183 0.201844 -0.113855 -0.014857 0.054629 0.032948 0.997852
1341839118.049478 -0.314780 0.206593 -0.114388 -0.015642 0.054585 0.031306 0.997896
1341839118.081566 -0.317028 0.204981 -0.115398 -0.016568 0.054818 0.028963 0.997939
1341839118.117532 -0.320201 0.206276 -0.114976 -0.015834 0.054980 0.029856 0.997915
1341839118.149476 -0.324859 0.208967 -0.115117 -0.016531 0.054875 0.030874 0.997879
1341839118.182394 -0.327668 0.204228 -0.115317 -0.017068 0.054805 0.030062 0.997899
1341839118.217697 -0.332345 0.203170 -0.113828 -0.015591 0.055053 0.029128 0.997937
1341839118.249595 -0.335446 0.205284 -0.113517 -0.015720 0.054963 0.028324 0.997963
1341839118.285581 -0.335431 0.201820 -0.114144 -0.016451 0.054927 0.028840 0.997938
1341839118.317574 -0.337492 0.197719 -0.113344 -0.015540 0.055211 0.029451 0.997919
1341839118.349685 -0.338859 0.195595 -0.112888 -0.015070 0.055377 0.029321 0.997921
1341839118.385618 -0.339706 0.190055 -0.113055 -0.015099 0.055495 0.029381 0.997912
1341839118.417611 -0.342475 0.188699 -0.112009 -0.013910 0.055833 0.030601 0.997874
1341839118.449697 -0.344227 0.189921 -0.111909 -0.013915 0.055869 0.031871 0.997832
1341839118.485493 -0.344916 0.189631 -0.111894 -0.013995 0.055866 0.031897 0.997831
1341839118.517623 -0.349346 0.187584 -0.110931 -0.013458 0.056061 0.031470 0.997840
1341839118.554050 -0.351045 0.189241 -0.109766 -0.012245 0.056309 0.031396 0.997844
1341839118.585668 -0.353512 0.196806 -0.108946 -0.012146 0.056351 0.032255 0.997816
1341839118.617700 -0.356409 0.195603 -0.109341 -0.014093 0.055781 0.031879 0.997834
1341839118.653714 -0.359887 0.191096 -0.108457 -0.013466 0.056010 0.030533 0.997872
1341839118.717504 -0.364940 0.200128 -0.107210 -0.015446 0.055466 0.031059 0.997858
1341839118.753742 -0.366601 0.194035 -0.107816 -0.015921 0.055767 0.031447 0.997821
1341839118.785566 -0.370708 0.198623 -0.105792 -0.013315 0.056549 0.031148 0.997825
1341839118.821695 -0.372384 0.205803 -0.106258 -0.014129 0.056645 0.032250 0.997773
1341839118.853833 -0.374844 0.208918 -0.107452 -0.015714 0.056421 0.034011 0.997704
1341839118.921740 -0.381678 0.203478 -0.107757 -0.015473 0.057511 0.030251 0.997766
1341839118.953665 -0.386933 0.206430 -0.106722 -0.015016 0.057321 0.031538 0.997745
1341839118.989622 -0.388820 0.207134 -0.107595 -0.016200 0.057381 0.032550 0.997690
1341839119.021687 -0.388903 0.202733 -0.108589 -0.016193 0.058125 0.033265 0.997624
1341839119.054550 -0.392455 0.202968 -0.107637 -0.014735 0.058749 0.034108 0.997581
1341839119.089581 -0.394417 0.206389 -0.107424 -0.014501 0.059031 0.035123 0.997533
1341839119.121679 -0.394470 0.209988 -0.108440 -0.015229 0.059313 0.037610 0.997414
1341839119.153810 -0.395461 0.210979 -0.109168 -0.015926 0.059318 0.037997 0.997389
1341839119.190466 -0.397237 0.210480 -0.109309 -0.015757 0.059651 0.036916 0.997412
1341839119.221601 -0.399015 0.214113 -0.108809 -0.015090 0.059837 0.036850 0.997414
1341839119.257728 -0.401774 0.218891 -0.109750 -0.016212 0.059794 0.038057 0.997353
1341839119.289455 -0.400271 0.219433 -0.111127 -0.017134 0.060086 0.038267 0.997312
1341839119.321569 -0.401353 0.219303 -0.111269 -0.017032 0.060368 0.038116 0.997303
1341839119.357502 -0.403383 0.219046 -0.111288 -0.017113 0.060427 0.039668 0.997237
1341839119.389594 -0.406081 0.217572 -0.110936 -0.016698 0.060524 0.042113 0.997138
1341839119.421517 -0.407271 0.220067 -0.110493 -0.016242 0.060640 0.042368 0.997128
1341839119.457571 -0.410499 0.220156 -0.110528 -0.016794 0.060458 0.041333 0.997173
1341839119.489537 -0.418221 0.219120 -0.109236 -0.016436 0.060071 0.040318 0.997244
1341839119.525734 -0.420503 0.221716 -0.109004 -0.016487 0.060041 0.039419 0.997281
1341839119.557461 -0.419886 0.226573 -0.109794 -0.016773 0.060248 0.040873 0.997205
1341839119.589618 -0.424942 0.233776 -0.109875 -0.017513 0.060199 0.041600 0.997165
1341839119.625979 -0.427407 0.231094 -0.111747 -0.019993 0.059977 0.038475 0.997258
1341839119.657625 -0.430226 0.226402 -0.111425 -0.019302 0.060346 0.036439 0.997325
1341839119.689899 -0.433722 0.231955 -0.109960 -0.018093 0.060215 0.036435 0.997356
1341839119.725735 -0.435817 0.233877 -0.111946 -0.021159 0.059816 0.035591 0.997350
1341839119.757807 -0.437918 0.227528 -0.113056 -0.022448 0.059806 0.033365 0.997400
1341839119.793744 -0.440490 0.230022 -0.111710 -0.020479 0.060329 0.031613 0.997468
1341839119.825500 -0.443814 0.235205 -0.111795 -0.021191 0.060112 0.031187 0.997479
1341839119.857554 -0.447234 0.231351 -0.112842 -0.022841 0.059898 0.030808 0.997467
1341839119.893748 -0.448924 0.226504 -0.112504 -0.022024 0.060316 0.031199 0.997449
1341839119.925601 -0.449526 0.230555 -0.111968 -0.020518 0.060815 0.032762 0.997400
1341839119.957678 -0.449884 0.233707 -0.113753 -0.022616 0.060674 0.033016 0.997355
1341839119.993679 -0.451321 0.227345 -0.115236 -0.023975 0.061010 0.032852 0.997308
1341839120.025666 -0.457474 0.226727 -0.113242 -0.021309 0.061603 0.033146 0.997323
1341839120.061576 -0.462204 0.226218 -0.112155 -0.020554 0.061727 0.032846 0.997341
1341839120.093515 -0.462591 0.226195 -0.112281 -0.020535 0.061783 0.033080 0.997330
1341839120.125657 -0.462685 0.226389 -0.112893 -0.020577 0.062088 0.035557 0.997225
1341839120.161703 -0.463020 0.226176 -0.113366 -0.020498 0.062559 0.037725 0.997117
1341839120.193590 -0.464799 0.223054 -0.113372 -0.020242 0.062944 0.037743 0.997098
1341839120.229713 -0.469047 0.218831 -0.112408 -0.018514 0.063593 0.038465 0.997062
1341839120.261506 -0.471599 0.219482 -0.111723 -0.016718 0.064436 0.041036 0.996938
1341839120.293457 -0.470958 0.222312 -0.112990 -0.016691 0.065488 0.044592 0.996717
1341839120.329588 -0.471629 0.220513 -0.114070 -0.017129 0.065811 0.047514 0.996553
1341839120.361629 -0.474132 0.219424 -0.113950 -0.016412 0.066268 0.047333 0.996543
1341839120.393790 -0.475804 0.222683 -0.114396 -0.016546 0.066571 0.047242 0.996525
1341839120.429559 -0.480812 0.225776 -0.115405 -0.017857 0.066370 0.049141 0.996424
1341839120.461550 -0.486866 0.227740 -0.115763 -0.018643 0.066571 0.049828 0.996362
1341839120.497665 -0.488443 0.228297 -0.116720 -0.019254 0.066817 0.048865 0.996382
1341839120.561630 -0.503303 0.230524 -0.115569 -0.019060 0.066846 0.050377 0.996308
1341839120.597681 -0.505939 0.232388 -0.116651 -0.019860 0.067209 0.051332 0.996220
1341839120.629503 -0.508367 0.233171 -0.117155 -0.020066 0.067459 0.052524 0.996136
1341839120.661993 -0.512682 0.234867 -0.117312 -0.020437 0.067381 0.052494 0.996136
1341839120.697745 -0.513754 0.238742 -0.118160 -0.020988 0.067556 0.051444 0.996167
1341839120.729566 -0.514964 0.240112 -0.119960 -0.022512 0.067751 0.051501 0.996118
1341839120.765550 -0.516039 0.243029 -0.120616 -0.022849 0.067738 0.051570 0.996107
1341839120.797761 -0.519318 0.243008 -0.121714 -0.024022 0.067856 0.049738 0.996165
1341839120.829557 -0.520667 0.241305 -0.122237 -0.023945 0.068231 0.048527 0.996201
1341839120.865525 -0.521480 0.242510 -0.122307 -0.023697 0.068288 0.048713 0.996194
1341839120.897669 -0.520822 0.242761 -0.123943 -0.024668 0.068818 0.049346 0.996103
1341839120.929785 -0.524369 0.240175 -0.125279 -0.024555 0.070338 0.050408 0.995946
1341839120.965555 -0.528602 0.237466 -0.124715 -0.023298 0.070875 0.050530 0.995932
1341839120.997581 -0.535553 0.234106 -0.122973 -0.022157 0.070796 0.049862 0.995997
1341839121.033744 -0.539704 0.232665 -0.122019 -0.021443 0.070760 0.049612 0.996028
1341839121.065604 -0.544545 0.231633 -0.121123 -0.021036 0.070644 0.051039 0.995973
1341839121.097656 -0.550264 0.228254 -0.120336 -0.020793 0.070434 0.052696 0.995907
1341839121.133691 -0.553804 0.226899 -0.118991 -0.019714 0.070382 0.051656 0.995987
1341839121.165530 -0.560447 0.226893 -0.117603 -0.019579 0.069880 0.051488 0.996033
1341839121.201575 -0.571448 0.223085 -0.115975 -0.019819 0.068896 0.051935 0.996074
1341839121.233546 -0.579061 0.221333 -0.114351 -0.019124 0.068659 0.051403 0.996131
1341839121.265498 -0.585882 0.220630 -0.113203 -0.018966 0.068333 0.051558 0.996149
1341839121.301532 -0.594842 0.221025 -0.111010 -0.018906 0.067249 0.052496 0.996175
1341839121.333608 -0.599445 0.219382 -0.110531 -0.019580 0.066559 0.051294 0.996271
1341839121.365570 -0.605534 0.215973 -0.109159 -0.019092 0.066317 0.049636 0.996380
1341839121.401586 -0.610584 0.214836 -0.107793 -0.018375 0.066141 0.049226 0.996426
1341839121.433568 -0.614586 0.210106 -0.107294 -0.018347 0.065947 0.050659 0.996367
1341839121.470470 -0.618794 0.212846 -0.105316 -0.016810 0.066014 0.050363 0.996405
1341839121.501558 -0.621174 0.209754 -0.105750 -0.018215 0.066016 0.048574 0.996469
1341839121.533669 -0.627308 0.198197 -0.103975 -0.016862 0.065884 0.047823 0.996538
1341839121.569551 -0.630623 0.197449 -0.100424 -0.012864 0.066038 0.046714 0.996640
1341839121.601594 -0.631009 0.192859 -0.100230 -0.012812 0.066164 0.046780 0.996629
1341839121.633518 -0.634503 0.185971 -0.098433 -0.011477 0.066071 0.047016 0.996641
1341839121.676759 -0.635744 0.183822 -0.096946 -0.009960 0.066360 0.046882 0.996644
1341839121.737794 -0.643122 0.171055 -0.094669 -0.009218 0.066305 0.046690 0.996664
1341839121.769806 -0.649634 0.168342 -0.091396 -0.006922 0.065734 0.045110 0.996793
1341839121.801610 -0.655778 0.163594 -0.089135 -0.006067 0.065362 0.041608 0.996975
1341839121.837558 -0.659270 0.159795 -0.087475 -0.005409 0.065034 0.040090 0.997063
1341839121.869640 -0.662828 0.157742 -0.085850 -0.005456 0.064044 0.039653 0.997144
1341839121.901603 -0.666212 0.151927 -0.084947 -0.005477 0.063890 0.038262 0.997208
1341839121.937642 -0.672847 0.149179 -0.082313 -0.004024 0.063676 0.037778 0.997247
1341839121.969593 -0.678956 0.146540 -0.080476 -0.003548 0.063021 0.037259 0.997310
1341839122.005447 -0.680115 0.145614 -0.079626 -0.002961 0.063188 0.037517 0.997292
1341839122.037577 -0.682384 0.147381 -0.079100 -0.002783 0.063423 0.039053 0.997218
1341839122.069508 -0.689480 0.148129 -0.078343 -0.003359 0.062992 0.038767 0.997255
1341839122.105677 -0.696380 0.146743 -0.077437 -0.003637 0.062743 0.036328 0.997362
1341839122.137560 -0.699978 0.144313 -0.076798 -0.003428 0.062691 0.035336 0.997401
1341839122.169506 -0.703926 0.145811 -0.075866 -0.003049 0.062628 0.035332 0.997407
1341839122.205699 -0.705359 0.149686 -0.075971 -0.004056 0.062772 0.035018 0.997405
1341839122.237714 -0.705861 0.147621 -0.076650 -0.005117 0.062962 0.034404 0.997410
1341839122.273692 -0.707252 0.143582 -0.076296 -0.004682 0.063122 0.035139 0.997376
1341839122.305536 -0.708625 0.144436 -0.075862 -0.004471 0.063432 0.035120 0.997358
1341839122.337539 -0.707651 0.145505 -0.076221 -0.005163 0.064064 0.035370 0.997305
1341839122.373595 -0.709758 0.144775 -0.075830 -0.005168 0.064320 0.037050 0.997228
1341839122.405534 -0.713861 0.145431 -0.074883 -0.005016 0.064327 0.036930 0.997233
1341839122.441566 -0.714210 0.140664 -0.075208 -0.005555 0.064503 0.036197 0.997245
1341839122.476666 -0.716126 0.136656 -0.073850 -0.004283 0.064686 0.037350 0.997197
1341839122.541642 -0.725457 0.133183 -0.071653 -0.003994 0.064717 0.040067 0.997091
1341839122.605781 -0.739636 0.127619 -0.066200 0.000016 0.064861 0.042091 0.997006
1341839122.641573 -0.743557 0.128825 -0.065009 0.000306 0.064751 0.042153 0.997011
1341839122.673585 -0.748416 0.126312 -0.064400 0.000021 0.064599 0.043869 0.996947
1341839122.709612 -0.753855 0.123214 -0.062864 0.000568 0.063905 0.043747 0.996997
1341839122.744481 -0.760109 0.121295 -0.061199 0.001085 0.063232 0.041517 0.997134
1341839122.809572 -0.770177 0.127497 -0.057585 0.001715 0.061627 0.040880 0.997260
1341839122.841637 -0.772171 0.134557 -0.057782 -0.000012 0.061613 0.041631 0.997231
1341839122.873612 -0.775424 0.134278 -0.057885 -0.001117 0.061466 0.039454 0.997328
1341839122.909624 -0.778403 0.132585 -0.057101 -0.000847 0.061642 0.036560 0.997428
1341839122.941543 -0.778657 0.135033 -0.057051 -0.001173 0.061591 0.036664 0.997427
1341839122.977575 -0.781888 0.137837 -0.057086 -0.002226 0.061201 0.037024 0.997436
1341839123.009572 -0.782818 0.132351 -0.057497 -0.002978 0.061324 0.034938 0.997502
1341839123.041702 -0.784275 0.128811 -0.056066 -0.001105 0.061663 0.034113 0.997513
1341839123.077583 -0.785598 0.135291 -0.054650 0.000088 0.061694 0.034972 0.997482
1341839123.109751 -0.788506 0.142287 -0.054495 -0.001663 0.062114 0.035935 0.997421
1341839123.141926 -0.789264 0.138133 -0.055931 -0.003345 0.062251 0.035892 0.997409
1341839123.177759 -0.790280 0.136327 -0.055093 -0.001769 0.062499 0.035616 0.997408
1341839123.209570 -0.792268 0.146324 -0.054279 -0.001536 0.062840 0.036190 0.997366
1341839123.245725 -0.793097 0.149182 -0.055809 -0.004776 0.063473 0.038863 0.997215
1341839123.277647 -0.793595 0.150449 -0.056420 -0.005872 0.064292 0.040204 0.997104
1341839123.309620 -0.793529 0.148052 -0.057026 -0.006025 0.065352 0.038212 0.997112
1341839123.345630 -0.792699 0.148994 -0.056411 -0.005125 0.066063 0.038070 0.997076
1341839123.378204 -0.792777 0.150671 -0.056651 -0.005138 0.066238 0.041106 0.996944
1341839123.413605 -0.791209 0.150563 -0.057396 -0.005321 0.067525 0.042293 0.996807
1341839123.445605 -0.791968 0.149599 -0.057745 -0.004774 0.069574 0.041874 0.996686
1341839123.477524 -0.792092 0.149285 -0.057685 -0.004651 0.069697 0.041136 0.996709
1341839123.513569 -0.792230 0.147673 -0.057806 -0.004777 0.069851 0.040171 0.996737
1341839123.545681 -0.793925 0.146362 -0.057406 -0.004259 0.071358 0.039918 0.996643
1341839123.577643 -0.792797 0.146180 -0.057617 -0.004041 0.072744 0.041281 0.996488
1341839123.613598 -0.793726 0.143395 -0.057307 -0.003787 0.073019 0.041385 0.996464
1341839123.645669 -0.795656 0.139447 -0.056451 -0.002678 0.074029 0.039290 0.996478
1341839123.681751 -0.794705 0.140847 -0.056377 -0.002421 0.074797 0.038474 0.996453
1341839123.713662 -0.795284 0.139339 -0.056678 -0.002710 0.074854 0.038801 0.996436
1341839123.745702 -0.797160 0.137529 -0.056308 -0.002143 0.075306 0.039060 0.996393
1341839123.781632 -0.799018 0.134447 -0.056760 -0.002326 0.076470 0.037718 0.996356
1341839123.813710 -0.800176 0.129125 -0.057023 -0.002279 0.076796 0.037445 0.996341
1341839123.845656 -0.805083 0.130331 -0.055720 -0.001236 0.076779 0.038293 0.996312
1341839123.881576 -0.811834 0.136643 -0.054990 -0.001956 0.076745 0.037488 0.996344
1341839123.913827 -0.815936 0.137161 -0.055658 -0.003476 0.077047 0.034851 0.996412
1341839123.949667 -0.819425 0.139078 -0.055439 -0.003619 0.077335 0.033130 0.996448
1341839123.981668 -0.827259 0.143918 -0.054911 -0.004332 0.077112 0.032715 0.996476
1341839124.013726 -0.835835 0.141819 -0.055621 -0.006365 0.075667 0.031497 0.996615
1341839124.049634 -0.845597 0.138933 -0.054903 -0.006293 0.074849 0.030356 0.996713
1341839124.081682 -0.855631 0.138574 -0.053829 -0.006144 0.074099 0.030300 0.996772
1341839124.113596 -0.868314 0.139069 -0.052363 -0.006212 0.073256 0.031166 0.996807
1341839124.149548 -0.878192 0.139122 -0.051730 -0.006816 0.072404 0.030345 0.996890
1341839124.181547 -0.884918 0.134706 -0.051835 -0.007377 0.071781 0.028783 0.996978
1341839124.217783 -0.892032 0.137621 -0.050141 -0.005966 0.071397 0.028611 0.997020
1341839124.256572 -0.899418 0.141186 -0.050155 -0.007036 0.071009 0.028005 0.997058
1341839124.317542 -0.911819 0.136024 -0.050663 -0.006882 0.070407 0.028521 0.997087
1341839124.349622 -0.917360 0.138146 -0.050198 -0.006660 0.070484 0.029163 0.997064
1341839124.417782 -0.930499 0.141320 -0.050654 -0.007339 0.070902 0.032791 0.996917
1341839124.449587 -0.933308 0.137496 -0.052547 -0.008766 0.071550 0.032302 0.996875
1341839124.485711 -0.935699 0.136561 -0.052198 -0.007246 0.071967 0.032292 0.996858
1341839124.549607 -0.944957 0.141412 -0.054122 -0.008830 0.073493 0.032738 0.996719
1341839124.585623 -0.945882 0.141728 -0.054903 -0.008913 0.074275 0.033564 0.996633
1341839124.617614 -0.947345 0.143444 -0.054935 -0.008641 0.074513 0.033552 0.996618
1341839124.653561 -0.950262 0.143763 -0.055560 -0.009576 0.074961 0.032081 0.996624
1341839124.685611 -0.952169 0.141491 -0.055801 -0.009150 0.075378 0.032489 0.996584
1341839124.717580 -0.954810 0.147729 -0.055024 -0.008058 0.075723 0.033426 0.996536
1341839124.753621 -0.956303 0.148339 -0.057001 -0.010235 0.076147 0.032227 0.996523
1341839124.785678 -0.957233 0.145324 -0.057128 -0.010064 0.076338 0.031814 0.996523
1341839124.817558 -0.961555 0.146468 -0.056248 -0.009023 0.076319 0.032646 0.996508
1341839124.885712 -0.976968 0.143090 -0.057752 -0.011787 0.081958 0.032776 0.996027
1341839124.921721 -0.980167 0.139701 -0.056592 -0.009917 0.081951 0.034694 0.995983
1341839124.953580 -0.988096 0.141313 -0.055290 -0.009317 0.080799 0.034400 0.996093
1341839124.985862 -0.990493 0.136524 -0.056375 -0.010801 0.082127 0.030614 0.996093
1341839125.021660 -0.993924 0.132213 -0.056310 -0.009060 0.084531 0.031634 0.995877
1341839125.053606 -0.999022 0.135687 -0.054096 -0.006579 0.084159 0.036456 0.995763
1341839125.086082 -1.003518 0.140628 -0.053976 -0.007376 0.084059 0.036129 0.995778
1341839125.121616 -1.004520 0.132071 -0.055809 -0.009383 0.085173 0.032452 0.995793
1341839125.153540 -1.006137 0.132242 -0.054163 -0.005631 0.084575 0.032133 0.995883
1341839125.189545 -1.014381 0.144278 -0.051404 -0.005081 0.082912 0.031098 0.996059
1341839125.221519 -1.017887 0.139617 -0.053935 -0.010818 0.084225 0.026242 0.996042
1341839125.253620 -1.017009 0.129505 -0.055569 -0.011666 0.085948 0.024361 0.995933
1341839125.289646 -1.018076 0.132862 -0.053152 -0.008607 0.087776 0.024460 0.995803
1341839125.321651 -1.017357 0.139380 -0.053180 -0.009482 0.088442 0.023901 0.995749
1341839125.353612 -1.017798 0.129276 -0.055062 -0.011800 0.088163 0.020593 0.995823
1341839125.389732 -1.020568 0.128402 -0.052799 -0.008349 0.090338 0.019204 0.995691
1341839125.421568 -1.021542 0.136852 -0.050794 -0.008028 0.093375 0.019230 0.995413
1341839125.457605 -1.022240 0.132956 -0.052731 -0.012104 0.097130 0.019992 0.994997
1341839125.489491 -1.021375 0.130293 -0.053223 -0.012693 0.098757 0.020689 0.994815
1341839125.521521 -1.022764 0.127726 -0.052299 -0.011494 0.101022 0.021002 0.994596
1341839125.557578 -1.021552 0.133025 -0.051293 -0.010451 0.102203 0.022858 0.994446
1341839125.596685 -1.022303 0.136020 -0.051852 -0.011729 0.102242 0.022965 0.994425
1341839125.657655 -1.024318 0.134440 -0.049861 -0.010338 0.105601 0.022632 0.994097
1341839125.689599 -1.025300 0.140870 -0.049182 -0.010138 0.105637 0.025693 0.994021
1341839125.725674 -1.027971 0.143532 -0.049160 -0.012249 0.106110 0.026178 0.993934
1341839125.757650 -1.028893 0.137355 -0.049320 -0.013300 0.106436 0.024075 0.993939
1341839125.789697 -1.031844 0.140811 -0.045987 -0.010563 0.105278 0.024201 0.994092
1341839125.825554 -1.033784 0.147889 -0.044252 -0.011133 0.104499 0.024893 0.994151
1341839125.857601 -1.038921 0.146739 -0.042497 -0.013728 0.106469 0.027777 0.993833
1341839125.893542 -1.040269 0.146615 -0.041718 -0.013712 0.106472 0.029663 0.993779
1341839125.925748 -1.045454 0.144026 -0.039728 -0.013903 0.105956 0.027839 0.993884
1341839125.957565 -1.048301 0.140357 -0.037768 -0.013464 0.105568 0.025622 0.993991
1341839125.993528 -1.052431 0.143432 -0.034580 -0.012095 0.104894 0.028250 0.994009
1341839126.025584 -1.056974 0.145128 -0.032017 -0.013118 0.103981 0.030285 0.994031
1341839126.057677 -1.059680 0.141251 -0.031148 -0.013951 0.104150 0.028838 0.994046
1341839126.093586 -1.065142 0.139350 -0.027866 -0.012285 0.103757 0.028486 0.994119
1341839126.125584 -1.069282 0.144503 -0.023754 -0.011503 0.102093 0.028449 0.994301
1341839126.161675 -1.072179 0.138382 -0.023430 -0.013446 0.101968 0.027358 0.994321
1341839126.193566 -1.074080 0.136001 -0.020252 -0.010974 0.102273 0.028200 0.994296
1341839126.225494 -1.078765 0.138973 -0.017416 -0.009869 0.102284 0.029911 0.994256
1341839126.262252 -1.078539 0.137508 -0.016842 -0.010250 0.103042 0.030146 0.994167
1341839126.293564 -1.078896 0.136564 -0.014754 -0.009181 0.104589 0.032724 0.993935
1341839126.325643 -1.080648 0.135432 -0.013546 -0.008953 0.104736 0.034848 0.993849
1341839126.361562 -1.085558 0.134665 -0.011610 -0.008831 0.104239 0.033731 0.993941
1341839126.393475 -1.090552 0.132716 -0.009673 -0.008949 0.103972 0.030618 0.994069
1341839126.429534 -1.092386 0.134015 -0.008286 -0.008783 0.104414 0.028878 0.994076
1341839126.461585 -1.096415 0.136205 -0.005884 -0.009589 0.106261 0.030442 0.993826
1341839126.493573 -1.099779 0.137913 -0.005050 -0.010420 0.106126 0.033162 0.993745
1341839126.529589 -1.101968 0.132197 -0.004260 -0.010816 0.106128 0.031192 0.993804
1341839126.561488 -1.102437 0.128410 -0.002078 -0.009136 0.107183 0.027960 0.993804
1341839126.593549 -1.103390 0.129653 -0.000465 -0.007721 0.107283 0.029746 0.993753
1341839126.629751 -1.104844 0.133925 0.000646 -0.007837 0.108078 0.033120 0.993560
1341839126.661503 -1.106278 0.126767 -0.000090 -0.010043 0.110181 0.033548 0.993294
1341839126.697561 -1.106622 0.120583 0.001527 -0.007588 0.111496 0.032908 0.993191
1341839126.729517 -1.105991 0.124565 0.003253 -0.005552 0.112119 0.033743 0.993106
1341839126.761554 -1.108258 0.120572 0.002973 -0.007644 0.114343 0.034582 0.992810
1341839126.797734 -1.109970 0.112835 0.003482 -0.006633 0.116932 0.034419 0.992521
1341839126.829608 -1.111361 0.113134 0.005580 -0.004769 0.118449 0.033781 0.992374
1341839126.865650 -1.112649 0.110266 0.005869 -0.005421 0.120807 0.033389 0.992100
1341839126.897640 -1.111088 0.110006 0.006081 -0.005005 0.123208 0.035479 0.991734
1341839126.929680 -1.111842 0.105317 0.005968 -0.005297 0.124129 0.036763 0.991571
1341839126.965564 -1.111560 0.102832 0.007033 -0.003103 0.125930 0.036762 0.991353
1341839126.997665 -1.114760 0.112142 0.010411 -0.001224 0.126757 0.037343 0.991230
1341839127.029597 -1.117276 0.107244 0.009767 -0.004618 0.126437 0.036830 0.991280
1341839127.065594 -1.117148 0.094870 0.010436 -0.003399 0.126808 0.035607 0.991282
1341839127.097689 -1.119629 0.091869 0.013361 -0.000592 0.126739 0.033111 0.991383
1341839127.133571 -1.119607 0.085517 0.013850 -0.000165 0.127106 0.031692 0.991383
1341839127.165684 -1.117721 0.084619 0.013821 0.000653 0.128650 0.033980 0.991107
1341839127.197636 -1.117415 0.080294 0.013287 0.000409 0.130711 0.036923 0.990733
1341839127.233596 -1.117608 0.075327 0.013155 0.000706 0.132647 0.037362 0.990459
1341839127.265755 -1.117433 0.066513 0.012623 0.000964 0.134178 0.035757 0.990312
1341839127.297673 -1.119115 0.063744 0.013965 0.002523 0.135638 0.036666 0.990077
1341839127.333679 -1.120628 0.064295 0.014194 0.002073 0.137659 0.037997 0.989748
1341839127.372174 -1.121509 0.063359 0.014724 0.001452 0.140575 0.037457 0.989360
1341839127.401871 -1.121799 0.057682 0.013985 0.000374 0.142708 0.036033 0.989109
1341839127.434153 -1.122555 0.053265 0.014557 0.001394 0.143982 0.036342 0.988912
1341839127.465725 -1.124072 0.054645 0.015290 0.001751 0.145220 0.037502 0.988687
1341839127.502087 -1.125437 0.051547 0.014518 0.001230 0.147846 0.039647 0.988215
1341839127.533614 -1.126826 0.053080 0.014987 0.002290 0.149138 0.041983 0.987922
1341839127.565666 -1.131365 0.057871 0.016501 0.001185 0.151580 0.040891 0.987598
1341839127.601497 -1.138817 0.056155 0.017855 -0.002133 0.156482 0.043036 0.986740
1341839127.633641 -1.139140 0.052397 0.017137 -0.002391 0.157472 0.047855 0.986360
1341839127.669721 -1.144238 0.045980 0.019241 -0.001611 0.157776 0.048897 0.986262
1341839127.701590 -1.146935 0.041058 0.020566 -0.001261 0.158343 0.047268 0.986251
1341839127.733628 -1.153026 0.039682 0.023483 -0.000430 0.158014 0.048479 0.986246
1341839127.769756 -1.159259 0.040977 0.025985 -0.000306 0.157892 0.050322 0.986173
1341839127.801629 -1.162943 0.040844 0.027372 -0.000712 0.158227 0.049312 0.986170
1341839127.837525 -1.165771 0.036979 0.028687 -0.000806 0.158473 0.047242 0.986232
1341839127.869904 -1.168988 0.032953 0.030760 0.000131 0.158463 0.047450 0.986224
1341839127.901787 -1.170772 0.034769 0.032342 0.000703 0.159725 0.049652 0.985912
1341839127.937458 -1.171560 0.033485 0.032731 0.000434 0.160568 0.052569 0.985624
1341839127.970000 -1.173834 0.028091 0.033802 0.000682 0.161165 0.053141 0.985495
1341839128.001556 -1.173679 0.025656 0.035054 0.001110 0.162967 0.053326 0.985189
1341839128.037646 -1.176066 0.023618 0.036574 0.001778 0.163071 0.055157 0.985070
1341839128.069528 -1.181844 0.020891 0.039163 0.002184 0.162673 0.055080 0.985139
1341839128.105485 -1.184707 0.021177 0.040887 0.002447 0.162916 0.052516 0.985238
1341839128.137556 -1.187509 0.029106 0.043525 0.001733 0.164956 0.053894 0.984826
1341839128.169766 -1.192304 0.029603 0.045244 -0.001499 0.168488 0.062427 0.983724
1341839128.205769 -1.195679 0.029960 0.045681 -0.002853 0.168685 0.066102 0.983447
1341839128.237693 -1.196642 0.023741 0.045807 -0.003650 0.169193 0.061753 0.983640
1341839128.269778 -1.196886 0.021388 0.046838 -0.002381 0.169492 0.061052 0.983636
1341839128.305489 -1.201721 0.029260 0.049372 -0.002070 0.168919 0.064254 0.983531
1341839128.337488 -1.202545 0.027601 0.048675 -0.003977 0.169633 0.066216 0.983272
1341839128.373648 -1.201735 0.023416 0.048951 -0.003186 0.170661 0.066219 0.983097
1341839128.405628 -1.202228 0.023274 0.050040 -0.002485 0.170844 0.065796 0.983096
1341839128.438499 -1.202818 0.024352 0.050640 -0.002707 0.171058 0.065073 0.983106
1341839128.473696 -1.202726 0.022796 0.051480 -0.002857 0.173500 0.066738 0.982566
1341839128.505546 -1.202928 0.022780 0.052192 -0.002427 0.174712 0.069605 0.982153
1341839128.537583 -1.202410 0.022658 0.052431 -0.002667 0.175462 0.069183 0.982049
1341839128.573515 -1.202281 0.020489 0.052912 -0.003210 0.176419 0.066786 0.982042
1341839128.605707 -1.201138 0.018755 0.053665 -0.002638 0.178082 0.067122 0.981720
1341839128.641615 -1.204717 0.024743 0.057008 -0.001407 0.180206 0.072009 0.980989
1341839128.674297 -1.208078 0.025308 0.058628 -0.003319 0.180592 0.074591 0.980720
1341839128.705724 -1.208642 0.019177 0.060097 -0.002878 0.181983 0.074709 0.980455
1341839128.741577 -1.213026 0.022104 0.064882 -0.000608 0.183997 0.077130 0.979896
1341839128.773449 -1.218098 0.025214 0.068443 -0.000983 0.184214 0.080500 0.979584
1341839128.805626 -1.222420 0.021410 0.070502 -0.002410 0.184212 0.080272 0.979600
1341839128.841524 -1.226835 0.018714 0.073739 -0.001851 0.184692 0.078276 0.979672
1341839128.873613 -1.234513 0.022541 0.079501 -0.001492 0.187713 0.081087 0.978870
1341839128.909718 -1.242076 0.024193 0.083374 -0.002624 0.190485 0.088982 0.977645
1341839128.941487 -1.247963 0.023422 0.085708 -0.004674 0.190415 0.090619 0.977501
1341839128.973556 -1.250907 0.013231 0.087273 -0.005829 0.191005 0.085061 0.977879
1341839129.009679 -1.255600 0.017669 0.091695 -0.003325 0.192028 0.082728 0.977891
1341839129.041584 -1.261950 0.022590 0.095859 -0.006247 0.190888 0.086192 0.977800
1341839129.077533 -1.265980 0.014284 0.095817 -0.009639 0.191572 0.086829 0.977583
1341839129.109520 -1.271658 0.017015 0.100167 -0.006278 0.195723 0.087139 0.976760
1341839129.141619 -1.278754 0.026618 0.104038 -0.005910 0.195850 0.090081 0.976470
1341839129.177574 -1.285018 0.022449 0.106533 -0.009412 0.194857 0.091700 0.976490
1341839129.209655 -1.287597 0.015287 0.108215 -0.009972 0.196730 0.091059 0.976169
1341839129.241510 -1.294966 0.019732 0.114809 -0.007752 0.200697 0.093880 0.975114
1341839129.277541 -1.301231 0.021253 0.118627 -0.008963 0.201017 0.098583 0.974573
1341839129.309548 -1.304615 0.014555 0.120412 -0.010187 0.201941 0.099376 0.974290
1341839129.345615 -1.310053 0.011782 0.126345 -0.008068 0.205359 0.099012 0.973632
1341839129.377515 -1.314440 0.016618 0.130760 -0.006586 0.205869 0.100128 0.973421
1341839129.409635 -1.318358 0.014385 0.135140 -0.008549 0.204605 0.100450 0.973639
1341839129.445518 -1.322895 0.007169 0.138865 -0.008933 0.206460 0.100058 0.973285
1341839129.477523 -1.330845 0.010470 0.146861 -0.006824 0.209440 0.101735 0.972491
1341839129.509566 -1.334794 0.011831 0.152674 -0.008506 0.208954 0.103929 0.972350
1341839129.545536 -1.340083 0.006521 0.156169 -0.010180 0.209539 0.104233 0.972176
1341839129.577541 -1.346464 0.008812 0.162812 -0.008408 0.212341 0.105277 0.971472
1341839129.613707 -1.353247 0.011782 0.167716 -0.009796 0.213676 0.108992 0.970756
1341839129.645497 -1.356135 0.005512 0.169410 -0.011922 0.215220 0.110213 0.970253
1341839129.677529 -1.358979 0.002743 0.172770 -0.011315 0.216952 0.107616 0.970166
1341839129.713807 -1.361570 0.000782 0.175486 -0.011253 0.217395 0.105420 0.970309
1341839129.745656 -1.364559 -0.001295 0.177972 -0.010687 0.217482 0.107527 0.970064
1341839129.777553 -1.368007 -0.003002 0.180413 -0.010807 0.217415 0.107730 0.970056
1341839129.813668 -1.369258 -0.010508 0.182198 -0.011657 0.219421 0.106258 0.969757
1341839129.845557 -1.370744 -0.012330 0.185432 -0.008934 0.221915 0.108058 0.969019
1341839129.881595 -1.375092 -0.010346 0.188519 -0.008109 0.221743 0.111105 0.968721
1341839129.913656 -1.377849 -0.020188 0.189821 -0.010324 0.222093 0.108588 0.968905
1341839129.945668 -1.378911 -0.024573 0.193045 -0.007186 0.224691 0.105142 0.968714
1341839129.981581 -1.381246 -0.016211 0.196638 -0.004662 0.225058 0.107058 0.968435
1341839130.013837 -1.386342 -0.022676 0.198907 -0.009079 0.225778 0.108208 0.968108
1341839130.049672 -1.384063 -0.034549 0.198390 -0.009411 0.227690 0.105312 0.967976
1341839130.081470 -1.385246 -0.030683 0.202661 -0.005386 0.228513 0.104022 0.967953
1341839130.113580 -1.390268 -0.027027 0.206747 -0.006819 0.227758 0.105181 0.967996
1341839130.149498 -1.393009 -0.034196 0.207622 -0.008784 0.228486 0.106360 0.967680
1341839130.181614 -1.394381 -0.039405 0.210438 -0.006100 0.229437 0.106862 0.967420
1341839130.213597 -1.398573 -0.034290 0.214464 -0.004428 0.230081 0.107590 0.967196
1341839130.249495 -1.402935 -0.031198 0.216766 -0.005937 0.230595 0.109291 0.966874
1341839130.281707 -1.402808 -0.036289 0.217075 -0.005941 0.231388 0.110852 0.966507
1341839130.317659 -1.407646 -0.033144 0.222027 -0.003256 0.234345 0.112883 0.965572
1341839130.349604 -1.412480 -0.030509 0.224631 -0.004108 0.236061 0.116121 0.964766
1341839130.382034 -1.413269 -0.036242 0.224840 -0.003847 0.236490 0.119552 0.964243
1341839130.417728 -1.416115 -0.039159 0.227672 -0.001901 0.238091 0.120425 0.963746
1341839130.481948 -1.427213 -0.032893 0.234227 -0.001564 0.242900 0.124481 0.962030
1341839130.517772 -1.432060 -0.034910 0.236115 -0.003211 0.242828 0.126438 0.961789
1341839130.549519 -1.434430 -0.038117 0.238185 -0.002526 0.245449 0.125754 0.961215
1341839130.585696 -1.437575 -0.035594 0.240369 -0.001346 0.245927 0.128724 0.960702
1341839130.617684 -1.446463 -0.039345 0.244687 -0.002943 0.244551 0.130560 0.960802
1341839130.649566 -1.449525 -0.047001 0.246687 -0.004161 0.245254 0.126117 0.961212
1341839130.685466 -1.450992 -0.046144 0.248263 -0.003343 0.246688 0.124754 0.961026
1341839130.717517 -1.456023 -0.045809 0.250932 -0.002720 0.246602 0.128016 0.960621
1341839130.749572 -1.461584 -0.044628 0.253269 -0.003748 0.246685 0.128392 0.960546
1341839130.785686 -1.464281 -0.049503 0.253880 -0.005596 0.247560 0.125242 0.960727
1341839130.817796 -1.464529 -0.052464 0.254682 -0.004499 0.248057 0.124756 0.960668
1341839130.854788 -1.468812 -0.047780 0.257103 -0.003323 0.248308 0.128749 0.960081
1341839130.885541 -1.476049 -0.052431 0.259522 -0.006474 0.248312 0.130566 0.959819
1341839130.917632 -1.476935 -0.065853 0.260421 -0.007136 0.248895 0.127184 0.960117
1341839130.953712 -1.480202 -0.066144 0.263952 -0.003535 0.249498 0.125769 0.960167
1341839130.985630 -1.486437 -0.059439 0.267453 -0.003008 0.249847 0.128010 0.959782
1341839131.017560 -1.491575 -0.063985 0.268623 -0.004993 0.250513 0.131241 0.959163
1341839131.053526 -1.493467 -0.075136 0.270243 -0.004089 0.250923 0.131380 0.959041
1341839131.085681 -1.499501 -0.075707 0.274809 -0.002904 0.250710 0.128295 0.959519
1341839131.121737 -1.507305 -0.076065 0.279121 -0.003583 0.250327 0.126589 0.959843
1341839131.153629 -1.514627 -0.076102 0.282898 -0.003796 0.250168 0.127295 0.959790
1341839131.185722 -1.520904 -0.073205 0.286215 -0.003703 0.250170 0.128710 0.959601
1341839131.221649 -1.527702 -0.070011 0.289486 -0.005046 0.250143 0.127988 0.959699
1341839131.253615 -1.529913 -0.069080 0.290323 -0.005558 0.250565 0.127889 0.959599
1341839131.289544 -1.534181 -0.065503 0.292779 -0.004724 0.250620 0.130497 0.959238
1341839131.321742 -1.543148 -0.063826 0.296807 -0.007154 0.250345 0.131902 0.959103
1341839131.353559 -1.546730 -0.067893 0.298276 -0.008784 0.250635 0.130745 0.959172
1341839131.389563 -1.547484 -0.066768 0.300311 -0.006705 0.250948 0.130764 0.959104
1341839131.422027 -1.554791 -0.060885 0.304211 -0.006809 0.251261 0.133654 0.958623
1341839131.453618 -1.560171 -0.066610 0.306081 -0.009078 0.251449 0.134669 0.958413
1341839131.489531 -1.561659 -0.074395 0.308455 -0.008428 0.251617 0.131735 0.958782
1341839131.521613 -1.564565 -0.074694 0.311804 -0.007053 0.252134 0.129980 0.958897
1341839131.557577 -1.569912 -0.072470 0.315099 -0.006697 0.252200 0.132556 0.958530
1341839131.589573 -1.575134 -0.076673 0.318082 -0.007043 0.252270 0.134414 0.958250
1341839131.621822 -1.577486 -0.083869 0.320726 -0.006747 0.252504 0.132405 0.958470
1341839131.657680 -1.582773 -0.086711 0.324569 -0.006295 0.252522 0.131676 0.958569
1341839131.689554 -1.589951 -0.089953 0.329072 -0.005973 0.252338 0.133183 0.958411
1341839131.721592 -1.593388 -0.095292 0.331836 -0.005678 0.252603 0.133984 0.958232
1341839131.757613 -1.597404 -0.099563 0.335081 -0.005190 0.252990 0.134136 0.958111
1341839131.789523 -1.604140 -0.101204 0.339396 -0.004958 0.253038 0.134453 0.958055
1341839131.825565 -1.608093 -0.101313 0.342174 -0.004722 0.253093 0.135008 0.957964
1341839131.857572 -1.610766 -0.100538 0.343765 -0.005179 0.253437 0.135494 0.957802
1341839131.889513 -1.611403 -0.101200 0.344207 -0.005237 0.253569 0.135687 0.957739
1341839131.925750 -1.614977 -0.102582 0.346266 -0.005635 0.253744 0.134848 0.957809
1341839131.964633 -1.615990 -0.103364 0.346911 -0.005681 0.254106 0.134645 0.957741
1341839132.025660 -1.625333 -0.105694 0.351346 -0.007907 0.255130 0.137560 0.957039
1341839132.057881 -1.625026 -0.114948 0.351990 -0.007684 0.255420 0.135103 0.957313
1341839132.093669 -1.628350 -0.115274 0.354717 -0.006778 0.255874 0.134394 0.957299
1341839132.125565 -1.632125 -0.111740 0.356204 -0.007471 0.256445 0.136544 0.956836
1341839132.157636 -1.631036 -0.112618 0.355864 -0.007159 0.257713 0.139355 0.956093
1341839132.193673 -1.631797 -0.110819 0.357132 -0.007070 0.259474 0.142130 0.955208
1341839132.225804 -1.633571 -0.110802 0.357701 -0.007811 0.259623 0.142555 0.955098
1341839132.261812 -1.633032 -0.115140 0.358285 -0.007064 0.259935 0.142217 0.955070
1341839132.293590 -1.634935 -0.113335 0.359759 -0.005783 0.260171 0.145160 0.954571
1341839132.325554 -1.640406 -0.113983 0.362248 -0.006356 0.260124 0.146897 0.954315
1341839132.361528 -1.639747 -0.117408 0.362761 -0.005741 0.261008 0.146102 0.954199
1341839132.393650 -1.640892 -0.112943 0.364520 -0.004641 0.262238 0.147863 0.953596
1341839132.425622 -1.643803 -0.111234 0.365849 -0.005146 0.262922 0.151635 0.952813
1341839132.461663 -1.644818 -0.112895 0.366650 -0.005201 0.263233 0.152314 0.952618
1341839132.493798 -1.644540 -0.112189 0.367624 -0.004447 0.264313 0.151939 0.952383
1341839132.529690 -1.648812 -0.106463 0.369871 -0.004496 0.264564 0.153307 0.952094
1341839132.561519 -1.656456 -0.107775 0.373590 -0.006169 0.264461 0.153552 0.952074
1341839132.593700 -1.655873 -0.112333 0.374376 -0.005651 0.265016 0.152823 0.952040
1341839132.629507 -1.657278 -0.109067 0.376401 -0.003678 0.265391 0.155062 0.951583
1341839132.661576 -1.666792 -0.108339 0.381298 -0.005449 0.264935 0.157537 0.951295
1341839132.693571 -1.673295 -0.117651 0.384458 -0.008013 0.264975 0.155272 0.951638
1341839132.729515 -1.675336 -0.122388 0.387297 -0.005880 0.264554 0.151827 0.952326
1341839132.761625 -1.684845 -0.121958 0.393340 -0.004925 0.263447 0.151373 0.952711
1341839132.797547 -1.694290 -0.124743 0.397546 -0.006635 0.262014 0.151515 0.953073
1341839132.829637 -1.697686 -0.131929 0.399632 -0.006599 0.261289 0.150985 0.953356
1341839132.861592 -1.702103 -0.131281 0.403130 -0.004011 0.260788 0.154696 0.952913
1341839132.897486 -1.710871 -0.129874 0.406937 -0.004117 0.260256 0.161020 0.952010
1341839132.929713 -1.714665 -0.133065 0.408577 -0.004247 0.259971 0.163822 0.951609
1341839132.961705 -1.716186 -0.135546 0.409749 -0.003782 0.259859 0.163741 0.951655
1341839132.997927 -1.717434 -0.140677 0.410463 -0.003238 0.259462 0.165108 0.951529
1341839133.029816 -1.719814 -0.142103 0.411872 -0.002713 0.259410 0.166058 0.951380
1341839133.065602 -1.719633 -0.142588 0.411107 -0.003666 0.259478 0.165180 0.951511
1341839133.097540 -1.717721 -0.149716 0.409572 -0.003758 0.258844 0.163212 0.952023
1341839133.129508 -1.718447 -0.151392 0.410240 -0.003383 0.258709 0.160539 0.952515
1341839133.165630 -1.717798 -0.150121 0.408972 -0.004543 0.258972 0.159084 0.952683
1341839133.197576 -1.717552 -0.153065 0.408582 -0.005139 0.258928 0.156606 0.953103
1341839133.229574 -1.717998 -0.151903 0.408577 -0.005829 0.259003 0.153333 0.953610
1341839133.265549 -1.720345 -0.151605 0.409003 -0.006796 0.258573 0.151709 0.953980
1341839133.297600 -1.721602 -0.153335 0.409491 -0.006626 0.258354 0.150711 0.954199
1341839133.333601 -1.718264 -0.149946 0.407516 -0.005756 0.259090 0.152045 0.953793
1341839133.365789 -1.720995 -0.147685 0.408287 -0.005370 0.258898 0.154453 0.953461
1341839133.397692 -1.725750 -0.141090 0.410202 -0.005283 0.258869 0.155477 0.953303
1341839133.433673 -1.729459 -0.138414 0.410036 -0.007246 0.259190 0.156290 0.953069
1341839133.465589 -1.729830 -0.138731 0.409518 -0.007675 0.259287 0.154372 0.953352
1341839133.501571 -1.734433 -0.130925 0.410906 -0.007999 0.259317 0.153190 0.953532
1341839133.533533 -1.739329 -0.127217 0.410796 -0.010327 0.259380 0.154235 0.953324
1341839133.565553 -1.739352 -0.124272 0.409682 -0.010244 0.259678 0.155783 0.952992
1341839133.633642 -1.747962 -0.118384 0.409920 -0.012976 0.262511 0.158794 0.951685
1341839133.672597 -1.750636 -0.114297 0.409176 -0.011507 0.263875 0.161818 0.950817
1341839133.708834 -1.755229 -0.110019 0.409955 -0.013465 0.264160 0.161463 0.950772
1341839133.740662 -1.757002 -0.110023 0.410238 -0.013746 0.264290 0.162554 0.950546
1341839133.776632 -1.764139 -0.110650 0.413858 -0.013372 0.263841 0.163926 0.950441
1341839133.808566 -1.768567 -0.111403 0.416150 -0.014252 0.263743 0.162331 0.950729
1341839133.842375 -1.768621 -0.113569 0.416548 -0.013894 0.263844 0.161952 0.950771
1341839133.876620 -1.774624 -0.113749 0.420418 -0.012536 0.263436 0.164378 0.950486
1341839133.908528 -1.784192 -0.111675 0.425276 -0.013042 0.263083 0.165188 0.950437
1341839133.940713 -1.788866 -0.112218 0.427466 -0.014280 0.263138 0.163262 0.950736
1341839133.976740 -1.791907 -0.113590 0.429541 -0.014322 0.263080 0.162120 0.950948
1341839134.008547 -1.799232 -0.113447 0.433274 -0.014941 0.262680 0.161600 0.951137
1341839134.040599 -1.807033 -0.117199 0.437000 -0.016724 0.262247 0.158604 0.951731
1341839134.076583 -1.811951 -0.121018 0.440257 -0.016669 0.261597 0.155077 0.952492
1341839134.108666 -1.819490 -0.120102 0.444729 -0.016423 0.261312 0.153656 0.952804
1341839134.145583 -1.829618 -0.118436 0.449772 -0.017778 0.261024 0.153066 0.952954
1341839134.177037 -1.836303 -0.124395 0.453180 -0.019522 0.260703 0.150597 0.953401
1341839134.208585 -1.835995 -0.129424 0.454836 -0.017165 0.260733 0.149745 0.953572
1341839134.245077 -1.838189 -0.132798 0.457819 -0.013953 0.260820 0.154313 0.952873
1341839134.276660 -1.849539 -0.135279 0.463800 -0.014048 0.260187 0.157686 0.952492
1341839134.344596 -1.857317 -0.144729 0.467594 -0.015722 0.259553 0.155393 0.953015
1341839134.405658 -1.851322 -0.132056 0.455921 -0.011437 0.255970 0.155437 0.954038
1341839134.437582 -1.861542 -0.140138 0.458540 -0.015119 0.253878 0.154502 0.954697
1341839134.473570 -1.864818 -0.143971 0.460299 -0.012737 0.253583 0.151737 0.955254
1341839134.505576 -1.874932 -0.142407 0.466282 -0.010908 0.253035 0.152909 0.955234
1341839134.537527 -1.887472 -0.147790 0.471290 -0.013804 0.251028 0.153801 0.955584
1341839134.573575 -1.890819 -0.157091 0.473009 -0.014610 0.250798 0.150424 0.956169
1341839134.605581 -1.893790 -0.161980 0.474830 -0.011678 0.250250 0.148967 0.956581
1341839134.637613 -1.898935 -0.164243 0.478275 -0.009114 0.249905 0.149769 0.956574
1341839134.673530 -1.902189 -0.164933 0.479741 -0.009420 0.250085 0.150804 0.956361
1341839134.705768 -1.905302 -0.178038 0.480252 -0.007949 0.251050 0.150341 0.956195
1341839134.741672 -1.910948 -0.173237 0.484353 -0.000112 0.252773 0.150234 0.955791
1341839134.773479 -1.919009 -0.168116 0.488042 -0.000718 0.252596 0.151585 0.955624
1341839134.805757 -1.921609 -0.178660 0.488098 -0.002343 0.252669 0.152136 0.955514
1341839134.841632 -1.927549 -0.181974 0.490970 0.003887 0.256082 0.152524 0.954538
1341839134.873616 -1.927479 -0.184398 0.491806 0.005507 0.256427 0.154808 0.954070
1341839134.905696 -1.933341 -0.184036 0.494159 0.004428 0.256326 0.155189 0.954041
1341839134.941552 -1.934953 -0.189148 0.495038 0.003427 0.256540 0.152347 0.954445
1341839134.974666 -1.933758 -0.194536 0.495064 0.003866 0.256774 0.150255 0.954712
1341839135.009601 -1.932141 -0.194708 0.495176 0.005128 0.257281 0.151278 0.954408
1341839135.042135 -1.936301 -0.190810 0.497108 0.004672 0.257503 0.153083 0.954063
1341839135.073504 -1.938169 -0.191307 0.497900 0.003507 0.257725 0.150698 0.954388
1341839135.109696 -1.944506 -0.191155 0.504887 0.004484 0.261821 0.148452 0.953620
1341839135.141720 -1.947521 -0.187710 0.507148 0.003795 0.262593 0.150672 0.953063
1341839135.173566 -1.951482 -0.187966 0.509034 0.002958 0.262443 0.150720 0.953099
1341839135.209553 -1.950779 -0.191196 0.510857 0.003387 0.264014 0.146989 0.953247
1341839135.241688 -1.951418 -0.193041 0.515235 0.004789 0.266430 0.147445 0.952498
1341839135.277641 -1.956025 -0.189859 0.518062 0.005691 0.266340 0.151940 0.951811
1341839135.309842 -1.960483 -0.187503 0.520335 0.003836 0.266633 0.150386 0.951985
1341839135.341555 -1.963868 -0.195095 0.525608 0.004750 0.270179 0.146803 0.951541
1341839135.377558 -1.966112 -0.191066 0.532953 0.009635 0.273037 0.148806 0.950376
1341839135.409554 -1.971922 -0.192546 0.538495 0.005138 0.273156 0.151368 0.949972
1341839135.441588 -1.971761 -0.200489 0.539150 0.003127 0.274057 0.148644 0.950152
1341839135.477530 -1.978662 -0.201087 0.550806 0.008911 0.278762 0.147029 0.948997
1341839135.509758 -1.985542 -0.196764 0.558931 0.008570 0.280611 0.150654 0.947886
1341839135.545510 -1.989970 -0.200946 0.561296 0.003476 0.281122 0.151571 0.947620
1341839135.577577 -1.996364 -0.210997 0.568619 0.004633 0.284783 0.148697 0.946978
1341839135.609596 -2.003371 -0.209370 0.580300 0.009437 0.288692 0.149543 0.945624
1341839135.645470 -2.009117 -0.210575 0.586904 0.005926 0.290336 0.155198 0.944237
1341839135.677567 -2.011043 -0.219837 0.588626 0.003294 0.291400 0.156224 0.943753
1341839135.713508 -2.014310 -0.227468 0.594382 0.008261 0.294665 0.153245 0.943197
1341839135.745626 -2.014891 -0.227611 0.599309 0.012082 0.295906 0.152420 0.942901
1341839135.777556 -2.017980 -0.228013 0.602891 0.011208 0.297013 0.154247 0.942266
1341839135.813582 -2.018223 -0.235546 0.604476 0.010820 0.298163 0.155101 0.941767
1341839135.845539 -2.021385 -0.239037 0.611278 0.014552 0.300677 0.155631 0.940830
1341839135.877786 -2.025844 -0.239790 0.616963 0.014159 0.302330 0.157662 0.939967
1341839135.913620 -2.028409 -0.244977 0.619110 0.012682 0.303110 0.158312 0.939628
1341839135.945920 -2.026910 -0.252889 0.620146 0.013520 0.303829 0.155914 0.939785
1341839135.981913 -2.027860 -0.253653 0.622519 0.014226 0.304494 0.155554 0.939619
1341839136.014297 -2.031192 -0.253507 0.625781 0.014300 0.305319 0.159093 0.938757
1341839136.059226 -2.032532 -0.262862 0.628581 0.014897 0.306259 0.161688 0.937998
1341839136.120606 -2.033388 -0.265087 0.630312 0.014908 0.306940 0.160544 0.937972
1341839136.181673 -2.034364 -0.262812 0.630872 0.014663 0.306892 0.161010 0.937912
1341839136.214507 -2.037228 -0.264365 0.634133 0.014557 0.307871 0.160985 0.937597
1341839136.249624 -2.036769 -0.268906 0.634701 0.015938 0.308048 0.164559 0.936895
1341839136.281495 -2.037457 -0.267549 0.634711 0.016337 0.307613 0.167022 0.936595
1341839136.314066 -2.037215 -0.269991 0.633959 0.015273 0.307396 0.165057 0.937033
1341839136.349787 -2.036181 -0.274247 0.634216 0.017683 0.308089 0.161924 0.937310
1341839136.388618 -2.035943 -0.273580 0.634759 0.019108 0.308119 0.163716 0.936960
1341839136.449733 -2.040949 -0.274094 0.638054 0.015875 0.308543 0.166085 0.936464
1341839136.481697 -2.039505 -0.279022 0.637759 0.016065 0.308769 0.164841 0.936606
1341839136.517624 -2.040251 -0.276704 0.638001 0.016367 0.308568 0.165888 0.936482
1341839136.549505 -2.041196 -0.271806 0.638183 0.016157 0.308357 0.165921 0.936550
1341839136.581632 -2.040622 -0.274496 0.638177 0.016270 0.308511 0.165527 0.936567
1341839136.617613 -2.040725 -0.274938 0.638392 0.016700 0.308528 0.166244 0.936426
1341839136.649571 -2.042346 -0.270254 0.638693 0.016296 0.308317 0.166925 0.936382
1341839136.685554 -2.042600 -0.270846 0.638818 0.016089 0.308403 0.166745 0.936389
1341839136.717527 -2.041529 -0.274717 0.638519 0.016460 0.308456 0.166921 0.936334
1341839136.749496 -2.042336 -0.271691 0.638677 0.016398 0.308324 0.167213 0.936326
1341839136.785674 -2.044202 -0.266940 0.638745 0.015350 0.308195 0.166876 0.936447
1341839136.817542 -2.044214 -0.268132 0.638511 0.015126 0.308168 0.165564 0.936692
1341839136.849615 -2.043775 -0.269198 0.638508 0.015645 0.308251 0.165441 0.936678
1341839136.892657 -2.046231 -0.263815 0.639475 0.015590 0.308106 0.166832 0.936480
1341839136.953615 -2.046719 -0.270864 0.639028 0.017278 0.308431 0.166969 0.936319
1341839136.985942 -2.047141 -0.270488 0.639381 0.017545 0.308507 0.167216 0.936245
1341839137.017616 -2.049335 -0.267653 0.639755 0.016672 0.308471 0.167833 0.936162
1341839137.053572 -2.048995 -0.272867 0.639431 0.016431 0.308669 0.166459 0.936347
1341839137.085843 -2.048772 -0.275618 0.639937 0.017249 0.309071 0.165846 0.936308
1341839137.117537 -2.051497 -0.271952 0.641307 0.017390 0.309227 0.167797 0.935906
1341839137.153707 -2.053687 -0.271691 0.642137 0.017438 0.309241 0.169589 0.935578
1341839137.186296 -2.053806 -0.275931 0.642130 0.017879 0.309642 0.168790 0.935581
1341839137.221759 -2.057026 -0.279173 0.644591 0.018994 0.311147 0.168687 0.935078
1341839137.253565 -2.059535 -0.277364 0.645874 0.019895 0.311337 0.171870 0.934417
1341839137.285736 -2.062531 -0.274332 0.646542 0.019311 0.311311 0.173166 0.934198
1341839137.321642 -2.074862 -0.281497 0.652523 0.019966 0.314853 0.172862 0.933053
1341839137.353692 -2.080383 -0.283680 0.655430 0.022377 0.316673 0.174004 0.932170
1341839137.386256 -2.084577 -0.278512 0.656920 0.022182 0.316830 0.176294 0.931690
1341839137.421671 -2.088492 -0.282089 0.658004 0.021368 0.317942 0.176795 0.931236
1341839137.453657 -2.097096 -0.285400 0.662269 0.022734 0.320683 0.176242 0.930368
1341839137.489830 -2.099362 -0.283857 0.663169 0.022539 0.320978 0.176546 0.930213
1341839137.521652 -2.101562 -0.282787 0.663485 0.021546 0.321235 0.176134 0.930226
1341839137.553558 -2.102591 -0.285571 0.663606 0.020723 0.321795 0.173822 0.930486
1341839137.592577 -2.115639 -0.285213 0.668004 0.020074 0.324811 0.171629 0.929859
1341839137.628551 -2.118070 -0.281267 0.668845 0.019585 0.325032 0.171321 0.929849
1341839137.660598 -2.119844 -0.279374 0.669267 0.019283 0.325130 0.171698 0.929752
1341839137.692612 -2.121748 -0.275448 0.669650 0.018958 0.325200 0.171468 0.929776
1341839137.728532 -2.124578 -0.268804 0.670430 0.018449 0.325181 0.171589 0.929771
1341839137.760497 -2.126886 -0.265814 0.670518 0.017711 0.325090 0.172455 0.929657
1341839137.796681 -2.127603 -0.263852 0.670315 0.017615 0.325090 0.171858 0.929769
1341839137.828611 -2.130120 -0.257347 0.670906 0.016979 0.325037 0.171566 0.929854
1341839137.860523 -2.131906 -0.254493 0.670460 0.016049 0.324806 0.172158 0.929842
1341839137.896603 -2.133150 -0.255188 0.670894 0.016382 0.325038 0.172609 0.929671
1341839137.928510 -2.135435 -0.249837 0.671740 0.016237 0.324976 0.173415 0.929545
1341839137.964534 -2.137229 -0.248337 0.670636 0.014149 0.324553 0.174158 0.929588
1341839137.996524 -2.135912 -0.253720 0.669458 0.014427 0.324647 0.173100 0.929749
1341839138.028640 -2.135162 -0.251660 0.668922 0.014927 0.324540 0.171874 0.930006
1341839138.064541 -2.137084 -0.245707 0.669087 0.014176 0.324317 0.171864 0.930097
1341839138.096479 -2.137362 -0.247864 0.669220 0.014457 0.324360 0.172899 0.929886
1341839138.132550 -2.138128 -0.247454 0.669980 0.015338 0.324395 0.174050 0.929645
1341839138.164623 -2.139756 -0.243492 0.670335 0.014722 0.324207 0.174638 0.929610
1341839138.196431 -2.138764 -0.245666 0.669635 0.015092 0.324139 0.174598 0.929635
1341839138.232704 -2.138943 -0.245969 0.670526 0.017069 0.324235 0.176882 0.929136
1341839138.264578 -2.141251 -0.241855 0.672000 0.017516 0.324175 0.179413 0.928663
1341839138.300697 -2.142291 -0.241245 0.672445 0.016914 0.324210 0.179546 0.928636
1341839138.332541 -2.142545 -0.241529 0.672862 0.016410 0.324320 0.177499 0.929000
1341839138.364517 -2.143357 -0.239678 0.673272 0.014741 0.324497 0.173701 0.929684
1341839138.400834 -2.143037 -0.240993 0.673233 0.013838 0.324585 0.170646 0.930233
1341839138.432562 -2.143247 -0.240026 0.673675 0.014102 0.324628 0.170703 0.930203
1341839138.469017 -2.146432 -0.236574 0.676307 0.014227 0.325035 0.173256 0.929587
1341839138.500623 -2.149428 -0.236673 0.678992 0.013519 0.325906 0.174949 0.928975
1341839138.532584 -2.150209 -0.237444 0.680130 0.013432 0.326205 0.175118 0.928840
1341839138.568521 -2.150002 -0.239097 0.680925 0.013735 0.326479 0.174811 0.928797
1341839138.600559 -2.150854 -0.240052 0.682229 0.013573 0.326824 0.174674 0.928704
1341839138.637679 -2.151344 -0.240536 0.683091 0.013479 0.327039 0.174613 0.928641
1341839138.668579 -2.151775 -0.241552 0.684530 0.013264 0.327514 0.173279 0.928727
1341839138.700570 -2.154814 -0.242480 0.688724 0.012722 0.328594 0.172739 0.928453
1341839138.736618 -2.158187 -0.242778 0.693064 0.012426 0.329796 0.174800 0.927645
1341839138.768580 -2.162029 -0.244272 0.697737 0.011375 0.331153 0.176379 0.926876
1341839138.800591 -2.165858 -0.245666 0.702824 0.010015 0.332627 0.175272 0.926574
1341839138.836668 -2.171161 -0.245580 0.709939 0.008765 0.334515 0.174760 0.926003
1341839138.868631 -2.174337 -0.247562 0.714209 0.007448 0.335661 0.175222 0.925513
1341839138.900591 -2.177238 -0.250919 0.719649 0.007225 0.337111 0.174565 0.925112
1341839138.936751 -2.182959 -0.252513 0.727983 0.006393 0.339426 0.174958 0.924196
1341839138.968925 -2.188273 -0.254964 0.734485 0.005430 0.341241 0.177190 0.923108
1341839139.004685 -2.193301 -0.256069 0.739967 0.003838 0.342907 0.178285 0.922288
1341839139.036835 -2.198350 -0.256843 0.745289 0.002244 0.344616 0.178017 0.921708
1341839139.069010 -2.202905 -0.256446 0.750241 0.001200 0.345844 0.177878 0.921276
1341839139.105164 -2.207747 -0.256238 0.755404 0.000037 0.347332 0.179143 0.920472
1341839139.137964 -2.210230 -0.258694 0.758025 -0.000479 0.348148 0.181566 0.919688
1341839139.168993 -2.211170 -0.263809 0.760783 -0.000193 0.349394 0.181944 0.919141
1341839139.208632 -2.212568 -0.266718 0.763496 -0.000410 0.350304 0.181019 0.918977
1341839139.237233 -2.212231 -0.268467 0.764193 -0.000015 0.350534 0.180789 0.918935
1341839139.269740 -2.213455 -0.268988 0.765949 -0.000037 0.350964 0.180905 0.918748
1341839139.305090 -2.218055 -0.271116 0.770690 -0.001427 0.352717 0.180904 0.918075
1341839139.336872 -2.218954 -0.272497 0.771946 -0.001596 0.353059 0.181130 0.917899
1341839139.404779 -2.221835 -0.279502 0.778147 -0.001919 0.354848 0.179860 0.917458
1341839139.436967 -2.223325 -0.281837 0.780398 -0.001563 0.355702 0.179283 0.917241
1341839139.479384 -2.226093 -0.279939 0.783181 -0.001129 0.356072 0.181717 0.916619
1341839139.504961 -2.227516 -0.282738 0.784359 -0.002375 0.356400 0.182225 0.916388
1341839139.572716 -2.231775 -0.286950 0.788904 -0.001939 0.358640 0.179892 0.915976
1341839139.633776 -2.241733 -0.287666 0.799188 -0.004213 0.361222 0.182130 0.914511
1341839139.665625 -2.242712 -0.287909 0.800543 -0.004416 0.361546 0.181993 0.914409
1341839139.701587 -2.244897 -0.286961 0.802971 -0.004682 0.362175 0.181395 0.914278
1341839139.733553 -2.247478 -0.284784 0.805386 -0.004476 0.362556 0.182864 0.913835
1341839139.765553 -2.250825 -0.284056 0.808570 -0.004763 0.363320 0.184706 0.913159
1341839139.801543 -2.255558 -0.284945 0.812983 -0.005635 0.364690 0.186523 0.912238
1341839139.833756 -2.258902 -0.283523 0.815924 -0.005605 0.365069 0.188953 0.911586
1341839139.865591 -2.259921 -0.282761 0.816832 -0.006292 0.365113 0.189203 0.911512
1341839139.901631 -2.261298 -0.284246 0.818218 -0.006880 0.365614 0.187973 0.911562
1341839139.933716 -2.262731 -0.282866 0.819628 -0.005815 0.365879 0.189855 0.911073
1341839139.969603 -2.264433 -0.279831 0.820871 -0.006012 0.365591 0.191680 0.910805
1341839140.001567 -2.264430 -0.282883 0.821120 -0.007362 0.365569 0.189839 0.911189
1341839140.033569 -2.264593 -0.285328 0.822305 -0.007050 0.366441 0.187321 0.911363
1341839140.069602 -2.266740 -0.282295 0.824267 -0.005609 0.366694 0.190164 0.910682
1341839140.101607 -2.269024 -0.281028 0.825979 -0.006906 0.366501 0.193076 0.910138
1341839140.137593 -2.269000 -0.287589 0.825718 -0.009275 0.367023 0.190392 0.910472
1341839140.169583 -2.276161 -0.287327 0.830930 -0.006117 0.370011 0.188020 0.909782
1341839140.201678 -2.279732 -0.280760 0.834022 -0.005130 0.370094 0.190320 0.909276
1341839140.237641 -2.282270 -0.284861 0.835825 -0.009161 0.370269 0.192027 0.908814
1341839140.269632 -2.282844 -0.291256 0.836404 -0.010097 0.371174 0.190318 0.908794
1341839140.301538 -2.282704 -0.289914 0.837512 -0.008731 0.371597 0.188908 0.908930
1341839140.337608 -2.284523 -0.288022 0.838569 -0.009795 0.371587 0.189595 0.908780
1341839140.369503 -2.286351 -0.289390 0.839316 -0.010814 0.371985 0.189666 0.908591
1341839140.405652 -2.286699 -0.289145 0.839504 -0.010562 0.372054 0.189948 0.908506
1341839140.437622 -2.287949 -0.287033 0.840049 -0.010630 0.372017 0.190798 0.908343
1341839140.469802 -2.289744 -0.289736 0.840798 -0.011421 0.372668 0.191657 0.907885
1341839140.505600 -2.290607 -0.291078 0.841337 -0.010967 0.373109 0.192562 0.907518
1341839140.537508 -2.291662 -0.290524 0.841739 -0.011159 0.373118 0.193396 0.907335
1341839140.569631 -2.290515 -0.293358 0.840658 -0.011958 0.373234 0.191921 0.907590
1341839140.605614 -2.296169 -0.294131 0.843671 -0.010797 0.375231 0.191898 0.906786
1341839140.637520 -2.299225 -0.288794 0.845077 -0.009944 0.375445 0.194818 0.906084
1341839140.673589 -2.302062 -0.289382 0.845566 -0.012342 0.375357 0.196172 0.905799
1341839140.705526 -2.302672 -0.293629 0.845176 -0.013748 0.376144 0.193891 0.905943
1341839140.737690 -2.304509 -0.290880 0.846180 -0.012965 0.376650 0.192659 0.906007
1341839140.780691 -2.309955 -0.286242 0.848789 -0.014025 0.376858 0.195706 0.905252
1341839140.837561 -2.316933 -0.295128 0.850963 -0.014822 0.379067 0.199455 0.903497
1341839140.873616 -2.317825 -0.295201 0.851901 -0.015427 0.379161 0.197740 0.903824
1341839140.905496 -2.318376 -0.294726 0.851809 -0.016002 0.379263 0.196824 0.903971
1341839140.941764 -2.318870 -0.294046 0.852087 -0.015673 0.379246 0.197838 0.903763
1341839140.973483 -2.320261 -0.293386 0.852798 -0.015415 0.379389 0.199672 0.903303
1341839141.005687 -2.320991 -0.293582 0.853175 -0.015931 0.379574 0.199088 0.903346
1341839141.041564 -2.321809 -0.295869 0.853925 -0.017097 0.379791 0.197414 0.903601
1341839141.074063 -2.320205 -0.299022 0.853552 -0.016469 0.379899 0.196537 0.903758
1341839141.110271 -2.319184 -0.301908 0.854017 -0.015666 0.379981 0.197019 0.903633
1341839141.141854 -2.318533 -0.303834 0.854154 -0.015390 0.380080 0.196721 0.903661
1341839141.176858 -2.316885 -0.308231 0.853725 -0.015065 0.380225 0.195763 0.903814
1341839141.209658 -2.315925 -0.310388 0.854120 -0.013921 0.380525 0.195028 0.903864
1341839141.241623 -2.316487 -0.309726 0.854859 -0.014212 0.380594 0.194465 0.903952
1341839141.273659 -2.316319 -0.312963 0.854602 -0.015065 0.380745 0.193504 0.904081
1341839141.309576 -2.318043 -0.314372 0.855983 -0.013607 0.381811 0.193284 0.903701
1341839141.341687 -2.321240 -0.310750 0.858008 -0.013517 0.382004 0.194799 0.903296
1341839141.378026 -2.321829 -0.311547 0.857956 -0.014697 0.381910 0.194898 0.903296
1341839141.409623 -2.320727 -0.314733 0.857474 -0.014752 0.382130 0.192617 0.903691
1341839141.441571 -2.321701 -0.313344 0.858274 -0.014538 0.382350 0.192301 0.903669
1341839141.477635 -2.325574 -0.310729 0.860420 -0.014902 0.382834 0.194972 0.902885
1341839141.509696 -2.325720 -0.313562 0.860409 -0.015456 0.382783 0.196266 0.902617
1341839141.541659 -2.326039 -0.317959 0.860838 -0.014717 0.383951 0.194545 0.902506
1341839141.577526 -2.325483 -0.318923 0.861123 -0.013099 0.384435 0.192759 0.902708
1341839141.645706 -2.327983 -0.318580 0.863178 -0.011994 0.385168 0.195709 0.901776
1341839141.677487 -2.328127 -0.321781 0.863853 -0.011243 0.385390 0.197467 0.901307
1341839141.709572 -2.328792 -0.323657 0.865716 -0.011947 0.385369 0.194904 0.901865
1341839141.745638 -2.328425 -0.327562 0.866246 -0.014068 0.385187 0.190462 0.902861
1341839141.777895 -2.327518 -0.329443 0.866335 -0.012080 0.385638 0.189516 0.902896
1341839141.809561 -2.331205 -0.325513 0.869907 -0.010887 0.385840 0.192638 0.902164
1341839141.845701 -2.330918 -0.330367 0.870221 -0.013287 0.385661 0.193263 0.902074
1341839141.877530 -2.328908 -0.335883 0.869933 -0.011842 0.386190 0.191099 0.902329
1341839141.913569 -2.330140 -0.328864 0.873836 -0.008767 0.386612 0.190746 0.902258
1341839141.945636 -2.329242 -0.330986 0.875582 -0.012194 0.386001 0.190248 0.902585
1341839141.977668 -2.328241 -0.336676 0.875536 -0.013419 0.386329 0.187761 0.902948
1341839142.013466 -2.329604 -0.334786 0.877954 -0.011833 0.387084 0.186465 0.902916
1341839142.048866 -2.336495 -0.340086 0.886028 -0.016568 0.389384 0.185697 0.902010
1341839142.116693 -2.338744 -0.342934 0.888355 -0.016145 0.390700 0.185460 0.901497
1341839142.181588 -2.346155 -0.343119 0.900922 -0.016300 0.393863 0.186824 0.899835
1341839142.213523 -2.347174 -0.349002 0.903535 -0.016660 0.394913 0.187943 0.899135
1341839142.245657 -2.350694 -0.351557 0.910057 -0.014190 0.397286 0.188631 0.897987
1341839142.281484 -2.355099 -0.352622 0.919072 -0.014250 0.399197 0.190024 0.896844
1341839142.313501 -2.354828 -0.363353 0.921325 -0.016420 0.399639 0.188650 0.896900
1341839142.349595 -2.362148 -0.365914 0.928970 -0.013533 0.403795 0.185500 0.895743
1341839142.413736 -2.374066 -0.370012 0.942068 -0.015375 0.408282 0.194065 0.891857
1341839142.449600 -2.379222 -0.379969 0.946542 -0.016944 0.410987 0.192906 0.890837
1341839142.481586 -2.388961 -0.383305 0.955351 -0.015577 0.415404 0.190430 0.889344
1341839142.513495 -2.392279 -0.384370 0.960330 -0.015389 0.416888 0.190818 0.888570
1341839142.549621 -2.394829 -0.386566 0.964211 -0.016509 0.417222 0.192471 0.888036
1341839142.581646 -2.394602 -0.394523 0.964298 -0.017972 0.418171 0.191282 0.887818
1341839142.617733 -2.404461 -0.393222 0.971557 -0.015680 0.421880 0.189940 0.886394
1341839142.649501 -2.407751 -0.390716 0.975458 -0.016197 0.422136 0.191348 0.885960
1341839142.681490 -2.408626 -0.397492 0.976608 -0.017723 0.422839 0.192558 0.885333
1341839142.717648 -2.415074 -0.401277 0.981669 -0.016725 0.425888 0.192108 0.883988
1341839142.749655 -2.415233 -0.402548 0.982626 -0.016312 0.426212 0.191728 0.883922
1341839142.781698 -2.414549 -0.407485 0.983172 -0.016279 0.426485 0.192372 0.883651
1341839142.817748 -2.416712 -0.408901 0.985775 -0.015380 0.427747 0.192936 0.882934
1341839142.849646 -2.417570 -0.409993 0.987304 -0.015458 0.428099 0.193207 0.882702
1341839142.885615 -2.417658 -0.415823 0.989331 -0.015878 0.428575 0.192648 0.882586
1341839142.917485 -2.418597 -0.416780 0.990752 -0.016240 0.428992 0.192255 0.882463
1341839142.949726 -2.420943 -0.416136 0.992666 -0.016203 0.429840 0.193518 0.881774
1341839142.985900 -2.421980 -0.417344 0.994310 -0.016159 0.430046 0.194944 0.881361
1341839143.025376 -2.431692 -0.420978 1.001834 -0.016698 0.434031 0.193704 0.879669
1341839143.056750 -2.434008 -0.417844 1.004126 -0.016084 0.434199 0.195335 0.879237
1341839143.092610 -2.434483 -0.421585 1.006495 -0.016995 0.434247 0.196263 0.878989
1341839143.124560 -2.433715 -0.426507 1.007170 -0.017488 0.434612 0.194025 0.879296
1341839143.160701 -2.434204 -0.427833 1.008606 -0.017353 0.435016 0.191762 0.879595
1341839143.224815 -2.435236 -0.426931 1.009849 -0.017783 0.435080 0.192154 0.879469
1341839143.285789 -2.439374 -0.425874 1.013543 -0.019740 0.435962 0.192377 0.878942
1341839143.321671 -2.440904 -0.423741 1.015325 -0.020501 0.435389 0.193230 0.879021
1341839143.353517 -2.441008 -0.425552 1.016512 -0.020880 0.434953 0.193029 0.879272
1341839143.385603 -2.440752 -0.427819 1.017346 -0.021195 0.435190 0.190412 0.879718
1341839143.421529 -2.442998 -0.423433 1.018922 -0.021285 0.435346 0.190480 0.879624
1341839143.453645 -2.444344 -0.423021 1.020571 -0.021998 0.435120 0.192993 0.879170
1341839143.485734 -2.444223 -0.426463 1.020902 -0.022717 0.435313 0.192569 0.879150
1341839143.521668 -2.445661 -0.426354 1.022326 -0.023378 0.435943 0.190294 0.879316
1341839143.553630 -2.447650 -0.423791 1.023640 -0.024206 0.436108 0.189862 0.879305
1341839143.590154 -2.449355 -0.423258 1.025091 -0.024794 0.436251 0.191407 0.878882
1341839143.621854 -2.450828 -0.425665 1.026557 -0.025426 0.436986 0.192345 0.878294
1341839143.653546 -2.453203 -0.422188 1.028229 -0.025632 0.437689 0.191447 0.878134
1341839143.689669 -2.455764 -0.422269 1.029941 -0.027863 0.437843 0.192736 0.877707
1341839143.721563 -2.460758 -0.427399 1.032463 -0.029276 0.440119 0.191900 0.876706
1341839143.753557 -2.471331 -0.420120 1.038747 -0.030066 0.443683 0.191987 0.874862
1341839143.789597 -2.478549 -0.422010 1.043104 -0.033480 0.444837 0.198873 0.872611
1341839143.821488 -2.477660 -0.430218 1.043156 -0.034730 0.444847 0.200586 0.872164
1341839143.857691 -2.482903 -0.432464 1.047934 -0.034156 0.447904 0.194923 0.871906
1341839143.889668 -2.486749 -0.426934 1.051135 -0.033596 0.448999 0.194366 0.871489
1341839143.921613 -2.487639 -0.428740 1.053651 -0.033594 0.448663 0.198648 0.870696
1341839143.957679 -2.488240 -0.432892 1.055445 -0.033440 0.449423 0.199891 0.870025
1341839143.989692 -2.490720 -0.432438 1.058067 -0.033094 0.450438 0.200074 0.869472
1341839144.021612 -2.490660 -0.433485 1.060584 -0.034010 0.449878 0.200436 0.869643
1341839144.057581 -2.491169 -0.436806 1.063119 -0.034336 0.450246 0.199677 0.869614
1341839144.089682 -2.492659 -0.436998 1.065462 -0.034093 0.450842 0.199976 0.869246
1341839144.125588 -2.492965 -0.439591 1.068109 -0.034154 0.450721 0.201520 0.868950
1341839144.157579 -2.493272 -0.443502 1.071166 -0.034186 0.451002 0.202218 0.868640
1341839144.189633 -2.492933 -0.449161 1.073049 -0.034483 0.451454 0.201924 0.868462
1341839144.225642 -2.494209 -0.450812 1.076180 -0.033794 0.452104 0.201669 0.868211
1341839144.257760 -2.495784 -0.451382 1.079568 -0.034100 0.452328 0.202634 0.867857
1341839144.289779 -2.495274 -0.454121 1.079739 -0.033970 0.452557 0.202336 0.867813
1341839144.325641 -2.497358 -0.454126 1.082566 -0.032911 0.453828 0.202155 0.867232
1341839144.357603 -2.499943 -0.453352 1.086109 -0.034209 0.454421 0.204366 0.866352
1341839144.393630 -2.500787 -0.456239 1.087659 -0.035009 0.454933 0.205595 0.865760
1341839144.425526 -2.501570 -0.458307 1.090370 -0.034532 0.455629 0.204007 0.865789
1341839144.457696 -2.503201 -0.458223 1.094024 -0.034413 0.455633 0.202811 0.866073
1341839144.493799 -2.502156 -0.461843 1.096172 -0.035124 0.455110 0.203517 0.866154
1341839144.525996 -2.502904 -0.464666 1.098800 -0.034741 0.455456 0.203341 0.866028
1341839144.561696 -2.504433 -0.462698 1.101705 -0.033192 0.456040 0.203304 0.865791
1341839144.593602 -2.498880 -0.464427 1.101270 -0.034837 0.453999 0.204044 0.866624
1341839144.627771 -2.497205 -0.470763 1.101120 -0.035142 0.454019 0.204971 0.866383
1341839144.661818 -2.499358 -0.470136 1.104405 -0.032980 0.455153 0.205785 0.865679
1341839144.732548 -2.496985 -0.480795 1.107407 -0.034022 0.454175 0.203320 0.866734
1341839144.793602 -2.497941 -0.482631 1.110605 -0.033595 0.454651 0.202776 0.866629
1341839144.829602 -2.497230 -0.486396 1.110442 -0.033274 0.455102 0.203923 0.866135
1341839144.861614 -2.497280 -0.487302 1.111081 -0.032638 0.455361 0.203547 0.866112
1341839144.893704 -2.496773 -0.491248 1.111778 -0.033435 0.455530 0.202243 0.866298
1341839144.929498 -2.496665 -0.493788 1.112629 -0.032589 0.455992 0.201115 0.866350
1341839144.961563 -2.497133 -0.492459 1.114161 -0.032550 0.455486 0.201753 0.866469
1341839144.993581 -2.496960 -0.493239 1.113953 -0.033443 0.455341 0.202219 0.866403
1341839145.029623 -2.496832 -0.494164 1.114042 -0.032858 0.455562 0.201817 0.866403
1341839145.061626 -2.497156 -0.494017 1.115330 -0.032710 0.455153 0.201739 0.866641
1341839145.097529 -2.497231 -0.496565 1.116260 -0.033901 0.455221 0.200746 0.866791
1341839145.129540 -2.497720 -0.497799 1.117234 -0.033924 0.455586 0.198960 0.867010
1341839145.161548 -2.499114 -0.494668 1.118898 -0.033589 0.455219 0.198720 0.867271
1341839145.197472 -2.499038 -0.494402 1.118857 -0.034326 0.455007 0.199093 0.867267
1341839145.229600 -2.499574 -0.494033 1.118645 -0.035084 0.455382 0.197356 0.867437
1341839145.262518 -2.499841 -0.492498 1.118448 -0.035306 0.455298 0.196636 0.867635
1341839145.297552 -2.500099 -0.491076 1.118543 -0.036351 0.454976 0.197481 0.867569
1341839145.329591 -2.499790 -0.491470 1.117252 -0.036609 0.455419 0.197531 0.867315
