4519.53 0.000000 0.000000 0.000000 0.000000 0.000000 0.000000 1.000000
4519.562686 0.019636 -0.000207 0.001466 -0.002134 -0.006896 0.003543 0.999968
4519.599550 0.039151 0.000371 0.003219 -0.003970 -0.013833 0.005804 0.999880
4519.636413 0.059859 0.000914 0.005174 -0.005837 -0.020230 0.007106 0.999753
4519.673276 0.082300 -0.000457 0.007559 -0.009163 -0.025338 0.009150 0.999595
4519.710140 0.101722 -0.000486 0.009645 -0.013005 -0.026839 0.010425 0.999501
4519.747004 0.122060 -0.000453 0.012007 -0.015866 -0.026743 0.012517 0.999438
4519.783867 0.143235 -0.000911 0.014287 -0.017954 -0.024611 0.013075 0.999450
4519.820730 0.162185 0.000358 0.016192 -0.018441 -0.020280 0.014500 0.999519
4519.857594 0.183043 0.002389 0.019070 -0.017468 -0.015108 0.015628 0.999611
4519.894457 0.204156 -0.000106 0.021838 -0.018246 -0.009632 0.014654 0.999680
4519.931321 0.225235 0.002590 0.025154 -0.018131 -0.004826 0.014205 0.999723
4519.968184 0.242038 0.002029 0.028299 -0.018466 0.000100 0.013308 0.999741
4520.005048 0.258700 0.000552 0.031918 -0.018244 0.004557 0.012758 0.999742
4520.041911 0.175668 -0.005729 0.030481 -0.018282 0.033262 0.023316 0.999007
4520.078774 0.192042 -0.005572 0.034329 -0.015097 0.035191 0.022727 0.999008
4520.115638 0.207053 -0.006049 0.038726 -0.011851 0.037199 0.023134 0.998970
4520.152501 0.222828 -0.008795 0.044216 -0.011110 0.039350 0.023135 0.998896
4520.189365 0.234199 -0.014249 0.049704 -0.011935 0.040717 0.023133 0.998832
4520.226228 0.246832 -0.018845 0.058065 -0.011113 0.038883 0.023503 0.998906
4520.263092 0.263034 -0.024817 0.068295 -0.009728 0.033950 0.022721 0.999118
4520.299955 0.274163 -0.030103 0.078166 -0.007748 0.029942 0.021595 0.999288
4520.336818 0.291392 -0.039350 0.090785 -0.007519 0.025765 0.020339 0.999433
4520.373682 0.304658 -0.044247 0.101387 -0.007857 0.024563 0.021957 0.999426
4520.410546 0.320974 -0.049835 0.112890 -0.008429 0.023012 0.023218 0.999430
4520.447409 0.338507 -0.057637 0.124426 -0.008615 0.021583 0.023064 0.999464
4520.484272 0.354233 -0.066548 0.135440 -0.007821 0.022123 0.021840 0.999486
4520.521136 0.372275 -0.074307 0.146011 -0.006859 0.023557 0.022378 0.999448
4520.557999 0.391551 -0.078201 0.156921 -0.004775 0.025361 0.023124 0.999399
4520.594863 0.409422 -0.084471 0.166957 -0.003543 0.027332 0.021718 0.999384
4520.631726 0.424977 -0.094492 0.177272 -0.002554 0.029218 0.016721 0.999430
4520.668590 0.442417 -0.100972 0.188625 0.000640 0.031566 0.013200 0.999414
4520.705453 0.458300 -0.107740 0.199931 0.003938 0.036425 0.011344 0.999264
4520.742316 0.472590 -0.113612 0.211291 0.006556 0.042891 0.011941 0.998987
4520.779180 0.487537 -0.118921 0.222380 0.007901 0.048529 0.012730 0.998709
4520.816043 0.499178 -0.128580 0.233712 0.007437 0.052136 0.013754 0.998518
4520.852907 0.511140 -0.133093 0.245539 0.008884 0.051731 0.014301 0.998519
4520.889771 0.525602 -0.139415 0.258335 0.010706 0.047554 0.015108 0.998697
4520.926634 0.536510 -0.145955 0.271097 0.012614 0.042357 0.015749 0.998899
4520.963497 0.543809 -0.152954 0.283270 0.014234 0.037456 0.014716 0.999089
4521.000361 0.553644 -0.160030 0.295338 0.016276 0.033354 0.011653 0.999243
4521.037224 0.567225 -0.167173 0.308578 0.019226 0.030662 0.008635 0.999308
4521.074088 0.575413 -0.171121 0.320866 0.023449 0.030877 0.006751 0.999225
4521.110951 0.587671 -0.176065 0.333465 0.028098 0.029968 0.003397 0.999150
4521.147814 0.600218 -0.182780 0.347544 0.033060 0.028778 -0.001313 0.999038
4521.184678 0.612177 -0.187124 0.361407 0.038086 0.026976 -0.007027 0.998886
4521.221541 0.623046 -0.194907 0.373775 0.041599 0.023621 -0.012322 0.998779
4521.258405 0.633736 -0.201705 0.388152 0.045822 0.018391 -0.017780 0.998622
4521.295268 0.646793 -0.207946 0.404823 0.049893 0.011354 -0.025835 0.998356
4521.332132 0.657795 -0.215197 0.418258 0.051628 0.004783 -0.032109 0.998139
4521.368995 0.667482 -0.224416 0.434490 0.053159 -0.002583 -0.038717 0.997832
4521.405859 0.679063 -0.232579 0.451809 0.055010 -0.011396 -0.044007 0.997450
4521.442722 0.687448 -0.239177 0.466539 0.054513 -0.020694 -0.048781 0.997106
4521.479586 0.698104 -0.246626 0.481326 0.051931 -0.031889 -0.054443 0.996656
4521.516449 0.708267 -0.251893 0.496533 0.048916 -0.044148 -0.058389 0.996117
4521.553312 0.716749 -0.261856 0.514239 0.044795 -0.056499 -0.064064 0.995338
4521.590176 0.723414 -0.270111 0.531040 0.040071 -0.067457 -0.067192 0.994650
4521.627039 0.734259 -0.271324 0.546757 0.036876 -0.077452 -0.068404 0.993963
4521.663903 0.740947 -0.274240 0.563295 0.034124 -0.083471 -0.068433 0.993572
4521.700766 0.751244 -0.275209 0.579048 0.032243 -0.087921 -0.070656 0.993095
4521.737629 0.760788 -0.278946 0.595824 0.030962 -0.091592 -0.074609 0.992515
4521.774493 0.768339 -0.283288 0.612918 0.031430 -0.094792 -0.079148 0.991848
4521.811357 0.778349 -0.287194 0.629549 0.031659 -0.098045 -0.084475 0.991085
4521.848220 0.784230 -0.288984 0.645295 0.031617 -0.101128 -0.087849 0.990483
4521.885083 0.793537 -0.291802 0.663083 0.030388 -0.107273 -0.091305 0.989562
4521.921947 0.803404 -0.294864 0.682317 0.028606 -0.117160 -0.095279 0.988118
4521.958810 0.810930 -0.297013 0.699810 0.026991 -0.128966 -0.099494 0.986276
4521.995674 0.819092 -0.302419 0.718916 0.024814 -0.141035 -0.104082 0.984205
4522.032537 0.828406 -0.305313 0.737728 0.022032 -0.150215 -0.107406 0.982555
4522.069401 0.839643 -0.307291 0.753282 0.016362 -0.155209 -0.110409 0.981556
4522.106264 0.851201 -0.309698 0.769633 0.010496 -0.156812 -0.113659 0.981010
4522.143128 0.863411 -0.314513 0.784920 0.005293 -0.156245 -0.120284 0.980353
4522.179991 0.876051 -0.318936 0.798933 0.003672 -0.154382 -0.130262 0.979380
4522.216854 0.889546 -0.323957 0.814431 0.004756 -0.151068 -0.139422 0.978630
4522.253718 0.901939 -0.327980 0.828190 0.006155 -0.146190 -0.145176 0.978527
4522.290581 0.913769 -0.333607 0.841167 0.005657 -0.140992 -0.147144 0.978998
4522.327445 0.927211 -0.336956 0.854349 0.006051 -0.138858 -0.147578 0.979236
4522.364308 0.936045 -0.339671 0.865326 0.005960 -0.139822 -0.148417 0.978972
4522.401171 0.946701 -0.342416 0.878855 0.006174 -0.146199 -0.149418 0.977887
4522.438035 0.957521 -0.345092 0.893524 0.007327 -0.156701 -0.151651 0.975906
4522.474899 0.966770 -0.349940 0.906088 0.007974 -0.167555 -0.155736 0.973452
4522.511762 0.978316 -0.353838 0.919423 0.009691 -0.178059 -0.160324 0.970823
4522.548625 0.988842 -0.358297 0.931868 0.011471 -0.186003 -0.165058 0.968518
4522.585489 1.000197 -0.362543 0.942963 0.013732 -0.192887 -0.170177 0.966254
4522.622352 1.013390 -0.365616 0.955871 0.018490 -0.200191 -0.175381 0.963755
4522.659216 1.026117 -0.368759 0.967569 0.022867 -0.207362 -0.180379 0.961219
4522.696079 1.037659 -0.372976 0.978718 0.025903 -0.215037 -0.186055 0.958369
4522.732943 1.052419 -0.374955 0.991482 0.028675 -0.224070 -0.191702 0.955102
4522.769806 1.064438 -0.378983 1.002035 0.027427 -0.233666 -0.196802 0.951797
4522.806669 1.076499 -0.381116 1.011436 0.023503 -0.243352 -0.201001 0.948592
4522.843533 1.089520 -0.383347 1.020254 0.016066 -0.253583 -0.202810 0.945677
4522.880396 1.102536 -0.385527 1.029135 0.007249 -0.265684 -0.202680 0.942486
4522.917260 1.115849 -0.386317 1.037301 -0.000413 -0.279738 -0.202121 0.938559
4522.954123 1.129670 -0.387064 1.045637 -0.006077 -0.294295 -0.200740 0.934375
4522.990987 1.143577 -0.386695 1.051758 -0.011875 -0.306073 -0.198074 0.931099
4523.027850 1.160507 -0.385946 1.057625 -0.017147 -0.314069 -0.194831 0.929036
4523.064714 1.177298 -0.387182 1.063989 -0.019663 -0.317970 -0.191014 0.928452
4523.101577 1.194105 -0.388689 1.068330 -0.021614 -0.317981 -0.186991 0.929223
4523.138441 1.212651 -0.390271 1.071975 -0.024017 -0.316589 -0.183637 0.930308
4523.175304 1.234283 -0.387163 1.073824 -0.026183 -0.315273 -0.180016 0.931403
4523.212167 1.255116 -0.387381 1.076604 -0.028270 -0.315086 -0.177847 0.931822
4523.249031 1.276308 -0.386886 1.078358 -0.028315 -0.315884 -0.178149 0.931493
4523.285894 1.298866 -0.386451 1.079495 -0.027486 -0.315963 -0.180162 0.931104
4523.322758 1.323162 -0.387343 1.082006 -0.026148 -0.314917 -0.182660 0.931010
4523.359621 1.348101 -0.383457 1.081804 -0.024091 -0.312521 -0.183552 0.931697
4523.396485 1.372851 -0.380874 1.079443 -0.024138 -0.309493 -0.183720 0.932673
4523.433348 1.399945 -0.378148 1.079954 -0.023641 -0.308847 -0.183116 0.933018
4523.470212 1.424964 -0.378166 1.079960 -0.022535 -0.310636 -0.183418 0.932392
4523.507075 1.450326 -0.380372 1.079932 -0.022213 -0.313310 -0.184732 0.931245
4523.543938 1.475090 -0.382057 1.079077 -0.021854 -0.315285 -0.186834 0.930167
4523.580802 1.499591 -0.383327 1.077253 -0.021947 -0.315597 -0.187857 0.929853
4523.617665 1.525787 -0.385110 1.078217 -0.021415 -0.315967 -0.188378 0.929635
4523.654529 1.549251 -0.387196 1.077142 -0.020616 -0.316503 -0.187518 0.929644
4523.691392 1.573113 -0.393127 1.079068 -0.020205 -0.318757 -0.185796 0.929228
4523.728256 1.596358 -0.398726 1.082550 -0.018560 -0.322976 -0.183885 0.928185
4523.765119 1.618961 -0.402428 1.085448 -0.015706 -0.328157 -0.181342 0.926920
4523.801983 1.640858 -0.407896 1.090707 -0.011348 -0.333835 -0.179150 0.925381
4523.838846 1.664791 -0.410638 1.097615 -0.006464 -0.338239 -0.176585 0.924322
4523.875710 1.687031 -0.415385 1.104692 -0.002937 -0.341181 -0.174300 0.923692
4523.912573 1.707120 -0.424346 1.112426 -0.000980 -0.343472 -0.173111 0.923070
4523.949436 1.727761 -0.430625 1.119896 0.001158 -0.346898 -0.172103 0.921977
4523.986300 1.747765 -0.435965 1.129171 0.005154 -0.352530 -0.172115 0.919822
4524.023163 1.767424 -0.443075 1.139832 0.009055 -0.360033 -0.173565 0.916608
4524.060027 1.789189 -0.447023 1.150481 0.011623 -0.366936 -0.177439 0.913093
4524.096890 1.811746 -0.448930 1.160641 0.011586 -0.372006 -0.182245 0.910090
4524.133754 1.831624 -0.453642 1.169769 0.009844 -0.375984 -0.187758 0.907351
4524.170617 1.850865 -0.454992 1.178057 0.008515 -0.379165 -0.193176 0.904900
4524.207481 1.870370 -0.457564 1.186664 0.005146 -0.381639 -0.198233 0.902790
4524.244344 1.891584 -0.457779 1.194757 0.001212 -0.384097 -0.202311 0.900854
4524.281207 1.910954 -0.459241 1.200971 -0.001061 -0.387656 -0.206435 0.898391
4524.318071 1.931031 -0.460441 1.210465 -0.000505 -0.393067 -0.208127 0.895646
4524.354934 1.948503 -0.463489 1.217700 0.000542 -0.398158 -0.209206 0.893142
4524.391798 1.965943 -0.465396 1.222472 0.000004 -0.401260 -0.209331 0.891724
4524.428661 1.985606 -0.469240 1.228611 -0.003182 -0.403160 -0.209313 0.890865
4524.465524 2.006859 -0.468321 1.235208 -0.006232 -0.405633 -0.208625 0.889887
4524.502388 2.025745 -0.469422 1.240303 -0.008713 -0.408972 -0.208876 0.888278
4524.539252 2.048075 -0.470456 1.246616 -0.010533 -0.413480 -0.210036 0.885894
4524.576115 2.071193 -0.466717 1.251869 -0.011253 -0.417558 -0.210465 0.883868
4524.612978 2.095278 -0.460973 1.255983 -0.010993 -0.420944 -0.210363 0.882288
4524.649842 2.118688 -0.460730 1.261195 -0.011218 -0.423896 -0.211503 0.880598
4524.686705 2.141735 -0.461704 1.268404 -0.012249 -0.426143 -0.212157 0.879341
4524.723569 2.165867 -0.461971 1.274782 -0.014913 -0.426708 -0.213501 0.878701
4524.760432 2.187950 -0.466081 1.280107 -0.019875 -0.427235 -0.215420 0.877878
4524.797296 2.210050 -0.469554 1.284984 -0.023952 -0.429044 -0.217948 0.876268
4524.834159 2.233374 -0.471930 1.291949 -0.027018 -0.431939 -0.219833 0.874284
4524.871022 2.256562 -0.473431 1.299819 -0.029108 -0.433933 -0.221580 0.872787
4524.907886 2.276773 -0.475069 1.304586 -0.031559 -0.433788 -0.220914 0.872943
4524.944749 2.298574 -0.478973 1.310603 -0.031957 -0.433052 -0.220547 0.873386
4524.981613 2.316231 -0.482695 1.313444 -0.030767 -0.430908 -0.218941 0.874893
4525.018476 2.334544 -0.486736 1.319375 -0.027437 -0.429202 -0.216794 0.876375
4525.055340 2.352220 -0.493883 1.326949 -0.024622 -0.427884 -0.214074 0.877770
4525.092203 2.370110 -0.501522 1.336974 -0.022391 -0.427789 -0.210797 0.878669
4525.129067 2.387049 -0.508747 1.347256 -0.020589 -0.429986 -0.207909 0.878329
4525.165930 2.403111 -0.516611 1.356542 -0.019572 -0.433760 -0.206224 0.876893
4525.202794 2.420899 -0.523815 1.369907 -0.017184 -0.439727 -0.206018 0.874015
4525.239657 2.438512 -0.533885 1.384335 -0.014984 -0.446556 -0.206760 0.870410
4525.276520 2.455299 -0.542216 1.398711 -0.012151 -0.453415 -0.208038 0.866595
4525.313384 2.469225 -0.551227 1.410460 -0.009279 -0.459056 -0.209361 0.863336
4525.350247 2.484820 -0.561095 1.424694 -0.006252 -0.463853 -0.210408 0.860541
4525.387111 2.500156 -0.569559 1.441392 -0.003370 -0.468154 -0.209623 0.858417
4525.423974 2.512571 -0.579570 1.456170 -0.001081 -0.471396 -0.209465 0.856685
4525.460838 2.524667 -0.585781 1.471323 -0.000577 -0.473982 -0.210338 0.855043
4525.497701 2.536920 -0.590887 1.484936 -0.002815 -0.475684 -0.212846 0.853471
4525.534564 2.547971 -0.594609 1.500113 -0.004847 -0.477684 -0.215445 0.851691
4525.571428 2.561006 -0.601346 1.520035 -0.006142 -0.480942 -0.217737 0.849263
4525.608291 2.568056 -0.608386 1.536618 -0.007155 -0.483508 -0.218448 0.847614
4525.645155 2.575255 -0.614528 1.553180 -0.007640 -0.485350 -0.218149 0.846633
4525.682018 2.580024 -0.619152 1.567916 -0.009656 -0.485878 -0.216533 0.846725
4525.718882 2.587740 -0.620369 1.581586 -0.011786 -0.485648 -0.215968 0.846974
4525.755745 2.593472 -0.624853 1.597585 -0.014407 -0.486013 -0.215151 0.846932
4525.792609 2.597589 -0.627924 1.611805 -0.016120 -0.487334 -0.213760 0.846494
4525.829472 2.602334 -0.633856 1.630562 -0.017366 -0.489909 -0.212259 0.845360
4525.866336 2.603625 -0.636659 1.644936 -0.017817 -0.491239 -0.210994 0.844895
4525.903199 2.604745 -0.642733 1.660318 -0.019291 -0.491395 -0.210816 0.844816
4525.940063 2.606263 -0.646468 1.675057 -0.021647 -0.491073 -0.210761 0.844961
4525.976926 2.607610 -0.647411 1.690854 -0.022997 -0.490753 -0.211500 0.844926
4526.013789 2.610913 -0.650788 1.710722 -0.024113 -0.491251 -0.213412 0.844125
4526.050653 2.611364 -0.654283 1.729730 -0.025580 -0.491132 -0.214807 0.843797
4526.087516 2.611525 -0.659585 1.750221 -0.027514 -0.490008 -0.215899 0.844111
4526.124380 2.608213 -0.672106 1.770960 -0.030898 -0.487513 -0.217357 0.845063
4526.161243 2.606355 -0.677545 1.790231 -0.032231 -0.485731 -0.218809 0.845665
4526.198107 2.603245 -0.682752 1.807857 -0.033417 -0.484325 -0.219569 0.846228
4526.234970 2.604918 -0.688791 1.830779 -0.035324 -0.483429 -0.219058 0.846795
4526.271834 2.605860 -0.693272 1.850616 -0.039759 -0.481159 -0.217313 0.848340
4526.308697 2.607293 -0.699276 1.870489 -0.045399 -0.480645 -0.216031 0.848676
4526.345560 2.605480 -0.707478 1.890863 -0.049935 -0.482948 -0.214994 0.847376
4526.382424 2.606411 -0.715681 1.912176 -0.052985 -0.486140 -0.214367 0.845522
4526.419287 2.605301 -0.723597 1.931668 -0.056035 -0.488740 -0.212782 0.844226
4526.456151 2.607257 -0.728089 1.950821 -0.058742 -0.489798 -0.211311 0.843798
4526.493014 2.609298 -0.732479 1.969215 -0.061905 -0.488590 -0.209990 0.844602
4526.529877 2.613944 -0.736019 1.988150 -0.064188 -0.487414 -0.209963 0.845117
4526.566741 2.616857 -0.739167 2.005084 -0.065563 -0.485765 -0.209900 0.845976
4526.603605 2.619647 -0.743591 2.022939 -0.065993 -0.484814 -0.209983 0.846468
4526.640468 2.623420 -0.747913 2.041516 -0.066248 -0.484441 -0.210898 0.846434
4526.677331 2.628381 -0.753903 2.061095 -0.067118 -0.484969 -0.213097 0.845511
4526.714195 2.634228 -0.760248 2.081480 -0.067073 -0.487215 -0.215355 0.843650
4526.751058 2.639538 -0.768120 2.102032 -0.066345 -0.490710 -0.217623 0.841096
4526.787922 2.645847 -0.774840 2.121781 -0.064178 -0.493961 -0.219926 0.838759
4526.824785 2.653683 -0.783351 2.142885 -0.061650 -0.496003 -0.221954 0.837208
4526.861649 2.661349 -0.793339 2.163111 -0.059102 -0.497510 -0.223848 0.835992
4526.898512 2.670075 -0.802758 2.183161 -0.056017 -0.497916 -0.226609 0.835219
4526.935375 2.680655 -0.812814 2.203969 -0.054425 -0.497480 -0.230066 0.834638
4526.972239 2.690264 -0.822980 2.224013 -0.052464 -0.497617 -0.233870 0.833625
4527.009102 2.699670 -0.833481 2.244058 -0.049725 -0.498163 -0.238356 0.832195
4527.045966 2.708647 -0.843643 2.263855 -0.048147 -0.497893 -0.242635 0.831212
4527.082829 2.718600 -0.853926 2.283670 -0.047464 -0.496906 -0.246440 0.830722
4527.119693 2.727534 -0.863038 2.302555 -0.045530 -0.496955 -0.249782 0.829802
4527.156556 2.735104 -0.872195 2.319905 -0.042747 -0.496984 -0.252232 0.829192
4527.193420 2.742006 -0.882662 2.339744 -0.039931 -0.497374 -0.253512 0.828708
4527.230283 2.749858 -0.890420 2.356519 -0.038333 -0.495934 -0.254415 0.829369
4527.267147 2.756497 -0.899355 2.374563 -0.037521 -0.495027 -0.255006 0.829766
4527.304010 2.760584 -0.907844 2.391769 -0.035632 -0.495036 -0.254757 0.829921
4527.340873 2.765287 -0.916478 2.410115 -0.033548 -0.496372 -0.253943 0.829459
4527.377737 2.768556 -0.924654 2.427762 -0.031685 -0.497888 -0.252850 0.828957
4527.414600 2.770331 -0.933217 2.446411 -0.030405 -0.498869 -0.251956 0.828688
4527.451464 2.772928 -0.940301 2.465922 -0.030055 -0.498579 -0.250852 0.829210
4527.488327 2.774548 -0.948294 2.486022 -0.032012 -0.497493 -0.249937 0.830065
4527.525191 2.775477 -0.956084 2.506660 -0.033592 -0.497375 -0.249542 0.830192
4527.562054 2.775521 -0.963060 2.527120 -0.034300 -0.498984 -0.249032 0.829350
4527.598917 2.775849 -0.970069 2.547874 -0.034108 -0.502287 -0.250061 0.827051
4527.635781 2.774450 -0.978561 2.569253 -0.034045 -0.505317 -0.251558 0.824751
4527.672644 2.775055 -0.987001 2.591315 -0.034468 -0.506704 -0.252924 0.823464
4527.709508 2.775083 -0.994818 2.611378 -0.035307 -0.505480 -0.253989 0.823853
4527.746372 2.772797 -1.005113 2.631981 -0.036235 -0.502445 -0.256684 0.824833
4527.783235 2.774665 -1.014013 2.652727 -0.036361 -0.499190 -0.261628 0.825251
4527.820098 2.776801 -1.021352 2.672614 -0.034927 -0.495913 -0.267008 0.825565
4527.856962 2.778462 -1.029007 2.691542 -0.033971 -0.492982 -0.272657 0.825514
4527.893825 2.778507 -1.036338 2.709905 -0.034392 -0.490785 -0.276053 0.825676
4527.930689 2.778772 -1.042546 2.727407 -0.036501 -0.489757 -0.277378 0.825752
4527.967552 2.780127 -1.047378 2.744592 -0.039403 -0.491000 -0.278158 0.824617
4528.004415 2.780328 -1.052283 2.761994 -0.041855 -0.495383 -0.278682 0.821693
4528.041279 2.781090 -1.056576 2.779270 -0.042953 -0.502370 -0.280318 0.816824
4528.078142 2.781608 -1.061126 2.796653 -0.043166 -0.509618 -0.282196 0.811660
4528.115006 2.783181 -1.065215 2.813290 -0.042691 -0.515102 -0.284342 0.807464
4528.151869 2.784419 -1.070320 2.830405 -0.040851 -0.518922 -0.286515 0.804338
4528.188733 2.785948 -1.076558 2.847533 -0.036743 -0.521703 -0.290393 0.801341
4528.225596 2.788924 -1.082811 2.864060 -0.031434 -0.524238 -0.295327 0.798103
4528.262460 2.791586 -1.090634 2.881964 -0.025953 -0.527853 -0.300545 0.793959
4528.299323 2.794724 -1.098324 2.898803 -0.021697 -0.532631 -0.304484 0.789382
4528.336187 2.798586 -1.106315 2.916126 -0.019476 -0.537981 -0.308550 0.784216
4528.373050 2.802963 -1.114326 2.932286 -0.019601 -0.542529 -0.312442 0.779525
4528.409913 2.805976 -1.123208 2.949576 -0.019098 -0.548700 -0.314719 0.774284
4528.446777 2.807991 -1.132239 2.966602 -0.017768 -0.556037 -0.316751 0.768229
4528.483640 2.810030 -1.140869 2.983536 -0.017918 -0.562501 -0.319801 0.762233
4528.520504 2.812227 -1.148670 2.998211 -0.020229 -0.567027 -0.322927 0.757489
4528.557367 2.812677 -1.156486 3.012947 -0.023160 -0.571634 -0.324249 0.753367
4528.594230 2.812539 -1.163741 3.026114 -0.024976 -0.577011 -0.324874 0.748927
4528.631094 2.810841 -1.171561 3.040727 -0.026677 -0.583046 -0.325179 0.744046
4528.667958 2.809529 -1.178080 3.053800 -0.028917 -0.588290 -0.325072 0.739869
4528.704821 2.806025 -1.185592 3.067768 -0.030862 -0.593842 -0.324574 0.735561
4528.741684 2.801543 -1.192322 3.079964 -0.032157 -0.599107 -0.323218 0.731824
4528.778548 2.796981 -1.198549 3.092019 -0.032172 -0.604467 -0.321602 0.728118
4528.815411 2.790244 -1.205389 3.105768 -0.030344 -0.609978 -0.319858 0.724360
4528.852275 2.783184 -1.211264 3.117749 -0.027729 -0.614195 -0.318718 0.721398
4528.889138 2.775628 -1.217182 3.129806 -0.025620 -0.617357 -0.318548 0.718847
4528.926002 2.765931 -1.223439 3.143095 -0.023739 -0.620734 -0.319196 0.715709
4528.962865 2.756911 -1.228878 3.153675 -0.021862 -0.624329 -0.320202 0.712184
4528.999729 2.744791 -1.235603 3.166424 -0.019836 -0.629478 -0.321966 0.706897
4529.036592 2.733010 -1.242464 3.178494 -0.018729 -0.634100 -0.324080 0.701811
4529.073455 2.722049 -1.248658 3.189632 -0.019174 -0.637453 -0.327170 0.697313
4529.110319 2.711056 -1.255649 3.202088 -0.019929 -0.641160 -0.331329 0.691909
4529.147182 2.699575 -1.261888 3.211974 -0.019854 -0.644765 -0.334143 0.687191
4529.184046 2.687514 -1.270113 3.224466 -0.018885 -0.648698 -0.338618 0.681302
4529.220909 2.676417 -1.277417 3.235044 -0.017570 -0.651332 -0.343401 0.676412
4529.257773 2.666718 -1.283927 3.244343 -0.016345 -0.653112 -0.346831 0.672968
4529.294636 2.656058 -1.291218 3.254600 -0.014990 -0.655188 -0.348472 0.670128
4529.331500 2.645503 -1.298527 3.265551 -0.015164 -0.656925 -0.349006 0.668143
4529.368363 2.636823 -1.304391 3.275049 -0.017112 -0.658419 -0.348916 0.666670
4529.405226 2.627367 -1.310168 3.285945 -0.019538 -0.661339 -0.348471 0.663940
4529.442090 2.618000 -1.315455 3.297587 -0.021305 -0.666016 -0.348198 0.659338
4529.478953 2.608907 -1.320295 3.308510 -0.021444 -0.671683 -0.348725 0.653279
4529.515817 2.599149 -1.325380 3.320340 -0.021031 -0.676454 -0.349775 0.647785
4529.552680 2.590212 -1.330674 3.332737 -0.020159 -0.679798 -0.351153 0.643552
4529.589544 2.581577 -1.336068 3.345576 -0.018980 -0.682599 -0.352125 0.640083
4529.626407 2.573534 -1.342265 3.359121 -0.016290 -0.686169 -0.353357 0.635646
4529.663270 2.564073 -1.349196 3.373317 -0.012313 -0.691406 -0.354091 0.629623
4529.700134 2.556113 -1.356010 3.387097 -0.009293 -0.696038 -0.355288 0.623871
4529.736997 2.549315 -1.363333 3.400188 -0.007593 -0.700224 -0.357510 0.617912
4529.773861 2.542161 -1.370655 3.413504 -0.006650 -0.704519 -0.359356 0.611941
4529.810724 2.535126 -1.378710 3.427233 -0.005771 -0.709408 -0.362069 0.604659
4529.847588 2.527139 -1.386712 3.440364 -0.004043 -0.714924 -0.365221 0.596222
4529.884451 2.519634 -1.395266 3.452856 -0.002470 -0.719737 -0.369503 0.587741
4529.921315 2.512764 -1.403575 3.465890 -0.001207 -0.723662 -0.373775 0.580176
4529.958178 2.506400 -1.411560 3.477505 -0.000020 -0.726263 -0.377529 0.574468
4529.995042 2.499596 -1.419113 3.488503 0.001303 -0.728678 -0.379630 0.570006
4530.031905 2.492661 -1.426754 3.498968 0.002270 -0.730961 -0.381395 0.565888
4530.068768 2.485910 -1.433974 3.509067 0.003559 -0.733636 -0.382759 0.561482
4530.105632 2.478019 -1.441285 3.519295 0.004364 -0.737182 -0.382619 0.556908
4530.142495 2.468506 -1.448494 3.528080 0.004251 -0.740808 -0.381595 0.552785
4530.179359 2.459196 -1.455398 3.536790 0.004180 -0.745204 -0.379953 0.547987
4530.216222 2.448603 -1.462045 3.545955 0.003702 -0.750071 -0.377742 0.542854
4530.253086 2.437207 -1.469066 3.553235 0.004040 -0.754922 -0.375976 0.537326
4530.289949 2.424687 -1.475548 3.560828 0.005583 -0.759340 -0.373877 0.532530
4530.326813 2.411493 -1.481973 3.568437 0.007934 -0.762507 -0.371576 0.529576
4530.363676 2.397530 -1.488786 3.577042 0.010703 -0.764079 -0.369651 0.528608
4530.400540 2.382179 -1.494637 3.585132 0.013669 -0.764756 -0.367242 0.529240
4530.437403 2.366030 -1.500676 3.593795 0.016646 -0.765218 -0.365840 0.529458
4530.474266 2.348478 -1.506791 3.600780 0.020551 -0.766779 -0.364630 0.527895
4530.511130 2.329467 -1.513129 3.609121 0.024401 -0.769616 -0.362584 0.525004
4530.547993 2.311296 -1.518738 3.614930 0.026345 -0.771926 -0.360991 0.522611
4530.584857 2.292480 -1.524463 3.621331 0.026002 -0.774303 -0.359743 0.519965
4530.621720 2.273406 -1.529469 3.626581 0.025436 -0.777530 -0.358013 0.516359
4530.658584 2.254252 -1.534749 3.630697 0.024970 -0.780814 -0.356939 0.512153
4530.695447 2.235991 -1.539429 3.635904 0.024491 -0.782962 -0.357011 0.508835
4530.732311 2.219727 -1.542942 3.635407 0.026318 -0.783522 -0.359157 0.506367
4530.769174 2.201681 -1.546435 3.638936 0.029460 -0.784101 -0.360719 0.504181
4530.806037 2.184267 -1.549215 3.641778 0.033702 -0.783816 -0.362483 0.503093
4530.842901 2.168800 -1.549841 3.643673 0.036993 -0.782399 -0.363230 0.504527
4530.879764 2.151320 -1.551241 3.647409 0.038163 -0.780705 -0.363751 0.506684
4530.916628 2.135063 -1.550739 3.650707 0.037460 -0.778825 -0.364740 0.508913
4530.953491 2.119635 -1.549500 3.652903 0.036181 -0.777942 -0.367443 0.508412
4530.990355 2.102112 -1.548148 3.656498 0.034750 -0.779501 -0.370144 0.504147
4531.027218 2.084745 -1.546360 3.659668 0.032559 -0.782160 -0.372943 0.498076
4531.064082 2.065404 -1.545735 3.664127 0.030114 -0.785690 -0.376069 0.490262
4531.100945 2.046516 -1.545070 3.668048 0.028049 -0.788920 -0.378761 0.483071
4531.137808 2.026791 -1.544915 3.673432 0.027528 -0.791828 -0.381067 0.476486
4531.174672 2.007774 -1.544715 3.678159 0.026959 -0.793740 -0.383205 0.471597
4531.211535 1.988842 -1.545070 3.684026 0.025950 -0.794853 -0.385599 0.467813
4531.248399 1.970102 -1.545587 3.690671 0.024911 -0.795881 -0.387772 0.464312
4531.285262 1.950937 -1.546364 3.697848 0.024087 -0.797734 -0.389267 0.459904
4531.322125 1.930997 -1.547924 3.704250 0.024783 -0.800503 -0.390486 0.453983
4531.358989 1.910801 -1.550008 3.711175 0.026215 -0.803516 -0.392025 0.447203
4531.395853 1.891831 -1.552129 3.716459 0.027572 -0.805442 -0.394286 0.441636
4531.432716 1.871719 -1.555307 3.722978 0.029065 -0.806952 -0.396896 0.436414
4531.469579 1.851876 -1.558557 3.726823 0.031611 -0.807857 -0.399906 0.431790
4531.506443 1.832585 -1.561467 3.730357 0.033262 -0.808733 -0.402246 0.427835
4531.543306 1.814020 -1.563477 3.731559 0.033713 -0.809503 -0.404693 0.424019
4531.580170 1.794486 -1.565373 3.733358 0.033263 -0.811479 -0.406904 0.418121
4531.617033 1.775231 -1.566322 3.734087 0.032699 -0.814374 -0.409118 0.410301
4531.653897 1.754880 -1.566548 3.735349 0.031000 -0.817709 -0.410879 0.401957
4531.690760 1.735938 -1.565190 3.735441 0.028056 -0.820355 -0.412286 0.395285
4531.727623 1.716745 -1.562982 3.735415 0.024698 -0.822140 -0.413799 0.390187
4531.764487 1.696710 -1.560725 3.734669 0.022192 -0.823469 -0.415995 0.385167
4531.801350 1.676522 -1.557729 3.732540 0.019647 -0.824156 -0.418564 0.381031
4531.838214 1.655932 -1.554045 3.730654 0.018186 -0.824870 -0.420810 0.377064
4531.875077 1.634407 -1.549885 3.728231 0.017221 -0.825498 -0.422711 0.373594
4531.911941 1.613073 -1.545252 3.725570 0.015927 -0.825872 -0.424773 0.370472
4531.948804 1.591331 -1.540023 3.722099 0.015202 -0.826851 -0.426514 0.366296
4531.985668 1.570024 -1.535153 3.717826 0.014248 -0.827945 -0.428544 0.361462
4532.022531 1.548748 -1.530101 3.712595 0.013318 -0.829781 -0.429228 0.356440
4532.059395 1.527794 -1.526134 3.707704 0.011426 -0.831083 -0.429804 0.352760
4532.096258 1.506957 -1.523019 3.701768 0.008817 -0.831040 -0.431248 0.351168
4532.133121 1.487557 -1.520676 3.696513 0.006521 -0.830191 -0.434266 0.349504
4532.169985 1.469017 -1.518110 3.691042 0.005797 -0.829959 -0.437353 0.346205
4532.206848 1.450422 -1.516288 3.685071 0.006978 -0.830998 -0.439193 0.341326
4532.243712 1.431826 -1.514317 3.679842 0.008964 -0.832966 -0.439127 0.336533
4532.280575 1.413624 -1.513027 3.675463 0.011025 -0.834084 -0.439460 0.333254
4532.317439 1.395272 -1.512148 3.671685 0.013025 -0.833670 -0.441097 0.332052
4532.354302 1.377666 -1.510832 3.668855 0.014405 -0.832525 -0.442784 0.332622
4532.391165 1.359094 -1.509890 3.666013 0.015301 -0.831788 -0.444334 0.332358
4532.428029 1.339850 -1.508678 3.664259 0.015622 -0.832141 -0.445515 0.329868
4532.464893 1.321084 -1.507166 3.661650 0.015292 -0.832913 -0.446948 0.325974
4532.501756 1.301703 -1.505890 3.659037 0.013886 -0.833992 -0.448603 0.320966
4532.538620 1.282290 -1.504564 3.657355 0.012499 -0.835895 -0.449752 0.314400
4532.575483 1.262426 -1.503461 3.655120 0.011063 -0.838228 -0.449933 0.307915
4532.612346 1.242699 -1.503213 3.652782 0.009558 -0.840589 -0.449490 0.302123
4532.649210 1.222868 -1.503913 3.651581 0.009105 -0.843304 -0.448435 0.296077
4532.686073 1.201293 -1.505687 3.649958 0.009248 -0.846077 -0.447448 0.289584
4532.722937 1.180656 -1.508255 3.649314 0.009266 -0.847992 -0.447595 0.283695
4532.759800 1.160379 -1.511600 3.650079 0.008467 -0.849495 -0.448529 0.277684
4532.796664 1.141006 -1.514749 3.650066 0.008346 -0.851884 -0.448409 0.270469
4532.833527 1.122396 -1.517566 3.649022 0.009196 -0.854835 -0.447187 0.263051
4532.870390 1.104379 -1.520280 3.648139 0.009776 -0.856583 -0.447008 0.257592
4532.907254 1.087599 -1.522993 3.648889 0.010120 -0.857312 -0.447776 0.253791
4532.944117 1.070946 -1.526074 3.647854 0.011382 -0.857590 -0.449104 0.250430
4532.980981 1.055793 -1.528146 3.646292 0.014271 -0.858557 -0.449305 0.246580
4533.017844 1.040416 -1.530259 3.644635 0.017161 -0.859578 -0.449594 0.242272
4533.054708 1.027139 -1.531556 3.642480 0.019197 -0.860370 -0.449429 0.239601
4533.091571 1.013057 -1.532045 3.639339 0.020333 -0.860899 -0.449423 0.237608
4533.128435 0.998829 -1.532142 3.636400 0.020749 -0.861464 -0.449229 0.235888
4533.165298 0.985878 -1.532002 3.631985 0.021400 -0.862002 -0.448832 0.234614
4533.202161 0.972928 -1.531192 3.626982 0.021611 -0.862725 -0.448100 0.233332
4533.239025 0.960230 -1.529928 3.621486 0.021542 -0.863475 -0.447144 0.232398
4533.275888 0.945687 -1.528872 3.614795 0.021951 -0.864232 -0.446298 0.231168
4533.312752 0.932559 -1.526756 3.606584 0.023668 -0.864365 -0.445421 0.232191
4533.349615 0.919260 -1.525694 3.599249 0.026436 -0.864276 -0.444516 0.233951
4533.386478 0.907217 -1.523749 3.591415 0.030233 -0.863848 -0.443817 0.236386
4533.423342 0.896405 -1.521297 3.581984 0.035040 -0.863181 -0.443484 0.238772
4533.460206 0.887680 -1.518732 3.573251 0.040343 -0.862376 -0.443521 0.240767
4533.497069 0.877938 -1.515673 3.564043 0.045191 -0.861537 -0.443674 0.242621
4533.533932 0.868625 -1.512360 3.555858 0.049987 -0.860685 -0.443675 0.244693
4533.570796 0.857819 -1.509366 3.547062 0.055703 -0.859719 -0.444325 0.245673
4533.607659 0.847060 -1.505937 3.537955 0.061685 -0.858951 -0.444258 0.247049
4533.644523 0.837007 -1.502354 3.529480 0.067080 -0.858212 -0.443595 0.249393
4533.681386 0.828533 -1.498435 3.521062 0.070942 -0.856950 -0.443445 0.252904
4533.718250 0.818181 -1.493906 3.511611 0.073868 -0.856420 -0.442951 0.254721
4533.755113 0.811221 -1.489188 3.501831 0.075282 -0.855676 -0.443145 0.256464
4533.791976 0.804526 -1.483531 3.492006 0.073868 -0.854727 -0.445104 0.256648
4533.828840 0.798413 -1.476963 3.480158 0.069488 -0.853505 -0.448744 0.255597
4533.865703 0.792790 -1.469964 3.469139 0.063322 -0.852343 -0.453757 0.252204
4533.902567 0.788278 -1.461451 3.458914 0.056873 -0.851865 -0.458164 0.247341
4533.939430 0.782879 -1.451813 3.447294 0.052222 -0.852886 -0.460034 0.241304
4533.976294 0.778268 -1.442420 3.436458 0.050645 -0.854251 -0.460122 0.236596
4534.013157 0.772908 -1.432421 3.426098 0.051314 -0.854968 -0.460106 0.233878
4534.050021 0.769056 -1.422803 3.415718 0.053126 -0.853501 -0.462232 0.234639
4534.086884 0.765010 -1.413635 3.406667 0.054591 -0.850686 -0.465804 0.237445
4534.123748 0.763055 -1.403559 3.396990 0.056034 -0.847265 -0.469900 0.241239
4534.160611 0.760602 -1.393449 3.388266 0.056502 -0.844038 -0.474546 0.243339
4534.197474 0.758427 -1.383442 3.380356 0.055532 -0.841442 -0.479099 0.243631
4534.234338 0.757543 -1.373193 3.373388 0.053365 -0.839453 -0.483356 0.242567
4534.271201 0.758567 -1.362831 3.367216 0.050669 -0.837368 -0.487912 0.241227
4534.308065 0.758235 -1.353003 3.361524 0.046889 -0.836028 -0.492006 0.238303
4534.344928 0.760631 -1.344011 3.356767 0.042672 -0.833796 -0.496864 0.236831
4534.381792 0.762350 -1.335928 3.352774 0.038737 -0.831398 -0.501594 0.235966
4534.418655 0.765347 -1.328816 3.350333 0.035298 -0.829179 -0.505278 0.236454
4534.455518 0.769764 -1.322602 3.348481 0.032248 -0.826279 -0.508583 0.239930
4534.492382 0.774328 -1.317609 3.347736 0.029408 -0.823363 -0.511293 0.244516
4534.529245 0.780334 -1.313361 3.347911 0.027854 -0.820333 -0.513444 0.250306
4534.566109 0.787872 -1.309159 3.348189 0.027733 -0.817435 -0.514864 0.256798
4534.602973 0.796377 -1.306001 3.349818 0.027771 -0.813940 -0.516835 0.263843
4534.639836 0.806569 -1.302498 3.351653 0.028214 -0.810416 -0.518604 0.271072
4534.676699 0.817907 -1.299666 3.354096 0.027679 -0.806340 -0.521132 0.278335
4534.713563 0.830543 -1.297029 3.356510 0.026828 -0.802672 -0.523732 0.284084
4534.750426 0.844662 -1.295067 3.358724 0.026142 -0.800022 -0.525673 0.288008
4534.787290 0.858968 -1.294124 3.360416 0.025118 -0.798580 -0.526395 0.290772
4534.824153 0.874525 -1.294510 3.361675 0.024339 -0.797657 -0.526391 0.293365
4534.861017 0.889611 -1.296516 3.363044 0.022811 -0.797448 -0.524954 0.296615
4534.897880 0.905557 -1.300354 3.364441 0.020661 -0.797028 -0.522887 0.301510
4534.934743 0.921548 -1.305359 3.365722 0.018914 -0.796550 -0.520451 0.307051
4534.971607 0.937336 -1.311137 3.367366 0.016871 -0.795995 -0.517538 0.313467
4535.008470 0.953025 -1.317645 3.369274 0.013546 -0.795019 -0.514683 0.320721
4535.045334 0.969039 -1.323623 3.371021 0.010043 -0.794310 -0.511895 0.327009
4535.082197 0.985272 -1.329512 3.372586 0.007128 -0.794541 -0.509386 0.330423
4535.119061 0.999790 -1.334887 3.372671 0.005914 -0.796908 -0.505669 0.330457
4535.155924 1.014355 -1.339848 3.372135 0.006147 -0.799313 -0.501938 0.330332
4535.192788 1.028762 -1.344836 3.371310 0.006320 -0.800047 -0.499668 0.331991
4535.229651 1.043000 -1.349939 3.370104 0.006988 -0.799130 -0.499603 0.334273
4535.266514 1.056967 -1.353447 3.367431 0.008385 -0.798138 -0.499699 0.336461
4535.303378 1.070972 -1.356867 3.365428 0.010032 -0.797430 -0.499924 0.337757
4535.340241 1.085154 -1.358881 3.363421 0.011336 -0.797378 -0.498823 0.339462
4535.377105 1.099255 -1.359960 3.360827 0.011935 -0.797138 -0.496949 0.342740
4535.413968 1.113604 -1.360574 3.358899 0.011879 -0.796594 -0.494829 0.347047
4535.450831 1.128604 -1.360471 3.357111 0.011847 -0.796105 -0.492470 0.351496
4535.487695 1.144433 -1.359707 3.355231 0.010810 -0.795352 -0.490148 0.356446
4535.524559 1.160236 -1.358596 3.352036 0.009674 -0.794930 -0.487628 0.360850
4535.561422 1.176913 -1.357316 3.348522 0.008515 -0.794922 -0.484928 0.364515
4535.598285 1.194498 -1.355907 3.344713 0.008473 -0.795219 -0.482151 0.367539
4535.635149 1.212154 -1.355125 3.339811 0.009300 -0.795720 -0.479256 0.370211
4535.672012 1.230229 -1.354063 3.334840 0.010706 -0.796016 -0.475951 0.373785
4535.708876 1.248897 -1.354658 3.330550 0.011812 -0.794645 -0.474741 0.378180
4535.745739 1.267868 -1.355014 3.325914 0.013449 -0.793299 -0.473117 0.382958
4535.782603 1.287192 -1.356408 3.321060 0.014219 -0.791816 -0.471525 0.387930
4535.819466 1.306575 -1.358193 3.315552 0.014933 -0.791111 -0.469420 0.391875
4535.856330 1.325193 -1.360559 3.308861 0.016194 -0.792312 -0.466038 0.393430
4535.893193 1.343947 -1.362440 3.301422 0.017768 -0.794569 -0.461103 0.394623
4535.930056 1.362671 -1.364816 3.294063 0.019227 -0.796573 -0.456402 0.395979
4535.966920 1.381476 -1.367139 3.287251 0.021125 -0.798307 -0.451978 0.397461
4536.003783 1.399429 -1.370084 3.280705 0.023805 -0.799343 -0.448660 0.398984
4536.040647 1.418149 -1.372372 3.275283 0.026389 -0.799674 -0.445094 0.402140
4536.077510 1.436571 -1.373490 3.270283 0.029063 -0.799200 -0.441494 0.406838
4536.114374 1.453962 -1.375790 3.265829 0.031736 -0.798681 -0.438356 0.411030
4536.151237 1.472088 -1.376625 3.261633 0.034350 -0.797991 -0.434964 0.415737
4536.188101 1.490927 -1.377650 3.259526 0.035624 -0.796587 -0.432056 0.421317
4536.224964 1.510758 -1.377642 3.257403 0.036623 -0.795147 -0.428441 0.427595
4536.261827 1.529880 -1.377730 3.255890 0.036896 -0.794152 -0.424029 0.433775
4536.298691 1.551251 -1.376668 3.254156 0.036085 -0.792770 -0.419963 0.440278
4536.335554 1.572417 -1.376918 3.252708 0.033830 -0.791892 -0.415874 0.445882
4536.372418 1.595396 -1.377031 3.251267 0.030548 -0.791733 -0.411564 0.450378
4536.409281 1.618851 -1.377354 3.248677 0.026667 -0.791779 -0.407174 0.454515
4536.446145 1.643535 -1.377634 3.246363 0.021938 -0.791524 -0.403197 0.458738
4536.483008 1.668909 -1.378309 3.245956 0.017587 -0.791427 -0.399299 0.462487
4536.519871 1.694644 -1.379701 3.244759 0.011719 -0.789916 -0.396047 0.468020
4536.556735 1.720541 -1.381275 3.244117 0.006002 -0.787246 -0.393546 0.474688
4536.593598 1.745321 -1.383607 3.242645 0.002201 -0.784074 -0.391249 0.481817
4536.630462 1.770638 -1.386072 3.241269 0.000901 -0.780078 -0.389673 0.489522
4536.667325 1.795828 -1.387160 3.237473 0.002020 -0.775248 -0.388587 0.497982
4536.704189 1.819774 -1.389345 3.234596 0.004434 -0.770513 -0.388478 0.505346
4536.741052 1.843361 -1.390345 3.230819 0.007850 -0.766644 -0.388103 0.511441
4536.777916 1.866005 -1.390355 3.224885 0.011579 -0.764011 -0.387216 0.515962
4536.814779 1.886715 -1.390247 3.218709 0.015185 -0.762194 -0.386668 0.518958
4536.851643 1.907382 -1.389732 3.212915 0.018604 -0.760551 -0.387322 0.520766
4536.888506 1.928381 -1.386905 3.205871 0.020818 -0.758694 -0.387470 0.523275
4536.925370 1.948238 -1.382973 3.198173 0.021469 -0.756541 -0.386865 0.526801
4536.962233 1.968348 -1.378304 3.191599 0.021103 -0.755040 -0.385113 0.530243
4536.999096 1.986725 -1.373086 3.183877 0.020937 -0.754981 -0.382161 0.532464
4537.035960 2.005862 -1.366857 3.175857 0.020152 -0.755056 -0.378918 0.534702
4537.072823 2.024278 -1.360069 3.167747 0.019580 -0.755150 -0.376063 0.536602
4537.109687 2.043801 -1.352532 3.156891 0.018579 -0.754214 -0.373482 0.539748
4537.146550 2.062600 -1.345854 3.149715 0.017630 -0.752990 -0.370820 0.543312
4537.183414 2.080366 -1.338905 3.139496 0.016717 -0.750686 -0.367645 0.548660
4537.220277 2.098639 -1.332758 3.129596 0.016082 -0.748247 -0.365113 0.553679
4537.257141 2.117403 -1.325666 3.118227 0.015795 -0.745583 -0.362989 0.558655
4537.294004 2.136420 -1.318765 3.104545 0.015112 -0.742643 -0.361881 0.563290
4537.330867 2.154882 -1.313248 3.095341 0.013874 -0.739902 -0.361941 0.566878
4537.367731 2.175137 -1.307008 3.083383 0.011784 -0.736403 -0.363200 0.570664
4537.404594 2.192677 -1.300694 3.071386 0.010732 -0.735055 -0.362599 0.572801
4537.441458 2.210501 -1.294693 3.059554 0.010742 -0.735352 -0.360944 0.573464
4537.478321 2.228357 -1.288143 3.045452 0.010828 -0.735026 -0.360294 0.574289
4537.515185 2.246302 -1.283311 3.035391 0.010058 -0.733918 -0.361341 0.575061
4537.552048 2.264650 -1.277577 3.024077 0.009174 -0.731958 -0.361459 0.577495
4537.588912 2.281276 -1.272234 3.014091 0.009705 -0.731286 -0.359457 0.579584
4537.625775 2.298115 -1.266357 3.004139 0.010814 -0.730135 -0.356642 0.582746
4537.662638 2.317684 -1.260458 2.994191 0.011135 -0.727299 -0.354745 0.587425
4537.699502 2.334950 -1.254732 2.984329 0.011648 -0.724547 -0.352226 0.592312
4537.736365 2.353500 -1.249452 2.976167 0.012794 -0.722246 -0.349577 0.596652
4537.773229 2.374510 -1.242987 2.966355 0.013149 -0.719342 -0.346738 0.601786
4537.810092 2.393813 -1.237719 2.957265 0.012874 -0.716494 -0.343671 0.606928
4537.846956 2.412895 -1.231698 2.946379 0.012161 -0.713935 -0.340052 0.611976
4537.883819 2.434956 -1.227860 2.939229 0.011231 -0.712165 -0.336550 0.615978
4537.920683 2.454888 -1.223530 2.929986 0.010065 -0.709945 -0.333568 0.620168
4537.957546 2.475791 -1.219563 2.919549 0.008881 -0.707296 -0.330993 0.624578
4537.994409 2.496069 -1.214071 2.908590 0.006704 -0.703141 -0.328878 0.630387
4538.031273 2.519262 -1.210184 2.898035 0.002090 -0.696661 -0.328473 0.637781
4538.068136 2.540112 -1.206628 2.890444 -0.002069 -0.690845 -0.327456 0.644593
4538.105000 2.561864 -1.202427 2.880906 -0.004769 -0.685367 -0.326868 0.650697
4538.141863 2.580156 -1.198281 2.871486 -0.004609 -0.681407 -0.326379 0.655088
4538.178727 2.596443 -1.194182 2.862767 -0.003159 -0.677589 -0.324992 0.659729
4538.215590 2.614002 -1.189714 2.851636 -0.003385 -0.671858 -0.323943 0.666075
4538.252454 2.630291 -1.184147 2.840279 -0.002848 -0.666645 -0.323331 0.671590
4538.289317 2.643973 -1.180024 2.830819 -0.001654 -0.662829 -0.324335 0.674879
4538.326180 2.658521 -1.174463 2.819288 -0.000892 -0.658965 -0.325566 0.678064
4538.363044 2.671105 -1.168740 2.810864 -0.000788 -0.656403 -0.324424 0.681090
4538.399907 2.682966 -1.162130 2.801366 -0.000688 -0.653873 -0.321916 0.684705
4538.436771 2.694587 -1.155131 2.792586 -0.000348 -0.651977 -0.319125 0.687812
4538.473634 2.705214 -1.147127 2.781288 0.000406 -0.649788 -0.316122 0.691261
4538.510498 2.716094 -1.138953 2.771740 0.001464 -0.648233 -0.312997 0.694136
4538.547361 2.726289 -1.129409 2.760133 0.003072 -0.645975 -0.309761 0.697678
4538.584224 2.735237 -1.120706 2.749854 0.004308 -0.642968 -0.306464 0.701893
4538.621088 2.743767 -1.111443 2.737569 0.005740 -0.638491 -0.302982 0.707459
4538.657951 2.751784 -1.101946 2.724458 0.007490 -0.634044 -0.297942 0.713556
4538.694815 2.759130 -1.093063 2.711500 0.009484 -0.630483 -0.292168 0.719055
4538.731678 2.766637 -1.084238 2.696147 0.010956 -0.627133 -0.286891 0.724070
4538.768542 2.773027 -1.075738 2.680813 0.010788 -0.623402 -0.283627 0.728567
4538.805405 2.779941 -1.068277 2.665662 0.008180 -0.618639 -0.282632 0.733034
4538.842269 2.787715 -1.059754 2.650921 0.004031 -0.613571 -0.281652 0.737690
4538.879132 2.793881 -1.051563 2.636773 0.001674 -0.610880 -0.279920 0.740586
4538.915996 2.799266 -1.043879 2.620220 0.001337 -0.610418 -0.275293 0.742699
4538.952859 2.803837 -1.037743 2.604204 0.002392 -0.610761 -0.270689 0.744105
4538.989722 2.808871 -1.032651 2.588822 0.002236 -0.609082 -0.267319 0.746696
4539.026586 2.814742 -1.026682 2.571058 0.001750 -0.606034 -0.265661 0.749762
4539.063449 2.820812 -1.021391 2.552062 0.002172 -0.603341 -0.263438 0.752712
4539.100313 2.825565 -1.016245 2.534570 0.003532 -0.601905 -0.262355 0.754233
4539.137176 2.831202 -1.010181 2.516089 0.003773 -0.601222 -0.262755 0.754638
4539.174040 2.835652 -1.002967 2.497224 0.001699 -0.600861 -0.262048 0.755178
4539.210903 2.842975 -0.991992 2.476855 -0.001223 -0.601095 -0.260328 0.755588
4539.247766 2.847160 -0.981756 2.454633 -0.005546 -0.602561 -0.258841 0.754911
4539.284630 2.852941 -0.968970 2.431623 -0.008788 -0.604732 -0.256587 0.753913
4539.321494 2.858402 -0.957592 2.411199 -0.011390 -0.607441 -0.255034 0.752225
4539.358357 2.863709 -0.946626 2.389462 -0.014187 -0.608120 -0.254218 0.751906
4539.395221 2.871242 -0.934806 2.366593 -0.016393 -0.606620 -0.254630 0.752932
4539.432084 2.880198 -0.923276 2.342603 -0.016376 -0.604142 -0.255248 0.754714
4539.468947 2.888524 -0.912672 2.318186 -0.014317 -0.601165 -0.254946 0.757231
4539.505811 2.894937 -0.903465 2.293366 -0.013308 -0.596579 -0.254661 0.760962
4539.542674 2.901607 -0.896014 2.269197 -0.015309 -0.591387 -0.255086 0.764826
4539.579538 2.912103 -0.886389 2.243169 -0.018688 -0.587466 -0.255136 0.767750
4539.616401 2.918026 -0.880311 2.219751 -0.019209 -0.587770 -0.255756 0.767298
4539.653265 2.921967 -0.872912 2.194302 -0.017620 -0.590667 -0.254926 0.765385
4539.690128 2.927512 -0.865020 2.171218 -0.016270 -0.594447 -0.253411 0.762988
4539.726991 2.930497 -0.857083 2.146897 -0.015321 -0.596712 -0.251772 0.761781
4539.763855 2.932003 -0.850683 2.122349 -0.015839 -0.596807 -0.251161 0.761898
4539.800718 2.936260 -0.841474 2.099548 -0.017345 -0.595647 -0.251303 0.762725
4539.837582 2.938248 -0.835999 2.080201 -0.019060 -0.595415 -0.252343 0.762523
4539.874445 2.938893 -0.829302 2.059754 -0.019294 -0.596377 -0.252235 0.761801
4539.911309 2.937483 -0.822931 2.040044 -0.019014 -0.597337 -0.250396 0.761662
4539.948172 2.934613 -0.814794 2.020621 -0.018256 -0.597989 -0.248273 0.761864
4539.985036 2.934730 -0.809694 2.005341 -0.017414 -0.598015 -0.247006 0.762275
4540.021899 2.932739 -0.802556 1.988826 -0.016274 -0.597150 -0.244453 0.763800
4540.058762 2.929803 -0.793341 1.969058 -0.014379 -0.595342 -0.241738 0.766110
4540.095626 2.923783 -0.786026 1.950872 -0.012967 -0.593687 -0.238954 0.768290
4540.132489 2.919709 -0.779667 1.934353 -0.011612 -0.591919 -0.237143 0.770234
4540.169353 2.916282 -0.771617 1.919802 -0.008899 -0.590727 -0.235010 0.771838
4540.206216 2.909658 -0.765043 1.900901 -0.007048 -0.589395 -0.232978 0.773489
4540.243080 2.901557 -0.758541 1.881431 -0.006187 -0.587389 -0.230531 0.775752
4540.279943 2.893565 -0.753854 1.863141 -0.007382 -0.584952 -0.227570 0.778452
4540.316807 2.886092 -0.745889 1.843497 -0.009344 -0.581953 -0.224551 0.781550
4540.353670 2.880637 -0.740239 1.827492 -0.010424 -0.580398 -0.222306 0.783332
4540.390533 2.874276 -0.736610 1.811294 -0.011637 -0.580331 -0.219122 0.784261
4540.427397 2.866253 -0.730741 1.792512 -0.012730 -0.581130 -0.215527 0.784649
4540.464260 2.861521 -0.720789 1.774768 -0.013675 -0.583572 -0.213650 0.783333
4540.501124 2.858807 -0.723414 1.765284 -0.016444 -0.586429 -0.212062 0.781576
4540.537987 2.844608 -0.711140 1.737436 -0.016106 -0.590056 -0.209739 0.779477
4540.574851 2.840784 -0.704238 1.723168 -0.014609 -0.593698 -0.207888 0.777234
4540.611714 2.835325 -0.695429 1.703878 -0.013968 -0.594619 -0.207364 0.776681
4540.648577 2.834423 -0.687354 1.693129 -0.014406 -0.593669 -0.206745 0.777564
4540.685441 2.830007 -0.675727 1.671168 -0.015584 -0.590307 -0.206764 0.780092
4540.722304 2.825870 -0.665103 1.654937 -0.015480 -0.588049 -0.207116 0.781704
4540.759168 2.825857 -0.653862 1.639590 -0.012984 -0.586519 -0.207400 0.782823
4540.796031 2.818230 -0.647763 1.618245 -0.011586 -0.585056 -0.206930 0.784063
4540.832895 2.815612 -0.635879 1.599845 -0.009278 -0.583498 -0.204827 0.785805
4540.869758 2.814937 -0.622632 1.580393 -0.007142 -0.581693 -0.202870 0.787672
4540.906622 2.809980 -0.615543 1.556569 -0.006645 -0.579634 -0.201209 0.789617
4540.943485 2.807152 -0.602631 1.536255 -0.005436 -0.577993 -0.197446 0.791776
4540.980349 2.804191 -0.594967 1.515213 -0.007609 -0.575282 -0.194860 0.794369
4541.017212 2.802070 -0.584375 1.493482 -0.010990 -0.571319 -0.192689 0.797712
4541.054075 2.801723 -0.570667 1.471599 -0.014400 -0.566515 -0.188276 0.802126
4541.090939 2.802948 -0.562754 1.452380 -0.016744 -0.562332 -0.185387 0.805689
4541.127802 2.797509 -0.558879 1.432086 -0.016586 -0.557497 -0.182816 0.809630
4541.164666 2.794917 -0.544656 1.413145 -0.013439 -0.552540 -0.178736 0.813985
4541.201529 2.786401 -0.543411 1.394198 -0.011930 -0.546156 -0.175598 0.818985
4541.238393 2.780766 -0.525631 1.369463 -0.008349 -0.539342 -0.172437 0.824200
4541.275256 2.768907 -0.515921 1.340946 -0.005943 -0.532024 -0.173398 0.828763
4541.312119 2.761467 -0.509345 1.320603 -0.003840 -0.526048 -0.174850 0.832278
4541.348983 2.750675 -0.501611 1.298558 -0.000402 -0.520319 -0.176087 0.835620
4541.385847 2.744136 -0.498703 1.285061 0.002650 -0.516543 -0.177147 0.837732
4541.422710 2.732831 -0.489627 1.264886 0.005037 -0.512434 -0.176527 0.840371
4541.459574 2.726099 -0.484365 1.255311 0.006745 -0.510860 -0.173982 0.841848
4541.496437 2.710110 -0.475879 1.234177 0.008899 -0.509089 -0.171062 0.843497
4541.533300 2.700416 -0.466866 1.222895 0.011451 -0.509411 -0.167944 0.843898
4541.570164 2.686842 -0.465252 1.210557 0.012789 -0.508457 -0.166095 0.844820
4541.607027 2.673555 -0.455344 1.195187 0.014131 -0.507453 -0.163068 0.845991
4541.643891 2.662080 -0.449880 1.184526 0.015600 -0.506226 -0.161091 0.847078
4541.680754 2.646635 -0.445209 1.171145 0.016834 -0.504186 -0.158447 0.848768
4541.717618 2.633514 -0.439533 1.160234 0.019979 -0.503449 -0.156424 0.849512
4541.754481 2.615484 -0.444719 1.145375 0.021307 -0.502355 -0.155157 0.850360
4541.791344 2.599206 -0.437001 1.131726 0.024384 -0.500890 -0.153148 0.851504
4541.828208 2.579073 -0.436229 1.112713 0.023669 -0.498054 -0.151465 0.853487
4541.865071 2.565625 -0.432213 1.102145 0.023465 -0.496795 -0.150056 0.854475
4541.901935 2.549045 -0.427640 1.086341 0.024230 -0.497161 -0.147622 0.854664
4541.938798 2.530873 -0.427354 1.074877 0.025166 -0.498908 -0.144972 0.854073
4541.975662 2.517626 -0.422144 1.064370 0.025750 -0.500399 -0.142806 0.853548
4542.012525 2.500826 -0.421052 1.050928 0.024185 -0.501334 -0.141799 0.853213
4542.049389 2.487479 -0.411075 1.041523 0.025150 -0.501895 -0.139788 0.853187
4542.086252 2.474252 -0.405332 1.032116 0.026824 -0.501663 -0.139913 0.853252
4542.123115 2.460404 -0.396831 1.020746 0.029102 -0.499578 -0.140024 0.854382
4542.159979 2.441004 -0.394997 1.003913 0.029852 -0.494829 -0.141742 0.856832
4542.196842 2.426463 -0.389488 0.989560 0.030664 -0.489455 -0.143421 0.859607
4542.233706 2.407824 -0.384684 0.971855 0.031790 -0.484102 -0.145162 0.862301
4542.270569 2.388301 -0.381019 0.955211 0.032985 -0.479997 -0.146256 0.864364
4542.307433 2.376761 -0.372000 0.947787 0.034572 -0.478175 -0.144987 0.865524
4542.344296 2.359661 -0.367399 0.933786 0.034246 -0.476736 -0.142645 0.866719
4542.381160 2.342919 -0.361391 0.919407 0.033591 -0.475588 -0.140212 0.867772
4542.418023 2.328584 -0.352776 0.905542 0.033531 -0.475103 -0.138013 0.868393
4542.454886 2.315962 -0.343050 0.893150 0.033651 -0.474896 -0.133958 0.869136
4542.491750 2.300478 -0.334248 0.875955 0.033824 -0.471440 -0.132602 0.871215
4542.528613 2.289605 -0.329975 0.863652 0.032897 -0.466927 -0.131007 0.873919
4542.565477 2.274246 -0.320085 0.845058 0.032622 -0.460051 -0.127459 0.878091
4542.602340 2.262905 -0.313491 0.828364 0.032067 -0.452902 -0.124538 0.882237
4542.639204 2.249025 -0.308682 0.811468 0.032938 -0.445984 -0.122239 0.886043
4542.676067 2.236379 -0.306457 0.797298 0.034313 -0.440671 -0.121127 0.888797
4542.712931 2.220001 -0.302416 0.779183 0.035476 -0.434074 -0.117951 0.892417
4542.749794 2.207033 -0.301006 0.766603 0.036642 -0.429757 -0.116412 0.894659
4542.786657 2.189598 -0.296688 0.749555 0.037273 -0.424667 -0.114990 0.897244
4542.823521 2.178732 -0.286772 0.737394 0.038441 -0.421431 -0.113717 0.898881
4542.860384 2.163646 -0.289714 0.727518 0.037872 -0.419985 -0.112120 0.899782
4542.897248 2.144427 -0.286592 0.715614 0.039322 -0.418639 -0.108662 0.900770
4542.934111 2.130327 -0.278427 0.711109 0.041683 -0.419387 -0.104208 0.900843
4542.970975 2.112013 -0.275577 0.704462 0.043216 -0.419210 -0.102429 0.901057
4543.007838 2.094888 -0.268494 0.696343 0.045546 -0.418775 -0.101437 0.901256
4543.044702 2.073292 -0.269134 0.689174 0.046736 -0.417754 -0.100920 0.901727
4543.081565 2.047666 -0.267252 0.678965 0.047245 -0.415118 -0.099358 0.903090
4543.118428 2.026968 -0.261513 0.675039 0.048470 -0.413048 -0.097332 0.904195
4543.155292 2.005113 -0.253576 0.671308 0.049786 -0.411175 -0.096050 0.905114
4543.192155 1.979026 -0.253652 0.666160 0.050320 -0.411359 -0.094108 0.905205
4543.229019 1.952502 -0.257139 0.659778 0.051863 -0.412304 -0.093075 0.904794
4543.265882 1.929624 -0.244514 0.655492 0.054890 -0.413681 -0.090892 0.904209
4543.302746 1.906082 -0.238451 0.652462 0.054900 -0.414013 -0.089655 0.904180
4543.339609 1.879367 -0.239023 0.645489 0.052005 -0.413148 -0.087184 0.904988
4543.376472 1.855066 -0.242521 0.643221 0.050163 -0.412373 -0.085471 0.905608
4543.413336 1.834656 -0.237895 0.643369 0.049200 -0.412701 -0.082866 0.905754
4543.450199 1.813712 -0.231041 0.638263 0.046281 -0.412726 -0.082110 0.905965
4543.487063 1.792767 -0.225124 0.633410 0.042572 -0.413742 -0.083594 0.905548
4543.523926 1.771223 -0.228523 0.629761 0.038023 -0.415996 -0.086930 0.904403
4543.560790 1.748640 -0.231606 0.626925 0.034590 -0.417864 -0.089206 0.903457
4543.597653 1.726997 -0.228267 0.622584 0.032104 -0.418066 -0.090587 0.903319
4543.634517 1.709690 -0.220915 0.618099 0.031111 -0.416784 -0.091764 0.903827
4543.671380 1.693052 -0.219065 0.614229 0.030004 -0.413823 -0.092846 0.905113
4543.708244 1.677013 -0.215724 0.608554 0.029321 -0.408947 -0.092870 0.907347
4543.745107 1.661091 -0.209727 0.600759 0.029396 -0.403063 -0.091818 0.910080
4543.781971 1.644603 -0.206447 0.592451 0.029978 -0.397139 -0.090450 0.912798
4543.818834 1.629228 -0.201062 0.583786 0.031691 -0.392515 -0.088836 0.914897
4543.855697 1.614321 -0.194973 0.573992 0.032932 -0.388815 -0.086855 0.916621
4543.892561 1.599205 -0.188850 0.564074 0.034697 -0.386323 -0.085196 0.917765
4543.929424 1.584471 -0.187549 0.553617 0.035627 -0.384813 -0.083704 0.918501
4543.966288 1.570191 -0.182833 0.542871 0.038381 -0.383796 -0.082082 0.918961
4544.003151 1.554230 -0.179519 0.529311 0.039735 -0.381130 -0.078596 0.920317
4544.040015 1.538659 -0.175345 0.514528 0.041348 -0.376971 -0.075034 0.922254
4544.076878 1.525569 -0.171838 0.500312 0.044235 -0.373059 -0.071390 0.923999
4544.113742 1.509478 -0.169567 0.485843 0.047891 -0.367164 -0.067374 0.926476
4544.150605 1.495213 -0.167286 0.471386 0.050725 -0.360951 -0.064768 0.928949
4544.187468 1.479973 -0.164209 0.456545 0.053183 -0.354548 -0.062621 0.931422
4544.224332 1.460078 -0.159971 0.438633 0.055344 -0.348157 -0.060459 0.933846
4544.261195 1.442387 -0.163047 0.424905 0.056482 -0.344227 -0.060293 0.935245
4544.298059 1.426815 -0.157867 0.413323 0.059651 -0.342340 -0.060460 0.935730
4544.334922 1.410520 -0.156788 0.403737 0.061922 -0.341085 -0.062068 0.935935
4544.371786 1.390529 -0.155058 0.391329 0.063172 -0.338226 -0.062941 0.936830
4544.408649 1.373974 -0.152275 0.384066 0.064573 -0.335839 -0.063107 0.937582
4544.445513 1.352780 -0.149924 0.374050 0.065276 -0.332808 -0.063593 0.938581
4544.482376 1.332197 -0.144080 0.365953 0.068124 -0.331481 -0.064140 0.938811
4544.519239 1.309523 -0.142318 0.357171 0.071087 -0.330888 -0.063314 0.938856
4544.556103 1.286922 -0.143058 0.350965 0.074775 -0.331530 -0.062821 0.938376
4544.592967 1.263491 -0.133042 0.343707 0.080446 -0.332183 -0.061420 0.937769
4544.629830 1.240068 -0.134980 0.338638 0.082030 -0.332858 -0.060708 0.937439
4544.666693 1.215296 -0.131926 0.331753 0.081498 -0.330908 -0.058759 0.938299
4544.703557 1.191310 -0.134776 0.327146 0.080681 -0.329100 -0.058950 0.938993
4544.740420 1.166945 -0.135721 0.323193 0.081971 -0.327479 -0.057539 0.939536
4544.777284 1.142338 -0.134342 0.321092 0.085240 -0.325902 -0.054346 0.939983
4544.814147 1.115738 -0.138501 0.318779 0.086993 -0.324636 -0.051837 0.940402
4544.851010 1.091477 -0.140079 0.315498 0.087052 -0.323534 -0.048705 0.940944
4544.887874 1.067472 -0.139330 0.315073 0.087099 -0.322032 -0.042833 0.941740
4544.924737 1.041566 -0.140080 0.313037 0.087983 -0.320167 -0.037469 0.942522
4544.961601 1.018836 -0.145368 0.312595 0.088324 -0.318940 -0.035058 0.942999
4544.998464 0.994765 -0.149362 0.310384 0.086716 -0.316597 -0.033844 0.943982
4545.035328 0.971317 -0.147377 0.308655 0.085685 -0.313896 -0.033719 0.944982
4545.072191 0.949480 -0.154090 0.307813 0.083170 -0.312350 -0.038190 0.945548
4545.109055 0.928026 -0.153707 0.306316 0.082617 -0.309895 -0.039808 0.946337
4545.145918 0.905762 -0.153481 0.304065 0.082648 -0.306828 -0.042240 0.947228
4545.182781 0.884530 -0.155135 0.300664 0.082963 -0.303161 -0.044362 0.948284
4545.219645 0.862929 -0.152752 0.296709 0.083805 -0.298456 -0.044361 0.949701
4545.256508 0.842186 -0.148997 0.291704 0.084396 -0.293985 -0.045271 0.951000
4545.293372 0.821294 -0.144278 0.286887 0.085130 -0.290183 -0.046035 0.952065
4545.330235 0.799867 -0.140922 0.280303 0.085850 -0.286827 -0.048596 0.952889
4545.367099 0.778732 -0.133571 0.273772 0.088027 -0.284575 -0.049841 0.953302
4545.403962 0.756160 -0.125372 0.266003 0.089849 -0.281960 -0.049703 0.953916
4545.440825 0.734909 -0.118567 0.257836 0.089625 -0.278548 -0.050531 0.954895
4545.477689 0.713807 -0.112716 0.248776 0.089217 -0.274018 -0.050942 0.956222
4545.514552 0.693837 -0.107694 0.240026 0.089185 -0.268810 -0.052330 0.957627
4545.551416 0.674601 -0.102191 0.231230 0.089041 -0.262285 -0.052398 0.959444
4545.588279 0.655609 -0.098097 0.221583 0.087792 -0.254341 -0.051178 0.961761
4545.625143 0.636252 -0.094407 0.211556 0.086065 -0.246006 -0.051210 0.964081
4545.662006 0.617337 -0.093905 0.201746 0.085728 -0.238633 -0.053265 0.965851
4545.698870 0.598600 -0.095054 0.191901 0.087479 -0.232274 -0.054898 0.967152
4545.735733 0.581027 -0.094267 0.183331 0.092585 -0.227423 -0.055047 0.967821
4545.772597 0.564221 -0.093555 0.175408 0.097732 -0.223381 -0.054069 0.968311
4545.809460 0.548278 -0.095658 0.168006 0.099774 -0.219877 -0.053853 0.968916
4545.846323 0.531761 -0.097675 0.161544 0.100213 -0.217545 -0.055214 0.969321
4545.883187 0.514679 -0.100440 0.156030 0.100180 -0.216959 -0.058028 0.969291
4545.920050 0.498031 -0.102838 0.152180 0.100100 -0.218189 -0.060173 0.968893
4545.956914 0.480985 -0.104643 0.149525 0.099620 -0.220120 -0.061579 0.968417
4545.993777 0.464804 -0.106736 0.148217 0.099332 -0.222464 -0.062386 0.967859
4546.030641 0.449626 -0.108778 0.149038 0.099225 -0.224591 -0.062545 0.967368
4546.067504 0.434646 -0.109271 0.151139 0.099646 -0.224939 -0.061828 0.967290
4546.104367 0.420165 -0.108255 0.155208 0.099666 -0.223769 -0.060189 0.967663
4546.141231 0.406281 -0.107282 0.160214 0.098348 -0.220816 -0.058587 0.968574
4546.178095 0.393225 -0.105371 0.167004 0.097682 -0.217987 -0.056687 0.969395
4546.214958 0.380632 -0.102175 0.175644 0.097646 -0.215545 -0.054667 0.970060
4546.251822 0.368658 -0.098670 0.185030 0.095142 -0.212795 -0.054818 0.970907
4546.288685 0.355947 -0.095500 0.194994 0.090504 -0.210185 -0.056134 0.971844
4546.325548 0.344337 -0.091468 0.206098 0.084336 -0.209571 -0.055253 0.972581
4546.362412 0.332585 -0.085741 0.217517 0.078389 -0.210571 -0.053834 0.972942
4546.399275 0.321470 -0.079545 0.229136 0.072757 -0.213178 -0.052508 0.972885
4546.436139 0.311288 -0.072740 0.240444 0.066084 -0.215668 -0.051749 0.972853
4546.473002 0.301481 -0.065338 0.251053 0.058388 -0.216101 -0.052672 0.973199
4546.509866 0.292075 -0.057523 0.260489 0.048465 -0.213800 -0.053504 0.974206
4546.546729 0.284395 -0.049701 0.269399 0.037864 -0.209253 -0.055610 0.975544
4546.583592 0.277616 -0.041214 0.277560 0.027809 -0.202903 -0.058797 0.977036
4546.620456 0.271312 -0.033354 0.284555 0.018523 -0.195004 -0.061874 0.978674
4546.657319 0.265657 -0.025294 0.290425 0.010115 -0.186755 -0.065122 0.980194
4546.694183 0.261233 -0.016609 0.295435 0.003269 -0.179711 -0.068238 0.981344
4546.731046 0.256999 -0.007681 0.299131 -0.002054 -0.174298 -0.071415 0.982098
4546.767910 0.254091 0.001232 0.301868 -0.005258 -0.171078 -0.074064 0.982456
