11197.086113 0.000000000 0.000000000 0.000000000 0.000000000 0.000000000 0.000000000 1.000000000
11197.122977 -0.005052422 -0.001339202 -0.002184810 -0.001271263 0.001450663 0.001260762 0.999997318
11197.159840 -0.009855567 -0.002069825 -0.004740804 -0.003686281 0.004883854 0.003636731 0.999974668
11197.196703 -0.013473584 -0.001851221 -0.007051215 -0.007461749 0.008712266 0.005931290 0.999916613
11197.233567 -0.016084604 -0.002158514 -0.008533386 -0.013170035 0.012366772 0.007215161 0.999810755
11197.270430 -0.019295314 -0.000041768 -0.010071043 -0.017944280 0.016220732 0.008701314 0.999669552
11197.307293 -0.021917872 0.003305312 -0.012011602 -0.020138161 0.018850077 0.010164998 0.999567807
11197.344157 -0.023514695 0.003165351 -0.013147400 -0.021261318 0.019624736 0.010939712 0.999521434
11197.381020 -0.025898322 0.006046988 -0.014990931 -0.020146742 0.019571099 0.010540141 0.999549925
11197.417883 -0.028309261 0.008516219 -0.016187254 -0.020719452 0.018896818 0.009397510 0.999562562
11197.454747 -0.029712202 0.011239363 -0.016790483 -0.022781536 0.016617257 0.007076724 0.999577284
11197.491610 -0.033045121 0.015804157 -0.017736215 -0.025591597 0.014702035 0.004697895 0.999553323
11197.528474 -0.035255197 0.024577105 -0.019782392 -0.030009447 0.012627819 0.002129026 0.999467552
11197.565337 -0.036577977 0.031981546 -0.020435104 -0.037085120 0.010988707 -0.000486693 0.999251544
11197.602200 -0.038027007 0.038685471 -0.020516822 -0.045935683 0.011165675 -0.002625731 0.998878539
11197.639064 -0.038975246 0.045126528 -0.020279128 -0.055291437 0.012424591 -0.003206407 0.998387814
11197.675927 -0.040684264 0.051410586 -0.021586088 -0.063211665 0.014544434 -0.003231829 0.997888923
11197.712790 -0.041679483 0.057444036 -0.023249287 -0.069791265 0.016137248 -0.003342367 0.997425497
11197.749654 -0.041596361 0.059417322 -0.023239266 -0.079449303 0.017448632 -0.003574166 0.996679783
11197.786517 -0.040897563 0.062363241 -0.025388656 -0.086857773 0.019036680 -0.003391027 0.996033072
11197.823380 -0.041135140 0.067204125 -0.026498159 -0.092197761 0.021607894 -0.003047350 0.995501578
11197.860244 -0.041559651 0.073585548 -0.029148092 -0.096943788 0.024827156 -0.001493299 0.994979024
11197.897107 -0.046279393 0.093700923 -0.033189289 -0.094260611 0.030490465 -0.000438061 0.995080411
11197.933971 -0.052569017 0.093997732 -0.038004097 -0.101454712 0.037391320 0.001589853 0.994135976
11197.970834 -0.054860238 0.098753214 -0.039384332 -0.110302411 0.042829368 0.001406676 0.992973804
11198.007697 -0.058101710 0.108522519 -0.041629739 -0.119685210 0.050220910 0.000023677 0.991540849
11198.044561 -0.063713543 0.117492191 -0.045008391 -0.130666494 0.060224947 0.002552760 0.989592195
11198.081424 -0.061394602 0.136714578 -0.046851456 -0.136564493 0.068161145 0.004698630 0.988272309
11198.118287 -0.062008180 0.142830029 -0.046571620 -0.148911059 0.078723125 0.013180166 0.985623896
11198.155151 -0.061888333 0.162640959 -0.048128769 -0.155452952 0.088301837 0.020548260 0.983674169
11198.192014 -0.063977331 0.165189728 -0.044440784 -0.170760229 0.098138325 0.031183599 0.979917049
11198.228878 -0.060853239 0.178802490 -0.041467983 -0.182594493 0.103478529 0.040950205 0.976869762
11198.265741 -0.064927429 0.192523241 -0.040193513 -0.194733843 0.111591309 0.052474428 0.973073781
11198.302604 -0.063926533 0.197730392 -0.031985171 -0.211808935 0.117784694 0.065356612 0.967983603
11198.339468 -0.062382661 0.212645322 -0.021663304 -0.225726381 0.121622890 0.078063376 0.963411450
11198.376331 -0.054575779 0.233822376 -0.013886452 -0.238938794 0.118611664 0.085822575 0.959934413
11198.413194 -0.053824130 0.237343922 0.000579111 -0.259976923 0.116540700 0.091685764 0.954161406
11198.450058 -0.047229119 0.255945802 0.012436666 -0.276564240 0.111707695 0.099039979 0.949328542
11198.486921 -0.044649228 0.271175712 0.023981571 -0.288991421 0.108185761 0.104901463 0.945397019
11198.523784 -0.038893521 0.281521112 0.038221277 -0.300389051 0.103196621 0.110985145 0.941700161
11198.560648 -0.035453308 0.300742805 0.046643294 -0.309446245 0.099440344 0.114046685 0.938801348
11198.597511 -0.030481523 0.317376912 0.059146330 -0.319511235 0.097017452 0.116923980 0.935322940
11198.634375 -0.026531123 0.332809001 0.069498986 -0.329765469 0.096700139 0.117120996 0.931765258
11198.671238 -0.030865347 0.337648362 0.080715314 -0.345148027 0.101647668 0.120842427 0.925168991
11198.708101 -0.027248241 0.351493239 0.091533959 -0.355685323 0.102996968 0.116746634 0.921547532
11198.744965 -0.024427224 0.359595597 0.097864062 -0.367395014 0.106913917 0.114013925 0.916837573
11198.781828 -0.023595393 0.371849358 0.103896037 -0.376794368 0.112395748 0.109987177 0.912850499
11198.818691 -0.021553610 0.384948432 0.111634582 -0.387901068 0.117033646 0.105067216 0.908183217
11198.855555 -0.028755095 0.381938010 0.120826274 -0.402097553 0.126494959 0.103639245 0.900874853
11198.892418 -0.025259577 0.404597878 0.125483945 -0.408196747 0.129392520 0.097207651 0.898433983
11198.929281 -0.025138147 0.413521975 0.131712869 -0.417316139 0.133706957 0.094339989 0.893906951
11198.966145 -0.032615907 0.421777874 0.135565177 -0.424449146 0.140156850 0.094887838 0.889491558
11199.003008 -0.033861347 0.435798973 0.139285207 -0.429416865 0.141421080 0.094667330 0.886926889
11199.039872 -0.034993015 0.442753524 0.142889351 -0.435591996 0.141531199 0.097013466 0.883638442
11199.076735 -0.041047476 0.441860080 0.145137146 -0.440256774 0.143736973 0.101940341 0.880410016
11199.113598 -0.045681886 0.443689167 0.146240190 -0.442400247 0.144203126 0.104330271 0.878978193
11199.150462 -0.052434623 0.446017921 0.142276451 -0.440512061 0.147154123 0.107965581 0.878998399
11199.187325 -0.061106294 0.435906440 0.161696360 -0.444194198 0.151727781 0.109126471 0.876220047
11199.224189 -0.066739574 0.433873951 0.162568823 -0.441766888 0.155525327 0.109932542 0.876680493
11199.261052 -0.079062447 0.426922679 0.161989361 -0.437911004 0.162470430 0.109435216 0.877417386
11199.297915 -0.088065110 0.421347290 0.160887644 -0.433152556 0.169006512 0.108907066 0.878609657
11199.334779 -0.077331036 0.419661701 0.150792405 -0.427073002 0.168580875 0.110844821 0.881420791
11199.371642 -0.122084521 0.416453660 0.142322466 -0.415771306 0.182961181 0.105864279 0.884563267
11199.408505 -0.134203106 0.406184971 0.132282510 -0.404224783 0.185590744 0.104583442 0.889505863
11199.445369 -0.150071144 0.392670870 0.130001575 -0.392431229 0.188489616 0.101071849 0.894569099
11199.482232 -0.162222728 0.377971828 0.120977558 -0.379810512 0.188522443 0.096822090 0.900460303
11199.519095 -0.180977359 0.358898699 0.128667206 -0.369290650 0.195045620 0.097493671 0.903369606
11199.555959 -0.197191492 0.346406847 0.120484613 -0.352966666 0.195460677 0.094827071 0.910064578
11199.592822 -0.236837342 0.338136256 0.110591799 -0.333095223 0.197767213 0.085200548 0.917974174
11199.629686 -0.232465655 0.304926544 0.103904665 -0.316492647 0.196211264 0.092402577 0.923469186
11199.666549 -0.236129969 0.287167251 0.100861438 -0.301456362 0.191219226 0.088826455 0.929875851
11199.703412 -0.252531588 0.273664474 0.098182224 -0.286458373 0.193896547 0.087775603 0.934152663
11199.740276 -0.261209875 0.265020430 0.091095455 -0.271726936 0.194556534 0.085318357 0.938633621
11199.777139 -0.278361291 0.247545376 0.097413987 -0.258208901 0.201343149 0.084625892 0.941077888
11199.814003 -0.296408623 0.224076629 0.111242324 -0.245918214 0.211060241 0.084258854 0.942272902
11199.850866 -0.290288031 0.216662899 0.101314276 -0.229529351 0.205003560 0.078060709 0.948259652
11199.887729 -0.306001693 0.206292808 0.102741219 -0.212550417 0.212617919 0.073000170 0.950940013
11199.924592 -0.310725212 0.197744519 0.102400854 -0.197307691 0.215220377 0.069964550 0.953863084
11199.961456 -0.322118342 0.184321463 0.102829292 -0.182766333 0.218758360 0.068860032 0.956033230
11199.998319 -0.331707686 0.192457512 0.101658322 -0.160206497 0.220422074 0.063198671 0.960080147
11200.035183 -0.337637395 0.186091200 0.096713766 -0.142011926 0.215753332 0.052267384 0.964650810
11200.072046 -0.350206792 0.143613383 0.120012365 -0.140422374 0.222773552 0.054364771 0.963170767
11200.108909 -0.359192163 0.156571567 0.107102357 -0.111333147 0.221206382 0.050101165 0.967554927
11200.145773 -0.368669569 0.142443210 0.110152707 -0.096306987 0.221738487 0.047853939 0.969157934
11200.182636 -0.378286272 0.136817515 0.111580059 -0.077268265 0.221656099 0.044226110 0.971052110
11200.219500 -0.387740254 0.121285714 0.115360953 -0.063172199 0.222463265 0.041930575 0.971988261
11200.256363 -0.396489173 0.118866228 0.117004678 -0.041913800 0.222403049 0.037001885 0.973350406
11200.293226 -0.407503396 0.111824654 0.118543342 -0.023098953 0.223787218 0.032730911 0.973814368
11200.330090 -0.416673094 0.092442706 0.122516453 -0.010237811 0.225520119 0.027609436 0.973793387
11200.366953 -0.423728913 0.070031822 0.126388013 -0.000244296 0.227660820 0.025292020 0.973411977
11200.403816 -0.438128054 0.073807612 0.120211214 0.020149024 0.231879920 0.022205042 0.972282231
11200.440680 -0.448628098 0.060428560 0.123045906 0.030716000 0.236226857 0.017281473 0.971058547
11200.477543 -0.464230120 0.057507340 0.122159362 0.046238307 0.241778418 0.010056328 0.969177008
11200.514407 -0.474787116 0.051938348 0.121862523 0.059384175 0.244834974 0.000939294 0.967743993
11200.551270 -0.487994879 0.039403562 0.122796357 0.065999322 0.250340581 -0.006751381 0.965882003
11200.588133 -0.501231670 0.029231364 0.124114476 0.071398415 0.256620347 -0.013780884 0.963772953
11200.624997 -0.514071524 0.023708837 0.126096785 0.073207900 0.264670730 -0.019830404 0.961351514
11200.661860 -0.533935964 0.024949910 0.132076755 0.072359793 0.278484017 -0.024195254 0.957405508
11200.698724 -0.541501105 0.031792138 0.131330371 0.070558906 0.286626339 -0.029840777 0.954974473
11200.735587 -0.553070188 0.039743580 0.133979067 0.067391559 0.298898906 -0.033354100 0.951317668
11200.772450 -0.567734838 0.044860728 0.141424149 0.062106404 0.314466506 -0.034150813 0.946618915
11200.809314 -0.582918346 0.050691474 0.147392273 0.058715865 0.329840899 -0.034842812 0.941564322
11200.846177 -0.591900110 0.064352088 0.150060803 0.060457520 0.341310859 -0.035426851 0.937334895
11200.883040 -0.603361249 0.074843921 0.151553512 0.061425481 0.353125721 -0.035081256 0.932897866
11200.919904 -0.620809436 0.076136597 0.156901449 0.059090376 0.367182553 -0.029753277 0.927793086
11200.956767 -0.634931803 0.082031287 0.160673261 0.058913372 0.378238320 -0.027964359 0.923408389
11200.993630 -0.653778911 0.080121137 0.167496398 0.055470522 0.391598254 -0.019419134 0.918257415
11201.030494 -0.664453149 0.076241583 0.169040591 0.048008516 0.400733769 -0.011168423 0.914867640
11201.067357 -0.680101633 0.087062128 0.175942004 0.047060743 0.412727773 0.003134235 0.909632504
11201.104221 -0.691108704 0.096860260 0.179735065 0.043669757 0.420503616 0.012697570 0.906150341
11201.141084 -0.700470924 0.104933865 0.185983747 0.039649487 0.426122487 0.019313177 0.903589785
11201.177947 -0.708593369 0.108171351 0.191186368 0.032182820 0.429820895 0.024675442 0.902002990
11201.214811 -0.716349721 0.110335216 0.199158758 0.022723392 0.434150994 0.029304598 0.900076568
11201.251674 -0.722748756 0.117908940 0.206139058 0.016575875 0.437549293 0.034538254 0.898377955
11201.288538 -0.728709579 0.124247558 0.215655476 0.010702911 0.441478074 0.038213823 0.896394014
11201.325401 -0.734045684 0.131356567 0.225942254 0.003474033 0.445573956 0.043610621 0.894175529
11201.362264 -0.738064647 0.137118697 0.237521291 -0.007058406 0.449998438 0.048965637 0.891657948
11201.399127 -0.738260806 0.150885314 0.247295320 -0.014901331 0.453156292 0.053318463 0.889710307
11201.435991 -0.742133379 0.157184005 0.262807608 -0.027871430 0.460611284 0.059098523 0.885193646
11201.472854 -0.740581036 0.166679710 0.275079131 -0.044202328 0.467205018 0.062601157 0.880821645
11201.509718 -0.738671660 0.181344211 0.287075043 -0.060998019 0.474815726 0.067625366 0.875360548
11201.546581 -0.738605738 0.197230190 0.303025603 -0.076634325 0.484204501 0.074926503 0.868365765
11201.583444 -0.736243367 0.216800302 0.317228675 -0.091913238 0.492238045 0.079601780 0.861926496
11201.620308 -0.734735012 0.235860616 0.331361532 -0.109279677 0.498955429 0.082583413 0.855734408
11201.657171 -0.729007483 0.242845953 0.346666753 -0.131332129 0.504549980 0.089040481 0.848677218
11201.694035 -0.728520155 0.262851208 0.360517204 -0.148421496 0.510841370 0.093152672 0.841626227
11201.730898 -0.723792553 0.270261407 0.378410697 -0.167859212 0.517433405 0.102877960 0.832767725
11201.767761 -0.723505020 0.291124701 0.393513173 -0.180937901 0.523044169 0.112237021 0.825281203
11201.804625 -0.722605705 0.318943560 0.400412321 -0.192647651 0.522687793 0.118082762 0.822034597
11201.841488 -0.729555607 0.363955945 0.411987513 -0.188589662 0.524786532 0.128884166 0.820013344
11201.878351 -0.712269425 0.323546976 0.424188495 -0.221619666 0.517116666 0.142595261 0.814335108
11201.915215 -0.710167527 0.336624682 0.436028302 -0.230383813 0.513219833 0.154907256 0.812116027
11201.952078 -0.706541955 0.349533498 0.447379500 -0.240648329 0.508206666 0.168819800 0.809514821
11201.988941 -0.704791903 0.362286776 0.454946697 -0.248905435 0.503930628 0.182040796 0.806821644
11202.025805 -0.708053827 0.370461404 0.462496132 -0.257148296 0.503027081 0.197239324 0.801208556
11202.062668 -0.707435906 0.380938649 0.465539366 -0.265459567 0.501872838 0.209469736 0.796101272
11202.099532 -0.712857604 0.402450681 0.487835228 -0.271149963 0.511369824 0.220366105 0.785122573
11202.136395 -0.716571093 0.415292352 0.491418093 -0.277644783 0.514628887 0.229239285 0.778151572
11202.173258 -0.722209513 0.419790834 0.497359723 -0.284730583 0.518021107 0.237107947 0.770949006
11202.210122 -0.726487219 0.426720321 0.504347563 -0.292193443 0.522626519 0.240662515 0.763914943
11202.246985 -0.736872852 0.442273021 0.521555603 -0.298378527 0.533158123 0.242301747 0.753659427
11202.283848 -0.745996058 0.450346917 0.527630031 -0.304236025 0.539227903 0.243547887 0.746564269
11202.320712 -0.755217671 0.447497934 0.532191098 -0.310959995 0.543235898 0.247427911 0.739579678
11202.357575 -0.770095766 0.459899664 0.546162903 -0.313204497 0.554304838 0.246999025 0.730507076
11202.394438 -0.780381620 0.463550925 0.553349555 -0.316864043 0.561436951 0.250995129 0.722071528
11202.431302 -0.798295081 0.470818788 0.563986540 -0.318097770 0.567875922 0.254454762 0.715250671
11202.468165 -0.815428138 0.479341596 0.570705116 -0.315444112 0.572104692 0.258769661 0.711498082
11202.505029 -0.827825487 0.478474289 0.583418787 -0.316735923 0.573643386 0.264999330 0.707380414
11202.541892 -0.841536880 0.478268206 0.585462809 -0.318508595 0.571753681 0.268996179 0.706605256
11202.578755 -0.849848509 0.473957837 0.593859315 -0.316328585 0.570042193 0.274280161 0.706936002
11202.615619 -0.861379683 0.472709864 0.598668396 -0.311236888 0.568578482 0.276445627 0.709526539
11202.652482 -0.868323326 0.464287132 0.609962046 -0.306745291 0.570318282 0.278714657 0.709198415
11202.689345 -0.879485905 0.458614081 0.624821782 -0.296078235 0.576980948 0.282883137 0.706687868
11202.726209 -0.885035813 0.448201776 0.633125067 -0.288935483 0.582228959 0.282031447 0.705679774
11202.763072 -0.888990879 0.439616024 0.644917548 -0.278766096 0.590262711 0.278210580 0.704612136
11202.799936 -0.891651034 0.414678276 0.641019464 -0.275880694 0.593079805 0.270797253 0.706268430
11202.836799 -0.898212314 0.403110027 0.654141843 -0.265860468 0.600447357 0.263141185 0.706779957
11202.873662 -0.897932649 0.403151512 0.670832157 -0.248264045 0.609092057 0.257644564 0.707807243
11202.910526 -0.912668943 0.408312649 0.698952496 -0.227421895 0.623157144 0.250393510 0.705164909
11202.947389 -0.915405512 0.395347506 0.713755727 -0.218118176 0.630031765 0.242273256 0.704832017
11202.984252 -0.904530704 0.361936152 0.707633078 -0.218832359 0.628195584 0.234543681 0.708852589
11203.021116 -0.910399079 0.349974036 0.720334828 -0.205625445 0.634936869 0.224953517 0.709907949
11203.057979 -0.906941295 0.332622379 0.734888256 -0.193253383 0.640458345 0.213324994 0.712010324
11203.094842 -0.912432134 0.322130561 0.753782749 -0.176076040 0.647361934 0.200619847 0.713912785
11203.131706 -0.914519608 0.307294756 0.757597685 -0.159226686 0.651289701 0.187579617 0.717831790
11203.168569 -0.920937061 0.292501956 0.779297173 -0.136980757 0.659400165 0.180350348 0.716869175
11203.205433 -0.924786687 0.273363322 0.794169188 -0.121790558 0.664095998 0.168642923 0.718124747
11203.242296 -0.930840135 0.258001059 0.807208776 -0.106689028 0.664834976 0.154664591 0.722973526
11203.279159 -0.933779597 0.240191534 0.821039200 -0.091561280 0.663638771 0.140287682 0.729053855
11203.316023 -0.939297438 0.223725557 0.836321294 -0.078958847 0.664013147 0.124647491 0.733017802
11203.352886 -0.945330381 0.207474321 0.851909995 -0.069087803 0.664326370 0.111467488 0.735848010
11203.389750 -0.950092554 0.189691067 0.865160048 -0.062820330 0.664503694 0.099172756 0.738006234
11203.426613 -0.955820501 0.173811689 0.880187273 -0.055510923 0.665577888 0.086196549 0.739252806
11203.463476 -0.962331593 0.161905229 0.892611325 -0.047673374 0.667379558 0.069125809 0.739968538
11203.500340 -0.967447340 0.149266556 0.907244861 -0.035478704 0.671196818 0.055917718 0.738315165
11203.537203 -0.974075556 0.137965113 0.919747710 -0.025327388 0.676548302 0.043394428 0.734682083
11203.574066 -0.980459988 0.128635705 0.935132146 -0.014950517 0.684184074 0.034979876 0.728316545
11203.610930 -0.988310397 0.121372432 0.948631704 -0.005573257 0.691202581 0.026694814 0.722146332
11203.647793 -0.995804965 0.117177740 0.962694883 0.003785694 0.698238611 0.017585857 0.715639055
11203.684656 -1.002087951 0.111979008 0.976952672 0.012400961 0.704885364 0.010693500 0.709132195
11203.721520 -1.009794831 0.105969489 0.991551161 0.019701716 0.711012900 0.004124943 0.702890754
11203.758383 -1.017662048 0.099896461 1.008383751 0.023836799 0.717759252 -0.002558297 0.695878565
11203.795247 -1.026617169 0.101351395 1.022402644 0.031543907 0.723053873 -0.010390661 0.689992845
11203.832110 -1.036209106 0.099601105 1.036665797 0.039444111 0.728026927 -0.019430837 0.684136987
11203.868973 -1.045537353 0.094535820 1.052260399 0.047727957 0.734505117 -0.028121842 0.676338255
11203.905837 -1.054760814 0.092692792 1.065466642 0.056678388 0.741743803 -0.035904802 0.667318881
11203.942700 -1.062281489 0.092587903 1.082035899 0.063160323 0.753018081 -0.038955413 0.653801918
11203.979563 -1.069364071 0.091519699 1.098089218 0.064022534 0.766293943 -0.036034178 0.638275981
11204.016427 -1.074644327 0.098638214 1.107758164 0.064588420 0.777988076 -0.034050956 0.624021888
11204.053290 -1.075532913 0.090726361 1.124672055 0.058777962 0.791763902 -0.025150074 0.607472241
11204.090153 -1.074204683 0.097237319 1.135208488 0.057527926 0.801304162 -0.024085753 0.594997525
11204.127017 -1.072256684 0.099129200 1.144954324 0.054806240 0.808557630 -0.023679920 0.585380256
11204.163880 -1.067709088 0.103342414 1.157608747 0.051164690 0.814975858 -0.022155840 0.576806426
11204.200744 -1.062283993 0.112641573 1.169698477 0.047390103 0.819588125 -0.018095598 0.570703208
11204.237607 -1.053240657 0.111475684 1.179238319 0.036145840 0.822154760 -0.011935702 0.567989886
11204.274470 -1.045023918 0.120142892 1.191854358 0.029710378 0.824117362 -0.007269412 0.565592587
11204.311334 -1.033553243 0.128739774 1.206020594 0.022420166 0.825356841 -0.003681354 0.564154267
11204.348197 -1.022282958 0.136501253 1.219029427 0.015937451 0.825652242 0.001598206 0.563951969
11204.385061 -1.008099675 0.147731408 1.231061697 0.013201173 0.825463116 0.007535681 0.564251363
11204.421924 -0.995788693 0.148115933 1.240693569 0.003525705 0.824841678 0.015981205 0.565126777
11204.458787 -0.979622841 0.152665958 1.252677321 -0.004907488 0.825127542 0.026633581 0.564297020
11204.495651 -0.964970469 0.160978824 1.263137817 -0.011005902 0.824995816 0.037803538 0.563765585
11204.532514 -0.949930549 0.171569929 1.274538159 -0.017007468 0.825565398 0.048238140 0.561983585
11204.569377 -0.935239017 0.180504486 1.284975767 -0.023160344 0.826552093 0.061907433 0.558965802
11204.606241 -0.921447158 0.190060839 1.293707132 -0.029748438 0.827988803 0.075745873 0.554808140
11204.643104 -0.907730639 0.198946491 1.305946827 -0.033058971 0.831778765 0.088622428 0.546989262
11204.679967 -0.894406319 0.203562140 1.314501882 -0.042561561 0.834343731 0.097650848 0.540854216
11204.716831 -0.882797778 0.216368258 1.325105906 -0.049811576 0.838251829 0.102935210 0.533157587
11204.753694 -0.868231058 0.225833863 1.337430000 -0.062993057 0.842908561 0.108834669 0.523155749
11204.790558 -0.859390020 0.234333634 1.342275739 -0.073280558 0.844879806 0.119769424 0.516200840
11204.827421 -0.848487556 0.244603187 1.350563526 -0.086256728 0.847426295 0.129412606 0.507622719
11204.864285 -0.837763667 0.253597260 1.356632233 -0.098523147 0.848418891 0.138617992 0.501262069
11204.901148 -0.826961935 0.262988776 1.362831354 -0.109023258 0.848974168 0.149222523 0.495065123
11204.938011 -0.820535421 0.277142107 1.369028330 -0.115764894 0.849824965 0.160617471 0.488464981
11204.974874 -0.811467409 0.292312473 1.376942873 -0.120319463 0.850856125 0.175253823 0.480471820
11205.011738 -0.803813159 0.305314302 1.383707285 -0.122599334 0.850947320 0.190896183 0.473726451
11205.048601 -0.797085881 0.318261385 1.390532613 -0.123140521 0.850283921 0.206839502 0.468050301
11205.085465 -0.791175485 0.332901776 1.397721052 -0.123330638 0.849224567 0.221635863 0.463124931
11205.122328 -0.785900772 0.345310450 1.403277755 -0.122346900 0.847541511 0.239181533 0.457708269
11205.159191 -0.782844543 0.357747912 1.411533475 -0.121841766 0.846199393 0.254428178 0.452070236
11205.196055 -0.781214833 0.370808303 1.421027660 -0.119693443 0.845677018 0.268615782 0.445364386
11205.232918 -0.781587243 0.378722548 1.430657148 -0.119013250 0.845802128 0.280941546 0.437637329
11205.269782 -0.782137513 0.390181720 1.441951752 -0.113282591 0.846968949 0.292486668 0.429257751
11205.306645 -0.785935521 0.398297906 1.455461502 -0.110759661 0.847317874 0.304529458 0.420768946
11205.343508 -0.787294984 0.405399799 1.467479825 -0.108645469 0.847053051 0.316031843 0.413305104
11205.380372 -0.789596915 0.417348266 1.482400656 -0.104173288 0.847847044 0.325729787 0.405220151
11205.417235 -0.787860215 0.430146158 1.497868657 -0.100693710 0.848576128 0.337067783 0.395176709
11205.454098 -0.789896488 0.438942075 1.512875676 -0.102355376 0.847997606 0.348263532 0.386181265
11205.490962 -0.790219903 0.447642922 1.526003122 -0.104543492 0.847484887 0.357826144 0.377889514
11205.527825 -0.791412354 0.460906684 1.533485293 -0.110336401 0.845290899 0.367608339 0.371716678
11205.564688 -0.791830659 0.475097835 1.546592593 -0.115166843 0.844300091 0.377842933 0.362116992
11205.601552 -0.791444659 0.481607318 1.554585457 -0.122221574 0.842723370 0.387270778 0.353412777
11205.638415 -0.793966770 0.495123744 1.567093015 -0.126553997 0.842672527 0.394050330 0.344400108
11205.675279 -0.788864970 0.499978185 1.574746966 -0.130459473 0.841682255 0.403455645 0.334327459
11205.712142 -0.778361320 0.505351961 1.579149365 -0.134188369 0.839839220 0.411890924 0.327122867
11205.749005 -0.768592656 0.507116795 1.583628178 -0.136427119 0.837588906 0.419758052 0.321924865
11205.785869 -0.764841259 0.521145463 1.593822956 -0.135065734 0.837576747 0.421324402 0.320481181
11205.822732 -0.755737484 0.524791121 1.596192598 -0.132100061 0.835864246 0.426081121 0.319899082
11205.859595 -0.745984674 0.524771690 1.601705074 -0.127854675 0.836192131 0.426178873 0.320636034
11205.896459 -0.734218717 0.522580028 1.607434511 -0.121786021 0.837827444 0.424480289 0.320982546
11205.933322 -0.722372591 0.517150402 1.612230062 -0.114577852 0.840300977 0.421264738 0.321406603
11205.970186 -0.711435795 0.510148466 1.622312903 -0.106087916 0.844426155 0.415744454 0.320696771
11206.007049 -0.699489594 0.500952959 1.626531363 -0.098789863 0.847978532 0.410284668 0.320685953
11206.043912 -0.691839576 0.496314824 1.639335513 -0.090321869 0.853846669 0.401006460 0.319345593
11206.080776 -0.684015989 0.485385478 1.644827843 -0.084799469 0.857926071 0.394649863 0.317841709
11206.117639 -0.667112887 0.467134953 1.645322323 -0.079795927 0.861292899 0.391433626 0.313985407
11206.154502 -0.654746652 0.452871561 1.646929622 -0.076480098 0.865121782 0.383828551 0.313672930
11206.191366 -0.640898168 0.441034794 1.652131557 -0.074252583 0.869954288 0.373160183 0.313715696
11206.228229 -0.627761364 0.419375956 1.652594805 -0.075510025 0.873735487 0.363480151 0.314271748
11206.265092 -0.612060785 0.403394938 1.657571316 -0.075592220 0.878892243 0.352749944 0.312092453
11206.301956 -0.605316877 0.389707804 1.662574768 -0.075558566 0.883254230 0.341767818 0.312005818
11206.338819 -0.592059255 0.373864710 1.665740371 -0.076262839 0.886553943 0.335115284 0.309683383
11206.375683 -0.582103372 0.361765265 1.675244093 -0.075616442 0.890829027 0.326179802 0.307103455
11206.412546 -0.575495362 0.350004315 1.683475971 -0.075143248 0.894764364 0.315357685 0.307082713
11206.449409 -0.567875087 0.338671684 1.690756321 -0.073731661 0.898459196 0.304344594 0.307748437
11206.486273 -0.561155558 0.325494409 1.698803902 -0.069604270 0.903101265 0.292859912 0.306262106
11206.523136 -0.554295182 0.314266622 1.710780025 -0.063576579 0.909356058 0.278256238 0.302659869
11206.559999 -0.548269570 0.302954435 1.723075271 -0.056135762 0.915585160 0.263586611 0.298453748
11206.596863 -0.542205453 0.290801644 1.735671639 -0.047772061 0.921281576 0.251199871 0.293013036
11206.633726 -0.537144303 0.278602362 1.749553919 -0.038666293 0.926441371 0.240697935 0.286837548
11206.670589 -0.532932401 0.267079234 1.763705254 -0.031539641 0.931193233 0.229233667 0.281667024
11206.707453 -0.526179373 0.254507661 1.778757453 -0.020523122 0.936337233 0.218737289 0.273870975
11206.744316 -0.519852519 0.242348075 1.795450211 -0.009966206 0.942176759 0.205779403 0.264307499
11206.781179 -0.514341235 0.231418729 1.812722683 -0.002569677 0.947535753 0.191612005 0.255840272
11206.818043 -0.511542678 0.219437540 1.826876998 0.006071161 0.951717198 0.181007668 0.247858316
11206.854906 -0.510388970 0.210183263 1.843728662 0.014553496 0.955564260 0.170969144 0.239697114
11206.891770 -0.507065654 0.200928390 1.864171743 0.019021912 0.959331393 0.161529034 0.230715990
11206.928633 -0.502193451 0.188230574 1.882114887 0.025326174 0.962387443 0.154903382 0.221751884
11206.965496 -0.486240059 0.168290317 1.900669098 0.026760994 0.966505587 0.147183433 0.208537504
11207.002360 -0.489592642 0.164550304 1.917294741 0.028645316 0.970017433 0.125855610 0.205927342
11207.039223 -0.474215209 0.144411862 1.932941914 0.036060464 0.973980784 0.117370546 0.190486774
11207.076087 -0.483217061 0.128125966 1.940258622 0.034013178 0.974265158 0.111606009 0.192859009
11207.112950 -0.475918651 0.137520671 1.961075425 0.038574919 0.977905691 0.092421524 0.183495864
11207.149813 -0.470863611 0.138187259 1.976704597 0.039447099 0.980060518 0.077979550 0.178450271
11207.186677 -0.458040595 0.123258024 1.986568451 0.039703336 0.981858790 0.071774952 0.170954049
11207.223540 -0.448713601 0.119300410 1.999028563 0.042555586 0.983448982 0.058126319 0.166248143
11207.260403 -0.438698947 0.108899489 2.005358219 0.040958140 0.984369874 0.047380943 0.164600790
11207.297267 -0.427337378 0.103792831 2.012932539 0.040324237 0.985284984 0.036300723 0.162079200
11207.334130 -0.415965110 0.100292034 2.018228531 0.039043814 0.986016154 0.031701293 0.158879608
11207.370994 -0.404035687 0.102681063 2.023602486 0.038784143 0.986865461 0.030632749 0.153798655
11207.407857 -0.390065581 0.098692395 2.025901318 0.037234262 0.987692058 0.034305744 0.147990271
11207.444720 -0.380276322 0.098557740 2.024905682 0.036174737 0.988173366 0.031481203 0.145649254
11207.481584 -0.361353666 0.102095217 2.026377201 0.040396612 0.989379227 0.022434985 0.137817279
11207.518447 -0.344783634 0.104814678 2.025331736 0.043553118 0.990331888 0.016168019 0.130707473
11207.555310 -0.333562106 0.109733641 2.020903826 0.045500845 0.990990102 0.016110845 0.124934882
11207.592174 -0.318176091 0.114938401 2.018134356 0.049453195 0.991800547 0.025689756 0.115004845
11207.629037 -0.304418743 0.119785249 2.013864040 0.050226912 0.992331505 0.038169451 0.106294736
11207.665900 -0.292218775 0.126476735 2.008316278 0.051102925 0.992642224 0.045713577 0.099800810
11207.702764 -0.281523943 0.132440627 2.003437042 0.050115269 0.992914736 0.051945545 0.094395153
11207.739627 -0.269521147 0.138518021 1.999496937 0.050845355 0.992938697 0.061732512 0.087616049
11207.776491 -0.256839275 0.144189954 1.996942043 0.053008314 0.992700040 0.073082723 0.079973169
11207.813354 -0.244896039 0.148716807 1.993296742 0.052222911 0.992194176 0.085791290 0.073913984
11207.850217 -0.235578239 0.157068551 1.989318728 0.049785327 0.991414428 0.098691374 0.069849104
11207.887081 -0.224513054 0.161795676 1.985667944 0.048696004 0.989907742 0.116029046 0.065182000
11207.923944 -0.213361084 0.169601858 1.983222127 0.048319187 0.988235176 0.131811947 0.060680248
11207.960808 -0.202567294 0.178313851 1.981270194 0.046703029 0.986359537 0.147280544 0.056764141
11207.997671 -0.191201657 0.188240409 1.980391979 0.046119578 0.984448671 0.161439642 0.051682688
11208.034534 -0.179596633 0.197196782 1.980207801 0.046654209 0.982255757 0.175900817 0.045342136
11208.071398 -0.168395460 0.205616176 1.980485559 0.047188345 0.979906738 0.190042749 0.037945274
11208.108261 -0.155185610 0.214908421 1.981681466 0.049892873 0.977556467 0.202751935 0.028030634
11208.145124 -0.141703799 0.225266993 1.984584570 0.051290885 0.975182533 0.214649096 0.017721238
11208.181988 -0.128052056 0.238658547 1.990472078 0.058609400 0.972839236 0.223830715 0.006968046
11208.218851 -0.117094085 0.245433450 1.992908478 0.062632918 0.969660521 0.236288860 -0.001788168
11208.255714 -0.103747018 0.254947424 1.998787880 0.069680460 0.966507256 0.246718153 -0.011767913
11208.292578 -0.090129003 0.263981044 2.004691839 0.078192972 0.963217378 0.256144285 -0.022096243
11208.329441 -0.078118458 0.275310695 2.012639046 0.085459404 0.960487783 0.263094217 -0.030680798
11208.366305 -0.064667672 0.284325004 2.020472288 0.094177917 0.956085861 0.274327457 -0.042128090
11208.403168 -0.050749131 0.292330503 2.028535366 0.102004200 0.951563597 0.285047323 -0.053571533
11208.440031 -0.036697857 0.300441682 2.034966469 0.107436284 0.948020458 0.292843252 -0.062908016
11208.476895 -0.026798397 0.310984075 2.042569876 0.111318603 0.944929123 0.300132036 -0.068101570
11208.513758 -0.018564858 0.316968083 2.046082020 0.113167703 0.939930558 0.313508391 -0.073730066
11208.550622 -0.004374392 0.331763983 2.049011230 0.114860952 0.935003519 0.325119019 -0.082903214
11208.587485 0.008735821 0.338781297 2.051128387 0.118995860 0.929280102 0.336977333 -0.093406305
11208.624348 0.018325642 0.351171315 2.051782608 0.122133516 0.924677134 0.346048087 -0.101519659
11208.661211 0.030710042 0.358679533 2.053001404 0.125941649 0.919465542 0.355866730 -0.109912008
11208.698075 0.042330623 0.369340181 2.049515963 0.128944889 0.914588392 0.365329981 -0.115910530
11208.734938 0.054953560 0.385040581 2.048952341 0.131419167 0.910200536 0.373826742 -0.120489068
11208.771802 0.065201372 0.397260666 2.045053005 0.133504927 0.904812157 0.385206312 -0.122912683
11208.808665 0.080934301 0.410932362 2.043155909 0.136552155 0.898737609 0.396974355 -0.126631647
11208.845528 0.095971733 0.422585785 2.037173748 0.139402851 0.892279863 0.409366429 -0.129701883
11208.882392 0.109364450 0.433748901 2.033151388 0.142701477 0.887219787 0.418417841 -0.131923616
11208.919255 0.124985501 0.443486810 2.027221680 0.146050453 0.882609129 0.426025808 -0.134804979
11208.956119 0.137530953 0.447790265 2.017358065 0.145488024 0.878622532 0.434433162 -0.134623587
11208.992982 0.153482288 0.457440674 2.011925936 0.148047745 0.876234889 0.437592149 -0.137140006
11209.029845 0.171773046 0.462282956 2.006695986 0.153828964 0.871750832 0.442606688 -0.143130749
11209.066709 0.175348490 0.473117709 2.005414963 0.162328824 0.866240740 0.449738026 -0.144955158
11209.103572 0.189900428 0.480031192 2.005094290 0.167333841 0.862186253 0.454877794 -0.147378445
11209.140435 0.210501507 0.476668298 1.994229317 0.171780944 0.860359311 0.455862552 -0.149874792
11209.177299 0.225508481 0.477964818 1.987585425 0.173505381 0.860945344 0.455113053 -0.146768868
11209.214162 0.238898069 0.475241542 1.981149316 0.175919026 0.858529150 0.459590644 -0.144071743
11209.251025 0.249600440 0.470197022 1.975226879 0.177901477 0.856680751 0.462632120 -0.142901182
11209.287889 0.262087703 0.463193297 1.970050097 0.179328039 0.857492328 0.459969610 -0.144832179
11209.324752 0.274532020 0.451088965 1.962733388 0.177973092 0.859874368 0.454663783 -0.149071947
11209.361616 0.284143209 0.437558889 1.956137896 0.176322028 0.862745047 0.448021948 -0.154459804
11209.398479 0.294772536 0.423970342 1.953229308 0.173614725 0.866259873 0.439888358 -0.161090106
11209.435343 0.300690264 0.401730478 1.943598986 0.170448869 0.868834198 0.433544636 -0.167670310
11209.472206 0.311964214 0.384829938 1.940535069 0.167714998 0.873553336 0.421584547 -0.176189512
11209.509069 0.330646932 0.375308931 1.944748402 0.163013220 0.880600154 0.404458553 -0.185427427
11209.545933 0.342590749 0.357615948 1.941921234 0.159852490 0.885716379 0.390581369 -0.193390340
11209.582796 0.357076138 0.342522740 1.945089817 0.157472625 0.890899181 0.375536561 -0.201179683
11209.619659 0.372203827 0.326364040 1.946249366 0.156072810 0.895069718 0.361763060 -0.208851531
11209.656523 0.388775051 0.310210049 1.947657347 0.155365884 0.899328947 0.346755624 -0.216400906
11209.693386 0.403488010 0.295002580 1.958497047 0.155372813 0.904650152 0.328928143 -0.221976742
11209.730249 0.425586760 0.278603673 1.957921743 0.156263828 0.908117533 0.311877251 -0.231595993
11209.767113 0.438426077 0.262857676 1.969392300 0.157601029 0.911554217 0.296434879 -0.237396747
11209.803976 0.458081603 0.250703990 1.970064044 0.161515817 0.911821723 0.284345448 -0.248276949
11209.840840 0.474327862 0.237158477 1.973609924 0.164090931 0.912755370 0.271551371 -0.257316321
11209.877703 0.486730695 0.224237084 1.977873445 0.164838940 0.915030777 0.257272214 -0.263358593
11209.914566 0.503199458 0.210592687 1.979117036 0.166848943 0.916047454 0.242944270 -0.272022963
11209.951430 0.518517375 0.205141306 1.985888124 0.164966509 0.918496192 0.228578269 -0.277313620
11209.988293 0.528450906 0.189571679 1.986448526 0.165511742 0.919070780 0.218393147 -0.283230096
11210.025156 0.539191365 0.179581821 1.988177061 0.164204434 0.920698941 0.204662979 -0.288900435
11210.062020 0.549635410 0.167244077 1.987921476 0.161545426 0.922169149 0.191404253 -0.294739723
11210.098883 0.561830521 0.158010602 1.987739325 0.157937437 0.923310876 0.177759916 -0.301586092
11210.135746 0.571901739 0.147326827 1.985011578 0.153756276 0.923903286 0.165865704 -0.308626473
11210.172610 0.583191991 0.137883425 1.980854511 0.148524567 0.924272597 0.152944058 -0.316652417
11210.209473 0.590409696 0.131854415 1.977688670 0.141264319 0.925574303 0.137974933 -0.322985321
11210.246336 0.600441098 0.122853935 1.971251607 0.133894950 0.925769627 0.123227209 -0.331417739
11210.283200 0.615785599 0.111684978 1.956812143 0.127849311 0.923578858 0.111719519 -0.343766361
11210.320063 0.622015655 0.115083605 1.955694199 0.124580793 0.923258901 0.097036041 -0.350223660
11210.356927 0.627646267 0.108763278 1.950173855 0.119915053 0.922593594 0.086370915 -0.356344730
11210.393790 0.636126220 0.110504597 1.944654346 0.116406895 0.921722412 0.069955237 -0.363295406
11210.430653 0.647069991 0.103797823 1.928445220 0.112737879 0.919440269 0.058431115 -0.372163385
11210.467517 0.655510843 0.093921602 1.916910172 0.110303797 0.917707682 0.047597546 -0.378655672
11210.504380 0.660062611 0.084262013 1.904772758 0.107903935 0.916954935 0.035884358 -0.382443070
11210.541243 0.662013412 0.086022586 1.899371624 0.103153795 0.918328762 0.019257765 -0.381655186
11210.578107 0.673452735 0.084247097 1.880997658 0.099524632 0.917135119 0.011319299 -0.385784715
11210.614970 0.678515017 0.077484205 1.866409779 0.097653531 0.917060494 0.010950888 -0.386450440
11210.651834 0.678344786 0.076055259 1.855817318 0.095443085 0.918945730 0.008827980 -0.382559121
11210.688697 0.683870494 0.075770929 1.842007995 0.093800455 0.920090914 0.010962883 -0.380149931
11210.725560 0.686721921 0.075242937 1.827760458 0.088201076 0.922441125 0.017737906 -0.375510752
11210.762424 0.689969718 0.076459497 1.814421415 0.081804119 0.924854517 0.021457726 -0.370798916
11210.799287 0.693560421 0.076232105 1.802151203 0.076051287 0.926593602 0.024804879 -0.367457777
11210.836150 0.697046995 0.078424528 1.791504502 0.071779557 0.927532554 0.026667435 -0.365814060
11210.873014 0.701939821 0.077097803 1.780943036 0.070723258 0.926540613 0.030586077 -0.368218839
11210.909877 0.708711028 0.077956095 1.770751238 0.069941975 0.924034774 0.032808796 -0.374421418
11210.946740 0.715644956 0.079419389 1.760191321 0.068100646 0.920749068 0.033229537 -0.382726043
11210.983604 0.722157657 0.083003849 1.750975609 0.065382615 0.916848660 0.035481624 -0.392243236
11211.020467 0.730009317 0.086355805 1.740977526 0.064287230 0.911081731 0.042660959 -0.404941022
11211.057331 0.736235678 0.093126759 1.732984781 0.064552434 0.904617190 0.051235147 -0.418181479
11211.094194 0.743647099 0.097741783 1.725230217 0.068538822 0.896146238 0.063994825 -0.433738410
11211.131057 0.751103461 0.106886566 1.717944622 0.072521143 0.886794984 0.077472180 -0.449814826
11211.167921 0.756826282 0.117559493 1.710809231 0.077760242 0.877576649 0.090246007 -0.464400828
11211.204784 0.764830112 0.125050575 1.704906583 0.083889276 0.867943347 0.101643555 -0.478858531
11211.241647 0.774206638 0.135173410 1.695887327 0.088735640 0.858721614 0.110095084 -0.492546707
11211.278511 0.782321334 0.143652916 1.689917088 -0.095208168 -0.850406766 -0.115607411 0.504359603
11211.315374 0.792798877 0.155122012 1.683235049 -0.103932530 -0.841166973 -0.121476784 0.516603827
11211.352237 0.803910494 0.167434543 1.676141500 -0.113602623 -0.831801653 -0.130662769 0.527378082
11211.389101 0.812866211 0.171325117 1.669764876 -0.126862302 -0.823132157 -0.144649208 0.534261942
11211.425964 0.822270691 0.181030989 1.662174702 -0.141738459 -0.815257072 -0.156652212 0.539190233
11211.462828 0.834050179 0.194616556 1.655459523 -0.152984664 -0.808899581 -0.166803390 0.542635858
11211.499691 0.842361987 0.205573320 1.648110390 -0.165254518 -0.803977489 -0.178890720 0.542502761
11211.536554 0.850226223 0.215789139 1.641459942 -0.175950244 -0.799862385 -0.191148654 0.541039646
11211.573418 0.856998384 0.223863542 1.632835627 -0.188731968 -0.794942319 -0.204285905 0.539179146
11211.610281 0.864708424 0.236328483 1.626330614 -0.199715778 -0.790600598 -0.215556502 0.537214696
11211.647145 0.868625998 0.248100638 1.618723869 -0.207698122 -0.785907924 -0.230301365 0.534949899
11211.684008 0.868387043 0.262539983 1.604142785 -0.219511047 -0.778805912 -0.242621928 0.535173595
11211.720871 0.870794475 0.277433038 1.598919511 -0.231934145 -0.771990478 -0.252610832 0.535186946
11211.757735 0.871393204 0.290338635 1.590177774 -0.243781805 -0.764479995 -0.262200624 0.536089122
11211.794598 0.872776747 0.304490328 1.580125451 -0.254400074 -0.756400943 -0.272274435 0.537591696
11211.831461 0.875120878 0.319003761 1.571255326 -0.264967382 -0.748168886 -0.281536669 0.539233506
11211.868325 0.873728633 0.334724545 1.562521696 -0.275548637 -0.740545690 -0.289552927 0.540207505
11211.905188 0.868889511 0.350561947 1.552172899 -0.284578890 -0.733844936 -0.297997624 0.540077746
11211.942052 0.868357122 0.364182740 1.543033361 -0.294183761 -0.726913452 -0.304157972 0.540870488
11211.978915 0.870794296 0.374743253 1.534322500 -0.302914113 -0.720269978 -0.308310151 0.542585552
11212.015778 0.865125597 0.383106470 1.524267077 -0.312205970 -0.714062035 -0.315365493 0.541467905
11212.052642 0.870118737 0.399154186 1.514400840 -0.321662307 -0.707942307 -0.317179203 0.542907417
11212.089505 0.869755268 0.408669472 1.503427386 -0.329848915 -0.701883256 -0.321613044 0.543253720
11212.126369 0.869842589 0.419069678 1.490127683 -0.336837858 -0.696196914 -0.325970620 0.543684840
11212.163232 0.864633918 0.421376795 1.480389953 -0.343118429 -0.692342758 -0.332063287 0.540985405
11212.200095 0.863317788 0.426897824 1.467221737 -0.347877711 -0.688589096 -0.336385697 0.540065527
11212.236959 0.867035866 0.435478449 1.456380367 -0.349729627 -0.687102973 -0.336799294 0.540504336
11212.273822 0.857840300 0.435437113 1.446838856 -0.352179766 -0.685329795 -0.340358317 0.538932920
11212.310685 0.857358813 0.437625438 1.435178041 -0.354359061 -0.682334721 -0.342893541 0.539697170
11212.347549 0.859231591 0.438578188 1.421551228 -0.356235564 -0.678179026 -0.345423281 0.542081416
11212.384412 0.858615935 0.440087974 1.412256122 -0.355510950 -0.677371025 -0.345529109 0.543498039
11212.421275 0.854351819 0.434824705 1.403053403 -0.353468508 -0.677042842 -0.347618312 0.543906689
11212.458139 0.855470300 0.434392273 1.395130754 -0.350416094 -0.676840007 -0.349332929 0.545034587
11212.495002 0.854555547 0.430260509 1.385415435 -0.347117752 -0.674782038 -0.351939529 0.548011959
11212.531866 0.853783369 0.424249947 1.374617934 -0.341927677 -0.672249615 -0.353954852 0.553065896
11212.568729 0.854611158 0.418717086 1.366326690 -0.334196776 -0.671601593 -0.353573412 0.558793008
11212.605592 0.855808437 0.410989732 1.356883407 -0.325587064 -0.670677543 -0.352593094 0.565564156
11212.642456 0.860298038 0.403378576 1.347875595 -0.315483779 -0.670543253 -0.350201190 0.572888136
11212.679319 0.862376928 0.391399264 1.337923527 -0.306152433 -0.669826806 -0.346397251 0.581043601
11212.716182 0.872716725 0.379230559 1.333630204 -0.294941604 -0.671144307 -0.339026272 0.589606583
11212.753046 0.873523653 0.365343630 1.324118137 -0.285875380 -0.670292974 -0.334441781 0.597604692
11212.789909 0.874417186 0.351525903 1.310915112 -0.278339297 -0.668644607 -0.328116417 0.606449723
11212.826772 0.884853661 0.341273606 1.298168898 -0.271734416 -0.668494701 -0.318468988 0.614697218
11212.863636 0.892202854 0.326354891 1.286125064 -0.264313996 -0.670973539 -0.307903111 0.620587111
11212.900499 0.895581007 0.313474655 1.272275925 -0.255262017 -0.675587118 -0.294499665 0.625854075
11212.937363 0.905542135 0.297200978 1.257177591 -0.246478379 -0.680159032 -0.279292911 0.631369531
11212.974226 0.914778352 0.281286716 1.245059252 -0.239080727 -0.684012294 -0.266047359 0.635756612
11213.011089 0.926690817 0.265552759 1.231076837 -0.233209953 -0.685714960 -0.254282206 0.640896857
11213.047953 0.941026449 0.249972165 1.217414021 -0.229369044 -0.685371459 -0.240644142 0.647878230
11213.084816 0.956189871 0.236910522 1.207760334 -0.222372755 -0.686038792 -0.222945198 0.655893743
11213.121680 0.968960643 0.222853214 1.193245173 -0.212331772 -0.686289787 -0.203636065 0.665172100
11213.158543 0.979736090 0.202121645 1.181218863 -0.202275142 -0.686728895 -0.185280666 0.673171043
11213.195406 0.992565632 0.187464684 1.171617150 -0.190714821 -0.688081563 -0.168165773 0.679626346
11213.232270 1.003900290 0.172207564 1.161216259 -0.182159647 -0.688124716 -0.154479221 0.685155749
11213.269133 1.016480446 0.158905685 1.150092363 -0.174306929 -0.687472463 -0.141192019 0.690697908
11213.305996 1.026243687 0.145036548 1.138511777 -0.162898600 -0.688873708 -0.130495831 0.694181502
11213.342860 1.036326408 0.136657655 1.126575470 -0.153562292 -0.688600123 -0.117394619 0.698904097
11213.379723 1.041686058 0.119503468 1.112763166 -0.140040249 -0.689336598 -0.109987371 0.702215493
11213.416586 1.048229218 0.104549706 1.099854946 -0.126450807 -0.690242350 -0.098885536 0.705547571
11213.453450 1.051950336 0.096063435 1.085141063 -0.111142762 -0.690277159 -0.085849069 0.709784925
11213.490313 1.058240414 0.091300935 1.069789767 -0.100088656 -0.687397420 -0.067609876 0.716167510
11213.527177 1.059493780 0.080692902 1.055353284 -0.086268581 -0.686397493 -0.059671365 0.719621837
11213.564040 1.063896179 0.079854324 1.054920793 -0.074143909 -0.689738095 -0.048235491 0.718635738
11213.600903 1.068916202 0.084330112 1.029717922 -0.061155170 -0.682187438 -0.033935919 0.727824628
11213.637767 1.057775140 0.051995263 1.013482213 -0.062571257 -0.677296221 -0.034246404 0.732244372
11213.674630 1.055150867 0.061219670 1.000502229 -0.045442626 -0.675369382 -0.015011373 0.735925138
11213.711493 1.055405021 0.053150225 0.977720618 -0.029895620 -0.667954385 -0.004644051 0.743587017
11213.748357 1.055320024 0.046590559 0.964929819 -0.022103695 -0.663505971 0.004837164 0.747828782
11213.785220 1.054005623 0.038174521 0.948409855 -0.015172759 -0.658642590 0.011004598 0.752222478
11213.822083 1.036603093 0.049375292 0.919859886 0.002418036 -0.650383353 0.019111834 0.759361804
11213.858947 1.048121095 0.038245704 0.914665937 0.004555864 -0.652045965 0.018121317 0.757949114
11213.895810 1.043851733 0.032111142 0.908548117 0.006605529 -0.652668297 0.014692793 0.757472515
11213.932674 1.048867345 0.012380035 0.897743285 -0.000124695 -0.651341379 0.008610778 0.758735955
11213.969537 1.045524716 0.009381493 0.883045375 0.003801194 -0.648841262 0.005817201 0.760892034
11214.006400 1.039916158 0.015979366 0.868968010 0.013369094 -0.647022188 0.006808594 0.762323558
11214.043264 1.037254930 0.015083455 0.855549872 0.017251985 -0.644948184 0.004101776 0.764020562
11214.080127 1.033353329 0.013114720 0.839558423 0.018497283 -0.641395688 -0.001165728 0.766986310
11214.116990 1.031736135 0.017096926 0.824572265 0.022869393 -0.638553619 -0.003897293 0.769227564
11214.153854 1.028694987 0.016749559 0.807869017 0.023137772 -0.634209991 -0.009079400 0.772761226
11214.190717 1.026816010 0.020091204 0.796527743 0.022969590 -0.631317973 -0.012355753 0.775085390
11214.227581 1.023862958 0.018732890 0.774289608 0.020400364 -0.623519480 -0.015399357 0.781389892
11214.264444 1.024894238 0.022406727 0.752899528 0.018930500 -0.615167439 -0.019421505 0.787929833
11214.301307 1.027155638 0.027025826 0.745368600 0.015102781 -0.612182558 -0.019992614 0.790319383
11214.338171 1.027483225 0.034781002 0.727512062 0.011933041 -0.603648961 -0.021940731 0.796858907
11214.375034 1.028346181 0.039543271 0.702764809 0.005412442 -0.591023862 -0.025314439 0.806238592
11214.411897 1.029239178 0.043687895 0.682328522 -0.005506987 -0.578689992 -0.027423156 0.815067828
11214.448761 1.035347223 0.049463749 0.671940565 -0.019692268 -0.568731606 -0.031108186 0.821698725
11214.485624 1.039209723 0.056290179 0.650560498 -0.036170743 -0.552880347 -0.037737768 0.831619382
11214.522487 1.040261745 0.060900897 0.633877873 -0.054421324 -0.538350582 -0.047449715 0.839622200
11214.559351 1.036237240 0.072330616 0.619529843 -0.066772409 -0.524854958 -0.056889568 0.846659482
11214.596214 1.036622882 0.082728259 0.606298447 -0.076862633 -0.514303565 -0.066812895 0.851539791
11214.633078 1.031607866 0.099832997 0.596727729 -0.084221542 -0.505353868 -0.074435130 0.855560362
11214.669941 1.022479534 0.095213488 0.575589955 -0.104691923 -0.489789009 -0.091659553 0.860665321
11214.706804 1.023596883 0.097207129 0.570924640 -0.122975774 -0.484699041 -0.105837137 0.859501183
11214.743668 1.031195402 0.130257085 0.561839700 -0.127646819 -0.481114507 -0.109618351 0.860359788
11214.780531 1.026843667 0.153692201 0.553788543 -0.138523459 -0.476241261 -0.116942205 0.860424340
11214.817394 1.021078825 0.163379431 0.545900583 -0.157139793 -0.469442159 -0.128568396 0.859302819
11214.854258 1.013167977 0.177779198 0.537696362 -0.175991118 -0.463546425 -0.135486364 0.857785106
11214.891121 1.003250957 0.192313001 0.527786136 -0.194469586 -0.458569467 -0.139994889 0.855743527
11214.927984 0.993474722 0.209052727 0.520709872 -0.211722732 -0.457455069 -0.141557857 0.851979852
11214.964848 0.979984045 0.227070495 0.506560802 -0.227138922 -0.455222100 -0.140634894 0.849354208
11215.001711 0.969157875 0.242851943 0.502915263 -0.244219288 -0.458024204 -0.143206179 0.842652202
11215.038575 0.957630873 0.257082641 0.495302975 -0.264537215 -0.457293987 -0.146870151 0.836260378
11215.075438 0.950315714 0.273303062 0.490685463 -0.284857303 -0.455246210 -0.148811907 0.830338597
11215.112301 0.944334865 0.287697077 0.492676467 -0.302128434 -0.457597196 -0.151841506 0.822354734
11215.149165 0.925990701 0.300436676 0.476828158 -0.316664934 -0.450014204 -0.156195849 0.820252001
11215.186028 0.916055739 0.313445956 0.469729006 -0.331927091 -0.445436448 -0.159778863 0.816015661
11215.222892 0.905100226 0.322030425 0.465223461 -0.348158717 -0.439250559 -0.161880970 0.812181652
11215.259755 0.893506944 0.332086027 0.456344903 -0.358470559 -0.434440106 -0.164372787 0.809779108
11215.296618 0.883251190 0.341329426 0.450474083 -0.365283966 -0.431200951 -0.164291799 0.808481038
11215.333482 0.875224411 0.350267619 0.448429048 -0.372364014 -0.429039150 -0.165255636 0.806201577
11215.370345 0.866086602 0.355833292 0.437312067 -0.380290151 -0.422114849 -0.167312562 0.805732548
11215.407208 0.855303466 0.361697674 0.427823097 -0.386211067 -0.415365010 -0.170888469 0.805673659
11215.444072 0.847922146 0.366470605 0.420239180 -0.391365737 -0.409655660 -0.173577547 0.805534542
11215.480935 0.837241411 0.369943559 0.412337810 -0.396888077 -0.402949065 -0.177018657 0.805466533
11215.517798 0.829597712 0.374120295 0.404279232 -0.402644217 -0.396953076 -0.181676522 0.804549277
11215.554662 0.823970497 0.377680540 0.399922758 -0.408250630 -0.391375303 -0.185062140 0.803684533
11215.591525 0.817998767 0.382512629 0.391528189 -0.412042469 -0.384841383 -0.186417133 0.804591060
11215.628389 0.810955822 0.384019852 0.382361770 -0.416365862 -0.378200471 -0.187079728 0.805360198
11215.665252 0.806078434 0.385749608 0.377214015 -0.419606507 -0.373408556 -0.185591698 0.806258082
11215.702115 0.803139746 0.384974301 0.381542325 -0.424075246 -0.370705098 -0.181854218 0.806019187
11215.738979 0.800167322 0.384976238 0.374663442 -0.424834013 -0.366292834 -0.177611560 0.808578849
11215.775842 0.795989275 0.384094357 0.353130132 -0.422226369 -0.358731836 -0.174526662 0.813988209
11215.812706 0.790372670 0.374936700 0.354580134 -0.423395038 -0.352555513 -0.167152375 0.817619324
11215.849569 0.781842291 0.369650304 0.325337946 -0.413480312 -0.342308432 -0.162051246 0.828008652
11215.886432 0.772062480 0.363370717 0.287220359 -0.401578456 -0.329471141 -0.157780185 0.839814782
11215.923295 0.779905319 0.354802817 0.286699027 -0.395498723 -0.323876172 -0.145962968 0.846982777
11215.960159 0.779388845 0.344197005 0.270798892 -0.386529952 -0.315890729 -0.135925293 0.855763972
11215.997022 0.778045654 0.327550352 0.255566746 -0.380659699 -0.308778107 -0.128255188 0.862151325
11216.033886 0.778042436 0.311200738 0.237292171 -0.374759197 -0.302564472 -0.119257472 0.868209660
11216.070749 0.776725292 0.295559198 0.213650480 -0.363198400 -0.299435318 -0.112632282 0.875065386
11216.107613 0.770937204 0.278064400 0.194143847 -0.348881960 -0.296728373 -0.101250574 0.883165896
11216.144476 0.766001165 0.262473762 0.177102745 -0.330932200 -0.296410650 -0.089813553 0.891379893
11216.181339 0.762208939 0.241078168 0.159792989 -0.313242614 -0.296857804 -0.080472261 0.898486912
11216.218203 0.750802815 0.223532379 0.139209032 -0.296309292 -0.291817755 -0.071226269 0.906625628
11216.255066 0.754249811 0.203788772 0.128782600 -0.281572372 -0.293724388 -0.067046687 0.911014676
11216.291929 0.750194490 0.187192068 0.114994392 -0.266646802 -0.291275740 -0.062361501 0.916607320
11216.328793 0.744174302 0.170855910 0.101411492 -0.253214836 -0.287482858 -0.056906737 0.921953082
11216.365656 0.738679409 0.157688603 0.089134589 -0.237388059 -0.284865052 -0.052245948 0.927237391
11216.402519 0.727422476 0.142310217 0.077403829 -0.221597731 -0.282063246 -0.048336498 0.932200789
11216.439383 0.724651694 0.132848710 0.067973837 -0.205334753 -0.281671375 -0.041389421 0.936368406
11216.476246 0.712193966 0.126336187 0.056097344 -0.188347563 -0.281462014 -0.039944801 0.940057814
11216.513110 0.693244755 0.113930352 0.043062985 -0.173837543 -0.278196841 -0.039142013 0.943851113
11216.549973 0.688165903 0.109694049 0.041766971 -0.156836316 -0.282131016 -0.035714891 0.945795357
11216.586836 0.679687977 0.102108747 0.028583497 -0.139397249 -0.282017618 -0.032868847 0.948659122
11216.623700 0.666621327 0.094266236 0.021848470 -0.123857588 -0.281880140 -0.029770175 0.950955629
11216.660563 0.656083941 0.087178178 0.011571974 -0.109730273 -0.281477869 -0.026622113 0.952901185
11216.697427 0.641089916 0.075580485 0.005998522 -0.098380357 -0.279964149 -0.022579554 0.954689205
11216.734290 0.632004261 0.069049001 -0.003364027 -0.084972724 -0.278340489 -0.016030496 0.956582069
11216.771153 0.617133200 0.042264983 -0.014019191 -0.080666505 -0.274114668 -0.016900817 0.958158851
11216.808017 0.612107635 0.041892774 -0.020425975 -0.062699772 -0.275011957 -0.014009100 0.959291875
11216.844880 0.596479714 0.040329680 -0.028056830 -0.045877334 -0.271147996 -0.010840291 0.961382627
11216.881743 0.586144269 0.033522651 -0.033566147 -0.033463381 -0.268666357 -0.009422312 0.962605715
11216.918607 0.576430857 0.036100261 -0.044159189 -0.020702360 -0.263757825 -0.004911697 0.964354217
11216.955470 0.561630845 0.022582347 -0.051971734 -0.016601892 -0.257877916 -0.005718808 0.966017962
11216.992333 0.556387722 0.019643839 -0.060327455 -0.011047507 -0.254753739 -0.004117878 0.966934085
11217.029197 0.545594513 0.019454289 -0.065973207 -0.004136799 -0.251629382 -0.004623869 0.967803776
11217.066060 0.532764196 0.014096839 -0.075065330 0.000930201 -0.247491509 -0.009259802 0.968845367
11217.102924 0.520709634 0.013260925 -0.083238453 0.004099074 -0.242684841 -0.012438534 0.970016778
11217.139787 0.506303310 0.009484663 -0.090277329 0.001976839 -0.236219645 -0.016058087 0.971565008
11217.176650 0.493459821 0.013106301 -0.097559184 0.000202837 -0.229473799 -0.017828563 0.973151505
11217.213514 0.481262863 0.019380523 -0.105849341 0.000503202 -0.222764328 -0.019523758 0.974676669
11217.250377 0.469257236 0.019182866 -0.113198638 -0.000276129 -0.216795668 -0.020698136 0.975997508
11217.287241 0.458810538 0.021768121 -0.121141762 0.001064879 -0.211684927 -0.019743675 0.977137923
11217.324104 0.445054680 0.022688394 -0.130701125 0.002524877 -0.205348030 -0.019193429 0.978497505
11217.360967 0.429423451 0.025587002 -0.141413093 0.001664383 -0.196906716 -0.019282512 0.980231166
11217.397830 0.417549372 0.035388671 -0.151186943 -0.000648368 -0.187930733 -0.018569544 0.982006490
11217.434694 0.407100827 0.043383848 -0.158359706 -0.006924049 -0.177535042 -0.019825440 0.983890414
11217.471557 0.388424397 0.050746433 -0.168464273 -0.020742880 -0.160168305 -0.020459931 0.986659646
11217.508421 0.377222925 0.059702002 -0.176586658 -0.040043708 -0.143754989 -0.020574844 0.988588750
11217.545284 0.365506500 0.070833758 -0.182723761 -0.057585329 -0.128311127 -0.021383910 0.989829719
11217.582147 0.350276113 0.076360300 -0.186762065 -0.072436847 -0.114462472 -0.023276286 0.990509689
11217.619011 0.349962473 0.086284086 -0.193260178 -0.084304772 -0.108515993 -0.028094372 0.990114987
11217.655874 0.338166952 0.094663039 -0.193774164 -0.097583644 -0.101021856 -0.029821230 0.989637673
11217.692738 0.312736601 0.112040244 -0.201162681 -0.108858004 -0.090303585 -0.031820543 0.989435494
11217.729601 0.303694427 0.123643398 -0.201724857 -0.122895561 -0.090265907 -0.033496078 0.987738192
11217.766464 0.282427788 0.135524184 -0.204955906 -0.136282623 -0.084613428 -0.034555834 0.986444890
11217.803328 0.282891065 0.140715152 -0.196039185 -0.152297884 -0.093164556 -0.041657001 0.983051598
11217.840191 0.267416835 0.150082752 -0.199040294 -0.164880514 -0.091814749 -0.040900536 0.981178701
11217.877054 0.251468092 0.165000468 -0.191321552 -0.176056325 -0.090147704 -0.038044598 0.979505062
11217.913918 0.235761479 0.178292692 -0.184939757 -0.188993201 -0.087972566 -0.036725212 0.977340102
11217.950781 0.221405640 0.196542084 -0.179264098 -0.202686325 -0.085116819 -0.031630050 0.975024581
11217.987644 0.207365125 0.211694881 -0.171438739 -0.218093678 -0.084456325 -0.028565470 0.971846879
11218.024508 0.194320977 0.226427123 -0.161524355 -0.234461099 -0.086597823 -0.025047693 0.967936695
11218.061371 0.183090538 0.242204368 -0.144120798 -0.250407845 -0.092079617 -0.025161175 0.963423133
11218.098235 0.167606324 0.252505004 -0.139261186 -0.263940781 -0.095040455 -0.023513952 0.959557056
11218.135098 0.156863928 0.265023172 -0.130407959 -0.274895936 -0.098214976 -0.020131046 0.956232607
11218.171961 0.145967707 0.279038548 -0.113748245 -0.288340360 -0.099667311 -0.014897626 0.952210248
11218.208825 0.129218444 0.291488349 -0.105617344 -0.302607954 -0.094928697 -0.007948076 0.948342681
11218.245688 0.123625375 0.303867519 -0.094179109 -0.316815078 -0.092951193 -0.003449218 0.943915486
11218.282551 0.108320951 0.318500966 -0.086202182 -0.326933503 -0.087049298 -0.001042349 0.941029131
11218.319415 0.098593347 0.324943960 -0.076545008 -0.341510504 -0.080758870 -0.000948429 0.936401486
11218.356278 0.081581794 0.336082071 -0.073200867 -0.355139703 -0.069152609 0.002954383 0.932247281
11218.393142 0.072665527 0.347140849 -0.066909686 -0.368886083 -0.060418990 0.004320888 0.927498758
11218.430005 0.066040270 0.354734659 -0.058376521 -0.382830292 -0.051183768 0.007246567 0.922371209
11218.466868 0.047463927 0.374782085 -0.060585365 -0.388529599 -0.038195394 0.008462042 0.920605361
11218.503732 0.044275358 0.371910691 -0.051881358 -0.399046391 -0.032368243 0.009593550 0.916308999
11218.540595 0.034706526 0.379194558 -0.049911574 -0.404262841 -0.024165483 0.011948576 0.914245486
11218.577458 0.028037127 0.385643899 -0.045013055 -0.408267856 -0.015962780 0.013682488 0.912620068
11218.614322 0.027864361 0.384650648 -0.040805295 -0.414214015 -0.008851879 0.015030974 0.910012364
11218.651185 0.015423008 0.392598927 -0.039769515 -0.417701334 0.004702500 0.016690917 0.908418894
11218.688048 0.001749955 0.402124375 -0.040527865 -0.422400594 0.018979153 0.019205388 0.906006992
11218.724912 -0.007903835 0.406864405 -0.038772896 -0.428357035 0.031039318 0.023252444 0.902776897
11218.761775 -0.021091964 0.412584901 -0.039323241 -0.433114231 0.042315502 0.028139738 0.899905324
11218.798639 -0.033084594 0.417604327 -0.043371037 -0.437158078 0.051499147 0.034219239 0.897256732
11218.835502 -0.046025693 0.421017945 -0.045164362 -0.442130268 0.061470654 0.044769637 0.893721342
11218.872365 -0.060932860 0.425701678 -0.050570309 -0.443806142 0.069345273 0.058017250 0.891550004
11218.909229 -0.078547180 0.434103847 -0.061038345 -0.440580666 0.076622277 0.073467158 0.891414762
11218.946092 -0.095229656 0.435790122 -0.068497211 -0.440724969 0.083776936 0.088541292 0.889327526
11218.982955 -0.113669895 0.432971239 -0.072396398 -0.441233546 0.090601303 0.100908197 0.887086153
11219.019819 -0.128668919 0.432493567 -0.078627065 -0.436675102 0.094311796 0.108027920 0.888116062
11219.056682 -0.142226785 0.429601908 -0.084568977 -0.432904571 0.096944548 0.111014031 0.889309406
11219.093545 -0.155479446 0.423450857 -0.088370636 -0.433625221 0.100672156 0.111575805 0.888473451
11219.130409 -0.169393167 0.414425045 -0.090451747 -0.434669763 0.105553672 0.109731898 0.887625813
11219.167272 -0.183662251 0.402612150 -0.087475568 -0.430738568 0.111584343 0.106070757 0.889248133
11219.204136 -0.198076591 0.391505182 -0.085650623 -0.419890463 0.117994420 0.100119740 0.894284844
11219.240999 -0.210307449 0.379457057 -0.081899524 -0.406568140 0.125767350 0.095204100 0.899900615
11219.277862 -0.221867964 0.365802377 -0.076084360 -0.394507229 0.134107858 0.090809487 0.904506922
11219.314726 -0.232316434 0.354168773 -0.072662547 -0.381252795 0.141034052 0.086890884 0.909508467
11219.351589 -0.243289009 0.343661577 -0.068807639 -0.365972102 0.145737335 0.083214559 0.915368974
11219.388453 -0.249871314 0.329076201 -0.060607359 -0.351660758 0.146259397 0.079867937 0.921175361
11219.425316 -0.261320591 0.314395308 -0.053079881 -0.336858869 0.145824358 0.077414058 0.926967323
11219.462179 -0.270846099 0.302626282 -0.043568619 -0.322162867 0.143004507 0.073763169 0.932909310
11219.499043 -0.280648381 0.288575709 -0.035469286 -0.305037796 0.140236750 0.069212966 0.939412117
11219.535906 -0.299347997 0.273596942 -0.033111420 -0.284463257 0.142665967 0.066609822 0.945669174
11219.572769 -0.321583092 0.255808264 -0.023045685 -0.270991355 0.150108173 0.065295048 0.948560894
11219.609633 -0.352619231 0.246448755 -0.014311895 -0.256167889 0.163246706 0.065715857 0.950478792
11219.646496 -0.349768877 0.226719603 -0.013681954 -0.242261469 0.166695163 0.063637502 0.953662574
11219.683359 -0.356511831 0.213354230 -0.006977289 -0.223268464 0.165686816 0.056633964 0.958901286
11219.720223 -0.350417852 0.193487391 -0.006646017 -0.205594778 0.158058763 0.052491877 0.964361370
11219.757086 -0.394082606 0.174647674 0.007516626 -0.190337986 0.173072979 0.048522275 0.965123177
11219.793950 -0.397236228 0.174605653 0.012968041 -0.172513068 0.171456933 0.049343757 0.968714118
11219.830813 -0.418774635 0.163081273 0.018760599 -0.157367080 0.177335933 0.047752850 0.970312953
11219.867676 -0.426351279 0.152397335 0.021427318 -0.142127886 0.177696660 0.045943752 0.972683251
11219.904540 -0.440171629 0.131549329 0.025606997 -0.132716000 0.179903314 0.039092515 0.973906040
11219.941403 -0.450974435 0.121249765 0.029351689 -0.118039437 0.181750521 0.033202730 0.975669503
11219.978266 -0.464327693 0.105776668 0.033160083 -0.107448593 0.186261505 0.030395599 0.976134002
11220.015130 -0.481154829 0.103364497 0.034147799 -0.092053860 0.192950457 0.025948791 0.976536155
11220.051993 -0.492900729 0.089969642 0.036313653 -0.080407634 0.197696283 0.023529649 0.976676583
11220.088856 -0.509786844 0.085906625 0.036347836 -0.064994551 0.203750163 0.020869646 0.976640165
11220.125720 -0.525428832 0.083937511 0.035102904 -0.050078876 0.208251417 0.017992232 0.976626694
11220.162583 -0.541899800 0.079271287 0.033563465 -0.036832776 0.212298751 0.013791162 0.976413012
11220.199447 -0.553437054 0.084080964 0.028803378 -0.018397843 0.214250699 0.009292353 0.976561189
11220.236310 -0.568156540 0.074627854 0.026833057 -0.008286577 0.219500870 0.007302185 0.975549757
11220.273173 -0.582719505 0.111751072 0.000260964 0.017809769 0.219962999 -0.006096670 0.975326538
11220.310037 -0.627027988 0.093839191 0.007452518 0.020547526 0.240814239 -0.001745268 0.970352113
11220.346900 -0.619395316 0.103766300 0.020669222 0.030509114 0.248906970 0.003419363 0.968040705
11220.383764 -0.635622025 0.074026264 0.030694902 0.024258865 0.263907045 0.011203541 0.964177907
11220.420627 -0.649474502 0.071950935 0.023597002 0.028383655 0.273788303 0.013208460 0.961280346
11220.457490 -0.655848682 0.075617298 0.020845354 0.033224657 0.281738251 0.012842156 0.958829880
11220.494354 -0.675374031 0.073084764 0.028632313 0.032817557 0.297516972 0.013735389 0.954053462
11220.531217 -0.684914768 0.076223984 0.031643450 0.032639425 0.308605075 0.016160820 0.950492740
11220.568080 -0.689717412 0.082084373 0.032781810 0.032236349 0.317417622 0.021133484 0.947502136
11220.604944 -0.699005961 0.085616454 0.037946016 0.029827870 0.326711059 0.024719583 0.944329977
11220.641807 -0.704103410 0.091204792 0.037003964 0.028163869 0.329964519 0.026609987 0.943197846
11220.678671 -0.710505486 0.097162068 0.044304281 0.026638649 0.333947778 0.029342201 0.941758096
11220.715534 -0.719103456 0.097208306 0.052982450 0.023408812 0.338216573 0.032064769 0.940230489
11220.752397 -0.724262953 0.101961017 0.057536036 0.023233196 0.339238882 0.032358233 0.939856470
