1341839845.462023 0.000000000 0.000000000 0.000000000 0.000000000 0.000000000 0.000000000 1.000000000
1341839845.497851 -0.007616123 0.005017283 -0.000363810 0.002697529 -0.000945835 -0.001459906 0.999994814
1341839845.529877 -0.007561180 0.021808051 -0.007383210 0.003511386 -0.004165569 -0.004285843 0.999975979
1341839845.562013 -0.002350325 0.006421172 -0.000742373 -0.001238219 -0.007092637 -0.006104679 0.999955475
1341839845.598549 0.001761169 -0.000809400 0.000051178 -0.001003749 -0.008228114 -0.007191489 0.999939799
1341839845.629819 -0.001129544 0.013098307 -0.001242814 0.001147149 -0.007730412 -0.009339578 0.999925852
1341839845.665955 -0.017116880 0.013188264 0.001437733 -0.000551785 -0.007148047 -0.012710604 0.999893546
1341839845.698027 -0.012034399 0.009745419 0.002081768 -0.002138113 -0.011211189 -0.014833734 0.999824822
1341839845.730035 -0.005062854 0.005412861 0.003106366 -0.003280234 -0.012884147 -0.016494470 0.999775589
1341839845.766091 -0.016573498 0.005264716 0.004635086 -0.002940082 -0.011627560 -0.017798426 0.999769628
1341839845.798274 -0.014834249 0.017113306 0.002642436 -0.002078486 -0.013802225 -0.019203568 0.999718189
1341839845.833868 -0.016824679 0.005260626 0.007342538 -0.005525792 -0.015163048 -0.021683846 0.999634624
1341839845.865884 -0.016354624 -0.002010429 0.007573218 -0.005295023 -0.016624993 -0.023089772 0.999581158
1341839845.897882 -0.009542041 0.018826297 0.004288254 -0.002266887 -0.017848387 -0.023105795 0.999571145
1341839845.933769 -0.019981164 0.009988305 0.009218737 -0.006114650 -0.016975559 -0.024951288 0.999525845
1341839845.966008 -0.018165585 -0.004979413 0.011240495 -0.007270835 -0.018838633 -0.025528235 0.999470115
1341839845.997926 -0.004529740 0.011863118 0.007568239 -0.003657048 -0.020226203 -0.025071658 0.999474347
1341839846.033941 -0.011407080 0.012110933 0.008696825 -0.005673133 -0.017833116 -0.026990725 0.999460518
1341839846.065923 -0.020497389 0.002398778 0.012397287 -0.007187283 -0.016971050 -0.026996072 0.999465644
1341839846.101945 -0.013457351 0.008493882 0.009708888 -0.005863531 -0.018963778 -0.027003519 0.999438226
1341839846.133881 -0.005843649 0.003405470 0.011002553 -0.007104440 -0.019846149 -0.028429445 0.999373496
1341839846.165870 0.001019010 0.007381696 0.013036330 -0.005893946 -0.018655993 -0.028908329 0.999390602
1341839846.201921 -0.006198099 0.010774936 0.010310118 -0.006619057 -0.014984892 -0.029954931 0.999417007
1341839846.233820 -0.018693889 0.003308693 0.014684212 -0.008208042 -0.013566004 -0.031221503 0.999386728
1341839846.266171 -0.004369792 0.005991505 0.014856908 -0.006831534 -0.016138246 -0.030147897 0.999391794
1341839846.302140 -0.009266307 0.011112860 0.014698483 -0.006756280 -0.014031085 -0.029392533 0.999446630
1341839846.333843 -0.020108979 0.002076763 0.018914077 -0.008536987 -0.013838752 -0.031303804 0.999377668
1341839846.369840 -0.003467963 0.011281810 0.018698726 -0.006876624 -0.017695559 -0.032966711 0.999276102
1341839846.402011 0.006785263 0.008245953 0.018188739 -0.009299059 -0.017092476 -0.034628619 0.999210775
1341839846.433900 -0.011323450 -0.005355843 0.025274839 -0.011272958 -0.012662012 -0.035615336 0.999221742
1341839846.469927 -0.014031799 0.005096083 0.024967520 -0.008148239 -0.013058267 -0.034506157 0.999285936
1341839846.501920 -0.020534994 0.010565422 0.027964989 -0.008835904 -0.014339419 -0.033789195 0.999287069
1341839846.535053 -0.010499160 -0.008991168 0.030737560 -0.011826380 -0.018559948 -0.033806153 0.999186099
1341839846.569928 0.007223174 -0.003591747 0.029630758 -0.009648214 -0.020420412 -0.032746688 0.999208450
1341839846.602754 -0.004029060 -0.004642681 0.034630731 -0.010672582 -0.017036034 -0.032405328 0.999272645
1341839846.637836 -0.008244969 -0.019653944 0.039066870 -0.012371900 -0.017550560 -0.033448428 0.999209762
1341839846.669984 0.010503061 -0.011508163 0.041448139 -0.009805431 -0.020106548 -0.033529095 0.999187350
1341839846.701829 0.004665093 -0.015038633 0.043881830 -0.011979703 -0.016470179 -0.033488419 0.999231577
1341839846.737910 -0.019925909 -0.024055785 0.055060543 -0.013455854 -0.013478038 -0.033904813 0.999243617
1341839846.769925 -0.007137201 -0.028272796 0.056776661 -0.013169757 -0.018883567 -0.032810401 0.999196410
1341839846.805852 0.009409050 -0.035041086 0.060632225 -0.013868217 -0.020945758 -0.032542393 0.999154627
1341839846.837837 0.003029569 -0.045958657 0.067120969 -0.014594124 -0.017874490 -0.033279203 0.999179661
1341839846.869888 -0.000774531 -0.040958989 0.070266493 -0.013071830 -0.016915822 -0.034184616 0.999186873
1341839846.906029 0.000486624 -0.054195452 0.078356870 -0.015945828 -0.016854953 -0.035781808 0.999090254
1341839846.938034 -0.002722976 -0.074066624 0.088516526 -0.016464138 -0.015377897 -0.036404736 0.999083161
1341839846.969926 -0.009941101 -0.061960205 0.092426561 -0.012109356 -0.013671082 -0.034326430 0.999243796
1341839847.006052 -0.015553767 -0.075228624 0.100993015 -0.014126735 -0.014660271 -0.033493750 0.999231517
1341839847.037860 0.007654387 -0.103904247 0.102108106 -0.016062569 -0.018706504 -0.034197055 0.999110937
1341839847.073971 0.011962133 -0.086295225 0.108699210 -0.010721291 -0.014447107 -0.031639930 0.999337375
1341839847.105943 -0.016079020 -0.095034577 0.124135368 -0.012970299 -0.008506372 -0.029737793 0.999437392
1341839847.137970 -0.010943769 -0.116084814 0.130917668 -0.014434289 -0.011502135 -0.029081784 0.999406636
1341839847.173932 0.015035680 -0.115047611 0.124378808 -0.012931842 -0.013661931 -0.027977444 0.999431551
1341839847.206020 -0.002510223 -0.127619773 0.141644225 -0.015664281 -0.007202425 -0.028930482 0.999432743
1341839847.238111 -0.015075868 -0.141238406 0.152339578 -0.015499257 -0.004862803 -0.028964821 0.999448419
1341839847.273912 -0.016984107 -0.128923714 0.155984461 -0.012858860 -0.005559741 -0.028227190 0.999503374
1341839847.305944 -0.025753772 -0.159091413 0.165354878 -0.018522741 -0.006856130 -0.028348483 0.999403000
1341839847.341841 -0.010486334 -0.188961864 0.168455109 -0.019202534 -0.010609349 -0.028238369 0.999360442
1341839847.373878 -0.006614333 -0.166140482 0.168389231 -0.012684589 -0.008448172 -0.027388185 0.999508739
1341839847.405870 -0.023015678 -0.181897268 0.177541658 -0.016236119 -0.005014567 -0.028470043 0.999450207
1341839847.441942 -0.021839611 -0.196702182 0.183476120 -0.016218372 -0.006201302 -0.027716214 0.999464989
1341839847.473884 -0.021260137 -0.182459041 0.191624522 -0.013336630 -0.005910695 -0.025309559 0.999573231
1341839847.505964 -0.045544207 -0.207947776 0.200496808 -0.017747907 -0.004820277 -0.023638550 0.999551415
1341839847.541985 -0.026149521 -0.215834826 0.203695744 -0.016284896 -0.012603831 -0.022867698 0.999526381
1341839847.573837 -0.005529386 -0.221490517 0.205466121 -0.016435647 -0.014963198 -0.022945041 0.999489605
1341839847.609996 -0.006168761 -0.241010040 0.214489281 -0.017969094 -0.011144631 -0.023955345 0.999489367
1341839847.642100 -0.015328244 -0.239071608 0.220643982 -0.014898287 -0.006857471 -0.023342066 0.999592960
1341839847.674027 -0.015076774 -0.244834274 0.225425348 -0.014775678 -0.005131071 -0.023203257 0.999608397
1341839847.710094 -0.013203768 -0.248864144 0.229426414 -0.014216379 -0.003849825 -0.024398720 0.999593794
1341839847.741882 -0.014244657 -0.240871400 0.231084019 -0.013868644 -0.001983357 -0.025702214 0.999571443
1341839847.773869 -0.026169581 -0.258103907 0.244693622 -0.018561140 0.001033001 -0.027807677 0.999440432
1341839847.809897 -0.025846031 -0.264953107 0.253452301 -0.019239126 0.000741584 -0.029472297 0.999380171
1341839847.841880 -0.019209418 -0.266201407 0.258975625 -0.020074233 0.000120574 -0.030343493 0.999337912
1341839847.878289 -0.023876637 -0.282747418 0.270571053 -0.023223713 0.002556756 -0.031522587 0.999229908
1341839847.909840 -0.036156375 -0.280671895 0.278489023 -0.022171548 0.004702896 -0.031485166 0.999247193
1341839847.941861 -0.033425134 -0.288269848 0.287493169 -0.024522470 0.002489657 -0.030255312 0.999238253
1341839847.977961 -0.020786585 -0.314236999 0.295435965 -0.027511837 0.000601905 -0.030052878 0.999169469
1341839848.009877 -0.022082901 -0.300396651 0.302301139 -0.024112478 0.002912586 -0.029933089 0.999256790
1341839848.045768 -0.033122331 -0.312006623 0.316332370 -0.027223105 0.005208748 -0.028874768 0.999198675
1341839848.077904 -0.040256698 -0.327240676 0.325348914 -0.028322602 0.004871036 -0.028210340 0.999188840
1341839848.109911 -0.040243551 -0.316929221 0.332050622 -0.026429046 0.002336690 -0.026584081 0.999294460
1341839848.145877 -0.034466073 -0.341323048 0.342039973 -0.031828161 -0.001794927 -0.026167192 0.999149144
1341839848.177941 -0.011406507 -0.380262345 0.351210535 -0.034414027 -0.006328773 -0.026133170 0.999045908
1341839848.210005 0.000127610 -0.359605521 0.351083696 -0.026510691 -0.004527076 -0.026730621 0.999280810
1341839848.245924 -0.022491654 -0.354792386 0.362819850 -0.027171992 0.001613921 -0.027659841 0.999246716
1341839848.278057 -0.032286912 -0.390774459 0.371754944 -0.032348115 0.000294602 -0.027529042 0.999097466
1341839848.313996 0.001798673 -0.393978447 0.378681988 -0.028426737 -0.005338520 -0.026830379 0.999221444
1341839848.345902 -0.010152290 -0.377092779 0.384491175 -0.026293615 -0.001513421 -0.026940944 0.999290049
1341839848.378083 -0.024959058 -0.409682304 0.396153510 -0.033034056 -0.001134232 -0.025704928 0.999122977
1341839848.413902 -0.010463817 -0.437697232 0.406097353 -0.033803467 -0.006314285 -0.021869436 0.999169230
1341839848.446051 0.026763804 -0.439025670 0.413133413 -0.029333631 -0.011205024 -0.021579599 0.999273896
1341839848.477990 0.040856112 -0.431352675 0.413676828 -0.027229456 -0.007355369 -0.025464235 0.999277771
1341839848.514027 0.020403448 -0.444662333 0.425607890 -0.031366717 0.001708861 -0.028313173 0.999105394
1341839848.545899 0.014306092 -0.475413233 0.440974295 -0.034346566 0.006288284 -0.027933734 0.998999774
1341839848.581848 0.002351410 -0.457295805 0.446172476 -0.028339192 0.009190204 -0.026209287 0.999212444
1341839848.614329 0.006209608 -0.459705919 0.452597499 -0.030988898 0.005485505 -0.027578730 0.999124110
1341839848.646056 0.024226055 -0.494403094 0.462732971 -0.036817443 0.001459189 -0.030474143 0.998856187
1341839848.681939 0.059608914 -0.507944942 0.469659269 -0.035339285 0.000304814 -0.032852925 0.998835206
1341839848.713946 0.044533826 -0.495114625 0.474314183 -0.032433122 0.008924259 -0.035360336 0.998808324
1341839848.745899 0.014276120 -0.501768768 0.489027768 -0.034029942 0.014015970 -0.036413532 0.998658895
1341839848.782038 0.002526764 -0.508575380 0.498333395 -0.034595445 0.011714976 -0.036299031 0.998673260
1341839848.813915 0.002747751 -0.514919639 0.508697808 -0.035255246 0.006666395 -0.034189291 0.998771071
1341839848.850000 0.019800382 -0.516554415 0.512380064 -0.035218026 -0.001393170 -0.035172828 0.998759508
1341839848.881968 0.043484721 -0.522745609 0.512003064 -0.037329294 -0.007414984 -0.037886940 0.998557031
1341839848.914184 0.034435224 -0.530392110 0.525304317 -0.040847901 -0.004877175 -0.039931525 0.998355210
1341839848.949897 0.010406077 -0.546218276 0.542593956 -0.043743908 -0.002696950 -0.040481038 0.998218656
1341839848.981903 0.025789829 -0.548872769 0.545403302 -0.042539466 -0.008872566 -0.040726639 0.998224914
1341839849.018057 0.031127272 -0.544439793 0.552547038 -0.042816557 -0.011882992 -0.041089959 0.998166859
1341839849.050047 0.027467811 -0.564743638 0.565651119 -0.047992025 -0.011410670 -0.041953444 0.997901022
1341839849.082045 0.030952781 -0.576940775 0.573809683 -0.048599437 -0.012019169 -0.042541347 0.997839570
1341839849.118139 0.034169942 -0.567560613 0.576964736 -0.046598297 -0.011636859 -0.041279200 0.997992575
1341839849.149926 0.020361846 -0.570285678 0.591458678 -0.049463496 -0.010279322 -0.040280811 0.997910380
1341839849.181857 0.027077688 -0.588692844 0.600381136 -0.053248826 -0.014256073 -0.040775247 0.997646570
1341839849.217924 0.043054052 -0.590787828 0.604645848 -0.054026630 -0.016960949 -0.040013924 0.997593284
1341839849.249844 0.032131121 -0.611054182 0.618946195 -0.057765283 -0.013206458 -0.037840914 0.997525334
1341839849.285792 0.019852379 -0.623714924 0.628845990 -0.056710176 -0.011865909 -0.035102252 0.997702897
1341839849.317899 0.043862447 -0.618631065 0.630377889 -0.053769253 -0.017221227 -0.033837393 0.997831285
1341839849.349911 0.067592017 -0.628664553 0.632379889 -0.056193985 -0.017998286 -0.034479845 0.997662008
1341839849.385901 0.050817780 -0.640797496 0.649867117 -0.057778869 -0.009163401 -0.033318035 0.997731209
1341839849.417927 0.029887218 -0.648430943 0.657439590 -0.058140051 -0.006071156 -0.031451847 0.997794390
1341839849.450043 0.041609675 -0.673287928 0.659522116 -0.060328826 -0.010939801 -0.030644102 0.997648060
1341839849.485994 0.084508419 -0.677761674 0.678310990 -0.054263420 -0.011906613 -0.026123414 0.998113871
1341839849.517976 0.050956089 -0.680132508 0.675117612 -0.052520499 -0.000786796 -0.023358397 0.998346329
1341839849.554305 0.041876975 -0.698556900 0.681480050 -0.052209657 -0.003747692 -0.020890772 0.998410583
1341839849.585964 0.065078095 -0.726559699 0.688807368 -0.049579535 -0.010716539 -0.017236667 0.998563945
1341839849.618027 0.091074370 -0.716469467 0.686843574 -0.043942221 -0.012266659 -0.015193486 0.998843193
1341839849.653990 0.080676280 -0.744974375 0.690443993 -0.046815425 -0.006727669 -0.013840001 0.998785019
1341839849.686025 0.072620600 -0.763352573 0.695951223 -0.044939496 -0.004887308 -0.012214435 0.998903096
1341839849.718004 0.081722580 -0.769997597 0.701512516 -0.040062826 -0.005483813 -0.007664527 0.999152720
1341839849.753965 0.082333751 -0.769312441 0.702891231 -0.035575658 -0.003607531 -0.002764315 0.999356687
1341839849.786542 0.080721691 -0.785622776 0.707294285 -0.035914205 -0.003576062 0.000475130 0.999348342
1341839849.822760 0.091672800 -0.796088398 0.714363158 -0.033756562 -0.005126425 0.003032730 0.999412358
1341839849.853815 0.091705523 -0.792244673 0.715766311 -0.030621419 -0.003799836 0.004735632 0.999512613
1341839849.885920 0.077816248 -0.800079167 0.737034440 -0.031465303 -0.001584283 0.005167277 0.999490201
1341839849.921991 0.077454001 -0.809395909 0.752499759 -0.029735057 -0.002247074 0.007476344 0.999527335
1341839849.953839 0.082415573 -0.811853230 0.756326199 -0.027818026 -0.004066845 0.009324430 0.999561250
1341839849.985986 0.096918665 -0.831309915 0.762366533 -0.029458454 -0.006229516 0.010276115 0.999493778
1341839850.022022 0.110171288 -0.826411009 0.766577303 -0.026069628 -0.004844152 0.011799310 0.999578774
1341839850.053889 0.100407407 -0.818348289 0.770268083 -0.025375761 -0.000553135 0.012237228 0.999602914
1341839850.089916 0.093163289 -0.849303305 0.786535800 -0.030665224 0.001087404 0.011570732 0.999462128
1341839850.122696 0.095040627 -0.841257453 0.791794956 -0.026647633 0.002273188 0.014069986 0.999543309
1341839850.153891 0.067764863 -0.837200999 0.793965995 -0.028925572 0.005197987 0.014619081 0.999461174
1341839850.189806 0.086589783 -0.883033395 0.808889508 -0.037605941 -0.000972854 0.013462223 0.999201477
1341839850.221923 0.114054441 -0.867151856 0.815089226 -0.030745750 -0.001294847 0.015289205 0.999409497
1341839850.257926 0.085694186 -0.864087164 0.817850590 -0.031883717 0.007336983 0.014920925 0.999353290
1341839850.289928 0.077883221 -0.894191325 0.831536114 -0.037216142 0.005897055 0.013622225 0.999197006
1341839850.322006 0.100605175 -0.890643895 0.833759129 -0.034001436 0.001369141 0.015404531 0.999302149
1341839850.358083 0.093831807 -0.893467605 0.839429975 -0.034995444 0.003848571 0.015314730 0.999262750
1341839850.389942 0.093296878 -0.921613038 0.851403177 -0.038201399 0.002793170 0.013444190 0.999175727
1341839850.422122 0.104797453 -0.906293750 0.851791382 -0.032564532 0.001380261 0.013729390 0.999374390
1341839850.458155 0.102157250 -0.912848651 0.854721665 -0.035239574 0.002150249 0.012113112 0.999303162
1341839850.490219 0.097240798 -0.949321389 0.869145095 -0.039433371 0.002293738 0.010563712 0.999163747
1341839850.525914 0.103781804 -0.926788390 0.868184686 -0.031737670 0.001481163 0.012038058 0.999422669
1341839850.558165 0.093948625 -0.941156864 0.876896083 -0.035714779 0.002886530 0.010247976 0.999305308
1341839850.590065 0.096853547 -0.968529105 0.890400887 -0.038187642 0.000235360 0.008988367 0.999230146
1341839850.658023 0.107415110 -0.977408350 0.895378232 -0.034325238 -0.001044952 0.009166288 0.999368131
1341839850.689870 0.124953717 -1.002543211 0.903569341 -0.035200890 -0.003064943 0.005073579 0.999362648
1341839850.726039 0.135067493 -0.982621491 0.904338062 -0.028141210 -0.000337092 0.003665523 0.999597192
1341839850.758642 0.092747159 -0.990254819 0.908265710 -0.031058384 0.007780388 0.002891746 0.999483109
1341839850.794077 0.039982453 -1.045169592 0.940399170 -0.037708126 0.008659079 0.004617563 0.999240637
1341839850.826012 0.080605045 -1.061866879 0.945933104 -0.035102934 -0.004343516 0.008335073 0.999339521
1341839850.857996 0.126742795 -1.064955115 0.950450957 -0.033109277 -0.009048198 0.004831023 0.999399126
1341839850.897049 0.131571487 -1.074974656 0.959987640 -0.031228369 -0.001795345 0.002265430 0.999508142
1341839850.958076 0.099794276 -1.063238621 0.956121922 -0.022658596 0.005203295 0.001244797 0.999728978
1341839850.994159 0.092161231 -1.077848911 0.962696671 -0.022955811 -0.000026580 0.004240536 0.999727488
1341839851.025938 0.103780717 -1.127998233 0.975430369 -0.029031040 -0.006272239 0.006395725 0.999538362
1341839851.061884 0.166586310 -1.100355983 0.980820119 -0.018956754 -0.015515308 0.004206165 0.999691069
1341839851.093981 0.179192007 -1.101331115 0.980243623 -0.016736649 -0.011544039 0.002932780 0.999789000
1341839851.125983 0.171543166 -1.120391488 0.989775479 -0.016698373 -0.004602476 0.001611590 0.999848723
1341839851.162029 0.157726452 -1.119537711 0.996024072 -0.012560314 0.000377021 0.000886082 0.999920666
1341839851.201363 0.146831706 -1.118560314 0.993126929 -0.011808304 0.001525812 0.001758730 0.999927580
1341839851.261859 0.174736634 -1.132084370 1.010486126 -0.012160391 -0.004699939 0.002010727 0.999912977
1341839851.301178 0.176206887 -1.121975660 1.015480638 -0.013253214 -0.003390272 0.002166693 0.999904096
1341839851.333106 0.173674509 -1.161419034 1.029166341 -0.020859146 -0.002384725 0.001851431 0.999777853
1341839851.364936 0.172191516 -1.161632895 1.032599330 -0.015727414 -0.000331684 0.002014987 0.999874234
1341839851.400800 0.173415512 -1.127758384 1.030267596 -0.010950010 -0.002425969 0.002850591 0.999933064
1341839851.432978 0.186616242 -1.165630698 1.044320107 -0.021282988 -0.005295373 0.001995651 0.999757469
1341839851.468951 0.183096990 -1.179691911 1.055096030 -0.017903045 -0.001034038 0.000862634 0.999838829
1341839851.500846 0.188549846 -1.155245900 1.053584695 -0.013487212 -0.000224438 0.002216592 0.999906540
1341839851.532849 0.185128182 -1.187307239 1.066561818 -0.021651169 -0.000323838 0.001364721 0.999764621
1341839851.568942 0.176707163 -1.198594928 1.076051116 -0.019626876 0.000925788 -0.000625020 0.999806762
1341839851.601011 0.181847721 -1.182651162 1.083390236 -0.016908573 -0.001210402 0.002621577 0.999852896
1341839851.636933 0.171665221 -1.233576179 1.097554684 -0.026624776 -0.000695699 0.001642694 0.999643922
1341839851.668994 0.173295885 -1.236254454 1.105385303 -0.021513144 -0.001851721 0.003090891 0.999762058
1341839851.700879 0.175330028 -1.218794703 1.108862281 -0.018147081 -0.002875754 0.003833003 0.999823868
1341839851.736883 0.174394056 -1.251363277 1.118620038 -0.024226373 -0.003970165 0.003412337 0.999692798
1341839851.768951 0.180907056 -1.251649737 1.124793887 -0.021065503 -0.005731591 0.004728987 0.999750495
1341839851.804954 0.192027688 -1.243485570 1.129301310 -0.019760525 -0.007239440 0.004825349 0.999766886
1341839851.837032 0.192595661 -1.285462260 1.140257359 -0.024908440 -0.005567198 0.003611993 0.999667704
1341839851.868921 0.197532728 -1.253330827 1.141532183 -0.016241461 -0.002948490 0.004048500 0.999855578
1341839851.904888 0.181631312 -1.267463684 1.149928331 -0.020080013 -0.000544963 0.004102875 0.999789834
1341839851.936873 0.173305526 -1.310601234 1.165066123 -0.023571679 -0.003459375 0.005452644 0.999701321
1341839851.972969 0.198369741 -1.289853930 1.169508934 -0.015265849 -0.006488979 0.007900711 0.999831200
1341839852.004880 0.197024047 -1.298519254 1.176045418 -0.018435359 -0.002255200 0.006180975 0.999808431
1341839852.036887 0.185062036 -1.336354494 1.184411645 -0.023337612 0.000890317 0.006561487 0.999705732
1341839852.072836 0.193259954 -1.335938692 1.190551639 -0.018557753 0.000276638 0.010888486 0.999768496
1341839852.104917 0.195346668 -1.340121984 1.197206140 -0.016956750 0.000640669 0.010446439 0.999801457
1341839852.140937 0.191263884 -1.349469781 1.204574585 -0.017879983 0.001592792 0.009927788 0.999789596
1341839852.172894 0.184867799 -1.369592905 1.212477446 -0.020167805 0.002204299 0.011933126 0.999722958
1341839852.234030 0.201128960 -1.377150297 1.228381634 -0.013345237 -0.002927351 0.011694328 0.999838293
1341839852.265924 0.209041089 -1.388390899 1.228468537 -0.016438274 -0.000114589 0.012791561 0.999783039
1341839852.301932 0.162306488 -1.434844375 1.240028501 -0.022219084 0.007511196 0.013212741 0.999637604
1341839852.334063 0.167474747 -1.423922777 1.247289658 -0.014844391 0.001088681 0.014906856 0.999778092
1341839852.365960 0.200054690 -1.424639702 1.248159051 -0.014108721 -0.005397372 0.015245086 0.999769688
1341839852.402082 0.208418831 -1.454950333 1.259417176 -0.016113199 -0.002837009 0.014869899 0.999755561
1341839852.433897 0.194845304 -1.443197846 1.262045622 -0.009926359 0.003258962 0.015087275 0.999831617
1341839852.469906 0.190174177 -1.454169750 1.259025693 -0.012763275 0.004122362 0.015348165 0.999792278
1341839852.501863 0.179630399 -1.489694118 1.276892185 -0.016460827 0.005584751 0.016151110 0.999718487
1341839852.533949 0.180757254 -1.480080009 1.281588435 -0.010698983 0.004842999 0.018654807 0.999756992
1341839852.569896 0.189927623 -1.483962059 1.283893585 -0.009926688 0.002657079 0.019131977 0.999764144
1341839852.601883 0.192919031 -1.494922638 1.295916319 -0.010054402 0.001929266 0.019209620 0.999763072
1341839852.634062 0.214426547 -1.501096964 1.300861716 -0.008316521 -0.001446480 0.021873970 0.999725103
1341839852.669878 0.222220913 -1.504968524 1.305122733 -0.007898110 0.000718877 0.020749900 0.999753237
1341839852.701915 0.200357974 -1.504514694 1.304778218 -0.008744842 0.005696126 0.022017449 0.999703109
1341839852.737942 0.177084386 -1.524707794 1.314098001 -0.013770972 0.004792228 0.022517340 0.999640107
1341839852.769982 0.179896533 -1.527736425 1.328919530 -0.012943285 -0.001376356 0.022638969 0.999658942
1341839852.801999 0.195258722 -1.511072755 1.328748822 -0.010976358 -0.007838761 0.023979342 0.999621451
1341839852.838034 0.219429225 -1.539225340 1.336252570 -0.017902408 -0.012493868 0.023159279 0.999493420
1341839852.869909 0.202080414 -1.547889590 1.355986595 -0.016704982 -0.007403211 0.021407582 0.999603868
1341839852.901899 0.198634923 -1.533212304 1.349944711 -0.014832234 -0.008093120 0.021272350 0.999630928
1341839852.937980 0.201636240 -1.563613772 1.364609480 -0.021673677 -0.009872144 0.019874424 0.999518812
1341839852.969844 0.200821146 -1.573429585 1.378111601 -0.018387765 -0.009878878 0.019515222 0.999591649
1341839853.005873 0.203843817 -1.547298551 1.375722528 -0.012389561 -0.010917517 0.018624382 0.999690175
1341839853.037853 0.217022613 -1.576395273 1.385001540 -0.019380402 -0.011862065 0.016243145 0.999609828
1341839853.069999 0.216979161 -1.585316420 1.392871022 -0.017392127 -0.008219977 0.015385926 0.999696553
1341839853.105921 0.211548254 -1.564078093 1.393007994 -0.013708968 -0.006101470 0.016150584 0.999756992
1341839853.137883 0.224597245 -1.597675323 1.404898882 -0.021673093 -0.006098695 0.016184842 0.999615490
1341839853.170078 0.216270268 -1.607623935 1.414599895 -0.019907080 -0.001599650 0.015904386 0.999674022
1341839853.205871 0.213280499 -1.599404097 1.418543577 -0.017000189 -0.000403623 0.016833555 0.999713659
1341839853.237899 0.208126634 -1.618186712 1.430101514 -0.020368781 0.001064470 0.016759647 0.999651492
1341839853.273915 0.200010881 -1.636778355 1.439746976 -0.020762600 0.000751074 0.017872253 0.999624372
1341839853.305981 0.209130391 -1.642339349 1.446413040 -0.018226516 -0.004038447 0.017066291 0.999680102
1341839853.337978 0.225226402 -1.642657399 1.451904297 -0.015068575 -0.006829681 0.014962385 0.999751210
1341839853.373951 0.213052034 -1.639018655 1.455560207 -0.014054036 -0.003179830 0.016018396 0.999767840
1341839853.442054 0.196614102 -1.666940689 1.477974534 -0.013862802 -0.008624093 0.017462714 0.999714196
1341839853.505922 0.248565227 -1.710245848 1.493655086 -0.021914607 -0.015923522 0.016193487 0.999501824
1341839853.542097 0.222109020 -1.723338127 1.499722004 -0.018038288 -0.008160247 0.015663868 0.999681294
1341839853.573956 0.222649634 -1.712953568 1.500240207 -0.012431828 -0.009633334 0.015667705 0.999753535
1341839853.606086 0.229829282 -1.730738163 1.510481119 -0.013244380 -0.011125536 0.015282294 0.999733627
1341839853.641956 0.223496020 -1.728588820 1.513583899 -0.009281348 -0.010054421 0.016033420 0.999777794
1341839853.710154 0.237385154 -1.754292488 1.525656581 -0.010670995 -0.014736090 0.014360760 0.999731362
1341839853.742061 0.246427566 -1.753823519 1.531475186 -0.008359293 -0.015744902 0.012313773 0.999765277
1341839853.774203 0.254358679 -1.770317674 1.539874315 -0.009942581 -0.013485605 0.011713544 0.999791026
1341839853.809870 0.238115460 -1.765177250 1.547773838 -0.006570099 -0.007660460 0.011199538 0.999886334
1341839853.841862 0.234840170 -1.768184066 1.549964905 -0.007449841 -0.006880030 0.012020326 0.999876320
1341839853.874056 0.233092830 -1.794993162 1.561457753 -0.011250319 -0.007071825 0.012929191 0.999828100
1341839853.910043 0.235356152 -1.781608105 1.566236496 -0.006603195 -0.009266183 0.013438499 0.999844968
1341839853.941919 0.251874715 -1.792085171 1.571047187 -0.008941694 -0.012192364 0.013257887 0.999797821
1341839853.977952 0.249930516 -1.801500559 1.581570745 -0.009431783 -0.009336747 0.011743874 0.999842942
1341839854.017422 0.240187466 -1.791107059 1.588729262 -0.007385224 -0.006621466 0.011428432 0.999885499
1341839854.049528 0.236837804 -1.810344100 1.590242624 -0.011246365 -0.007431304 0.011338225 0.999844849
1341839854.080991 0.239916280 -1.814352393 1.595772266 -0.011217588 -0.010121843 0.011790864 0.999816298
1341839854.116931 0.252329946 -1.818825245 1.602039576 -0.012322661 -0.012535735 0.013893945 0.999748945
1341839854.148886 0.267426789 -1.834056497 1.612301350 -0.013259366 -0.011210880 0.013603183 0.999756694
1341839854.184921 0.257647038 -1.810803056 1.613749266 -0.007931950 -0.004101650 0.010358727 0.999906480
1341839854.216976 0.244697958 -1.811614633 1.615561485 -0.012780652 -0.000639646 0.010568530 0.999862254
1341839854.248759 0.236881748 -1.857769132 1.633025765 -0.022367749 -0.001539699 0.011877796 0.999678075
1341839854.284863 0.254094988 -1.847318292 1.631530166 -0.016463703 -0.006904748 0.014595205 0.999734104
1341839854.316904 0.267115653 -1.838277459 1.635518909 -0.016239764 -0.008348597 0.015115808 0.999718964
1341839854.352954 0.276199847 -1.870043159 1.647330403 -0.022006162 -0.005078783 0.013748669 0.999650419
1341839854.385229 0.273625255 -1.862647891 1.644701958 -0.017146172 0.001630159 0.011861916 0.999781311
1341839854.417199 0.248890087 -1.851703882 1.646725059 -0.017742582 0.009129158 0.010332669 0.999747515
1341839854.452925 0.235381961 -1.888912797 1.662480116 -0.027262516 0.007430238 0.011252558 0.999537349
1341839854.484956 0.243999884 -1.910047054 1.670969486 -0.027608553 0.000521319 0.016230660 0.999486923
1341839854.520956 0.261523962 -1.892679095 1.671525598 -0.022024985 -0.004811191 0.017979965 0.999584138
1341839854.553347 0.273929894 -1.900840998 1.678025961 -0.023472708 -0.006309288 0.016064908 0.999575496
1341839854.621017 0.264198273 -1.918352127 1.691927314 -0.023202341 0.001564679 0.016023943 0.999601185
1341839854.682031 0.259842306 -1.936322927 1.705660701 -0.023243286 0.000895586 0.018584784 0.999556661
1341839854.713930 0.269695252 -1.948126674 1.713601351 -0.023491750 0.000682224 0.021106653 0.999500990
1341839854.745858 0.268535376 -1.960805774 1.722664833 -0.022801764 0.003294215 0.023131767 0.999466956
1341839854.781934 0.264505327 -1.955045581 1.726450086 -0.018257324 0.004731166 0.024621399 0.999518931
1341839854.813894 0.279188305 -1.952765226 1.726702452 -0.017700776 0.003880925 0.026804252 0.999476433
1341839854.845894 0.279892564 -1.978501201 1.742590904 -0.020939834 0.008770920 0.028580399 0.999333620
1341839854.882028 0.259186029 -1.977394938 1.747266054 -0.016967807 0.014276329 0.029500568 0.999318779
1341839854.913923 0.250209272 -1.993526816 1.750028133 -0.021660075 0.011828418 0.031402357 0.999202132
1341839854.950288 0.257552832 -2.027264357 1.771151423 -0.026216418 0.008949981 0.033753641 0.999046206
1341839854.982075 0.292900831 -2.016206264 1.772810817 -0.015578533 0.007003354 0.038794529 0.999101222
1341839855.013812 0.280796349 -2.000961781 1.764779568 -0.011990758 0.011503038 0.036162492 0.999207795
1341839855.050129 0.264249593 -2.041518927 1.778741717 -0.021238763 0.013193590 0.034397263 0.999095440
1341839855.081800 0.256595284 -2.060993910 1.796068788 -0.020812821 0.011768156 0.036231931 0.999057353
1341839855.114073 0.285918623 -2.063394070 1.794515491 -0.016577568 0.005734521 0.040337946 0.999032080
1341839855.150030 0.289542675 -2.054441690 1.794686556 -0.009611818 0.008080435 0.038847160 0.999166250
1341839855.182071 0.292813361 -2.066246748 1.795757890 -0.010015995 0.009262864 0.034550313 0.999309838
1341839855.217767 0.294611096 -2.084748030 1.804798841 -0.012505012 0.011200910 0.033374533 0.999301910
1341839855.249960 0.266531974 -2.103814602 1.821002841 -0.011803537 0.017081933 0.032542776 0.999254644
1341839855.281992 0.240662932 -2.101927757 1.820139766 -0.007365701 0.015912935 0.035003047 0.999233365
1341839855.317935 0.273266375 -2.110120773 1.819489956 -0.008453602 0.002438642 0.034083296 0.999380231
1341839855.349844 0.348029226 -2.133764267 1.834216952 -0.009424677 -0.008033405 0.032469895 0.999395967
1341839855.381947 0.336006761 -2.125092506 1.823747516 -0.007331538 0.003457951 0.027580641 0.999586642
1341839855.417890 0.292322159 -2.144816875 1.827187896 -0.012924893 0.012747434 0.024509480 0.999534726
1341839855.449975 0.223009169 -2.138921499 1.850839376 -0.006988913 0.018523259 0.023852171 0.999519408
1341839855.485969 0.256104052 -2.122699499 1.845583320 -0.003596923 0.005977675 0.026225774 0.999631703
1341839855.517935 0.283573061 -2.146246910 1.857675195 -0.008894095 0.001831528 0.026799057 0.999599576
1341839855.549932 0.287911505 -2.144843340 1.866797566 -0.005509877 0.004604116 0.026006645 0.999635994
1341839855.585931 0.272492915 -2.133702278 1.859542489 -0.005599813 0.008840216 0.022779476 0.999685764
1341839855.617868 0.259306729 -2.151909828 1.873039603 -0.015044232 0.011502698 0.020824039 0.999603748
1341839855.653959 0.238879964 -2.173015833 1.893924475 -0.017925596 0.012455890 0.023050778 0.999495983
1341839855.686629 0.256242126 -2.149990559 1.890979171 -0.012062429 0.004357595 0.025657564 0.999588490
1341839855.717974 0.279698342 -2.145913839 1.897392511 -0.016006177 -0.000324617 0.025069155 0.999557495
1341839855.754217 0.284115970 -2.176174164 1.918546915 -0.024345078 -0.000091657 0.023744101 0.999421597
1341839855.785976 0.272741854 -2.171346426 1.926738024 -0.022147495 0.000972102 0.024021903 0.999465585
1341839855.817884 0.263527632 -2.179320097 1.931204677 -0.025496628 -0.000003499 0.024726985 0.999369085
1341839855.853954 0.256294608 -2.202439070 1.946131349 -0.030469051 -0.003623368 0.024327224 0.999233067
1341839855.885819 0.275557280 -2.181784868 1.945047855 -0.024800476 -0.010649451 0.022920299 0.999372900
1341839855.921856 0.300052226 -2.184774399 1.949675441 -0.026095018 -0.012390697 0.020516684 0.999372065
1341839855.953959 0.293963671 -2.205190182 1.961576462 -0.030404467 -0.008177819 0.017760903 0.999346435
1341839855.985984 0.262444824 -2.214662790 1.968453288 -0.032308172 -0.006153973 0.015382276 0.999340653
1341839856.021829 0.275725812 -2.212069035 1.964356303 -0.031081755 -0.014154810 0.015177961 0.999301374
1341839856.053782 0.277563304 -2.218007088 1.963544011 -0.030904770 -0.013689612 0.014517808 0.999323130
1341839856.086616 0.273247838 -2.224075079 1.969599843 -0.032173920 -0.011918124 0.011375715 0.999346495
1341839856.121800 0.271788329 -2.230364799 1.976647854 -0.033290561 -0.011441180 0.009487850 0.999335170
1341839856.153957 0.267439216 -2.221960783 1.978091717 -0.031889867 -0.009901464 0.007954179 0.999410689
1341839856.190048 0.257333010 -2.247293949 1.991804719 -0.039635107 -0.010656406 0.005839463 0.999140382
1341839856.222015 0.252630472 -2.261272669 2.002776146 -0.042556420 -0.014266737 0.004001672 0.998984218
1341839856.253873 0.262677521 -2.260500431 2.007343292 -0.041316200 -0.018008200 0.003117180 0.998978972
1341839856.289840 0.265493572 -2.282070398 2.019200087 -0.044166371 -0.017498089 0.002406473 0.998868048
1341839856.321942 0.259431899 -2.297620535 2.029249907 -0.043073930 -0.016078694 0.001314135 0.998941660
1341839856.353811 0.252726227 -2.265343666 2.018782139 -0.032908525 -0.015622455 -0.001001409 0.999335766
1341839856.390102 0.252951920 -2.285581827 2.030421257 -0.038997911 -0.018530522 -0.003837419 0.999060094
1341839856.422082 0.251732200 -2.319752932 2.043855190 -0.044072773 -0.019767528 -0.004701645 0.998821676
1341839856.457814 0.267050505 -2.314081430 2.036721945 -0.036797233 -0.022622891 -0.005873129 0.999049366
1341839856.489904 0.273227513 -2.299174786 2.031867981 -0.032572590 -0.021966780 -0.009668163 0.999181211
1341839856.521972 0.268086553 -2.323468208 2.045591593 -0.037814572 -0.018717274 -0.012938520 0.999025643
1341839856.557920 0.247236744 -2.323641777 2.050676823 -0.036505770 -0.014297141 -0.013952775 0.999133706
1341839856.589888 0.241142005 -2.329769850 2.062813282 -0.038046662 -0.016791236 -0.013220028 0.999047458
1341839856.622023 0.252140552 -2.341016293 2.063929796 -0.040414650 -0.022609480 -0.014332802 0.998824298
1341839856.657871 0.269328535 -2.343716383 2.070477247 -0.040743016 -0.025251975 -0.016091414 0.998720884
1341839856.689931 0.259528607 -2.349337816 2.077674150 -0.042742509 -0.021977386 -0.019610580 0.998651862
1341839856.725899 0.249555379 -2.354030848 2.087195873 -0.044721939 -0.021169677 -0.021688426 0.998539627
1341839856.757992 0.250553608 -2.370361328 2.104821920 -0.049141858 -0.023422448 -0.021393333 0.998287916
1341839856.790085 0.261673033 -2.395978212 2.121576309 -0.053924620 -0.025870610 -0.019750716 0.998014390
1341839856.839656 0.263881058 -2.392151833 2.126938343 -0.051742319 -0.024958985 -0.020778561 0.998132288
1341839856.894594 0.267887354 -2.403124094 2.139664650 -0.054794345 -0.025985284 -0.022701668 0.997901261
1341839856.926373 0.262305081 -2.410961151 2.147937536 -0.056544408 -0.025239009 -0.023031853 0.997815251
1341839856.958224 0.260924667 -2.430001497 2.161213875 -0.059740700 -0.025674509 -0.023041990 0.997617602
1341839857.004395 0.274580061 -2.422466755 2.163950920 -0.056877345 -0.028539503 -0.024271209 0.997677982
1341839857.058153 0.263866603 -2.447217703 2.184140205 -0.062842250 -0.025333660 -0.026083479 0.997360885
1341839857.094172 0.260873556 -2.438232899 2.185972929 -0.059277598 -0.026584597 -0.025465380 0.997562528
1341839857.127349 0.262367427 -2.434190273 2.186633348 -0.059135821 -0.030162951 -0.026181513 0.997450590
1341839857.161937 0.261606187 -2.446330786 2.198215485 -0.063742042 -0.031054571 -0.026715916 0.997125268
1341839857.193984 0.277360320 -2.474254608 2.213173866 -0.068916813 -0.034444496 -0.025894232 0.996691287
1341839857.226017 0.281357408 -2.457587957 2.208821058 -0.061781906 -0.033174925 -0.025690107 0.997207284
1341839857.261913 0.278185219 -2.445028782 2.205816507 -0.060879663 -0.030973192 -0.027070129 0.997297108
1341839857.294048 0.262552440 -2.477704763 2.226577044 -0.070155196 -0.028416267 -0.027222374 0.996759653
1341839857.325950 0.259072065 -2.501370668 2.240155220 -0.071159743 -0.029272662 -0.024443612 0.996735632
1341839857.361866 0.273168921 -2.471218109 2.232199192 -0.062534995 -0.032999378 -0.024680259 0.997191727
1341839857.394079 0.283104271 -2.487926483 2.239600897 -0.069318682 -0.034700591 -0.026545878 0.996637404
1341839857.429949 0.272928059 -2.517675877 2.258412838 -0.075414583 -0.031497370 -0.026721995 0.996296406
1341839857.461927 0.265196949 -2.503223419 2.255168676 -0.068237759 -0.031273920 -0.026714446 0.996820867
1341839857.494284 0.274375975 -2.489694118 2.252294779 -0.063733786 -0.034636892 -0.026560010 0.997011960
1341839857.529868 0.271289229 -2.513451576 2.265611649 -0.069555543 -0.032939523 -0.026662046 0.996677577
1341839857.561886 0.273224682 -2.553056955 2.283536911 -0.076892681 -0.034102332 -0.024665359 0.996150672
1341839857.594054 0.281588912 -2.546777725 2.284463406 -0.070500098 -0.038086522 -0.023534140 0.996506512
1341839857.629788 0.305405647 -2.525648832 2.280580044 -0.062592931 -0.040692773 -0.021583349 0.996975601
1341839857.661962 0.305237174 -2.557116747 2.299257994 -0.067044526 -0.033856083 -0.020142727 0.996971965
1341839857.697990 0.289298624 -2.580521345 2.310531378 -0.067563012 -0.028167946 -0.020459864 0.997107446
1341839857.729964 0.285429835 -2.569981575 2.304987431 -0.062337656 -0.028616365 -0.019114139 0.997461617
1341839857.762022 0.294862866 -2.583133221 2.317258358 -0.061988778 -0.027445953 -0.015536117 0.997578442
1341839857.798680 0.303941220 -2.578055859 2.330592632 -0.054090586 -0.022032822 -0.013052160 0.998207569
1341839857.829963 0.299182028 -2.576075315 2.326673985 -0.051071063 -0.017756347 -0.014119872 0.998437345
1341839857.865820 0.282278001 -2.598625660 2.338435650 -0.056579161 -0.013573759 -0.014242543 0.998204231
1341839857.897849 0.258756012 -2.628710032 2.357120514 -0.061907906 -0.009441555 -0.011886510 0.997966409
1341839857.929959 0.286180735 -2.657920837 2.364653826 -0.064158201 -0.021087278 -0.008272559 0.997682631
1341839857.965946 0.291392684 -2.678075552 2.383556843 -0.064621948 -0.022612091 -0.008299034 0.997619033
1341839857.997930 0.297068685 -2.678947926 2.384009361 -0.062046696 -0.020058135 -0.007674010 0.997842133
1341839858.030063 0.294332922 -2.705698013 2.397855043 -0.066346265 -0.017068602 -0.007325287 0.997623742
1341839858.065790 0.296070367 -2.724169016 2.417628288 -0.065089941 -0.015165404 -0.007078792 0.997739017
1341839858.097903 0.304109722 -2.680291653 2.397398949 -0.050893784 -0.013001631 -0.008257903 0.998585284
1341839858.134029 0.298555046 -2.722560406 2.415071249 -0.060587414 -0.009537250 -0.005529599 0.998102009
1341839858.198009 0.278600663 -2.773467779 2.445881367 -0.064649388 -0.010561717 -0.001342385 0.997851253
1341839858.233911 0.286937863 -2.805593967 2.464698315 -0.069030240 -0.009465643 -0.004516634 0.997559428
1341839858.265831 0.287427455 -2.799267530 2.451788664 -0.062796675 -0.002000696 -0.002373602 0.998021483
1341839858.297894 0.291624904 -2.790230751 2.455910683 -0.058294397 -0.005038272 -0.001000560 0.998286188
1341839858.334040 0.274523526 -2.816344261 2.476836920 -0.060228232 -0.003340677 0.000466386 0.998178899
1341839858.365902 0.274759382 -2.822994709 2.481734037 -0.058050893 -0.005065523 0.005056110 0.998287976
1341839858.401915 0.294039279 -2.823780298 2.483279943 -0.055416722 -0.011579275 0.007956497 0.998364449
1341839858.433884 0.299424350 -2.846699238 2.500700712 -0.057902873 -0.011100552 0.004379882 0.998250902
1341839858.465923 0.295270383 -2.847447872 2.503332376 -0.057387888 -0.006308720 0.001913897 0.998330176
1341839858.501898 0.268693686 -2.860999346 2.506821632 -0.060397718 0.001992961 0.002696323 0.998168766
1341839858.533842 0.284588993 -2.861412048 2.517804623 -0.056384001 -0.003912766 0.009631444 0.998355031
1341839858.565881 0.314802587 -2.848097801 2.513705254 -0.051279593 -0.012133476 0.011837844 0.998540461
1341839858.601865 0.346428543 -2.835740089 2.508675337 -0.050331865 -0.016181860 0.013666210 0.998507917
1341839858.633984 0.311697781 -2.887969255 2.539983034 -0.062464200 -0.005765222 0.013636149 0.997937381
1341839858.669940 0.304065973 -2.903680563 2.552691936 -0.060972761 -0.003364226 0.014521593 0.998028100
1341839858.702025 0.305529892 -2.890856743 2.543878794 -0.058388472 -0.003010267 0.011654820 0.998221338
1341839858.733908 0.296413064 -2.913813353 2.560532093 -0.063860416 0.001334476 0.013541837 0.997866035
1341839858.769859 0.293560386 -2.935641289 2.583186626 -0.064437859 0.002671470 0.016612101 0.997779906
1341839858.801885 0.304734826 -2.920822382 2.573170662 -0.059519336 0.000064425 0.015225220 0.998111069
1341839858.833866 0.349928766 -2.918854237 2.582502365 -0.058454577 -0.006715531 0.020280886 0.998061478
1341839858.869844 0.324115843 -2.943362474 2.594321012 -0.061653171 0.001259077 0.018209377 0.997930765
1341839858.901863 0.317176521 -2.938863277 2.595042229 -0.058873806 0.000037536 0.020425053 0.998056471
1341839858.937959 0.327054113 -2.959129810 2.609097481 -0.061551530 -0.005050869 0.020329759 0.997884035
1341839858.969922 0.345748007 -2.956498861 2.612239599 -0.059743781 -0.008572276 0.020317160 0.997970164
1341839859.001906 0.364356279 -2.956296921 2.616391420 -0.060148299 -0.010863189 0.020454902 0.997920752
1341839859.037871 0.362730503 -2.990503550 2.635791302 -0.065012127 -0.007133633 0.018524688 0.997686982
1341839859.069857 0.345115840 -2.994794846 2.649052143 -0.064241432 -0.000123406 0.016287457 0.997801483
1341839859.105853 0.373304904 -2.990403414 2.646229744 -0.059166931 -0.004016364 0.019965528 0.998040318
1341839859.137820 0.365742236 -3.011817217 2.660199165 -0.060923431 0.000788800 0.017423550 0.997990072
1341839859.169829 0.361571133 -3.025089502 2.665136337 -0.059978843 0.002402235 0.017261038 0.998047531
1341839859.205812 0.349400461 -3.026602507 2.670918465 -0.057762824 0.005201147 0.017555600 0.998162389
1341839859.237948 0.353101969 -3.036038160 2.674603939 -0.057436772 0.002806009 0.021323837 0.998117447
1341839859.269941 0.363084286 -3.061961651 2.686316967 -0.060655955 -0.002740627 0.015751755 0.998030663
1341839859.305936 0.468376428 -3.295570612 2.610029697 -0.097658336 -0.019925840 0.007132336 0.994994938
1341839859.338106 0.557886183 -3.254691124 2.645338058 -0.090424307 -0.031589027 0.010014731 0.995351851
1341839859.373933 0.397005230 -3.096413851 2.704436302 -0.060475416 0.007598021 0.002027855 0.998138726
1341839859.405964 0.376500756 -3.079708576 2.702855349 -0.054049067 0.010352789 0.001762582 0.998483062
1341839859.437999 0.370577157 -3.060472727 2.690006971 -0.050727800 0.009143522 0.006402337 0.998650134
1341839859.473899 0.589746535 -3.160216808 2.763183117 -0.079559490 -0.048214879 0.024927631 0.995351315
1341839859.505881 0.569616675 -3.116935253 2.759903431 -0.066992961 -0.046494976 0.019097701 0.996486545
1341839859.537923 0.475846469 -3.166558981 2.720489025 -0.070879310 -0.024567345 -0.000693543 0.997182071
1341839859.573971 0.406264871 -3.141420364 2.726164341 -0.067863107 -0.005722006 -0.003792038 0.997671008
1341839859.606042 0.393217623 -3.124725580 2.748971462 -0.061246887 -0.003759941 -0.003126296 0.998110652
1341839859.641861 0.402828455 -3.135376930 2.753061056 -0.063815497 -0.010349540 -0.005580640 0.997892439
1341839859.673839 0.396857232 -3.163815260 2.757897139 -0.070150286 -0.008340546 -0.003255966 0.997496247
1341839859.706001 0.475152314 -3.228992224 2.805535793 -0.080831096 -0.026308002 0.000007388 0.996380568
1341839859.741952 0.369834483 -3.125554800 2.776479483 -0.054493256 -0.000191940 0.002516749 0.998510957
1341839859.774014 0.428784758 -3.136137724 2.759537220 -0.057165131 -0.001007996 -0.003712530 0.998357296
1341839859.805853 0.387197226 -3.157798052 2.766192436 -0.063938193 0.005936773 -0.002215690 0.997933745
1341839859.842082 0.465996712 -3.163939953 2.769499540 -0.066504344 -0.001664035 -0.003350860 0.997779131
1341839859.910357 0.468727440 -3.119705677 2.772188663 -0.055664707 -0.004967754 0.004557151 0.998426735
1341839859.941846 0.482922703 -3.110606909 2.789799690 -0.056599308 -0.004296854 0.002741093 0.998383939
1341839859.974055 0.458102793 -3.121128082 2.840850830 -0.049054593 -0.001030679 0.003300460 0.998790085
1341839860.010232 0.383089006 -3.186576605 2.845137596 -0.060062096 0.005172762 0.001076454 0.998180628
1341839860.041967 0.477981001 -3.113453865 2.786963224 -0.058220699 -0.002611387 0.001148893 0.998299658
1341839860.077894 0.544354141 -2.981493235 2.854697227 -0.030760126 -0.015967291 0.000579947 0.999399066
1341839860.109987 0.425272614 -3.137953997 2.825890541 -0.056926429 -0.001141827 0.003950326 0.998369873
1341839860.141917 0.463123202 -3.115674019 2.825654507 -0.054965109 -0.006850418 -0.000345317 0.998464704
1341839860.177902 0.512652218 -3.153050900 2.819167137 -0.061612763 -0.012648831 -0.004927531 0.998007834
1341839860.209829 0.482427120 -3.017853498 2.859860420 -0.038988233 -0.004191573 -0.007865294 0.999199927
1341839860.242114 0.488315314 -3.035414696 2.863139153 -0.039557599 -0.009475817 -0.005251335 0.999158561
1341839860.278013 0.443683952 -3.130000353 2.847392559 -0.056246486 -0.005498950 -0.004017857 0.998393655
1341839860.310067 0.449718028 -3.137505293 2.846831083 -0.058945615 -0.006519621 -0.005015081 0.998227298
1341839860.345859 0.445841134 -3.139348507 2.850811481 -0.059374005 -0.005509922 -0.006274619 0.998200893
1341839860.378795 0.445596367 -3.120264053 2.859674454 -0.055567045 -0.006359276 -0.006069980 0.998416245
1341839860.446011 0.457001358 -3.116147995 2.857059479 -0.057518613 -0.010159678 -0.007332317 0.998265803
1341839860.477890 0.486093938 -3.058650017 2.877748489 -0.046187062 -0.015118046 -0.009832503 0.998769999
1341839860.545831 0.486399412 -3.061708689 2.870826006 -0.049292170 -0.015333300 -0.009651566 0.998620033
1341839860.577976 0.500058353 -3.065970659 2.889399052 -0.046295077 -0.015698597 -0.011955246 0.998732924
1341839860.614165 0.461784750 -3.121197462 2.868475437 -0.055398956 -0.009537584 -0.010703589 0.998361349
1341839860.645895 0.451630652 -3.129678011 2.853084326 -0.059836671 -0.008121891 -0.010891790 0.998115718
1341839860.678150 0.463395387 -3.128075838 2.877339602 -0.055795997 -0.008172535 -0.012272346 0.998333335
1341839860.713931 0.446692079 -3.141920567 2.863862038 -0.055359371 -0.005755418 -0.010745573 0.998392105
1341839860.745925 0.454330832 -3.119711161 2.848303318 -0.055259608 -0.007525811 -0.011838085 0.998373508
1341839860.777879 0.461072505 -3.130226851 2.861734390 -0.055860478 -0.008048925 -0.013968493 0.998308420
1341839860.813880 0.444934696 -3.137548923 2.859995842 -0.053410083 -0.005950913 -0.012571859 0.998475790
1341839860.881962 0.447946459 -3.156474113 2.851087332 -0.057720590 -0.004459405 -0.013252365 0.998234868
1341839860.913833 0.478764474 -3.085809231 2.866209745 -0.042497177 -0.008027285 -0.014509451 0.998958945
1341839860.945899 0.446146131 -3.089933395 2.847971916 -0.046594452 -0.003173005 -0.012938913 0.998825073
1341839860.981862 0.441044897 -3.099778175 2.851219893 -0.049147800 -0.003780311 -0.013343370 0.998695195
1341839861.014122 0.447321087 -3.122383118 2.868365765 -0.049052212 -0.005641101 -0.011856530 0.998709917
1341839861.045923 0.443443388 -3.130310774 2.852700233 -0.050959099 -0.005670345 -0.010693070 0.998627424
1341839861.082003 0.445578873 -3.118943214 2.844501734 -0.051255103 -0.006235095 -0.010564498 0.998610258
