1305031453.359684 0.000000000 0.000000000 0.000000000 0.000000000 0.000000000 0.000000000 1.000000000
1305031453.391690 0.000916017 0.001568317 -0.009413265 -0.001853253 0.006760105 0.011462650 0.999909699
1305031453.423683 0.006398390 0.003578671 -0.017318381 -0.000810876 0.010343616 0.020665225 0.999732614
1305031453.459685 0.012827703 0.007639516 -0.028778499 0.002919528 0.015641678 0.029296916 0.999444067
1305031453.491698 0.013350195 0.009175918 -0.041356243 0.005826539 0.023239326 0.038819075 0.998959005
1305031453.523684 0.013990633 0.013859197 -0.056817684 0.012282322 0.028569937 0.047754321 0.998374879
1305031453.559753 0.016085556 0.022390205 -0.067228086 0.020769257 0.030256655 0.054969665 0.997813344
1305031453.591640 0.012976263 0.031135235 -0.082040690 0.029121017 0.034180008 0.058954854 0.997250259
1305031453.627706 0.004546110 0.038704075 -0.098111868 0.036365896 0.036491420 0.063553877 0.996647775
1305031453.659600 -0.006833886 0.045477655 -0.113305740 0.044197813 0.035664260 0.061416477 0.996495128
1305031453.691678 -0.012477274 0.056651380 -0.127867773 0.051978301 0.030753445 0.056630023 0.996566832
1305031453.727652 -0.023310520 0.065879278 -0.141820401 0.056625023 0.026796546 0.051843453 0.996688426
1305031453.759694 -0.032988887 0.069551572 -0.157156080 0.059670590 0.018769190 0.044149898 0.997064650
1305031453.791716 -0.044703051 0.083426654 -0.166940346 0.066450752 0.011323359 0.035639957 0.997088671
1305031453.827773 -0.059508130 0.088573545 -0.180801496 0.068311200 0.005935137 0.029298631 0.997216105
1305031453.859705 -0.080577247 0.098449022 -0.190936029 0.071203254 -0.002888944 0.021274265 0.997230709
1305031453.891710 -0.091131546 0.109264091 -0.200933188 0.071824014 -0.018808005 0.013873907 0.997143447
1305031453.927723 -0.114015371 0.119338416 -0.203552887 0.071021885 -0.033853270 0.008965644 0.996859789
1305031453.959641 -0.132959247 0.126275942 -0.205229491 0.069757506 -0.047419805 0.001446237 0.996435225
1305031453.991624 -0.138457566 0.123961851 -0.211414024 0.066379078 -0.060194254 -0.010069002 0.995926261
1305031454.027662 -0.155009612 0.125773385 -0.218963191 0.068223819 -0.070739806 -0.018631132 0.994984567
1305031454.059654 -0.151259005 0.131303683 -0.223325729 0.069476768 -0.086387761 -0.033027235 0.993287146
1305031454.091651 -0.146032333 0.126179039 -0.227539688 0.067409500 -0.102436163 -0.048083380 0.991287410
1305031454.127701 -0.154802456 0.126520097 -0.231193453 0.070191130 -0.117376953 -0.062618092 0.988622665
1305031454.159672 -0.190974280 0.136819080 -0.234880209 0.072021529 -0.124799140 -0.075033203 0.986715794
1305031454.191658 -0.232781440 0.143237352 -0.229478270 0.070588075 -0.130756855 -0.088968091 0.984888136
1305031454.227671 -0.224740222 0.133343443 -0.240198851 0.069407232 -0.154331118 -0.107768863 0.979668498
1305031454.259627 -0.212736681 0.141696021 -0.244519725 0.076559961 -0.174342647 -0.125296280 0.973675549
1305031454.291639 -0.221895069 0.151090235 -0.246207848 0.076711252 -0.180396408 -0.136613399 0.971035182
1305031454.327699 -0.252460361 0.139107674 -0.245632976 0.073470697 -0.184156597 -0.152724952 0.968175352
1305031454.359636 -0.267565489 0.139829174 -0.246110767 0.078210570 -0.193016827 -0.165354177 0.963994622
1305031454.391677 -0.271443963 0.149801552 -0.252006918 0.081335545 -0.201223955 -0.177505657 0.959888101
1305031454.427465 -0.287072301 0.151705816 -0.254056692 0.081947789 -0.211100757 -0.193673253 0.954574108
1305031454.459913 -0.275279433 0.158765689 -0.252516627 0.086378388 -0.225695863 -0.210258290 0.947307527
1305031454.491617 -0.282748133 0.166005328 -0.256166965 0.088750966 -0.229294300 -0.227096677 0.942323983
1305031454.527700 -0.290505171 0.178913161 -0.257870853 0.089958966 -0.233420447 -0.242694855 0.937294781
1305031454.559575 -0.293492317 0.186937928 -0.257822365 0.088002622 -0.239617497 -0.254829407 0.932684779
1305031454.591635 -0.303713799 0.194569692 -0.256344378 0.086162038 -0.248737484 -0.270899594 0.925915301
1305031454.627580 -0.299514562 0.201093018 -0.253762364 0.085266463 -0.263613999 -0.283358991 0.918120325
1305031454.659528 -0.298945576 0.211993724 -0.262130708 0.079790920 -0.274826914 -0.290824682 0.912975669
1305031454.691884 -0.304051578 0.222802565 -0.267158151 0.073824897 -0.287212878 -0.299752742 0.906756282
1305031454.727659 -0.290787309 0.211724743 -0.257513702 0.065922245 -0.306381255 -0.304381996 0.899520040
1305031454.759732 -0.277302176 0.211187392 -0.256209224 0.056646179 -0.315861791 -0.297068626 0.899317920
1305031454.791641 -0.277165949 0.215351060 -0.253612965 0.052482583 -0.319077998 -0.293930203 0.899466395
1305031454.827570 -0.268162131 0.219484448 -0.251208633 0.047683463 -0.321851373 -0.286325395 0.901196837
1305031454.859620 -0.258237094 0.231663898 -0.250971347 0.041639075 -0.319541544 -0.275543779 0.905668259
1305031454.891764 -0.249470726 0.244097739 -0.252898157 0.038400423 -0.314531505 -0.264986753 0.910701573
1305031454.927567 -0.250681221 0.253338397 -0.255207092 0.036049623 -0.307900161 -0.262184173 0.913869500
1305031454.959648 -0.251857072 0.261813849 -0.259562701 0.032539617 -0.301729888 -0.256055832 0.917788506
1305031454.991937 -0.256571651 0.271952420 -0.263679385 0.030169498 -0.297475696 -0.249694049 0.921005368
1305031455.027799 -0.258432776 0.282179266 -0.266663313 0.029820142 -0.296804398 -0.246484637 0.922097206
1305031455.059636 -0.265086770 0.288259894 -0.267525256 0.027233373 -0.293623209 -0.244892552 0.923618615
1305031455.091700 -0.269692719 0.295675069 -0.271718651 0.029657381 -0.290308803 -0.245532095 0.924421549
1305031455.127695 -0.274607897 0.308193654 -0.277000636 0.031723242 -0.285062164 -0.243813649 0.926438391
1305031455.159720 -0.285125941 0.319069952 -0.282207161 0.031216707 -0.279144943 -0.239974707 0.929255486
1305031455.191655 -0.293284923 0.329335541 -0.288858265 0.027463932 -0.274381638 -0.232806653 0.932610035
1305031455.227581 -0.303712189 0.335920095 -0.294269383 0.026554389 -0.270290494 -0.227292985 0.935187578
1305031455.259631 -0.310274571 0.349122614 -0.298448890 0.024923289 -0.265790135 -0.221124724 0.937996984
1305031455.291831 -0.324092358 0.354565024 -0.302999973 0.016190227 -0.258854598 -0.212282598 0.942161500
1305031455.327766 -0.337945253 0.367864609 -0.311048597 0.011777616 -0.254096687 -0.201012537 0.945986331
1305031455.359630 -0.342247814 0.378459632 -0.312463611 0.004596221 -0.253655136 -0.194265768 0.947575212
1305031455.391665 -0.354021162 0.378064096 -0.314629406 -0.007032948 -0.245941758 -0.186683998 0.951111078
1305031455.427642 -0.368967772 0.382213116 -0.324646533 -0.014843126 -0.236736119 -0.176858902 0.955225945
1305031455.459589 -0.385291755 0.382215768 -0.333318412 -0.021051947 -0.231404737 -0.168720812 0.957884073
1305031455.491637 -0.398393810 0.387623370 -0.341060579 -0.025129292 -0.226754650 -0.158216462 0.960686445
1305031455.527610 -0.415485770 0.386391371 -0.348780036 -0.031174129 -0.222148463 -0.145516977 0.963588655
1305031455.559669 -0.433997542 0.390452355 -0.360238284 -0.032524027 -0.220216244 -0.132771268 0.965825438
1305031455.591645 -0.449142396 0.396514207 -0.376832068 -0.033768389 -0.218381286 -0.117989048 0.968115628
1305031455.627617 -0.466394007 0.390105247 -0.384077162 -0.040963709 -0.215816379 -0.105546750 0.969848037
1305031455.659615 -0.485278279 0.389126569 -0.396752775 -0.037729882 -0.211928993 -0.100359596 0.971385896
1305031455.691605 -0.502463758 0.393098354 -0.408561885 -0.033023726 -0.209235981 -0.100798078 0.972095430
1305031455.727628 -0.520032048 0.391866356 -0.420067012 -0.030459331 -0.204284862 -0.106443986 0.972630262
1305031455.759683 -0.536125839 0.387287259 -0.433571637 -0.030579932 -0.197379470 -0.109471790 0.973715663
1305031455.791666 -0.551121175 0.380550504 -0.439696550 -0.029744305 -0.192283332 -0.107663512 0.974962056
1305031455.827590 -0.572663188 0.380080372 -0.461107135 -0.025662702 -0.184640110 -0.109598406 0.976338863
1305031455.859526 -0.586268008 0.374963969 -0.472587556 -0.026060143 -0.182284176 -0.110942721 0.976619184
1305031455.891657 -0.600192308 0.372249126 -0.483046472 -0.025804648 -0.179111183 -0.110711470 0.977239132
1305031455.927955 -0.612859070 0.365522087 -0.493943125 -0.027633552 -0.174758598 -0.111431219 0.977895141
1305031455.959716 -0.624328017 0.364692211 -0.505887032 -0.026507080 -0.170240805 -0.113541156 0.978480399
1305031455.991694 -0.633588910 0.364184052 -0.513556838 -0.027585348 -0.165767774 -0.116103821 0.978917778
1305031456.027770 -0.641570330 0.372335732 -0.524189472 -0.028927917 -0.158564046 -0.120208852 0.979576647
1305031456.059713 -0.660770655 0.364361852 -0.532917142 -0.039065357 -0.150032058 -0.129521936 0.979381621
1305031456.091707 -0.675555944 0.353545010 -0.537453175 -0.046161752 -0.144471109 -0.135218188 0.979139030
1305031456.127645 -0.689099550 0.347096831 -0.543143988 -0.047947083 -0.138886660 -0.136900902 0.979627371
1305031456.159731 -0.698226929 0.335060775 -0.542508960 -0.050860900 -0.134637520 -0.137636378 0.979970515
1305031456.191658 -0.706136584 0.323474020 -0.542130649 -0.048069499 -0.128215015 -0.134993538 0.981339395
1305031456.227678 -0.716411471 0.331676304 -0.549457371 -0.041362025 -0.116336122 -0.131312042 0.983622015
1305031456.291675 -0.741859496 0.313374579 -0.545024693 -0.042676449 -0.093535282 -0.124708183 0.986852467
1305031456.327718 -0.752701283 0.303743303 -0.542282462 -0.040291376 -0.082645565 -0.118043371 0.988742709
1305031456.391619 -0.783913195 0.300809979 -0.543642044 -0.034173951 -0.052711863 -0.110631086 0.991874158
1305031456.427662 -0.805515170 0.308975130 -0.541129947 -0.024099100 -0.037978042 -0.103647456 0.993596554
1305031456.491677 -0.847108066 0.323810697 -0.535774291 -0.026646221 -0.025276558 -0.092602909 0.995025516
1305031456.527641 -0.858950138 0.324840456 -0.523167849 -0.032730568 -0.026698275 -0.086557552 0.995351017
1305031456.591651 -0.880593121 0.328252614 -0.507175744 -0.034233008 -0.021106724 -0.075012609 0.996371269
1305031456.627612 -0.888959706 0.340904176 -0.494656473 -0.045294069 -0.015644604 -0.065790549 0.996682167
1305031456.691612 -0.924879968 0.326555461 -0.472287536 -0.058076128 -0.001942070 -0.053130593 0.996895432
1305031456.727693 -0.936096728 0.342511803 -0.458137363 -0.059712060 -0.001353632 -0.040599868 0.997388721
1305031456.791649 -0.973760307 0.328832120 -0.437221497 -0.066553108 -0.006574331 -0.028204752 0.997362494
1305031456.827603 -0.976709425 0.356902421 -0.425737113 -0.059370309 -0.011732974 -0.017561225 0.998012602
1305031456.891672 -0.994022489 0.346871674 -0.403264940 -0.072068997 -0.008321091 -0.006895187 0.997341096
1305031456.927690 -1.006489515 0.354783118 -0.393117040 -0.065782331 -0.001931258 -0.000156499 0.997832119
1305031456.959667 -1.020281434 0.372402787 -0.386277974 -0.063066483 0.005016407 0.006255221 0.997977138
1305031456.991709 -1.034273267 0.370066106 -0.376294851 -0.071718387 0.011147369 0.007575577 0.997333884
1305031457.027648 -1.046356082 0.369307905 -0.371216536 -0.074083224 0.015693814 0.011325177 0.997064233
1305031457.091655 -1.070381999 0.378055185 -0.368940622 -0.083968528 0.027909970 0.021733202 0.995840371
1305031457.127632 -1.079924822 0.368163347 -0.364340931 -0.090015747 0.033539813 0.026298946 0.995027959
1305031457.191735 -1.112538695 0.373623550 -0.372181892 -0.084869936 0.053288929 0.037791245 0.994248033
1305031457.227543 -1.130091667 0.374389857 -0.374679744 -0.087155268 0.062140174 0.042848263 0.993331075
1305031457.291656 -1.154166102 0.360921174 -0.385141015 -0.080099657 0.076516002 0.055433162 0.992298603
1305031457.327548 -1.166938305 0.363886893 -0.392577887 -0.076433882 0.086154841 0.061412323 0.991445303
1305031457.391684 -1.199490905 0.350803196 -0.405320734 -0.072488673 0.110310256 0.073857330 0.988494873
1305031457.427641 -1.222335577 0.348823875 -0.415856242 -0.069055028 0.121336505 0.081587635 0.986839533
1305031457.491705 -1.253166437 0.334503770 -0.429529876 -0.068317369 0.127266228 0.089678794 0.985440910
1305031457.527638 -1.267654896 0.321822822 -0.439487755 -0.067045376 0.131549031 0.092182577 0.984734535
1305031457.559685 -1.281903625 0.320358187 -0.448267043 -0.062093414 0.136997581 0.095799297 0.983970821
1305031457.591678 -1.303270340 0.320335150 -0.455070972 -0.057446200 0.143894821 0.098841012 0.982967257
1305031457.627526 -1.316592693 0.306229085 -0.461827397 -0.059440866 0.145440131 0.101805307 0.982318521
1305031457.659632 -1.336599112 0.313401550 -0.469356894 -0.052123655 0.149452403 0.105739027 0.981716037
1305031457.691570 -1.350632906 0.304919958 -0.473786861 -0.058360640 0.150031239 0.108672574 0.980956137
1305031457.727669 -1.363206506 0.284412444 -0.475599557 -0.063608304 0.151591122 0.106961273 0.980578125
1305031457.759556 -1.376541972 0.270846725 -0.479383737 -0.062689580 0.154229015 0.105466910 0.980387747
1305031457.791567 -1.382037163 0.249822021 -0.482275605 -0.058929682 0.157511041 0.106563076 0.979980528
1305031457.827699 -1.399261236 0.259175271 -0.492942959 -0.043992888 0.166125700 0.105544284 0.979452550
1305031457.859623 -1.413736224 0.247678906 -0.495397031 -0.043095656 0.174874932 0.105864525 0.977933645
1305031457.891593 -1.418194652 0.219669119 -0.496536762 -0.041511036 0.179568902 0.109039575 0.976801991
1305031457.927633 -1.434601426 0.207988292 -0.499436438 -0.031129098 0.184804037 0.114994869 0.975527883
1305031457.991644 -1.476443648 0.205495477 -0.491847992 -0.014256022 0.193140522 0.112932228 0.974545956
1305031458.027845 -1.484953523 0.193653867 -0.488727868 -0.006822263 0.196123138 0.112484775 0.974082351
1305031458.059689 -1.500364304 0.200724930 -0.487921804 0.004963964 0.201350361 0.115629062 0.972657859
1305031458.091690 -1.523272395 0.198624849 -0.480412513 0.006222287 0.209311455 0.117085099 0.970794082
1305031458.127605 -1.538586140 0.187227920 -0.468993574 0.003316934 0.214518458 0.116975322 0.969684303
1305031458.159638 -1.552068949 0.179751635 -0.451919019 0.004176286 0.217590660 0.119824603 0.968647957
1305031458.191646 -1.581850767 0.175474972 -0.439760923 0.004315927 0.223147258 0.121095717 0.967224121
1305031458.227611 -1.591899157 0.171726674 -0.414684057 -0.003568156 0.220572308 0.125067309 0.967312396
1305031458.259934 -1.600106001 0.140575409 -0.401845038 -0.010747137 0.218339399 0.123675078 0.967944682
1305031458.291664 -1.620957375 0.150851950 -0.384196758 0.003952287 0.217171744 0.122244611 0.968440533
1305031458.327628 -1.637681484 0.130005017 -0.368354321 -0.000890659 0.214790285 0.124371715 0.968708456
1305031458.359590 -1.645012379 0.112851605 -0.349565148 0.005363044 0.210795432 0.125076428 0.969480455
1305031458.391626 -1.654911518 0.120953523 -0.331681669 0.020439997 0.208788127 0.127657056 0.969377816
1305031458.427598 -1.658284307 0.119342558 -0.317278683 0.028908392 0.208372623 0.136128485 0.968098223
1305031458.459637 -1.651986957 0.107334107 -0.300470352 0.039193898 0.212394074 0.142537668 0.965937674
1305031458.491696 -1.651018023 0.106552906 -0.277151585 0.060977302 0.222539335 0.141623259 0.962653041
1305031458.527737 -1.668724537 0.125382155 -0.262897432 0.083959386 0.235519782 0.137919575 0.958362877
1305031458.559628 -1.672139883 0.132821754 -0.245664775 0.091132656 0.243308187 0.134395853 0.956260264
1305031458.591641 -1.677312613 0.137715518 -0.222316504 0.101567335 0.249435082 0.129098788 0.954358280
1305031458.627659 -1.691721916 0.166398630 -0.199534595 0.108803011 0.251735508 0.119632252 0.954190373
1305031458.659623 -1.712103128 0.158503309 -0.175403237 0.100640655 0.253235608 0.121710591 0.954426408
1305031458.691674 -1.719834208 0.162920102 -0.151473761 0.095850445 0.241144225 0.113914728 0.959002376
1305031458.727650 -1.698501825 0.170162901 -0.115842760 0.097887151 0.224004105 0.106431685 0.963801086
1305031458.759945 -1.708407640 0.163720965 -0.114425838 0.099301733 0.209985033 0.097094402 0.967790365
1305031458.791632 -1.705333948 0.175418735 -0.099469543 0.098865874 0.194673091 0.087609574 0.971932352
1305031458.827564 -1.689517736 0.178901359 -0.080561221 0.094560243 0.182332233 0.087626122 0.974748671
1305031458.891665 -1.673767567 0.182405293 -0.067342639 0.102557592 0.174546152 0.074673079 0.976442277
1305031458.927621 -1.687342048 0.190733925 -0.055900991 0.103641123 0.184354708 0.078427553 0.974228382
1305031458.959617 -1.699274182 0.177702665 -0.051924169 0.093823388 0.191776767 0.090346962 0.972757041
1305031458.991647 -1.702089190 0.152546912 -0.032508075 0.091789611 0.196584642 0.096074417 0.971441627
1305031459.027665 -1.727595568 0.144154847 -0.014597952 0.101729408 0.200835288 0.095389321 0.969648004
1305031459.059631 -1.751672149 0.133950025 -0.000785649 0.110602155 0.195821822 0.102496557 0.968976498
1305031459.127618 -1.774604917 0.128443405 -0.093656421 0.123821765 0.153480634 0.117677055 0.973274887
1305031459.159639 -1.772078753 0.135615736 -0.072508812 0.136585459 0.125486583 0.117018580 0.975655794
1305031459.191674 -1.785410404 0.137647197 -0.047593743 0.144950539 0.109390363 0.121242739 0.975870550
1305031459.227607 -1.792090297 0.136969149 -0.036550432 0.148329645 0.096564718 0.131926984 0.975330114
1305031459.259760 -1.779703021 0.145517826 -0.014040232 0.151904747 0.087270617 0.143811584 0.973974824
1305031459.327632 -1.793515205 0.140168995 -0.038009286 0.142815247 0.114914767 0.177710146 0.966859639
1305031459.359651 -1.797869444 0.162827626 -0.007676959 0.152656034 0.139325798 0.189894363 0.959804416
1305031459.391667 -1.809806824 0.182011142 0.019852459 0.154691502 0.166333139 0.214155376 0.950021744
1305031459.427646 -1.791279554 0.199029192 0.032553673 0.147160366 0.189129516 0.253949821 0.937061012
1305031459.459679 -1.809272885 0.197009474 0.038675547 0.146448493 0.225018546 0.292509109 0.917800605
1305031459.527594 -1.874480724 0.199041784 -0.010122836 0.126230568 0.268373966 0.358159125 0.885304034
1305031459.559647 -1.887662649 0.194630802 0.043778002 0.128969029 0.286796480 0.387217671 0.866704822
1305031459.591695 -1.816781521 0.239346847 0.091772795 0.155402303 0.239187792 0.398219734 0.871814430
1305031459.627608 -1.882798433 0.223536715 0.065204024 0.134182110 0.278215140 0.417207986 0.854709864
1305031459.659641 -1.899525881 0.220747620 0.074271739 0.134734392 0.288913608 0.416529030 0.851398349
1305031459.691604 -1.918503761 0.219648480 0.086664557 0.131589308 0.302115470 0.419627070 0.845768034
1305031459.727551 -1.928819180 0.197603762 0.090804040 0.123734206 0.309532970 0.432961196 0.837510467
1305031459.791650 -1.952487230 0.167294428 0.106348038 0.121437550 0.321498901 0.426960915 0.836418390
1305031459.827664 -1.971228838 0.157786280 0.110483468 0.119590051 0.324123204 0.415625632 0.841366589
1305031459.859660 -1.983119011 0.137933344 0.115124881 0.112127282 0.322679013 0.415269315 0.843123436
1305031459.891596 -1.990509629 0.124373160 0.121355653 0.108134262 0.317454517 0.418612629 0.843974590
1305031459.927607 -2.005797148 0.102866232 0.124586821 0.106498800 0.318276078 0.423175454 0.841594219
1305031459.991725 -2.020873547 0.075307824 0.139254093 0.102019675 0.315727592 0.430575460 0.839352667
1305031460.027565 -2.014419079 0.066020720 0.155491412 0.099411272 0.318606734 0.435470313 0.836045861
1305031460.059659 -2.032147169 0.039810926 0.151938200 0.099662498 0.317354381 0.436658114 0.835872769
1305031460.091717 -2.042622566 0.019784868 0.158081353 0.101000436 0.314814776 0.442645729 0.833519876
1305031460.127690 -2.043880939 0.001062497 0.162890077 0.105453737 0.306223124 0.451876521 0.831212699
1305031460.159678 -2.054164410 -0.008589394 0.168014526 0.114544719 0.300037682 0.458478332 0.828646183
1305031460.191559 -2.055681705 -0.019940153 0.174303591 0.114903495 0.292912543 0.465916127 0.826995552
1305031460.227761 -2.037699223 -0.029207870 0.178917170 0.113636591 0.287528366 0.470605135 0.826404870
1305031460.291689 -2.033819199 -0.051390342 0.185021341 0.112823948 0.302187383 0.471153438 0.820955575
1305031460.327512 -2.033920765 -0.063410252 0.185845137 0.112907715 0.309767455 0.472651333 0.817249477
1305031460.391611 -2.029732704 -0.085288107 0.189368427 0.105514526 0.325492024 0.480691403 0.807376862
1305031460.427477 -2.029943705 -0.094803169 0.207644939 0.105794266 0.339754432 0.483416706 0.799801707
1305031460.459620 -2.026761770 -0.100431129 0.212020874 0.103247412 0.350734919 0.487270743 0.793027222
1305031460.491504 -2.035473585 -0.103595212 0.219353735 0.101027325 0.364531428 0.492561996 0.783768475
1305031460.527570 -2.031881332 -0.120902032 0.223138332 0.090989657 0.374419034 0.502905071 0.773703933
1305031460.559647 -2.026358128 -0.129323721 0.230012596 0.084981076 0.382865489 0.506741643 0.767727256
1305031460.591855 -2.026246548 -0.134895474 0.235228896 0.082160667 0.390872657 0.506736219 0.763993800
1305031460.627625 -2.023746014 -0.145464212 0.243181407 0.078838125 0.399579316 0.508597434 0.758583903
1305031460.659764 -2.023743868 -0.171627760 0.250561357 0.070460215 0.410598040 0.510463536 0.752244353
1305031460.691671 -2.036774874 -0.189600199 0.251774251 0.066011891 0.415783286 0.509813249 0.750238061
1305031460.727675 -2.024127007 -0.194434166 0.268418252 0.061137475 0.418424636 0.512081146 0.747633517
1305031460.759667 -2.008009195 -0.195441663 0.285747170 0.058660433 0.424546301 0.511657715 0.744664788
1305031460.791660 -2.021223068 -0.222076178 0.287813306 0.052290820 0.430089295 0.510185659 0.742966652
1305031460.827660 -2.019763947 -0.237994105 0.297516346 0.044909086 0.433200270 0.509455323 0.742142856
1305031460.859714 -2.015431881 -0.247098237 0.303139687 0.037261255 0.435705006 0.508122802 0.742013454
1305031460.891774 -2.013979197 -0.266453892 0.308233261 0.026821619 0.440227240 0.506899834 0.740630209
1305031460.927562 -2.007111549 -0.266542315 0.326010227 0.024334494 0.443266094 0.504867494 0.740291715
1305031460.991668 -1.988344431 -0.290817797 0.334095836 0.018531345 0.445706576 0.507955492 0.736874104
1305031461.027620 -1.980071783 -0.302571237 0.341629565 0.018763460 0.447868824 0.508881807 0.734915495
1305031461.091728 -1.972504139 -0.318317264 0.356015980 0.021002911 0.447519064 0.508876383 0.735071719
1305031461.127586 -1.961135745 -0.330854744 0.362086177 0.016923083 0.447890252 0.507796943 0.735697091
1305031461.159720 -1.949193239 -0.343980193 0.369023323 0.015230128 0.449907720 0.506218076 0.735591173
1305031461.192013 -1.947118759 -0.346774101 0.377435684 0.018371897 0.452258676 0.500575781 0.737935245
1305031461.227607 -1.940100789 -0.354831159 0.383079588 0.018196115 0.454005361 0.499875456 0.737341523
1305031461.259642 -1.932180882 -0.362408340 0.386885941 0.017735872 0.454244196 0.496669084 0.739369571
1305031461.291656 -1.930042028 -0.364997029 0.392325401 0.019532494 0.455644906 0.489779145 0.743049562
1305031461.327751 -1.921846986 -0.364950359 0.392939091 0.020114154 0.456510782 0.486605495 0.744586051
1305031461.359709 -1.923548222 -0.362900019 0.403647840 0.016505741 0.461712897 0.481796563 0.744594395
1305031461.391708 -1.909268022 -0.372121096 0.407704055 0.007234297 0.460181594 0.485191911 0.743484676
1305031461.427624 -1.900670052 -0.374484241 0.410147130 0.005889856 0.460725456 0.483663350 0.744155347
1305031461.459781 -1.898964047 -0.369277477 0.413290024 0.003267477 0.459986985 0.485205203 0.743624389
1305031461.491677 -1.878500700 -0.376244724 0.409844518 -0.001882810 0.456977218 0.487322420 0.744100213
1305031461.527705 -1.875802755 -0.368852854 0.413513422 0.004455247 0.460009903 0.483136386 0.744949818
1305031461.559677 -1.869472623 -0.362722516 0.401536822 0.004162560 0.457216203 0.482270092 0.747229218
1305031461.591690 -1.870688677 -0.361864388 0.398667455 0.002628646 0.465714604 0.476871908 0.745450318
1305031461.627541 -1.870934248 -0.357569993 0.399193645 -0.000063389 0.472153008 0.475720882 0.742132843
1305031461.659622 -1.867781878 -0.349200577 0.398612142 -0.001806375 0.476241112 0.474508971 0.740292072
1305031461.691563 -1.870771885 -0.343601644 0.394442439 -0.002299393 0.478040874 0.479641408 0.735809565
1305031461.727602 -1.863026619 -0.336490482 0.385720551 -0.004196615 0.474656761 0.485953957 0.733847439
1305031461.759684 -1.867043257 -0.325120062 0.383214712 -0.002176879 0.476937205 0.487932086 0.731059790
1305031461.791612 -1.867039919 -0.313994378 0.377227843 -0.004997044 0.477413923 0.491896570 0.728071928
1305031461.827615 -1.865794539 -0.307044327 0.373909295 -0.005754898 0.481128156 0.497522473 0.721771479
1305031461.859767 -1.875058293 -0.284580946 0.368781567 -0.002103727 0.483872145 0.500921249 0.717594028
1305031461.891723 -1.881786823 -0.270821840 0.371080816 -0.004015862 0.485729128 0.509799600 0.710039079
1305031461.927758 -1.880290031 -0.262945831 0.368409395 -0.009855337 0.482387096 0.521005332 0.704101562
1305031461.959703 -1.883888841 -0.245945960 0.354259968 -0.011582418 0.481641978 0.524351001 0.702098906
1305031461.991590 -1.904672861 -0.221269071 0.346106350 -0.007121289 0.484275460 0.529283285 0.696624577
1305031462.027675 -1.906736374 -0.217048675 0.344816983 -0.017500453 0.480940223 0.539302170 0.691045225
1305031462.059837 -1.905641437 -0.215243250 0.365986764 -0.023805283 0.483177423 0.551889420 0.679257631
1305031462.091777 -1.902999640 -0.200886160 0.358360112 -0.022701148 0.471618623 0.566817284 0.675113797
1305031462.127739 -1.908119917 -0.191900194 0.358942270 -0.023429124 0.468322426 0.575727642 0.669822991
1305031462.159646 -1.920934677 -0.178853273 0.354952037 -0.020345096 0.465257883 0.578099370 0.670016646
1305031462.191641 -1.925865412 -0.171070695 0.355700910 -0.023648169 0.464350581 0.578391671 0.670285285
1305031462.227633 -1.937049150 -0.159719437 0.354826450 -0.025548261 0.463132024 0.579048216 0.670491755
1305031462.259765 -1.941619158 -0.161248684 0.361795068 -0.036638044 0.464435309 0.577489495 0.670420289
1305031462.291629 -1.946326017 -0.152794719 0.368606865 -0.042357340 0.462114215 0.577089965 0.672029376
1305031462.327540 -1.956265807 -0.146923840 0.361652553 -0.049038146 0.456629694 0.572486997 0.679222524
1305031462.359732 -1.963339806 -0.141741395 0.367712915 -0.057922311 0.456142545 0.567853332 0.682730973
1305031462.391695 -1.980551243 -0.131592184 0.378057182 -0.063274838 0.455224574 0.560807467 0.688666761
1305031462.427635 -1.983124256 -0.131928086 0.380372167 -0.075486355 0.447597563 0.560965955 0.692297220
1305031462.459897 -1.997433662 -0.124446988 0.381537497 -0.080190577 0.439961284 0.556557178 0.700176835
1305031462.492008 -2.006225109 -0.118902117 0.379684925 -0.088157222 0.429253578 0.556340754 0.706013262
1305031462.527670 -2.012429714 -0.113980740 0.387743831 -0.096642882 0.424909651 0.550788403 0.711859584
1305031462.559862 -2.018768549 -0.099304706 0.379213512 -0.098039694 0.411622345 0.544389129 0.724289834
1305031462.591862 -2.026228189 -0.095366418 0.374488950 -0.101636827 0.406802207 0.538359642 0.730993032
1305031462.627851 -2.029957771 -0.083491862 0.371104360 -0.103214309 0.401892871 0.529507458 0.739899158
1305031462.659660 -2.041058540 -0.083123565 0.364432812 -0.105304211 0.401499033 0.520945013 0.745872557
1305031462.692548 -2.051640749 -0.079465985 0.361495435 -0.104255214 0.401262194 0.511121035 0.752910912
1305031462.727652 -2.063599110 -0.075073481 0.355033398 -0.104532890 0.396145165 0.500712395 0.762514889
1305031462.759782 -2.071280479 -0.066563159 0.346789598 -0.104939729 0.388400644 0.491163313 0.772587299
1305031462.791943 -2.077876329 -0.054954380 0.337281525 -0.105114080 0.381624490 0.483184785 0.780926526
1305031462.827816 -2.093721628 -0.042368084 0.327605426 -0.103533797 0.377303541 0.474901378 0.788283885
1305031462.859782 -2.100078821 -0.027350664 0.310009837 -0.104323328 0.368254483 0.471150637 0.794683814
1305031462.891847 -2.104658127 -0.014151394 0.297025323 -0.104391195 0.366489381 0.466862470 0.798014700
1305031462.927607 -2.107178926 -0.004498303 0.283875108 -0.104065508 0.364643574 0.465329051 0.799796462
1305031462.959676 -2.110456467 0.006869256 0.271672785 -0.100700691 0.362210453 0.464009136 0.802096307
1305031462.995550 -2.109579325 0.016641974 0.257328510 -0.097457260 0.357161641 0.458498538 0.807908893
1305031463.027667 -2.112314939 0.030391097 0.244687676 -0.089130454 0.354838461 0.449439436 0.814953744
1305031463.059810 -2.119766951 0.039088428 0.230722666 -0.082997166 0.351039350 0.442131341 0.821220279
1305031463.095809 -2.118262053 0.044297665 0.212226570 -0.084614709 0.343407542 0.435942382 0.827566266
1305031463.127550 -2.113196850 0.059170872 0.199579358 -0.080382854 0.340146482 0.424117923 0.835441828
1305031463.159787 -2.119822979 0.071573019 0.185492456 -0.073140509 0.339908272 0.413998902 0.841259599
1305031463.195657 -2.127431631 0.077248782 0.163802266 -0.073646702 0.337319434 0.409978479 0.844221175
1305031463.227784 -2.123638391 0.089922220 0.147811592 -0.074821927 0.333599925 0.403576910 0.848668635
1305031463.260034 -2.115796328 0.104032755 0.137177885 -0.066527665 0.332026362 0.399157077 0.852060020
1305031463.295737 -2.120532751 0.114878774 0.126223803 -0.062836647 0.333762199 0.392505258 0.854747891
1305031463.327739 -2.113956451 0.117243737 0.112212956 -0.066422686 0.328578204 0.390856504 0.857237160
1305031463.359750 -2.106160164 0.132923990 0.104586363 -0.057500254 0.324696958 0.385835081 0.861624539
1305031463.395630 -2.104801655 0.144446462 0.089308918 -0.051670596 0.319566935 0.382630169 0.865333021
1305031463.427716 -2.097980022 0.149135798 0.074182510 -0.054068711 0.315134436 0.381214887 0.867434204
1305031463.459756 -2.089617491 0.154015303 0.064617753 -0.055191301 0.314686835 0.380556703 0.867814898
1305031463.495629 -2.079020500 0.171537429 0.048782766 -0.054567516 0.311970741 0.378184527 0.869869590
1305031463.527670 -2.063013315 0.183832675 0.035702348 -0.053530179 0.312739015 0.376307309 0.870472014
1305031463.559751 -2.060145855 0.195957065 0.026290774 -0.048564009 0.317875594 0.374452114 0.869702399
1305031463.595600 -2.053801775 0.203015208 0.011839509 -0.048838921 0.315159887 0.375104964 0.870393693
1305031463.627588 -2.035885811 0.203767598 -0.007833421 -0.049289916 0.308912545 0.377570838 0.871541023
1305031463.659766 -2.018852234 0.215119362 -0.019167542 -0.040091928 0.308370501 0.374841690 0.873380780
1305031463.695640 -2.024462700 0.219501168 -0.039248049 -0.036088895 0.311439335 0.369923562 0.874562562
1305031463.727588 -2.000513077 0.221734673 -0.060744166 -0.040006872 0.305421859 0.369264811 0.876789868
1305031463.759674 -1.969414830 0.227944702 -0.077878594 -0.036442183 0.300745934 0.365413368 0.880168676
1305031463.795647 -1.977799892 0.223782539 -0.103699148 -0.033477776 0.310426563 0.353649437 0.881729364
1305031463.827761 -1.965262175 0.220044166 -0.128222883 -0.037206177 0.309650511 0.344907641 0.885308444
1305031463.859910 -1.947152853 0.221141726 -0.144287646 -0.036183372 0.310135365 0.334578037 0.889136851
1305031463.895648 -1.943094492 0.223567188 -0.165754378 -0.032437384 0.312913299 0.325503528 0.891672850
1305031463.927664 -1.933479667 0.216959804 -0.181375146 -0.033625100 0.312163472 0.319564700 0.894036770
1305031463.959680 -1.919073582 0.209595084 -0.201428354 -0.034965642 0.306949675 0.314867616 0.897450626
1305031463.995821 -1.912246943 0.208343327 -0.218918025 -0.029891601 0.305678636 0.306286156 0.901030421
1305031464.027703 -1.905044317 0.207309067 -0.241582990 -0.028689489 0.302114964 0.297973514 0.905049860
1305031464.059652 -1.891884565 0.201237649 -0.259990394 -0.029787250 0.300368220 0.289573431 0.908316493
1305031464.095634 -1.880608797 0.197023660 -0.277063072 -0.027958388 0.300779581 0.281259775 0.910847366
1305031464.127681 -1.884527445 0.189458996 -0.292418718 -0.025237920 0.302849203 0.275526524 0.911992610
1305031464.159817 -1.879179001 0.175420135 -0.304910123 -0.022687595 0.300287426 0.273882240 0.913400888
1305031464.195585 -1.877120733 0.167479932 -0.317021847 -0.012803868 0.295585096 0.268456757 0.916731417
1305031464.227624 -1.884857655 0.162622705 -0.333192110 -0.002648671 0.289350927 0.262570798 0.920502901
1305031464.259644 -1.882079720 0.168690443 -0.346125364 0.007469343 0.274544060 0.260206938 0.925668478
1305031464.295667 -1.874039888 0.166207924 -0.361939013 0.010491622 0.257249236 0.256001860 0.931759536
1305031464.327866 -1.855932713 0.169643223 -0.378213644 0.014155604 0.240690559 0.251619995 0.937312663
1305031464.359684 -1.836504221 0.165972263 -0.397597551 0.017028080 0.228143156 0.246052563 0.941869855
1305031464.395611 -1.820222020 0.169514328 -0.421745002 0.022048296 0.219366282 0.238200992 0.945860803
1305031464.427634 -1.807017088 0.173948467 -0.441334963 0.024006519 0.216546580 0.229930311 0.948505819
1305031464.459689 -1.799115181 0.169644654 -0.453418851 0.024963880 0.215319589 0.220294863 0.951043844
1305031464.495633 -1.782500029 0.171493351 -0.474088252 0.026930125 0.210585862 0.214346230 0.953406572
1305031464.527574 -1.776386499 0.171214178 -0.492483139 0.027358146 0.211092636 0.206280529 0.955060124
1305031464.559703 -1.760790825 0.165526748 -0.513712227 0.022484042 0.206653655 0.194561288 0.958610773
1305031464.595698 -1.726838946 0.152476057 -0.536984921 0.020577203 0.205147937 0.185805172 0.960711896
1305031464.627672 -1.706738234 0.142416537 -0.557314634 0.025389889 0.214456975 0.177676976 0.960101306
1305031464.659749 -1.689624906 0.146194294 -0.577646852 0.034024693 0.224169180 0.165260032 0.959833086
1305031464.695663 -1.681771278 0.121818610 -0.589221537 0.038800765 0.236618087 0.145993248 0.959787667
1305031464.727652 -1.675092101 0.109250240 -0.604491293 0.050997213 0.242639169 0.131122857 0.959860563
1305031464.759740 -1.693702936 0.132781178 -0.611219704 0.070861988 0.249456465 0.106836624 0.959862471
1305031464.796021 -1.688335538 0.124061584 -0.619115889 0.075950056 0.244127482 0.086654320 0.962872982
1305031464.827759 -1.693778753 0.114801690 -0.625144064 0.084189110 0.235157862 0.069952637 0.965774059
1305031464.859654 -1.670462608 0.132475674 -0.619304538 0.088641152 0.217834920 0.052715503 0.970521390
1305031464.895817 -1.648024201 0.142413065 -0.614292860 0.087746672 0.199155450 0.031492949 0.975523353
1305031464.927799 -1.614399433 0.132240310 -0.606838226 0.083989151 0.182284147 0.011878705 0.979580104
1305031464.959763 -1.587387323 0.117410049 -0.608972192 0.083845071 0.173432723 -0.004508598 0.981259763
1305031464.995687 -1.585158825 0.102842748 -0.621296406 0.089236192 0.172259554 -0.022097021 0.980752349
1305031465.027823 -1.572321653 0.102887407 -0.608725011 0.091192834 0.171958759 -0.044479810 0.979865074
1305031465.059749 -1.581951857 0.109766938 -0.610360265 0.095221192 0.170400515 -0.066015795 0.978538930
1305031465.095700 -1.570582151 0.155408472 -0.597697020 0.096067898 0.158176348 -0.080330528 0.979437709
1305031465.127664 -1.544080615 0.150938943 -0.588432550 0.073597193 0.142697051 -0.097395822 0.982209265
1305031465.159842 -1.527541161 0.171085149 -0.563218832 0.062547922 0.131647691 -0.099677689 0.984287083
1305031465.195564 -1.506289124 0.180109188 -0.549234390 0.051474132 0.117852315 -0.106891036 0.985918641
1305031465.227907 -1.486863256 0.190990865 -0.545740128 0.039703764 0.106171846 -0.114550546 0.986929238
1305031465.259807 -1.462592125 0.196663857 -0.524236262 0.027883770 0.095672712 -0.116130516 0.988222122
1305031465.295623 -1.441670656 0.213516057 -0.521335721 0.028169863 0.083321415 -0.106698491 0.990393579
1305031465.327674 -1.423915148 0.225237414 -0.518683910 0.022191722 0.069281906 -0.094163552 0.992895126
1305031465.359948 -1.406643867 0.231377840 -0.490547389 0.020195430 0.054149769 -0.079999276 0.995118141
1305031465.395586 -1.393626928 0.230897576 -0.469788373 0.020863902 0.039534893 -0.072892316 0.996337473
1305031465.427697 -1.375982046 0.234045774 -0.492013752 0.020864712 0.023992276 -0.061339404 0.997610390
1305031465.460125 -1.354407787 0.261041135 -0.493919879 0.029096657 0.012208235 -0.047719896 0.998362243
1305031465.495703 -1.331476212 0.278620422 -0.511887133 0.029708501 -0.001408344 -0.035084598 0.998941660
1305031465.527622 -1.303771853 0.270489156 -0.494716644 0.023414403 -0.012118530 -0.034414016 0.999059856
1305031465.559812 -1.276201606 0.284875184 -0.496017098 0.031231282 -0.023784619 -0.028174931 0.998831868
1305031465.595599 -1.245301008 0.298828155 -0.499521971 0.036728986 -0.031631090 -0.018801039 0.998647571
1305031465.627688 -1.230084062 0.315843523 -0.505636990 0.042381238 -0.035277557 -0.009319481 0.998435020
1305031465.660060 -1.193856001 0.333574593 -0.527542830 0.047391906 -0.050153986 -0.001188076 0.997615755
1305031465.695668 -1.176645517 0.347192287 -0.511615515 0.054399125 -0.057817541 0.005834898 0.996826887
1305031465.727682 -1.153410554 0.367256343 -0.514529884 0.062618434 -0.061798416 0.014774086 0.996012866
1305031465.759766 -1.131792307 0.389082074 -0.518642902 0.071260385 -0.067310669 0.023253366 0.994912326
1305031465.795937 -1.106710196 0.408489347 -0.519738615 0.077454813 -0.072127283 0.029712500 0.993939459
1305031465.827996 -1.083383799 0.425343454 -0.511740625 0.087149262 -0.077352166 0.034997948 0.992570817
1305031465.859861 -1.057361126 0.452097178 -0.520023227 0.099452958 -0.080916025 0.041054029 0.990896702
1305031465.895494 -1.022315621 0.470117956 -0.540866315 0.099432930 -0.079705559 0.048322625 0.990668952
1305031465.927495 -1.003559589 0.493580103 -0.519755661 0.109310605 -0.073545389 0.044428464 0.990287006
1305031465.959710 -0.984270871 0.519820154 -0.519449651 0.122320041 -0.066359207 0.043090396 0.989331841
1305031465.995753 -0.970549941 0.546966195 -0.525045633 0.130956098 -0.058973011 0.040530518 0.988802314
1305031466.027644 -0.956995547 0.572018981 -0.528825760 0.138658449 -0.056752734 0.038101405 0.987978339
1305031466.059757 -0.932447433 0.600490928 -0.552343965 0.137671113 -0.056097858 0.038421188 0.988141418
1305031466.095840 -0.929245114 0.620615363 -0.537847102 0.135071859 -0.057641823 0.039901692 0.988352597
1305031466.127640 -0.919203579 0.642158449 -0.537597835 0.131267563 -0.061855007 0.038867399 0.988651693
1305031466.160428 -0.905523896 0.658621490 -0.547005057 0.126560092 -0.067804649 0.039259240 0.988859832
1305031466.195833 -0.898233533 0.678966284 -0.554612637 0.120815739 -0.075202025 0.040250815 0.989003599
1305031466.227951 -0.878886282 0.687564552 -0.566953659 0.108380191 -0.085824795 0.033285275 0.989838302
1305031466.259815 -0.854230106 0.691088676 -0.568523884 0.104504228 -0.091330290 0.027025383 0.989953160
1305031466.295737 -0.831337392 0.703399420 -0.575914919 0.107717097 -0.088771500 0.015560254 0.990088105
1305031466.327702 -0.812448323 0.717367649 -0.596334934 0.108190790 -0.079166554 0.005648204 0.990956843
1305031466.359829 -0.799556732 0.728410959 -0.611610949 0.102801703 -0.069470212 0.001505407 0.992271841
1305031466.395784 -0.784426093 0.721186996 -0.622256517 0.098984584 -0.066938952 -0.002776597 0.992831051
1305031466.427819 -0.777810693 0.737796187 -0.633939683 0.107228287 -0.066855296 -0.006342654 0.991963804
1305031466.459790 -0.759092033 0.752182543 -0.645906150 0.107959472 -0.072609529 -0.011860985 0.991429210
1305031466.495809 -0.739145994 0.758713722 -0.651908398 0.103563808 -0.077326648 -0.013133038 0.991525412
1305031466.527538 -0.710801244 0.764837325 -0.652484715 0.102665976 -0.079064593 -0.014229082 0.991466582
1305031466.560353 -0.692936838 0.776361823 -0.661077201 0.101092204 -0.075613737 -0.015212920 0.991882801
1305031466.595936 -0.673121452 0.787198067 -0.661623478 0.093686014 -0.076172136 -0.018314624 0.992514670
1305031466.627549 -0.651367545 0.784222186 -0.656617701 0.086424544 -0.075956829 -0.021607032 0.993123591
1305031466.659688 -0.621315241 0.796422243 -0.646809936 0.096351586 -0.076022707 -0.027871206 0.992048442
1305031466.695822 -0.602700591 0.806911767 -0.665798724 0.095630720 -0.075986437 -0.034231376 0.991921902
1305031466.728074 -0.580687284 0.809141219 -0.675498009 0.088797167 -0.078655645 -0.044195611 0.991955221
1305031466.759637 -0.561193347 0.803080678 -0.670111060 0.089602418 -0.079296544 -0.051893964 0.991458774
1305031466.795604 -0.547040999 0.816555500 -0.673906267 0.098773360 -0.079556093 -0.057851505 0.990236282
1305031466.827879 -0.528827071 0.826827705 -0.677024543 0.097344533 -0.084189110 -0.061369933 0.989782751
1305031466.859665 -0.516018152 0.820345581 -0.680659413 0.092464671 -0.089326017 -0.061880361 0.989768624
1305031466.895694 -0.507926106 0.826717854 -0.681984246 0.097361818 -0.097646058 -0.063488163 0.988410413
1305031466.927756 -0.482758999 0.833595991 -0.684678078 0.099130176 -0.115783989 -0.066902824 0.986048341
1305031466.959728 -0.460265994 0.832552612 -0.686804414 0.099626280 -0.127966642 -0.068258047 0.984398305
1305031466.995712 -0.437495470 0.834591568 -0.687751532 0.100687094 -0.135130078 -0.071556792 0.983097970
1305031467.027843 -0.424048871 0.834193587 -0.695349514 0.100205339 -0.137869939 -0.076048613 0.982429326
1305031467.059700 -0.402268350 0.838194549 -0.692000866 0.101642706 -0.142886594 -0.079330184 0.981304705
1305031467.095687 -0.390537858 0.842608213 -0.696610570 0.100279316 -0.141805217 -0.085411511 0.981091321
1305031467.128974 -0.377020180 0.841115534 -0.698352039 0.100229979 -0.144076586 -0.095990509 0.979786575
1305031467.159660 -0.361171842 0.845541120 -0.694763601 0.103938334 -0.147858575 -0.104433954 0.977971494
1305031467.195663 -0.350493491 0.846792161 -0.699388027 0.104884729 -0.151068717 -0.109072819 0.976872861
1305031467.227704 -0.333352447 0.847423255 -0.700193167 0.105856620 -0.159284040 -0.114601128 0.974827945
1305031467.259694 -0.318909168 0.848296463 -0.700839460 0.107824042 -0.164835751 -0.119536139 0.973095238
1305031467.295846 -0.304445505 0.849936426 -0.705356359 0.110021465 -0.169751927 -0.126223370 0.971157670
1305031467.328008 -0.289168298 0.855232060 -0.705097318 0.112980537 -0.175746158 -0.131861240 0.969000161
1305031467.359654 -0.272856951 0.861574113 -0.710196078 0.111528791 -0.182334602 -0.135025650 0.967514098
1305031467.395756 -0.259256870 0.860623062 -0.713509560 0.104602262 -0.189375445 -0.139236301 0.966337681
1305031467.427783 -0.245379031 0.859604955 -0.713270485 0.102773994 -0.195306674 -0.143349200 0.964750648
1305031467.459692 -0.231783718 0.864788711 -0.715990424 0.104195133 -0.201520205 -0.145366758 0.963016868
1305031467.496058 -0.211461157 0.866390824 -0.723778427 0.099725440 -0.209173962 -0.151063517 0.960979164
1305031467.527663 -0.193305284 0.863334537 -0.721579313 0.094128244 -0.213914007 -0.157656506 0.959439993
1305031467.559763 -0.177148014 0.861573696 -0.718910635 0.094593786 -0.216083929 -0.160987243 0.958354235
1305031467.595989 -0.167745262 0.859612167 -0.723658681 0.093397364 -0.215649411 -0.159842908 0.958760917
1305031467.627532 -0.155344635 0.856854081 -0.720472574 0.095675506 -0.221216932 -0.158582911 0.957476199
1305031467.659626 -0.145147592 0.848054826 -0.717330158 0.100070633 -0.226975664 -0.155744404 0.956144094
1305031467.695886 -0.125659227 0.847847700 -0.717772305 0.104545042 -0.232506707 -0.157742471 0.954006433
1305031467.727535 -0.117529958 0.831597805 -0.713842392 0.105817318 -0.233867615 -0.163144782 0.952623963
1305031467.759907 -0.109326452 0.823622584 -0.706861556 0.111855716 -0.236054718 -0.165378958 0.951008022
1305031467.796075 -0.097533852 0.821132183 -0.694096684 0.118096374 -0.239898473 -0.168052629 0.948820472
1305031467.827800 -0.092813462 0.804414570 -0.684917510 0.120435879 -0.242505923 -0.169547647 0.947596788
1305031467.859729 -0.090030521 0.793491781 -0.675701082 0.126620263 -0.246501803 -0.166875556 0.946232915
1305031467.895947 -0.083482623 0.790620327 -0.662327409 0.133383200 -0.254426032 -0.166442022 0.943278015
1305031467.927754 -0.074125320 0.774968028 -0.650771260 0.134697050 -0.263410747 -0.169506609 0.940073907
1305031467.959826 -0.067953795 0.759022117 -0.635803342 0.139826015 -0.269539505 -0.170857310 0.937339306
1305031467.995754 -0.050797373 0.756767929 -0.621433258 0.144964159 -0.275350809 -0.172604665 0.934545338
1305031468.028107 -0.048737109 0.735451996 -0.606954455 0.140002012 -0.275655866 -0.174796909 0.934804440
1305031468.059850 -0.085509270 0.715258539 -0.595585704 0.148426205 -0.267714888 -0.181283161 0.934577346
1305031468.095867 -0.086252332 0.712723434 -0.579969466 0.153359562 -0.268715769 -0.183475137 0.933064580
1305031468.127816 -0.082372755 0.697048783 -0.562265038 0.150281906 -0.271809161 -0.182419538 0.932876289
1305031468.159864 -0.075753719 0.680792809 -0.548105597 0.151609570 -0.274976492 -0.186081201 0.931008160
1305031468.195985 -0.068262577 0.666061699 -0.535571039 0.150871798 -0.276195645 -0.188886732 0.930201828
1305031468.228158 -0.062498719 0.641332984 -0.525725126 0.146340922 -0.276331156 -0.189615980 0.930736899
1305031468.259754 -0.054186732 0.621248603 -0.512577057 0.144984841 -0.276665479 -0.188554779 0.931065381
1305031468.295830 -0.049780279 0.600239038 -0.502531290 0.142583311 -0.274452567 -0.188328132 0.932136416
1305031468.327847 -0.003345728 0.573591113 -0.489701152 0.137568653 -0.286923707 -0.186332360 0.929532111
1305031468.359787 0.006566495 0.548440337 -0.478642106 0.137898237 -0.286115617 -0.182286546 0.930534005
1305031468.395860 0.012652278 0.535380781 -0.471938819 0.135976240 -0.285392433 -0.182457522 0.931005299
1305031468.428025 0.010469705 0.510213554 -0.468577564 0.129273638 -0.284247786 -0.183111548 0.932181120
1305031468.459759 0.016033143 0.489987642 -0.462576509 0.126859844 -0.285904616 -0.180950478 0.932428062
1305031468.495809 0.023057610 0.468661457 -0.454794466 0.122954555 -0.286726832 -0.182098955 0.932475150
1305031468.527756 0.019688830 0.437535584 -0.454285055 0.119448349 -0.284749269 -0.189976007 0.931965172
1305031468.559739 0.010829836 0.417466581 -0.459178776 0.124712065 -0.280776054 -0.196226180 0.931185782
1305031468.595768 0.011079833 0.406876743 -0.459636569 0.127743125 -0.281014323 -0.201272711 0.929624617
1305031468.627626 0.000408903 0.394560963 -0.460557878 0.122707561 -0.279156089 -0.202226907 0.930655181
1305031468.659579 -0.007296026 0.362297177 -0.462239861 0.116986908 -0.282997370 -0.205873117 0.929431438
1305031468.695835 -0.015357688 0.340375453 -0.463621080 0.119243503 -0.288308769 -0.209804147 0.926629007
1305031468.727785 -0.020180613 0.328843623 -0.462209821 0.123603575 -0.294037253 -0.210127041 0.924181223
1305031468.759628 -0.024886429 0.315120101 -0.460658967 0.125769019 -0.298698038 -0.212978482 0.921738446
1305031468.795796 -0.029042035 0.291458160 -0.458912194 0.127617478 -0.301599652 -0.217746273 0.919422626
1305031468.829247 -0.037057146 0.277114004 -0.461763144 0.135227442 -0.302303612 -0.223139256 0.916806936
1305031468.859659 -0.032745570 0.270753384 -0.461727709 0.138779506 -0.301734090 -0.226583034 0.915618360
1305031468.895873 -0.041138887 0.261024624 -0.460976332 0.136559010 -0.295089275 -0.228016227 0.917759538
1305031468.928141 -0.045335203 0.249084264 -0.456518233 0.131073385 -0.290238917 -0.224725485 0.920912385
1305031468.959594 -0.048719764 0.253872693 -0.449916720 0.128531396 -0.285209924 -0.222259447 0.923436880
1305031468.995711 -0.046324477 0.266360164 -0.443804681 0.118916422 -0.283142745 -0.225846142 0.924490452
1305031469.027699 -0.056964904 0.252933234 -0.439460754 0.099445529 -0.278667420 -0.234753519 0.925929725
1305031469.059832 -0.070238844 0.234858632 -0.435804486 0.083009429 -0.275679976 -0.244284347 0.925977945
1305031469.095723 -0.060928464 0.233428910 -0.424535394 0.074975185 -0.277387142 -0.253434449 0.923691571
1305031469.127679 -0.061466277 0.217102706 -0.413759142 0.060809661 -0.271817476 -0.265041351 0.923130810
1305031469.159703 -0.069645286 0.211251140 -0.409742951 0.052181881 -0.260113984 -0.273887038 0.924447775
1305031469.195540 -0.080958501 0.199617863 -0.404526174 0.043855071 -0.248679087 -0.280608028 0.926010013
1305031469.227754 -0.094245359 0.196071878 -0.390724152 0.038694762 -0.241898730 -0.283957511 0.927014470
1305031469.259586 -0.089577019 0.192118004 -0.379334807 0.035165515 -0.241664693 -0.287371159 0.926163793
1305031469.296754 -0.103329875 0.190372348 -0.369014740 0.029307183 -0.234355539 -0.290985703 0.927116990
1305031469.327618 -0.108227894 0.194238648 -0.357620806 0.025277399 -0.230777368 -0.292337060 0.927707851
1305031469.359592 -0.104714833 0.184791982 -0.343715280 0.016821310 -0.228424087 -0.297711045 0.926772714
1305031469.395695 -0.103774436 0.176282823 -0.326355815 0.013776766 -0.219251454 -0.303163439 0.927270651
1305031469.427651 -0.114919074 0.181477726 -0.322665274 0.015333563 -0.204063505 -0.309698254 0.928552628
1305031469.459668 -0.124117091 0.189214006 -0.312625945 0.016588815 -0.192348436 -0.316992670 0.928570151
1305031469.495744 -0.134323373 0.201703280 -0.293406278 0.018153394 -0.185782060 -0.319296062 0.929088533
1305031469.527622 -0.138756663 0.210121438 -0.282630891 0.015254035 -0.185195416 -0.319280386 0.929263175
1305031469.559645 -0.138122693 0.218361184 -0.266336828 0.009341544 -0.187388048 -0.319217145 0.928923488
1305031469.595755 -0.135447532 0.225471079 -0.251719713 0.002049185 -0.189778298 -0.319133550 0.928511620
1305031469.627752 -0.140595198 0.230489507 -0.238579899 -0.009062150 -0.186954781 -0.319405794 0.928948700
1305031469.659590 -0.143602729 0.238887787 -0.223637104 -0.013886042 -0.183635145 -0.319743067 0.929435134
1305031469.695613 -0.147264600 0.250252992 -0.210700780 -0.017347960 -0.179928273 -0.317729056 0.930791676
1305031469.727679 -0.153908044 0.261962950 -0.198938847 -0.022295095 -0.173652947 -0.315637320 0.932588160
1305031469.759599 -0.161611274 0.269673914 -0.186711252 -0.030490940 -0.169141829 -0.314292282 0.933638930
1305031469.795621 -0.170297444 0.285448700 -0.175461441 -0.035806090 -0.166298032 -0.312055916 0.934710622
1305031469.827526 -0.172659308 0.298642218 -0.165332660 -0.040977854 -0.169432327 -0.307857752 0.935327232
1305031469.859574 -0.185230687 0.310489297 -0.158827737 -0.049765855 -0.167784140 -0.307450205 0.935332119
1305031469.895755 -0.190694466 0.332029521 -0.147265956 -0.051431052 -0.169955179 -0.302954584 0.936316490
1305031469.927854 -0.205891937 0.346383184 -0.140078053 -0.056246851 -0.168200955 -0.301574677 0.936801732
1305031469.959805 -0.208785281 0.365759939 -0.133709013 -0.055391047 -0.173973024 -0.296064943 0.937555730
1305031469.995551 -0.216931239 0.384350836 -0.126141563 -0.055368699 -0.177046850 -0.292848617 0.937991679
1305031470.027694 -0.225747570 0.398754269 -0.120721884 -0.058503207 -0.180423632 -0.291296512 0.937641203
1305031470.059638 -0.236312836 0.411535650 -0.119889461 -0.061672568 -0.180704996 -0.291003555 0.937474847
1305031470.095944 -0.252740324 0.427293569 -0.122980237 -0.063271165 -0.175883695 -0.290525764 0.938432992
1305031470.127633 -0.261428058 0.442136586 -0.122847542 -0.066929333 -0.176721513 -0.287977755 0.938807130
1305031470.159626 -0.275019020 0.455741435 -0.122168288 -0.071235441 -0.176018491 -0.286097527 0.939197123
1305031470.196092 -0.288426131 0.471594661 -0.123835683 -0.073098548 -0.176294729 -0.281738639 0.940319121
1305031470.227618 -0.299032003 0.485104769 -0.126813114 -0.076908395 -0.176110446 -0.278564125 0.940995336
1305031470.259965 -0.310575604 0.497168899 -0.130858660 -0.082404695 -0.174977407 -0.276568919 0.941329896
1305031470.295718 -0.321946293 0.510112107 -0.133413881 -0.088023029 -0.173561558 -0.274063557 0.941816092
1305031470.327644 -0.332625687 0.523312330 -0.135910094 -0.094193719 -0.173692033 -0.270524174 0.942218304
1305031470.359624 -0.346644491 0.536328971 -0.137729391 -0.099593475 -0.172987655 -0.266321033 0.942989647
1305031470.395823 -0.359877795 0.548165321 -0.139229164 -0.103613995 -0.173186824 -0.262668669 0.943544209
1305031470.427641 -0.374241799 0.562290728 -0.142411470 -0.103809945 -0.173910543 -0.263460904 0.943168581
1305031470.459721 -0.386778772 0.571450353 -0.145599619 -0.103683233 -0.174971923 -0.263461083 0.942986131
1305031470.495686 -0.398863316 0.580556452 -0.150118649 -0.103283398 -0.176967040 -0.261358768 0.943242729
1305031470.527689 -0.411520898 0.587423503 -0.154344156 -0.104431957 -0.176761329 -0.261876523 0.943011165
1305031470.559677 -0.419796228 0.593280852 -0.157607257 -0.106064633 -0.177050412 -0.260976791 0.943024158
1305031470.595760 -0.432355344 0.600102305 -0.160154790 -0.107662432 -0.175323039 -0.257958472 0.943995833
1305031470.627729 -0.444581687 0.608688176 -0.162482888 -0.109660141 -0.173422784 -0.254112542 0.945159256
1305031470.659690 -0.454902232 0.614967406 -0.163217887 -0.111558653 -0.173067510 -0.250030607 0.946090341
1305031470.695630 -0.463086188 0.619030893 -0.165306032 -0.115548216 -0.174980581 -0.247619480 0.945893764
1305031470.727654 -0.476737082 0.625206709 -0.164674163 -0.115488432 -0.173244730 -0.245220125 0.946845174
1305031470.759682 -0.488449812 0.626424551 -0.171038345 -0.119009279 -0.167006835 -0.243302137 0.948024035
1305031470.795615 -0.496732980 0.632583261 -0.170014411 -0.120111629 -0.162661254 -0.238680214 0.949813843
1305031470.827831 -0.506424606 0.637460411 -0.169185579 -0.116458364 -0.162098303 -0.234082282 0.951507807
1305031470.859645 -0.517023325 0.639854252 -0.170793638 -0.112775162 -0.161853775 -0.229230076 0.953172982
1305031470.895722 -0.523734808 0.642211556 -0.176379398 -0.108449005 -0.163902074 -0.223044097 0.954791188
1305031470.927684 -0.531818867 0.645924866 -0.178240493 -0.103188649 -0.166846156 -0.218396887 0.955937922
1305031470.959647 -0.545716524 0.645481825 -0.180191427 -0.095142983 -0.168442205 -0.216115221 0.957010567
1305031470.995996 -0.555644274 0.643244326 -0.187123612 -0.089829601 -0.167203918 -0.213838845 0.958251774
1305031471.027644 -0.560986876 0.634371281 -0.188255683 -0.086499237 -0.169573888 -0.215255141 0.957824528
1305031471.059636 -0.571075141 0.634678304 -0.193739787 -0.077390760 -0.165468633 -0.206970572 0.961142004
1305031471.095777 -0.579614282 0.633833110 -0.199263155 -0.070927143 -0.163851932 -0.199723423 0.963448226
1305031471.127663 -0.588029623 0.629480541 -0.203141570 -0.068613082 -0.164188534 -0.192567229 0.965014100
1305031471.159649 -0.592295527 0.630511880 -0.207331747 -0.062084291 -0.164750010 -0.185368925 0.966768503
1305031471.195703 -0.601860881 0.631731927 -0.211608797 -0.059781145 -0.159071982 -0.180185869 0.968842268
1305031471.227569 -0.609559536 0.631969690 -0.214486420 -0.059852555 -0.154929370 -0.175155133 0.970430434
1305031471.259722 -0.614520788 0.625225425 -0.215623528 -0.063322671 -0.154012322 -0.170502201 0.971184552
1305031471.296068 -0.629575193 0.625784755 -0.216624022 -0.059641186 -0.145067528 -0.170732588 0.972753167
1305031471.327642 -0.625459015 0.627258718 -0.218761444 -0.057631213 -0.147795349 -0.164474651 0.973541617
1305031471.359615 -0.628166437 0.629263878 -0.221792266 -0.055067118 -0.140518323 -0.162065208 0.975170314
1305031471.395730 -0.637872636 0.624927700 -0.223700076 -0.056637533 -0.130945221 -0.157094628 0.977224052
1305031471.427704 -0.644656479 0.628481090 -0.226707146 -0.050836079 -0.127235904 -0.149576753 0.979210675
1305031471.459647 -0.648448884 0.629846752 -0.230557278 -0.049667802 -0.127767250 -0.144239649 0.980001807
1305031471.496491 -0.651249707 0.626392484 -0.232726276 -0.053439435 -0.128118798 -0.139613137 0.980427444
1305031471.527624 -0.655703247 0.625894368 -0.236105159 -0.054097924 -0.126649961 -0.135410056 0.981171370
1305031471.559671 -0.657294333 0.625052750 -0.239478379 -0.055147156 -0.125605702 -0.133280098 0.981538773
1305031471.595702 -0.659817040 0.623864174 -0.242736608 -0.055881400 -0.121351108 -0.130880788 0.982355058
1305031471.627621 -0.661433399 0.624626398 -0.245916009 -0.054736324 -0.117107794 -0.129131839 0.983165622
1305031471.659642 -0.664988041 0.622399807 -0.249489695 -0.054721419 -0.111237787 -0.125937298 0.984261930
1305031471.695609 -0.667266607 0.625904143 -0.253541023 -0.050939821 -0.106675580 -0.120609201 0.985636294
1305031471.727501 -0.668203294 0.628758788 -0.256819099 -0.050873987 -0.103134647 -0.115995377 0.986569881
1305031471.759702 -0.669410110 0.625318587 -0.258320272 -0.054772537 -0.098726094 -0.110340767 0.987460434
1305031471.795801 -0.669760466 0.629821360 -0.261011451 -0.051910881 -0.092307478 -0.101676524 0.989164531
1305031471.827639 -0.677300572 0.638120174 -0.262871683 -0.047791112 -0.081520617 -0.097216763 0.990767002
1305031471.859665 -0.673135817 0.636254609 -0.261884719 -0.057832908 -0.083907455 -0.088255607 0.990871251
1305031471.895604 -0.679894745 0.642154813 -0.262667000 -0.055544287 -0.074751891 -0.083183534 0.992173135
1305031471.927651 -0.674704671 0.643920124 -0.262638450 -0.065301284 -0.075937226 -0.076902062 0.991995633
1305031471.959643 -0.678245306 0.639227748 -0.262111276 -0.070455566 -0.068418391 -0.076199494 0.992244184
1305031471.995573 -0.685596168 0.653801501 -0.265592515 -0.061765157 -0.056282524 -0.072669484 0.993849337
1305031472.027638 -0.691345990 0.657608092 -0.264909089 -0.068613805 -0.048806235 -0.070270225 0.993967891
1305031472.059668 -0.697600901 0.652190089 -0.264336020 -0.075780176 -0.042573839 -0.068419315 0.993862987
1305031472.095601 -0.696219027 0.658451974 -0.263205647 -0.073919579 -0.041531324 -0.060981348 0.994531214
1305031472.127594 -0.702685356 0.666127861 -0.262482643 -0.076226801 -0.036857400 -0.057733193 0.994735062
1305031472.159645 -0.708971679 0.658549786 -0.261403620 -0.085085087 -0.034559991 -0.056701582 0.994158447
1305031472.195682 -0.712768257 0.658407986 -0.261353612 -0.082016580 -0.033258222 -0.051835168 0.994726241
1305031472.227626 -0.715422630 0.660944104 -0.262493581 -0.078832664 -0.032399531 -0.048586406 0.995175898
1305031472.263840 -0.717836618 0.657538533 -0.261586070 -0.078369357 -0.030889891 -0.047889441 0.995294273
1305031472.295671 -0.717749715 0.653350592 -0.262813538 -0.074050881 -0.030452795 -0.045189999 0.995764494
1305031472.327678 -0.721224606 0.659060955 -0.264927089 -0.065202266 -0.027741378 -0.043003507 0.996558964
1305031472.363577 -0.723542035 0.659700811 -0.266809046 -0.064579777 -0.026984094 -0.042078659 0.996659815
1305031472.395599 -0.726358831 0.656784356 -0.266443610 -0.065849207 -0.027760021 -0.040403552 0.996624708
1305031472.427686 -0.726065159 0.652989268 -0.266058564 -0.065245435 -0.031791952 -0.040065937 0.996557593
1305031472.463603 -0.724932671 0.649529696 -0.266536415 -0.064762689 -0.033484191 -0.041409038 0.996478736
1305031472.495626 -0.724350691 0.647510290 -0.268520355 -0.064990975 -0.031680614 -0.042260077 0.996487141
1305031472.527625 -0.726207078 0.638820767 -0.268172741 -0.068663552 -0.028606292 -0.042040732 0.996343136
1305031472.563587 -0.726173222 0.632528365 -0.268250227 -0.065816171 -0.029414140 -0.040438194 0.996578038
1305031472.595675 -0.725065291 0.636194825 -0.269599915 -0.058072194 -0.030709013 -0.037458956 0.997136593
1305031472.627701 -0.723030627 0.633235753 -0.269053519 -0.058552377 -0.032241911 -0.035575178 0.997129142
1305031472.663575 -0.720900476 0.627883911 -0.268056333 -0.059541561 -0.033544235 -0.034201104 0.997075677
1305031472.695755 -0.719639301 0.623719811 -0.267333806 -0.058621168 -0.034476411 -0.032922201 0.997141421
1305031472.727628 -0.717627764 0.619564593 -0.266486466 -0.057071619 -0.035962574 -0.033014897 0.997175753
1305031472.763578 -0.714922547 0.618319213 -0.265652150 -0.054237660 -0.036834203 -0.033890568 0.997272730
1305031472.795640 -0.713990033 0.613464177 -0.264506310 -0.053855356 -0.035909884 -0.035745788 0.997262418
1305031472.827627 -0.711472750 0.613723636 -0.263434768 -0.049327690 -0.036490127 -0.035019342 0.997501314
1305031472.863598 -0.713897347 0.613103449 -0.262549996 -0.046940688 -0.034822766 -0.033900011 0.997714758
1305031472.895713 -0.713531852 0.613079071 -0.261452287 -0.046310563 -0.036372520 -0.031502817 0.997767448
1305031472.927685 -0.711756408 0.609407067 -0.259775341 -0.048285656 -0.038339570 -0.029981660 0.997647047
1305031472.963756 -0.711195767 0.610828459 -0.258760303 -0.046327043 -0.038275376 -0.028515242 0.997785389
1305031472.995704 -0.712485790 0.609544277 -0.257594138 -0.047789499 -0.038383249 -0.027779624 0.997732997
1305031473.027638 -0.711685240 0.609611630 -0.256736428 -0.048007995 -0.040324755 -0.027673697 0.997648895
1305031473.063684 -0.710852683 0.607365847 -0.255589575 -0.049725842 -0.041241832 -0.028990138 0.997489870
1305031473.095695 -0.710008383 0.606778502 -0.255141675 -0.049056947 -0.040741496 -0.030969201 0.997484088
1305031473.127744 -0.712012351 0.604456544 -0.254736423 -0.050413374 -0.038480617 -0.032561690 0.997455478
1305031473.167060 -0.713079095 0.604674160 -0.254605889 -0.048812181 -0.038639039 -0.032828465 0.997520268
1305031473.196069 -0.712949634 0.602607071 -0.255376697 -0.048894010 -0.039282266 -0.033131115 0.997481167
