1341836537.655662 0.000000000 0.000000000 0.000000000 0.000000000 0.000000000 0.000000000 1.000000000
1341836537.687415 -0.000745158 0.001630821 -0.004352229 -0.000768156 -0.000135339 -0.000074193 0.999999702
1341836537.723576 -0.005114874 0.003946364 -0.002053545 -0.001431897 0.001355589 -0.001068131 0.999997497
1341836537.755501 0.000001561 0.002721723 -0.004676039 -0.002799230 0.001684386 -0.002802334 0.999990702
1341836537.787367 -0.006386201 0.000926085 -0.010076760 -0.004300462 0.004619601 -0.002705892 0.999976397
1341836537.823375 0.008475659 0.008300797 0.006906092 -0.005073227 -0.000446588 -0.000757680 0.999986708
1341836537.855421 -0.007798993 0.002792338 -0.012365854 -0.005768502 0.005499889 -0.004076233 0.999959886
1341836537.887593 -0.013111876 0.003580430 -0.003337659 -0.005747628 0.007874142 -0.008582618 0.999915659
1341836537.923463 -0.021295212 0.008505615 0.001883298 -0.003664928 0.012674888 -0.004960556 0.999900639
1341836537.955620 -0.014349521 -0.000081546 -0.015367687 -0.003709957 0.013425771 -0.002243728 0.999900460
1341836537.987525 -0.019267304 0.004543683 -0.015960637 -0.003147590 0.016641885 -0.001125774 0.999855936
1341836538.023300 -0.028365586 0.005830725 -0.013449007 -0.003057887 0.022432514 -0.004501627 0.999733567
1341836538.055509 -0.035727859 -0.000453953 -0.017992200 -0.003819243 0.025181262 -0.006254460 0.999656022
1341836538.087628 -0.021794751 0.006746966 -0.019990010 -0.001955092 0.018959969 -0.005388936 0.999803841
1341836538.123334 -0.024446253 0.012670920 -0.016819330 -0.001251191 0.018842446 -0.007571330 0.999792993
1341836538.155344 -0.026667107 0.005429988 -0.021986710 -0.002097668 0.020308435 -0.009665570 0.999744833
1341836538.191519 -0.035616927 0.007815055 -0.021470603 -0.001090475 0.021630578 -0.007867409 0.999734521
1341836538.223356 -0.036230106 0.010741792 -0.023967002 -0.000490789 0.021127628 -0.006329722 0.999756634
1341836538.255568 -0.042029046 0.007311737 -0.023335416 -0.000344004 0.023256892 -0.006589391 0.999707758
1341836538.291700 -0.045676723 0.009762961 -0.026968818 0.001240280 0.023142371 -0.006297155 0.999711573
1341836538.323323 -0.049771182 0.008087463 -0.028090000 0.000914473 0.023594018 -0.004132170 0.999712646
1341836538.355402 -0.053598769 0.008561517 -0.028873395 0.002419859 0.024311140 -0.002418233 0.999698579
1341836538.391298 -0.057839964 0.014492423 -0.029123746 0.004128566 0.025155015 -0.000498715 0.999674916
1341836538.423501 -0.063842118 0.017204929 -0.031013416 0.003732249 0.027141651 0.001361712 0.999623716
1341836538.456232 -0.072767302 0.016534844 -0.033341993 0.002978163 0.028708126 0.003903709 0.999575794
1341836538.491425 -0.072697774 0.016521813 -0.033524495 0.002340206 0.027792992 0.005528736 0.999595702
1341836538.523417 -0.080072463 0.018005645 -0.033002298 0.002296855 0.029958719 0.005826496 0.999531507
1341836538.556411 -0.091760859 0.014814047 -0.035887197 0.001602608 0.031290013 0.005402777 0.999494433
1341836538.591453 -0.092205130 0.013934917 -0.034617774 0.001876592 0.029353291 0.005126224 0.999554217
1341836538.623386 -0.098554775 0.017551068 -0.033476762 0.003296923 0.031958465 0.006501573 0.999462605
1341836538.659232 -0.106765829 0.018227583 -0.036014680 0.003123115 0.033782598 0.008490153 0.999388278
1341836538.691411 -0.110675812 0.020077100 -0.033143252 0.002895340 0.034429025 0.011849601 0.999332726
1341836538.723365 -0.112573169 0.022190243 -0.028824959 0.002491737 0.036641829 0.016026555 0.999196827
1341836538.759383 -0.117644913 0.017623987 -0.027238457 0.000697106 0.039643776 0.018170198 0.999048412
1341836538.791663 -0.128876254 0.019284071 -0.029598504 0.001530080 0.041199513 0.021117637 0.998926580
1341836538.824233 -0.146761939 0.021436105 -0.032829359 0.001951117 0.044111319 0.022113042 0.998779953
1341836538.859625 -0.152690098 0.021952167 -0.031971112 0.000794715 0.046581049 0.024091948 0.998623610
1341836538.891338 -0.158257514 0.015523290 -0.031087179 -0.000681390 0.046212196 0.025836019 0.998597205
1341836538.924362 -0.167296216 0.016146133 -0.026978668 -0.000186872 0.042681757 0.025607973 0.998760462
1341836538.959281 -0.157723159 0.025370603 -0.019564128 0.002178746 0.042059977 0.025651651 0.998783350
1341836538.992295 -0.183556631 0.022611914 -0.025492370 0.002522436 0.052550595 0.026420714 0.998265505
1341836539.028701 -0.187351182 0.013802020 -0.025925091 0.002466662 0.053646393 0.031426426 0.998062313
1341836539.059493 -0.191934273 0.016832463 -0.020610472 0.004616167 0.054852691 0.032124557 0.997966886
1341836539.092314 -0.199445322 0.014848392 -0.013289452 0.005385592 0.058993913 0.029031958 0.997821569
1341836539.127236 -0.207404763 0.007915842 -0.014104541 0.005646933 0.060172834 0.028552851 0.997763574
1341836539.159608 -0.215587705 0.012229079 -0.012082061 0.007153683 0.057753503 0.028173927 0.997907579
1341836539.195388 -0.222844154 0.019175772 -0.004601572 0.007081088 0.057245698 0.024086205 0.998044431
1341836539.227456 -0.230094090 0.021543527 -0.002378706 0.005822813 0.059614126 0.021288140 0.997977495
1341836539.260399 -0.239079446 0.022124615 -0.000486720 0.004076261 0.061943747 0.022604113 0.997815311
1341836539.295519 -0.249454305 0.014673234 0.001146711 0.001406941 0.062271852 0.023870608 0.997772753
1341836539.327434 -0.254702598 0.019277826 0.000372762 0.002506975 0.062392261 0.022989029 0.997783780
1341836539.363371 -0.263758630 0.014271559 0.004871309 0.000841522 0.064946704 0.020939985 0.997668684
1341836539.395523 -0.275025994 0.015818631 0.007818952 0.000256481 0.066149913 0.022237854 0.997561872
1341836539.427397 -0.275105208 0.018292563 0.007952403 0.000765190 0.064237483 0.022660943 0.997677028
1341836539.463424 -0.286932737 0.019402206 0.014765810 -0.000101070 0.068609774 0.020946683 0.997423649
1341836539.495503 -0.294269174 0.014062537 0.011502603 -0.000481914 0.071063370 0.021067278 0.997249186
1341836539.531399 -0.298289299 0.014266673 0.012579648 -0.000624945 0.070248634 0.022889206 0.997266710
1341836539.563358 -0.309857279 0.018378047 0.017076159 -0.000236896 0.072942629 0.023387168 0.997061849
1341836539.628437 -0.322196037 0.014481931 0.017748710 0.001607362 0.076983109 0.022729564 0.996771991
1341836539.692462 -0.329017729 0.013545731 0.022325980 0.002223710 0.076415062 0.023138311 0.996805072
1341836539.728498 -0.330764145 0.016208606 0.025186490 0.002565475 0.078188986 0.021358324 0.996706426
1341836539.760370 -0.339428633 0.012516384 0.024047624 0.001342808 0.080714636 0.019372325 0.996548057
1341836539.796542 -0.344811320 0.015151040 0.024773184 0.001593155 0.081481300 0.020522878 0.996462286
1341836539.828612 -0.341608673 0.018451491 0.027407805 0.001439744 0.081161886 0.020049389 0.996498227
1341836539.860428 -0.347620934 0.013694080 0.029722627 0.000658094 0.083650321 0.017604666 0.996339381
1341836539.896538 -0.350220323 0.014295976 0.029490435 0.001116620 0.084720753 0.017658368 0.996247590
1341836539.928277 -0.361277312 0.015994100 0.031736381 0.001659222 0.086896926 0.019103184 0.996032774
1341836539.967421 -0.364938945 0.014395466 0.033806235 0.001879483 0.087149449 0.020580828 0.995980859
1341836540.028550 -0.377472788 0.016194465 0.036158770 0.002399491 0.089114428 0.021592876 0.995784402
1341836540.064319 -0.390352756 0.016406002 0.037758499 0.001498862 0.091331959 0.022765325 0.995559096
1341836540.096659 -0.393729925 0.015144161 0.038852282 0.000845853 0.091250993 0.023106230 0.995559454
1341836540.128316 -0.384849131 0.018078735 0.041632935 -0.000224998 0.087247163 0.023905283 0.995899796
1341836540.164722 -0.388820857 0.016538309 0.046031199 -0.002342370 0.087390035 0.024569958 0.995868385
1341836540.196409 -0.403713912 0.021037683 0.049756952 -0.001407814 0.091401197 0.025832713 0.995478034
1341836540.232442 -0.396316737 0.018827062 0.050345346 -0.002781110 0.089319609 0.030658007 0.995527148
1341836540.264342 -0.399208456 0.012629752 0.054818593 -0.005667367 0.088620901 0.033477668 0.995486557
1341836540.296462 -0.404181600 0.006480649 0.056786224 -0.005131503 0.089938276 0.033478748 0.995371282
1341836540.332431 -0.418734431 0.008679980 0.057809491 -0.001860618 0.092638992 0.035150412 0.995077372
1341836540.364486 -0.426066101 0.006578170 0.060817532 -0.001637117 0.091127962 0.038363274 0.995098591
1341836540.396559 -0.426254302 0.004680194 0.065365396 -0.002281687 0.088887066 0.037702087 0.995325267
1341836540.432557 -0.430714995 -0.000414405 0.066602916 -0.002109286 0.088194348 0.035190918 0.995479226
1341836540.464302 -0.441257387 0.005523343 0.069902219 -0.000192778 0.087589212 0.034253411 0.995567560
1341836540.500473 -0.436976701 0.006126106 0.071570247 -0.001154420 0.083709329 0.033418149 0.995929003
1341836540.532753 -0.440130562 0.013474760 0.072751239 -0.001199939 0.083664112 0.030434394 0.996028423
1341836540.564528 -0.445679903 0.007060583 0.073918588 -0.004164851 0.085199900 0.028013028 0.995961249
1341836540.600372 -0.448153883 0.012641975 0.073340431 -0.003171587 0.084763616 0.029466797 0.995960236
1341836540.632355 -0.451166093 0.006749016 0.075332753 -0.005752250 0.085814878 0.028938323 0.995874107
1341836540.664373 -0.457217783 0.005486857 0.078491472 -0.006922189 0.089149259 0.026443064 0.995643139
1341836540.700377 -0.456939787 0.009100038 0.074838378 -0.006190328 0.088926062 0.027146060 0.995648980
1341836540.732431 -0.457689524 0.010672608 0.075236104 -0.006140353 0.087443829 0.028107138 0.995753884
1341836540.768334 -0.460852563 0.017794417 0.075909346 -0.005509567 0.088570103 0.027946245 0.995662570
1341836540.800341 -0.465299875 0.010954554 0.073529728 -0.007259368 0.090390876 0.028033918 0.995485246
1341836540.832332 -0.472575128 0.009787899 0.073405415 -0.007046000 0.089114070 0.027830478 0.995607555
1341836540.868402 -0.474466413 0.012872991 0.073731996 -0.006602536 0.087970495 0.026130309 0.995758355
1341836540.900301 -0.479647756 0.017040923 0.073875405 -0.006810721 0.089120679 0.024403360 0.995698512
1341836540.932326 -0.485970199 0.021172926 0.073698275 -0.007065582 0.090232454 0.024782395 0.995587230
1341836540.968285 -0.489534706 0.020218814 0.073417887 -0.008016951 0.091183409 0.026975896 0.995436370
1341836541.000321 -0.496159732 0.014627625 0.071903482 -0.008002448 0.093008004 0.027450688 0.995254695
1341836541.036246 -0.501693606 0.015457348 0.069531739 -0.006553388 0.093413450 0.026931316 0.995241523
1341836541.071359 -0.506754339 0.016722510 0.071690023 -0.005370524 0.094950631 0.027655508 0.995083272
1341836541.103403 -0.510319650 0.023112085 0.069863841 -0.003025370 0.096832603 0.029630985 0.994854927
1341836541.139243 -0.515750706 0.023512896 0.066961072 -0.003994819 0.098341286 0.030345099 0.994681954
1341836541.171340 -0.520620108 0.016702659 0.065707251 -0.006500898 0.100919627 0.029468350 0.994436800
1341836541.204384 -0.529675007 0.017884849 0.061186641 -0.005035772 0.102801032 0.029922791 0.994238973
1341836541.239253 -0.536247313 0.020227529 0.060451843 -0.004654977 0.103138112 0.032076489 0.994138777
1341836541.271362 -0.539243042 0.021141021 0.060944255 -0.005676073 0.104337275 0.031767961 0.994018257
1341836541.304263 -0.548318326 0.019701390 0.059309207 -0.006699092 0.106656790 0.029931223 0.993822694
1341836541.339433 -0.554481387 0.021528134 0.057591628 -0.007635789 0.107674256 0.029394589 0.993722200
1341836541.371310 -0.564102948 0.024956802 0.055987708 -0.007988577 0.110618487 0.030291850 0.993369043
1341836541.407187 -0.569606364 0.025773909 0.053254671 -0.009590062 0.112406872 0.030769480 0.993139446
1341836541.439348 -0.573972642 0.023239389 0.047771864 -0.010592378 0.112703145 0.029180730 0.993143618
1341836541.472293 -0.576935709 0.025329627 0.045472197 -0.011217325 0.111835100 0.028623819 0.993251085
1341836541.536336 -0.588416576 0.024628714 0.043849267 -0.013072471 0.115554176 0.030661386 0.992741764
1341836541.572445 -0.597254634 0.027816994 0.042534292 -0.013352610 0.118053079 0.031870250 0.992405891
1341836541.604378 -0.601997256 0.027028456 0.040110819 -0.014791312 0.119270384 0.031872865 0.992239833
1341836541.636347 -0.613847554 0.027503783 0.039554872 -0.015128270 0.122789733 0.032760322 0.991776466
1341836541.707556 -0.631828129 0.031180909 0.035302468 -0.015092674 0.127059162 0.034421477 0.991182804
1341836541.772337 -0.656563461 0.025628785 0.031869486 -0.019392744 0.130320728 0.036040351 0.990626812
1341836541.804378 -0.662436426 0.025939953 0.028041974 -0.018498577 0.129804477 0.036033023 0.990711927
1341836541.840291 -0.675094485 0.030774612 0.027205870 -0.018854689 0.131614283 0.034553282 0.990519166
1341836541.872463 -0.680611908 0.024689633 0.026639581 -0.021674218 0.133426264 0.031268641 0.990328193
1341836541.904436 -0.690997958 0.018864896 0.023675308 -0.019459160 0.136183947 0.030472526 0.990023613
1341836541.940356 -0.694147348 0.021433977 0.022304744 -0.015460680 0.136387557 0.030563034 0.990063250
1341836541.972296 -0.703880072 0.023827886 0.021616265 -0.012918545 0.137851179 0.032203693 0.989844978
1341836542.008370 -0.714546919 0.024629137 0.018943012 -0.011799198 0.138084620 0.032905344 0.989803314
1341836542.040580 -0.715207577 0.018995717 0.018340483 -0.011970857 0.136581987 0.032392099 0.990026653
1341836542.108713 -0.734959960 0.021589847 0.015959129 -0.007269996 0.139027059 0.031121572 0.989772737
1341836542.140542 -0.738858700 0.021690311 0.015198767 -0.006216603 0.137476563 0.032727763 0.989944637
1341836542.172392 -0.745010197 0.020129137 0.014028966 -0.005450616 0.137572363 0.033290073 0.989917099
1341836542.208374 -0.769133210 0.024963917 0.018682078 -0.002663414 0.142105445 0.033624034 0.989276707
1341836542.276490 -0.789415002 0.021189809 0.021190599 -0.002643364 0.144746155 0.035794888 0.988817632
1341836542.308326 -0.791998386 0.021976618 0.019514889 -0.001262025 0.143461868 0.034985982 0.989036441
1341836542.340362 -0.795349717 0.023428272 0.021254271 -0.000955262 0.144705102 0.035052411 0.988853276
1341836542.376345 -0.802306771 0.020021608 0.024028316 -0.001021504 0.149142697 0.033884995 0.988234401
1341836542.408921 -0.812952518 0.018077662 0.021883830 0.000763135 0.151755124 0.033077322 0.987864196
1341836542.444516 -0.810499787 0.031425416 0.018987551 0.001994076 0.147407964 0.034118500 0.988485098
1341836542.476425 -0.802691519 0.028362032 0.015059292 -0.001102401 0.145705134 0.033111796 0.988773167
1341836542.508460 -0.813528776 0.028602315 0.017425746 -0.002497329 0.148661748 0.031883106 0.988370836
1341836542.544563 -0.819427311 0.025092283 0.015756309 -0.004068426 0.148079813 0.032634594 0.988428473
1341836542.576562 -0.821616530 0.028606258 0.017989129 -0.003283625 0.150016874 0.035465278 0.988041699
1341836542.608657 -0.837365627 0.022941114 0.025935158 -0.004499080 0.155419856 0.037865430 0.987112284
1341836542.644314 -0.855724335 0.030032514 0.029584363 -0.001576677 0.156823620 0.037705515 0.986905336
1341836542.676494 -0.858634353 0.028677523 0.030954406 -0.002331544 0.154674798 0.036612641 0.987284064
1341836542.712387 -0.865520179 0.028236935 0.035764307 -0.002858980 0.155178875 0.036019403 0.987225354
1341836542.744408 -0.876032770 0.027679177 0.039794907 -0.002932725 0.154471412 0.035699096 0.987347722
1341836542.776383 -0.879583657 0.020489756 0.041661233 -0.004569149 0.153404891 0.036466740 0.987479746
1341836542.812247 -0.872576952 0.014076721 0.038144186 -0.005027715 0.152346358 0.039407499 0.987528384
1341836542.844426 -0.882763207 0.018393248 0.041984037 -0.002368419 0.154211596 0.042628404 0.987114966
1341836542.876340 -0.890414894 0.020646567 0.046564430 -0.001635471 0.153572887 0.042978961 0.987200856
1341836542.912372 -0.890747070 0.019197337 0.048089534 -0.001845938 0.152434573 0.043110095 0.987371147
1341836542.944447 -0.902206898 0.018508170 0.053807035 -0.001805753 0.152897850 0.042762410 0.987314701
1341836542.980341 -0.909616351 0.015596557 0.058200255 -0.002209855 0.152918041 0.042383377 0.987327099
1341836543.012422 -0.908458412 0.021206327 0.059063300 -0.001780469 0.152519032 0.043763176 0.987329483
1341836543.044312 -0.916106105 0.024972428 0.062453777 -0.001617844 0.153981596 0.045427423 0.987027526
1341836543.080484 -0.923033595 0.028084191 0.066835836 -0.001830857 0.154704675 0.047429759 0.986819923
1341836543.112482 -0.928442597 0.023439350 0.067893997 -0.004664414 0.155999377 0.047167074 0.986619294
1341836543.151803 -0.937007546 0.023425439 0.069008052 -0.005113738 0.157274961 0.046104763 0.986464798
1341836543.212330 -0.943280876 0.021619845 0.070985943 -0.006364297 0.160820022 0.049221814 0.985735059
1341836543.248396 -0.960455358 0.021058092 0.074248806 -0.006345981 0.163678482 0.051938768 0.985125065
1341836543.280522 -0.972013831 0.018905994 0.078267381 -0.007427744 0.163885131 0.050843734 0.985140264
1341836543.312360 -0.969835162 0.020244820 0.081606582 -0.008191505 0.163702577 0.047963310 0.985309064
1341836543.348486 -0.976719916 0.019533452 0.080655381 -0.009298018 0.165236846 0.047767274 0.985052586
1341836543.380347 -0.982011378 0.019422542 0.082573101 -0.009570661 0.166928694 0.051271506 0.984588444
1341836543.416470 -0.982372999 0.018997343 0.083910719 -0.010416814 0.166120440 0.052566651 0.984648287
1341836543.451421 -0.993728876 0.017003264 0.092856079 -0.010218780 0.167853922 0.051898748 0.984391809
1341836543.483494 -0.992385507 0.015931973 0.088858157 -0.009317343 0.167470440 0.050838698 0.984521329
1341836543.519290 -1.001002073 0.016690027 0.095276967 -0.007648060 0.171361387 0.054625977 0.983662963
1341836543.551512 -1.006256342 0.018215571 0.099322006 -0.007614898 0.171982735 0.055837791 0.983486712
1341836543.583524 -1.020212412 0.017608289 0.098184273 -0.007380767 0.177256420 0.055271804 0.982583702
1341836543.619354 -1.041474581 0.015753919 0.103260636 -0.008297955 0.183135554 0.056864072 0.981406629
1341836543.652624 -1.045578480 0.014410749 0.104125589 -0.008905695 0.182211265 0.056990854 0.981565952
1341836543.684407 -1.049051046 0.014653064 0.107096434 -0.009538917 0.184089735 0.056144174 0.981258273
1341836543.719296 -1.053413868 0.022404149 0.106964558 -0.008659955 0.186136723 0.056237061 0.980874896
1341836543.751406 -1.059511423 0.014958858 0.116520196 -0.010670517 0.187441438 0.058743201 0.980459630
1341836543.787380 -1.062433362 0.012938620 0.120129406 -0.010547969 0.187405512 0.060709730 0.980347991
1341836543.819690 -1.066710234 0.009741707 0.123597652 -0.011122015 0.188632220 0.060391057 0.980126083
1341836543.851349 -1.072111011 0.008748265 0.124762326 -0.011393331 0.188735783 0.060140587 0.980118394
1341836543.887421 -1.087882876 0.015997112 0.126456589 -0.009703253 0.187913403 0.059738886 0.980319142
1341836543.919383 -1.083605170 0.015112945 0.128108054 -0.010368518 0.185682476 0.060313061 0.980702221
1341836543.952337 -1.086801052 0.014380165 0.130095124 -0.010735608 0.187061101 0.059730176 0.980471909
1341836543.987350 -1.093055248 0.021818530 0.134040445 -0.008401652 0.188322335 0.062383596 0.980087936
1341836544.019495 -1.092810035 0.006683859 0.140505075 -0.011300156 0.189484939 0.065229304 0.979649365
1341836544.052246 -1.093192816 0.003591234 0.143186241 -0.012513032 0.191303894 0.065642148 0.979253471
1341836544.087492 -1.106553197 0.013984418 0.144531727 -0.008779280 0.193757117 0.064047799 0.978917241
1341836544.119369 -1.105985761 0.002002762 0.152399451 -0.010881699 0.192263573 0.066913530 0.978998899
1341836544.155476 -1.109902024 0.006127253 0.149974555 -0.011379759 0.192735925 0.063978523 0.979096591
1341836544.187341 -1.114093304 0.001712133 0.151150048 -0.013828475 0.195592746 0.061667405 0.978646696
1341836544.220394 -1.118788600 0.004150829 0.157916397 -0.013482538 0.195633128 0.063306667 0.978538811
1341836544.255287 -1.121110797 0.003211908 0.159673184 -0.014808747 0.194777399 0.065236561 0.978563547
1341836544.287478 -1.127626300 0.010202978 0.156485200 -0.014558448 0.196948662 0.063436717 0.978251040
1341836544.323292 -1.136051059 0.007977210 0.159558266 -0.015245087 0.199168175 0.059963327 0.978010237
1341836544.355325 -1.140970111 0.010613970 0.160914540 -0.014175449 0.198490992 0.059308153 0.978203952
1341836544.387392 -1.137542009 0.005766884 0.162532270 -0.014908983 0.195887312 0.059625771 0.978698432
1341836544.423303 -1.148387551 -0.001112883 0.167235345 -0.015094373 0.198511228 0.057481561 0.978295088
1341836544.455424 -1.152866483 0.007322375 0.168157399 -0.012448696 0.197769716 0.056173503 0.978558481
1341836544.491390 -1.159635901 0.002076091 0.168516576 -0.013557934 0.197106555 0.054700412 0.978760958
1341836544.523560 -1.163001299 -0.001411954 0.171294779 -0.013794445 0.197238341 0.054921851 0.978718698
1341836544.555305 -1.164622545 -0.003920578 0.171613693 -0.014959249 0.194878742 0.051219441 0.979374826
1341836544.591370 -1.170736432 0.006529967 0.174617827 -0.013967442 0.195125550 0.046193913 0.979590237
1341836544.623377 -1.174795985 0.005928108 0.175970823 -0.015624126 0.194480225 0.042815514 0.979847014
1341836544.659348 -1.179402471 0.002796750 0.177267194 -0.015852323 0.194132879 0.042342447 0.979932785
1341836544.691325 -1.189423084 0.002825013 0.180410087 -0.015663309 0.196497366 0.043667793 0.979406238
1341836544.727518 -1.197686315 0.001812291 0.183296889 -0.015687214 0.197149009 0.044567518 0.979234338
1341836544.759494 -1.201239824 -0.005816426 0.185121715 -0.016910847 0.195950687 0.045512363 0.979411006
1341836544.791668 -1.204818726 -0.006230330 0.186500549 -0.016636817 0.194407851 0.044880576 0.979752302
1341836544.827466 -1.212794304 -0.009927657 0.186288267 -0.017324463 0.194110036 0.044858154 0.979800463
1341836544.859305 -1.212939978 -0.013221075 0.186946690 -0.017867260 0.191623569 0.044507690 0.980295956
1341836544.895467 -1.222216606 -0.011694698 0.188721716 -0.017160142 0.192769885 0.042036001 0.980193019
1341836544.927304 -1.236084580 -0.008686082 0.187729269 -0.016585048 0.196532115 0.041279424 0.979487658
1341836544.959325 -1.243438840 -0.012604546 0.190659851 -0.016699875 0.198254019 0.043865018 0.979026198
1341836544.995539 -1.248942018 -0.008861340 0.190262854 -0.013965191 0.198372453 0.045108136 0.978988588
1341836545.027344 -1.256089091 -0.009986364 0.191509873 -0.014070180 0.199961245 0.045159277 0.978661418
1341836545.059375 -1.266846418 -0.009260186 0.193869829 -0.014109910 0.201529875 0.044903185 0.978350818
1341836545.095388 -1.269109964 -0.010149551 0.192443103 -0.014006215 0.200062066 0.047944296 0.978509247
1341836545.127468 -1.276504517 -0.011638503 0.201340556 -0.014402365 0.203070924 0.050150380 0.977772832
1341836545.163386 -1.286318183 0.006351636 0.200546712 -0.009521734 0.204757556 0.051939938 0.977387249
1341836545.195497 -1.292550087 0.008650689 0.200763881 -0.010188669 0.203650147 0.053268291 0.977540433
1341836545.227397 -1.292599320 0.005226735 0.200079799 -0.012371155 0.204153508 0.050833240 0.977539897
1341836545.263290 -1.305819392 0.005647533 0.204645604 -0.012732624 0.209365249 0.049445085 0.976503611
1341836545.295536 -1.309391618 -0.003754148 0.206038207 -0.014687615 0.209398210 0.052229047 0.976324141
1341836545.327474 -1.317065358 -0.005081475 0.208870381 -0.013203803 0.210538417 0.054626316 0.975968838
1341836545.363462 -1.327385783 -0.004810425 0.210572660 -0.013030821 0.213247344 0.055400148 0.975339234
1341836545.395566 -1.332216978 -0.002156029 0.210760117 -0.012754382 0.212601930 0.059030786 0.975270808
1341836545.427508 -1.346017122 0.008973524 0.213324636 -0.011825935 0.213988945 0.062712379 0.974749267
1341836545.463411 -1.349056840 0.002180155 0.213224471 -0.017685663 0.217431918 0.064594865 0.973775148
1341836545.495417 -1.366381407 -0.018086821 0.219129473 -0.024092291 0.222905010 0.069065847 0.972091973
1341836545.531468 -1.373146057 -0.017798690 0.222168654 -0.024596857 0.222584471 0.069570780 0.972116768
1341836545.563294 -1.383224249 -0.019377999 0.222546816 -0.025124641 0.224526435 0.070745416 0.971571803
1341836545.595508 -1.383975625 -0.017433673 0.217067242 -0.025720961 0.222707838 0.073704153 0.971754789
1341836545.631269 -1.393133879 -0.021918941 0.217549801 -0.026233204 0.221539050 0.074398786 0.971955299
1341836545.663475 -1.403529525 -0.016134210 0.220309615 -0.025382325 0.221492678 0.074220784 0.972002089
1341836545.695896 -1.427072763 -0.009840753 0.225972623 -0.026300205 0.224231288 0.070017070 0.971661568
1341836545.731477 -1.431731701 -0.014054488 0.225003272 -0.029294172 0.222351775 0.067425065 0.972191036
1341836545.763607 -1.442731380 -0.014789823 0.226154357 -0.030047011 0.223549649 0.067564510 0.971883595
1341836545.795383 -1.444139361 -0.015487276 0.226369321 -0.030919196 0.223769560 0.070075713 0.971627772
1341836545.831377 -1.448014617 -0.021632291 0.224758357 -0.031888083 0.225213736 0.069374740 0.971313059
1341836545.863348 -1.452873230 -0.005469229 0.213836163 -0.026652392 0.224839762 0.066275343 0.971773803
1341836545.896341 -1.462064266 -0.002981227 0.214390785 -0.026749425 0.225231394 0.064497337 0.971800089
1341836545.931585 -1.467336059 -0.003100183 0.213637799 -0.027969044 0.225323409 0.061921481 0.971911967
1341836545.963501 -1.475864291 -0.002889462 0.213983774 -0.028117558 0.226990119 0.059936449 0.971644223
1341836545.999215 -1.482254028 -0.002263587 0.214055836 -0.028722692 0.227672920 0.060713604 0.971418500
1341836546.031467 -1.484279990 -0.015421037 0.211070538 -0.032987535 0.228489250 0.061292723 0.971054912
1341836546.063373 -1.492143154 -0.011716880 0.211174369 -0.032132439 0.231826171 0.061371092 0.970287383
1341836546.099306 -1.494614124 -0.008284066 0.208651483 -0.032061301 0.232541874 0.062585354 0.970040917
1341836546.131834 -1.499163151 -0.007185236 0.208068669 -0.032276433 0.233730718 0.064189158 0.969643176
1341836546.164355 -1.507354259 -0.009747691 0.209222764 -0.032274034 0.236002654 0.065134771 0.969029665
1341836546.199264 -1.509993076 -0.012951624 0.209721595 -0.032432847 0.236771822 0.066243708 0.968761563
1341836546.231493 -1.523377180 -0.010251619 0.205869943 -0.030440446 0.239114061 0.067846172 0.968139827
1341836546.264287 -1.526041031 0.000363853 0.207561523 -0.027194321 0.238156110 0.067892581 0.968469262
1341836546.299427 -1.536176443 -0.007092327 0.207825184 -0.029508818 0.238489404 0.066538140 0.968413472
1341836546.331292 -1.541681290 -0.009841405 0.209243387 -0.030558472 0.238865525 0.064511672 0.968425393
1341836546.367416 -1.550705314 -0.008032985 0.209387034 -0.029561210 0.238958821 0.062231168 0.968582511
1341836546.399555 -1.551241994 -0.005979471 0.208509147 -0.029111840 0.237349838 0.061557185 0.969034731
1341836546.432297 -1.553810477 -0.008302808 0.207429767 -0.030675553 0.236916944 0.059555721 0.969217420
1341836546.467482 -1.557379246 -0.010673244 0.206610948 -0.031123566 0.236888573 0.056952067 0.969366610
1341836546.499225 -1.564024806 -0.012174342 0.209867030 -0.031159291 0.239143386 0.057551689 0.968776226
1341836546.535507 -1.567182422 -0.004841886 0.213223070 -0.028569505 0.242205292 0.060077284 0.967941701
1341836546.567385 -1.569508910 -0.011312250 0.216179699 -0.030094245 0.242905378 0.061708413 0.967617393
1341836546.599295 -1.575943708 -0.008262292 0.217125535 -0.028946025 0.242216587 0.058173999 0.968043923
1341836546.635406 -1.579376459 -0.010025851 0.218782812 -0.029725462 0.242926329 0.054756500 0.968041778
1341836546.668046 -1.584366322 -0.012926314 0.220596939 -0.029773470 0.243752450 0.055167910 0.967809260
1341836546.703485 -1.591209173 -0.011523645 0.225159824 -0.028433120 0.244316787 0.055839866 0.967668772
1341836546.738692 -1.595357776 -0.013885047 0.226399899 -0.028574077 0.244849399 0.053706422 0.967650712
1341836546.803475 -1.602802634 0.003491994 0.227357507 -0.022762738 0.243974313 0.050907996 0.968177021
1341836546.868495 -1.607230663 0.004664898 0.236628920 -0.022077957 0.245296121 0.052329771 0.967783034
1341836546.900379 -1.622675776 0.000812501 0.238205642 -0.022183891 0.246196672 0.054243021 0.967446506
1341836546.932517 -1.639370918 0.005069420 0.238734752 -0.020613484 0.245262861 0.054878075 0.967682600
1341836546.971295 -1.656158686 -0.004163630 0.250379205 -0.024088461 0.247967958 0.053712424 0.966978073
1341836547.032580 -1.676806331 -0.004351612 0.261774540 -0.026870318 0.248955205 0.055646304 0.966541648
1341836547.068622 -1.678446412 -0.009262934 0.264022857 -0.028159963 0.248566642 0.056513734 0.966554642
1341836547.100577 -1.695103288 -0.028024264 0.271595836 -0.032724153 0.254435211 0.055321712 0.964951515
1341836547.136348 -1.702329397 -0.029764369 0.272523284 -0.032869160 0.257865429 0.059502028 0.963786602
1341836547.168609 -1.709355712 -0.028698705 0.278128326 -0.033288140 0.260338813 0.064450361 0.962788522
1341836547.200315 -1.707530499 -0.027314782 0.273980916 -0.033796530 0.262869895 0.069774114 0.961711407
1341836547.236411 -1.737053037 -0.032393955 0.287091553 -0.035089359 0.269045740 0.069212854 0.959996223
1341836547.269507 -1.739880085 -0.009053726 0.282526970 -0.028986190 0.267052174 0.070806243 0.960640132
1341836547.300389 -1.752397299 -0.006189957 0.288193405 -0.029262060 0.268785149 0.069191001 0.960266054
1341836547.336435 -1.756235123 -0.007133566 0.288240790 -0.030456195 0.268592834 0.070031084 0.960221827
1341836547.368600 -1.768576026 -0.005257674 0.293385506 -0.031086167 0.270868778 0.071678229 0.959440470
1341836547.404507 -1.779056191 -0.008285329 0.295801640 -0.032869961 0.271831036 0.072313994 0.959061086
1341836547.436484 -1.783395767 -0.002262942 0.292183459 -0.031277120 0.270985872 0.071450070 0.959418178
1341836547.475394 -1.796876788 -0.003993370 0.300001264 -0.031152597 0.273248196 0.069977798 0.958888948
1341836547.536533 -1.806762099 -0.012056954 0.300609887 -0.032723024 0.270211637 0.070452005 0.959662139
1341836547.568431 -1.811800480 -0.015618719 0.301376224 -0.032558706 0.270188957 0.071262717 0.959614217
1341836547.604254 -1.833218694 -0.009138852 0.310720146 -0.031116290 0.272084892 0.070499696 0.959182620
1341836547.636420 -1.834156394 -0.009566583 0.314756513 -0.030352198 0.271064550 0.069751889 0.959550619
1341836547.672322 -1.843150139 -0.012210466 0.320866406 -0.030020515 0.271812499 0.069522209 0.959366143
1341836547.704389 -1.859012604 -0.003648806 0.333622754 -0.027311532 0.273720920 0.070108160 0.958861709
1341836547.736516 -1.865865827 -0.005759809 0.335352838 -0.026749805 0.273831367 0.071731187 0.958725929
1341836547.772413 -1.872955799 -0.004072443 0.337271154 -0.025883583 0.273413569 0.071838036 0.958860934
1341836547.804409 -1.884183645 -0.003534619 0.342008650 -0.025519038 0.273731768 0.071204081 0.958827257
1341836547.840336 -1.881547928 -0.009711817 0.347336590 -0.026630638 0.272371233 0.071959391 0.959128022
1341836547.872370 -1.883343935 -0.003553700 0.336014092 -0.023615601 0.269238502 0.073674619 0.959960938
1341836547.904524 -1.888945341 -0.002648331 0.338873684 -0.023134347 0.267937601 0.074314699 0.960287273
1341836547.940212 -1.888598919 -0.010589257 0.340271950 -0.023959398 0.266293675 0.074935898 0.960675955
1341836547.972282 -1.894178629 -0.026068836 0.348147631 -0.026869398 0.266738176 0.076213703 0.960375071
1341836548.004382 -1.898826718 -0.022985626 0.351226330 -0.026415382 0.266926885 0.078100540 0.960183620
1341836548.040419 -1.902332783 -0.009637237 0.349036932 -0.023057843 0.266423106 0.079302236 0.960311532
1341836548.072298 -1.909083724 -0.028029725 0.355847001 -0.026854830 0.266333014 0.078584604 0.960296869
1341836548.108439 -1.910401702 -0.030124992 0.357087314 -0.027048295 0.264509052 0.077522166 0.960881710
1341836548.140411 -1.913606882 -0.031201128 0.361607850 -0.026879508 0.264104337 0.077023722 0.961037874
1341836548.172332 -1.918675423 -0.029879712 0.364491284 -0.026244560 0.263455987 0.076892205 0.961243868
1341836548.208477 -1.920431018 -0.037779588 0.366935074 -0.027955126 0.262179583 0.076401137 0.961583674
1341836548.240362 -1.919766665 -0.040891375 0.368248641 -0.028829372 0.261287779 0.075098984 0.961903155
1341836548.272973 -1.922934651 -0.042974297 0.371740639 -0.029541690 0.261694521 0.074697256 0.961802244
1341836548.308412 -1.929406404 -0.042925291 0.375883520 -0.029498313 0.262501419 0.074502379 0.961598754
1341836548.340462 -1.930227160 -0.043203373 0.378240943 -0.029413085 0.263147831 0.075988799 0.961308360
1341836548.376493 -1.939978123 -0.042748481 0.386453986 -0.029229116 0.267546386 0.078008600 0.959937096
1341836548.411379 -1.942031741 -0.044722773 0.385176361 -0.028699763 0.267384827 0.080598161 0.959784150
1341836548.443599 -1.960222006 -0.042734884 0.399273515 -0.028352976 0.270849377 0.078628547 0.958986104
1341836548.479367 -1.972158194 -0.037806101 0.409310699 -0.027204109 0.275166571 0.078200430 0.957824588
1341836548.511578 -1.972575665 -0.043393128 0.406589389 -0.027651927 0.274106055 0.080962680 0.957886338
1341836548.543463 -1.978731513 -0.044417106 0.411213160 -0.026357792 0.274686873 0.080332547 0.957809508
1341836548.579379 -1.988134503 -0.041179202 0.417244554 -0.025171230 0.277522594 0.079946078 0.957056046
1341836548.611299 -1.993097544 -0.042679280 0.419080079 -0.025714122 0.277583063 0.080948263 0.956939816
1341836548.644283 -1.993138552 -0.043951392 0.416810751 -0.024468433 0.277931809 0.082303941 0.956755638
1341836548.679357 -1.999637723 -0.040531918 0.418414593 -0.022569263 0.281353027 0.084954157 0.955569983
1341836548.711385 -2.005832195 -0.046047799 0.417666435 -0.023389069 0.283620656 0.087438300 0.954655349
1341836548.744381 -2.018368483 -0.041777872 0.421816051 -0.020819647 0.286676198 0.088261165 0.953725994
1341836548.779339 -2.027575493 -0.039737336 0.425468564 -0.020420635 0.289667606 0.088589631 0.952799857
1341836548.811351 -2.029502630 -0.049679160 0.425355911 -0.022804854 0.291763335 0.090788759 0.951898932
1341836548.847326 -2.044613361 -0.046182141 0.428082585 -0.020387594 0.295027941 0.094477579 0.950587630
1341836548.879497 -2.051487684 -0.047685638 0.429663837 -0.019679669 0.297134340 0.094434477 0.949950516
1341836548.912408 -2.059763908 -0.049525097 0.429667234 -0.019082066 0.298773021 0.093877964 0.949503779
1341836548.947401 -2.068416595 -0.046917565 0.434484303 -0.018079763 0.299390376 0.094822235 0.949235082
1341836549.015475 -2.084553719 -0.059459135 0.438702881 -0.021958649 0.305944681 0.093010135 0.947240591
1341836549.080349 -2.109366179 -0.060605273 0.444330752 -0.021278650 0.311701953 0.097087801 0.944967210
1341836549.115351 -2.108208656 -0.053264275 0.432525277 -0.020077217 0.307702631 0.097232610 0.946288407
1341836549.147492 -2.114566803 -0.054055102 0.433647990 -0.021323629 0.307366133 0.093058914 0.946790040
1341836549.183418 -2.131088734 -0.064168513 0.445735693 -0.024346719 0.311551303 0.093539238 0.945300698
1341836549.215378 -2.132340193 -0.064118370 0.443799675 -0.023999840 0.310257554 0.096883878 0.945398211
1341836549.247531 -2.139590025 -0.065491132 0.443698108 -0.024587519 0.311397403 0.095426053 0.945156634
1341836549.283330 -2.146817684 -0.067170389 0.443861127 -0.024518283 0.311595291 0.093035914 0.945331454
1341836549.315584 -2.155052185 -0.059910648 0.440260470 -0.022090407 0.310165107 0.094290189 0.945737243
1341836549.348171 -2.160188675 -0.065731920 0.444192588 -0.023946859 0.309847862 0.093881488 0.945836723
1341836549.383316 -2.163154125 -0.069759898 0.445453107 -0.024932573 0.309475154 0.091191873 0.946196377
1341836549.415365 -2.172869682 -0.064401306 0.446146667 -0.023454949 0.308603138 0.087864518 0.946833551
1341836549.451370 -2.180339575 -0.065102093 0.448751867 -0.023114180 0.309016973 0.087544590 0.946736574
1341836549.483381 -2.187940836 -0.074058190 0.453216612 -0.024260158 0.311013252 0.087884091 0.946022511
1341836549.515395 -2.194913387 -0.069861270 0.450417459 -0.022808727 0.310639411 0.086115807 0.946344018
1341836549.551462 -2.204285383 -0.081303842 0.461376548 -0.023987962 0.313586980 0.085934326 0.945358694
1341836549.583462 -2.210258245 -0.082918763 0.461322665 -0.023012746 0.313984334 0.087069675 0.945147157
1341836549.619282 -2.213159561 -0.072580002 0.455048978 -0.019584959 0.312230200 0.087137654 0.945799053
1341836549.651473 -2.221358538 -0.084363721 0.464614928 -0.021321738 0.314342260 0.087496571 0.945028365
1341836549.683367 -2.226917744 -0.085656412 0.464431703 -0.020493919 0.314507395 0.087692268 0.944973648
1341836549.719230 -2.231304169 -0.087785989 0.464085937 -0.019363558 0.313505858 0.087430976 0.945354402
1341836549.751414 -2.238964558 -0.087841593 0.467074811 -0.018148120 0.313984126 0.086980127 0.945261359
1341836549.787507 -2.248990059 -0.072276331 0.469001353 -0.014032830 0.314244956 0.086677156 0.945272565
1341836549.819340 -2.251294374 -0.071799085 0.461604536 -0.013865252 0.310560733 0.085678764 0.946582794
1341836549.851680 -2.258114815 -0.068713151 0.464847863 -0.013868996 0.309646487 0.084128633 0.947021186
1341836549.887374 -2.267695189 -0.072547182 0.478320718 -0.015479284 0.310071468 0.083263680 0.946933568
1341836549.919465 -2.271760464 -0.074180216 0.479933739 -0.015813572 0.307662040 0.083227560 0.947716832
1341836549.955410 -2.271173239 -0.086802021 0.474652052 -0.018420683 0.305491298 0.082833625 0.948406219
1341836549.987370 -2.267627478 -0.091161504 0.470068574 -0.018565519 0.302003205 0.081919633 0.949599147
1341836550.019353 -2.281336784 -0.071493402 0.476110518 -0.014116865 0.303664356 0.081521295 0.949180126
1341836550.055341 -2.284932375 -0.071978718 0.478351891 -0.015310705 0.303552151 0.083021477 0.949067473
1341836550.087353 -2.287973404 -0.078017749 0.480560839 -0.017561067 0.302207679 0.082436442 0.949508488
1341836550.119416 -2.295840025 -0.088740595 0.495160401 -0.020615436 0.304101765 0.080079436 0.949043930
1341836550.155369 -2.297922373 -0.088873699 0.497159183 -0.020696964 0.302974254 0.080068357 0.949403644
1341836550.187297 -2.293348551 -0.090161763 0.488319993 -0.020304240 0.299866349 0.082281016 0.950209320
1341836550.223427 -2.297374249 -0.090512894 0.492359936 -0.020492369 0.301189572 0.083861917 0.949648380
1341836550.255383 -2.307419300 -0.078413360 0.499291599 -0.017411051 0.302098989 0.083657786 0.949438989
1341836550.320516 -2.320814371 -0.093402863 0.518697500 -0.020872561 0.300537199 0.080593273 0.950129688
1341836550.352459 -2.322839737 -0.091837287 0.521578491 -0.020305840 0.299834102 0.077793397 0.950597346
1341836550.384560 -2.327337503 -0.092572004 0.526048839 -0.020087942 0.300703257 0.079913475 0.950151503
1341836550.420444 -2.333447695 -0.088343941 0.529816329 -0.018243447 0.300899714 0.083181925 0.949845910
1341836550.452358 -2.335470676 -0.086881466 0.534452498 -0.017910950 0.301391572 0.084076047 0.949617565
1341836550.484436 -2.339170456 -0.090677716 0.542392969 -0.019022524 0.302145749 0.083844230 0.949376762
1341836550.520427 -2.346896648 -0.089596488 0.548687756 -0.018593516 0.301767737 0.085050784 0.949398160
1341836550.552434 -2.348920107 -0.095174529 0.551588058 -0.019595113 0.301467657 0.086284734 0.949362040
1341836550.588509 -2.349798918 -0.097064033 0.552401602 -0.019244889 0.300858200 0.086875886 0.949508607
1341836550.620438 -2.358258486 -0.095612772 0.559510410 -0.018294845 0.301143765 0.087505013 0.949379086
1341836550.652656 -2.367771864 -0.097198218 0.570219040 -0.019202719 0.303562611 0.089688160 0.948386490
1341836550.688439 -2.370739937 -0.101205230 0.575778782 -0.020106139 0.305875272 0.091674581 0.947434366
1341836550.720423 -2.377546310 -0.101996846 0.579994798 -0.019357430 0.306991756 0.093065187 0.946953118
1341836550.752434 -2.384228230 -0.101932399 0.587395132 -0.018858785 0.306869417 0.093401819 0.946969688
1341836550.788573 -2.387689352 -0.103143662 0.590394318 -0.019045981 0.306439459 0.092466436 0.947196960
1341836550.820368 -2.392667294 -0.106897138 0.590152025 -0.020301061 0.309043854 0.094146751 0.946158648
1341836550.856414 -2.393984079 -0.113415375 0.589739442 -0.021825621 0.308835149 0.094770484 0.946130574
1341836550.888343 -2.393925905 -0.104556590 0.595131636 -0.019331144 0.308437407 0.092549413 0.946534336
1341836550.920432 -2.404540062 -0.110579669 0.596970201 -0.020446712 0.312034220 0.092731483 0.945313394
1341836550.956331 -2.409634113 -0.114434779 0.601692379 -0.021563942 0.314739734 0.093436301 0.944321752
1341836550.988524 -2.415649176 -0.117698811 0.606335402 -0.021693101 0.317051888 0.095808685 0.943307042
1341836551.020555 -2.420206547 -0.120324917 0.611144185 -0.021558082 0.318227500 0.095858678 0.942909122
1341836551.056360 -2.429244280 -0.107380562 0.613259375 -0.018222382 0.320407867 0.093119375 0.942515492
1341836551.088410 -2.437949181 -0.109104030 0.620560944 -0.018754056 0.324070126 0.094178438 0.941146731
1341836551.124405 -2.441403866 -0.110031217 0.619709551 -0.018170765 0.323806971 0.095566496 0.941108823
1341836551.156413 -2.446650505 -0.110214330 0.621641755 -0.018109450 0.324888408 0.094061300 0.940888941
1341836551.188336 -2.454388142 -0.111048594 0.627882063 -0.018727431 0.328741252 0.093568273 0.939586818
1341836551.224358 -2.459670544 -0.112491451 0.629984140 -0.018487543 0.329971790 0.096614562 0.938851655
1341836551.256305 -2.464810371 -0.112979770 0.633177519 -0.018029006 0.331894934 0.098740801 0.937961042
1341836551.292276 -2.469018936 -0.126499832 0.637437403 -0.021778625 0.334971458 0.098276541 0.936835945
1341836551.326846 -2.476467133 -0.127589196 0.640683472 -0.021491196 0.336829871 0.099200957 0.936078489
1341836551.356394 -2.481213093 -0.130189776 0.642268479 -0.021085465 0.337064236 0.101803750 0.935723841
1341836551.392345 -2.484563112 -0.130942672 0.644290209 -0.021239080 0.338062555 0.102044716 0.935333908
1341836551.424392 -2.490877867 -0.132843435 0.646969557 -0.021341788 0.340571761 0.102263287 0.934396923
1341836551.456321 -2.496385574 -0.137706667 0.650862694 -0.020819269 0.341251016 0.104187235 0.933948278
1341836551.492455 -2.504112244 -0.125974089 0.654635251 -0.015291517 0.342548817 0.105243139 0.933461487
1341836551.524730 -2.508102894 -0.125184715 0.655802190 -0.013344175 0.343119293 0.104221039 0.933396518
1341836551.560490 -2.513534784 -0.123418182 0.657834113 -0.012234291 0.342688531 0.102779053 0.933729827
1341836551.592523 -2.519824266 -0.121816531 0.662592947 -0.011737970 0.343781203 0.102773994 0.933335006
1341836551.624484 -2.522830963 -0.120657705 0.665039837 -0.012258728 0.344121397 0.104317240 0.933031678
1341836551.660534 -2.527014256 -0.123218775 0.666663289 -0.014116813 0.343330473 0.103390671 0.933399856
1341836551.692452 -2.531519175 -0.123600654 0.669377029 -0.014246031 0.343971610 0.101371683 0.933383286
1341836551.724354 -2.532860279 -0.132476777 0.666702569 -0.016470103 0.342384160 0.103579484 0.933687925
1341836551.760297 -2.539992094 -0.127018988 0.668284535 -0.016018989 0.343108386 0.101935878 0.933610797
1341836551.792285 -2.541925430 -0.129796565 0.668842971 -0.017743921 0.344591200 0.102328390 0.932990313
1341836551.828378 -2.541847467 -0.134682074 0.674668193 -0.019714450 0.344591498 0.103743322 0.932794392
1341836551.860476 -2.548654556 -0.139635950 0.674946964 -0.020463930 0.344755769 0.103732638 0.932718694
1341836551.892485 -2.550642014 -0.141370341 0.681639850 -0.020952901 0.345815927 0.103558287 0.932334721
1341836551.928290 -2.556417465 -0.137050241 0.681543052 -0.018670479 0.346853733 0.101497054 0.932224333
1341836551.960486 -2.560778856 -0.138834387 0.682606578 -0.017581550 0.346924394 0.102919057 0.932063341
1341836551.992344 -2.563784599 -0.139721096 0.685174823 -0.016976185 0.346328914 0.103870690 0.932190418
1341836552.028600 -2.566873074 -0.140131235 0.688673735 -0.016553683 0.346300453 0.102393173 0.932372034
1341836552.060303 -2.569136858 -0.141932145 0.694961667 -0.017590569 0.346703470 0.101932362 0.932253778
1341836552.096567 -2.572107792 -0.143832147 0.697328448 -0.017756412 0.346334338 0.103267990 0.932240844
1341836552.131524 -2.575249195 -0.146230653 0.701269269 -0.017410995 0.346034259 0.103209585 0.932365239
1341836552.163502 -2.580376625 -0.146505177 0.705238879 -0.017374517 0.347988456 0.101894267 0.931783080
1341836552.199321 -2.586527824 -0.147546992 0.711662650 -0.017781585 0.351214290 0.102817729 0.930462718
1341836552.231433 -2.591727018 -0.146384493 0.714353561 -0.016951911 0.352488756 0.104577117 0.929799974
1341836552.264218 -2.603987217 -0.154492348 0.723896384 -0.018379366 0.357319832 0.105512694 0.927820981
1341836552.299306 -2.606958628 -0.146862984 0.722592175 -0.016311513 0.359470338 0.105389036 0.927042723
1341836552.331302 -2.614794254 -0.146940351 0.730109930 -0.015745688 0.361175150 0.108103253 0.926076829
1341836552.364350 -2.619820118 -0.149157032 0.731468618 -0.018686919 0.361535847 0.107745148 0.925923109
1341836552.399343 -2.626259804 -0.155760556 0.737217903 -0.021585576 0.364925712 0.105494648 0.924788713
1341836552.431418 -2.630529404 -0.156668365 0.742158055 -0.020382386 0.366334140 0.107164197 0.924066901
1341836552.467415 -2.635934353 -0.146604240 0.739835680 -0.017299935 0.367209733 0.110374309 0.923404157
1341836552.499249 -2.640135050 -0.151678711 0.743144214 -0.018521180 0.369986355 0.111474268 0.922139168
1341836552.532418 -2.645354271 -0.150805146 0.745740294 -0.017619731 0.371525198 0.111555368 0.921528101
1341836552.567368 -2.655608654 -0.154252380 0.752191305 -0.016378928 0.372928381 0.113845728 0.920703709
1341836552.599391 -2.660583973 -0.151363105 0.755895138 -0.014909416 0.372619957 0.114574812 0.920763135
1341836552.635473 -2.663769960 -0.156860918 0.757433653 -0.016073968 0.371721745 0.112434402 0.921370268
1341836552.667375 -2.673951626 -0.159069732 0.764614820 -0.015930707 0.374309152 0.112627774 0.920300961
1341836552.699343 -2.679195881 -0.158217445 0.768011510 -0.014224372 0.375298023 0.117430344 0.919325411
1341836552.735425 -2.681664467 -0.160846516 0.768734634 -0.013429459 0.374362558 0.118369453 0.919598281
1341836552.768247 -2.693130493 -0.166087002 0.777174473 -0.013772105 0.377843201 0.116771035 0.918373227
1341836552.803477 -2.699404955 -0.166800410 0.779186547 -0.012839013 0.379326016 0.117863074 0.917635679
1341836552.864617 -2.708090782 -0.169811264 0.787004054 -0.011756184 0.382296354 0.118455052 0.916340351
1341836552.900505 -2.711882830 -0.166221738 0.787768006 -0.010512878 0.383624673 0.118180938 0.915835619
1341836552.932361 -2.719721794 -0.166844219 0.790956140 -0.009873069 0.385250062 0.120352119 0.914877236
1341836552.964441 -2.724317789 -0.167781547 0.792243838 -0.010396749 0.385932416 0.121396169 0.914445817
1341836553.001338 -2.727844238 -0.164801508 0.795219183 -0.010409191 0.387120247 0.120091841 0.914115727
1341836553.032376 -2.735268831 -0.168262139 0.794497073 -0.011173421 0.387210011 0.120124422 0.914064407
1341836553.068569 -2.742518187 -0.169483587 0.796468198 -0.010714495 0.387149692 0.119844578 0.914132178
1341836553.100441 -2.747523069 -0.169942841 0.801659703 -0.011045781 0.388282090 0.118319564 0.913846552
1341836553.132383 -2.752103806 -0.170436949 0.804567993 -0.011519904 0.389502108 0.118349500 0.913317502
1341836553.168938 -2.756257534 -0.172778487 0.808958650 -0.011775415 0.390670210 0.118339024 0.912816525
1341836553.200403 -2.762079239 -0.183357581 0.811225295 -0.013758440 0.392120570 0.118260548 0.912176847
1341836553.232423 -2.766163349 -0.183471739 0.814312696 -0.013862597 0.393547803 0.118123770 0.911578119
1341836553.269564 -2.767562389 -0.188606724 0.813652992 -0.014205236 0.393822581 0.118237302 0.911439478
1341836553.300359 -2.775518417 -0.188957274 0.816281617 -0.012713993 0.394787550 0.118340105 0.911030591
1341836553.336411 -2.779125452 -0.190298796 0.823065221 -0.012553611 0.396614850 0.118656047 0.910197675
1341836553.368474 -2.781889439 -0.189625442 0.825777769 -0.011124435 0.397189438 0.119747669 0.909822702
1341836553.400445 -2.784805775 -0.184855387 0.822867393 -0.008029061 0.395461380 0.121003494 0.910441637
1341836553.436421 -2.788192749 -0.183683187 0.830049992 -0.008027172 0.395892262 0.119520217 0.910450339
1341836553.468477 -2.793277740 -0.182878464 0.834575057 -0.007780356 0.397196800 0.118457519 0.910023093
1341836553.504461 -2.798012972 -0.180184036 0.833528996 -0.006210575 0.396000803 0.120493472 0.910289049
1341836553.536341 -2.803525448 -0.185087979 0.838541746 -0.006805772 0.396169960 0.121763632 0.910042167
1341836553.568459 -2.805920601 -0.186686650 0.847212434 -0.007136790 0.398740977 0.122223184 0.908854306
1341836553.604432 -2.815304279 -0.183369339 0.841092587 -0.003851809 0.398514897 0.123525202 0.908797324
1341836553.636456 -2.821492672 -0.186052382 0.841615438 -0.002924864 0.396841973 0.122699626 0.909644246
1341836553.668714 -2.825068474 -0.185837239 0.852695107 -0.003155190 0.398706853 0.120565340 0.909113228
1341836553.704420 -2.825881481 -0.193717182 0.851327896 -0.005762468 0.398792744 0.120654657 0.909050941
1341836553.736432 -2.830275059 -0.201162487 0.849043489 -0.007879930 0.397421420 0.122488886 0.909390211
1341836553.772413 -2.833915710 -0.188978881 0.861113071 -0.002976286 0.397769362 0.122192867 0.909307182
1341836553.805308 -2.832318783 -0.198427662 0.866230011 -0.002776611 0.397881091 0.122470178 0.909221649
1341836553.836430 -2.837524176 -0.205596268 0.868336797 -0.000496842 0.398808241 0.125809178 0.908363223
1341836553.872431 -2.836359978 -0.207592010 0.874295115 0.000686495 0.399050653 0.125029966 0.908364236
1341836553.904605 -2.836337805 -0.200351492 0.877505779 0.003205318 0.398217738 0.121547118 0.909196734
1341836553.936434 -2.837811947 -0.214629918 0.877173305 0.001304738 0.396312326 0.119811758 0.910263658
1341836553.972533 -2.842984438 -0.214341372 0.880028248 0.003452924 0.394754291 0.118004330 0.911170721
1341836554.004482 -2.846591711 -0.205018669 0.895802617 0.006256350 0.397922963 0.115070134 0.910152197
1341836554.040423 -2.844033718 -0.206722081 0.900982141 0.006738297 0.399779916 0.115938403 0.909224331
1341836554.075305 -2.849330425 -0.215537623 0.894087076 0.008696764 0.397786081 0.118758030 0.909718156
1341836554.140435 -2.850793362 -0.223668247 0.901087761 0.007755850 0.397149742 0.115733407 0.910394251
1341836554.172892 -2.853843689 -0.224328786 0.904496431 0.008942309 0.397051573 0.117419749 0.910210252
1341836554.209182 -2.850344181 -0.222305447 0.912443459 0.012226624 0.393722147 0.119816989 0.911305249
1341836554.243518 -2.860802650 -0.224197596 0.928838372 0.011937874 0.398827285 0.117164493 0.909432113
1341836554.278265 -2.859304190 -0.225853562 0.930706382 0.011019630 0.401211470 0.120031945 0.908019960
1341836554.343525 -2.874782085 -0.228898257 0.928439975 0.013708395 0.405856460 0.124410532 0.905325711
1341836554.408617 -2.890996933 -0.230416894 0.935230136 0.015113475 0.408800423 0.120642528 0.904488325
1341836554.476388 -2.879837990 -0.230923027 0.946962595 0.011173149 0.406720817 0.118373826 0.905781984
1341836554.511752 -2.884977341 -0.234403163 0.959575295 0.010420796 0.409176588 0.117888868 0.904747546
1341836554.545324 -2.892593384 -0.242718667 0.954529166 0.006550396 0.413117200 0.116857260 0.903125525
1341836554.576365 -2.899804354 -0.246716246 0.956523895 0.005385149 0.417334139 0.120417088 0.900723577
1341836554.611474 -2.912146330 -0.241537541 0.961606622 0.007480458 0.422107428 0.123438686 0.898071408
1341836554.643517 -2.903584003 -0.242039934 0.968415856 0.007387908 0.421923161 0.125469729 0.897877276
1341836554.679301 -2.918347836 -0.238174051 0.972199321 0.007481533 0.426829904 0.124218367 0.895728767
1341836554.711387 -2.914348125 -0.243879750 0.973036647 0.006234429 0.427824795 0.125523210 0.895081580
1341836554.744294 -2.924956322 -0.247594446 0.972553492 0.006329518 0.431365520 0.127511352 0.893098354
1341836554.779243 -2.927447081 -0.243430316 0.972510219 0.006686423 0.431713909 0.128592834 0.892772257
1341836554.811465 -2.929042816 -0.245290786 0.985139251 0.005202114 0.434502602 0.126995817 0.891657174
1341836554.844421 -2.933190584 -0.249549270 0.987747073 0.004003852 0.436846673 0.127866432 0.890392661
1341836554.879285 -2.936743021 -0.244551092 0.987970829 0.005776856 0.436272711 0.129934683 0.890364945
1341836554.911347 -2.940440416 -0.248120844 0.990874052 0.005408878 0.435994983 0.128770515 0.890672386
1341836554.947423 -2.945727825 -0.249232605 0.999052525 0.005005972 0.437582552 0.126788601 0.890180409
1341836554.979379 -2.954156399 -0.253304183 1.006148458 0.004558160 0.441594601 0.129566923 0.887798309
1341836555.012388 -2.955968142 -0.251245677 1.005809307 0.006143492 0.441042542 0.132200018 0.887674987
1341836555.047398 -2.958344936 -0.254397571 1.008760333 0.004499839 0.441549331 0.130944863 0.887618959
1341836555.079410 -2.961303473 -0.257268339 1.014824867 0.003734929 0.442804247 0.129259557 0.887244284
1341836555.115333 -2.967697144 -0.258986622 1.019937515 0.005486243 0.443775296 0.130978197 0.886497676
1341836555.147403 -2.967707157 -0.263872266 1.023059249 0.005151701 0.444515973 0.132796824 0.885857821
1341836555.179327 -2.971985579 -0.264220178 1.024240255 0.005011484 0.446429700 0.131386131 0.885106266
1341836555.215254 -2.976301193 -0.255726814 1.026679873 0.007239942 0.445887327 0.129685953 0.885614872
1341836555.247478 -2.975965977 -0.259841144 1.031500101 0.005674140 0.446038246 0.129278466 0.885609865
1341836555.283336 -2.978339195 -0.262051851 1.035212278 0.005390782 0.448555648 0.129877895 0.884251416
1341836555.315509 -2.978711128 -0.259057045 1.033723712 0.006135155 0.447790205 0.131539762 0.884388804
1341836555.347557 -2.980549335 -0.266283035 1.038058996 0.004268279 0.448294073 0.131967843 0.884080708
1341836555.383389 -2.982007504 -0.265074313 1.040832996 0.004974989 0.448871821 0.131610990 0.883837044
1341836555.415569 -2.982878447 -0.263982296 1.043105245 0.006751124 0.448250234 0.132446676 0.884015918
1341836555.451666 -2.984262466 -0.267772466 1.048839808 0.005799677 0.449125558 0.131258547 0.883755565
1341836555.483306 -2.988988876 -0.264512002 1.048185229 0.006624633 0.451270252 0.131656587 0.882597208
1341836555.515620 -2.989145517 -0.264106631 1.047754049 0.007623133 0.451568604 0.135733441 0.881818652
1341836555.551593 -2.988919735 -0.266733974 1.052270412 0.007304479 0.452784210 0.135912284 0.881170213
1341836555.583395 -2.988990307 -0.270212471 1.053698301 0.006044704 0.455057949 0.135175094 0.880121231
1341836555.619267 -2.988838673 -0.264672995 1.053166866 0.009173010 0.453974009 0.135757431 0.880564272
1341836555.651764 -2.988862991 -0.269871801 1.058153987 0.009197079 0.454114676 0.136474296 0.880380630
1341836555.683433 -2.984635353 -0.280025095 1.061334968 0.007372767 0.456580162 0.137855381 0.878906190
1341836555.719341 -2.984416485 -0.276773155 1.060017467 0.009553293 0.457324415 0.138521224 0.878393412
1341836555.751564 -2.984357834 -0.272700071 1.062870502 0.011214210 0.456469864 0.138952166 0.878750145
1341836555.787315 -2.984412432 -0.276281536 1.067952156 0.009105735 0.458545625 0.137927607 0.877854764
1341836555.819769 -2.985413313 -0.280343235 1.069469213 0.007577691 0.461710155 0.138510734 0.876117051
1341836555.851679 -2.986785889 -0.276760221 1.069911718 0.010116783 0.462805569 0.141360164 0.875057697
1341836555.887393 -2.981773853 -0.285225302 1.079403520 0.008530476 0.465879172 0.141054019 0.873491585
1341836555.919578 -2.984876156 -0.285406917 1.083564162 0.009033131 0.471812427 0.142877787 0.869998515
1341836555.955380 -2.983887434 -0.283408314 1.081212044 0.010888627 0.474433333 0.145148858 0.868174136
1341836555.989240 -2.982754707 -0.285394251 1.079121470 0.011011698 0.477076560 0.147197247 0.866377294
1341836556.019400 -2.974116802 -0.298253268 1.066835165 0.008373207 0.479567319 0.151081637 0.864360750
1341836556.055601 -2.975832462 -0.294705302 1.065377235 0.009886091 0.483188987 0.151948899 0.862173021
1341836556.087385 -2.985427380 -0.280256391 1.075996995 0.012396393 0.489899397 0.152294010 0.858284056
1341836556.119395 -2.986744881 -0.281893700 1.074566245 0.010874392 0.496046096 0.153920740 0.854475498
1341836556.155460 -2.976949692 -0.297448069 1.057137847 0.008330856 0.496067107 0.158307105 0.853690207
1341836556.187386 -2.973059177 -0.283055872 1.073486209 0.009389022 0.504198849 0.158472121 0.848870993
1341836556.219549 -2.976113558 -0.276135385 1.068449378 0.009449746 0.509655714 0.160472333 0.845228016
1341836556.255513 -2.987110376 -0.280032307 1.049769044 0.008600261 0.509906948 0.162930682 0.844615102
1341836556.287550 -2.981260300 -0.279438913 1.058988333 0.003470610 0.515610158 0.159006029 0.841933012
1341836556.319460 -2.983104706 -0.277561098 1.056970835 0.002369469 0.519804299 0.159780890 0.839206755
1341836556.355470 -2.992747307 -0.282362312 1.050676227 0.002890033 0.522121012 0.163084254 0.837128997
1341836556.387408 -2.991594791 -0.280173212 1.044233084 0.001425690 0.522509813 0.160550818 0.837379813
1341836556.423470 -2.999084473 -0.271975696 1.045245051 0.001399540 0.526262283 0.158388019 0.835439563
1341836556.455541 -3.002375126 -0.271262705 1.046587229 0.000228087 0.527906597 0.158712581 0.834340990
1341836556.487492 -2.992781162 -0.274209410 1.055657864 -0.003583362 0.528964221 0.157918096 0.833814025
1341836556.523491 -2.995655537 -0.277351409 1.057676792 -0.004997274 0.531635284 0.156810850 0.832315624
1341836556.555480 -3.013643265 -0.265278548 1.048822403 0.001231372 0.531705558 0.159733370 0.831728876
1341836556.587472 -3.016235352 -0.270575464 1.049409151 -0.000179684 0.531974912 0.160386220 0.831431866
1341836556.623447 -3.014035940 -0.263927877 1.049512029 -0.000115607 0.530915141 0.160008147 0.832181752
1341836556.655577 -3.029268265 -0.259379536 1.051814079 0.000403294 0.531717837 0.159873694 0.831694901
1341836556.688390 -3.028943777 -0.259542614 1.064752102 -0.000962224 0.531672657 0.160375446 0.831626713
1341836556.723474 -3.039406300 -0.264756531 1.062067270 -0.001551343 0.531233072 0.160568580 0.831869423
1341836556.755589 -3.036549568 -0.261000961 1.071560383 -0.000233875 0.529282033 0.160003871 0.833222210
1341836556.791502 -3.039757490 -0.266890675 1.068502426 -0.002426891 0.527005911 0.157499954 0.835136294
1341836556.823299 -3.034706593 -0.270202667 1.080054045 -0.004341810 0.527222872 0.156660825 0.835149467
1341836556.855500 -3.039497375 -0.270575047 1.086179972 -0.002927002 0.528500438 0.157298669 0.834227681
1341836556.891411 -3.038865089 -0.267652392 1.086884975 -0.001061165 0.526437938 0.157929972 0.835416138
1341836556.923356 -3.037659407 -0.273789793 1.089148521 -0.001005462 0.525224686 0.158287376 0.836111903
1341836556.956491 -3.039662838 -0.273076624 1.090980053 0.000766698 0.525449216 0.157804161 0.836062431
1341836556.991578 -3.041149139 -0.271616191 1.099008203 0.000875403 0.525244951 0.155574739 0.836608350
1341836557.023423 -3.039478540 -0.283589691 1.103201747 -0.003150332 0.525660634 0.152143672 0.836972654
1341836557.056479 -3.041665077 -0.277280748 1.101155043 -0.000456878 0.525329053 0.151123941 0.837371349
1341836557.091401 -3.046258926 -0.275469959 1.103068352 0.001279243 0.523825824 0.150838032 0.838363111
1341836557.123977 -3.047888279 -0.281761736 1.109168530 -0.001124318 0.524926960 0.148346335 0.838119209
1341836557.159693 -3.044034004 -0.287045032 1.112923503 -0.002720211 0.526444077 0.146938205 0.837411761
1341836557.191367 -3.052266598 -0.276096106 1.112298012 0.001915426 0.525227964 0.147780403 0.838029146
1341836557.224237 -3.045411110 -0.288817883 1.117927432 -0.002171893 0.524951637 0.146329015 0.838456273
1341836557.259428 -3.048471451 -0.290095627 1.121656895 -0.001897738 0.526464045 0.145036831 0.837732911
1341836557.291320 -3.054625034 -0.281308234 1.126724005 0.002079728 0.527114809 0.145970732 0.837160826
1341836557.327336 -3.054439545 -0.287454873 1.128422022 0.000318127 0.525964499 0.144858852 0.838079453
1341836557.359367 -3.057012081 -0.292512983 1.132615328 -0.000591167 0.527204454 0.144245058 0.837405860
1341836557.391466 -3.065473557 -0.282011390 1.135532856 0.003047099 0.527015686 0.145365655 0.837325513
1341836557.427430 -3.069721222 -0.288865507 1.143095493 0.002101199 0.526691139 0.146037012 0.837415814
1341836557.459285 -3.072506189 -0.292843878 1.145478487 0.002701220 0.526430547 0.148393720 0.837163627
1341836557.495372 -3.077905178 -0.292561293 1.149451494 0.004660744 0.523880541 0.147803053 0.838857412
1341836557.527351 -3.080056667 -0.297133595 1.150375843 0.003401123 0.521564186 0.146124169 0.840599179
1341836557.559823 -3.088784218 -0.290829808 1.158751369 0.005721187 0.520994484 0.148766160 0.840476453
1341836557.595345 -3.096936226 -0.296651632 1.164500952 0.004807403 0.518841445 0.148264155 0.841901541
1341836557.627527 -3.099902153 -0.303037316 1.170497775 0.002582731 0.518201232 0.146727368 0.842574596
1341836557.663458 -3.104581356 -0.302627236 1.173723221 0.003120098 0.517367601 0.145994931 0.843212068
1341836557.695389 -3.107990742 -0.307689756 1.178355575 0.002964074 0.516044259 0.146267340 0.843975961
1341836557.727634 -3.111179352 -0.311889112 1.179558635 0.002723586 0.514932692 0.145717561 0.844750464
1341836557.763370 -3.115412712 -0.311592579 1.186330676 0.003412854 0.514159799 0.143484458 0.845600545
1341836557.795557 -3.122451544 -0.313032657 1.192965388 0.004665915 0.514279366 0.142983332 0.845606744
1341836557.831402 -3.124367237 -0.315948337 1.195124149 0.004785630 0.512330651 0.143800572 0.846649706
1341836557.863496 -3.127178669 -0.323789090 1.201635718 0.002615767 0.512521625 0.140766054 0.847053528
1341836557.895559 -3.133349419 -0.327321976 1.211251616 0.002872211 0.514760315 0.140764505 0.845694304
1341836557.931492 -3.138946772 -0.320731044 1.212891102 0.008215237 0.512881994 0.143528745 0.846335709
1341836557.963497 -3.141971111 -0.324381471 1.221976161 0.007353136 0.512479424 0.141649082 0.846903920
1341836557.999327 -3.144346476 -0.332284242 1.226834178 0.004791847 0.513387680 0.138285637 0.846928120
1341836558.031507 -3.149100304 -0.323033124 1.229815483 0.009141138 0.512240469 0.137599155 0.847698450
1341836558.063409 -3.154422045 -0.326048195 1.236104727 0.011617029 0.510532022 0.140430301 0.848234296
1341836558.099336 -3.155433893 -0.334018648 1.239667058 0.010546559 0.509829760 0.138784885 0.848941207
1341836558.131450 -3.157762051 -0.343962044 1.246736884 0.008085127 0.511325955 0.137606680 0.848259866
1341836558.167388 -3.168159485 -0.335710734 1.249950171 0.013046228 0.510735393 0.140209243 0.848127604
1341836558.199275 -3.169883728 -0.344190150 1.252717495 0.012260255 0.509223759 0.142370343 0.848688126
1341836558.231310 -3.168306112 -0.358223677 1.262025118 0.008177884 0.511216760 0.140684202 0.847819865
1341836558.267380 -3.177021503 -0.350298524 1.268498063 0.011208961 0.512210250 0.139411613 0.847395658
1341836558.299370 -3.184731960 -0.347987860 1.270440102 0.014315915 0.511105478 0.140616253 0.847816765
1341836558.331340 -3.184109926 -0.345466226 1.274993896 0.015154667 0.510984004 0.140397042 0.847911775
1341836558.367521 -3.187626362 -0.345368773 1.279150128 0.015459051 0.511959851 0.139497235 0.847465992
1341836558.399507 -3.191386461 -0.341612428 1.284308791 0.016959963 0.512362421 0.140552670 0.847019553
1341836558.431424 -3.194643497 -0.342392206 1.288219571 0.016532741 0.512512207 0.142944291 0.846536934
1341836558.467334 -3.196945667 -0.344069660 1.291942954 0.015552537 0.513080537 0.142236724 0.846330464
1341836558.499235 -3.200234413 -0.349640995 1.297598600 0.014250117 0.512503207 0.140908718 0.846925080
1341836558.531456 -3.201416254 -0.356300473 1.303758621 0.012919907 0.512001812 0.141200289 0.847201109
1341836558.567430 -3.203969479 -0.360560924 1.307022333 0.013140171 0.511963308 0.141113654 0.847235382
1341836558.599261 -3.203913212 -0.363311619 1.311666250 0.013065065 0.512140274 0.140654951 0.847205877
1341836558.635428 -3.205640793 -0.359620333 1.316422462 0.013231358 0.512428164 0.140432313 0.847066164
1341836558.667315 -3.204630375 -0.363223583 1.319891214 0.012118635 0.512810826 0.141751945 0.846631348
1341836558.699299 -3.205510139 -0.352848172 1.319963098 0.014871218 0.511213720 0.140764073 0.847717464
1341836558.735276 -3.204103708 -0.358072340 1.323949099 0.012148579 0.509767056 0.138471887 0.849008560
1341836558.767234 -3.204266548 -0.365872085 1.329307199 0.008910829 0.511580944 0.138437092 0.847962737
1341836558.799388 -3.205491304 -0.359922856 1.333425999 0.012270977 0.511368096 0.142840371 0.847318590
1341836558.835519 -3.204523087 -0.365022421 1.337089896 0.010812855 0.511171997 0.142970622 0.847434759
1341836558.867451 -3.203320503 -0.375389367 1.340347528 0.007961401 0.513635099 0.142689437 0.846023262
1341836558.900348 -3.205141068 -0.371516019 1.345782995 0.010483837 0.516011894 0.145030811 0.844149232
1341836558.935724 -3.206995010 -0.365279049 1.352929831 0.015138212 0.517360032 0.148046345 0.842728734
1341836558.967478 -3.205326319 -0.367995262 1.356297255 0.015585588 0.518325627 0.148664191 0.842018127
1341836559.000224 -3.205664158 -0.366187841 1.360746264 0.015222405 0.520392954 0.147625476 0.840931714
1341836559.035306 -3.205240250 -0.367744505 1.368096471 0.014779465 0.522435308 0.149660274 0.839312017
1341836559.067396 -3.205049515 -0.368864328 1.372219682 0.015944896 0.522993624 0.153933525 0.838169336
1341836559.100310 -3.206357002 -0.367656350 1.376752853 0.016148508 0.524257481 0.154059306 0.837352395
1341836559.135300 -3.205867529 -0.368195534 1.382485747 0.015274797 0.525884628 0.153817728 0.836392343
1341836559.168365 -3.208642960 -0.369605273 1.388686895 0.015955567 0.527826011 0.154807135 0.834973037
1341836559.203378 -3.211307287 -0.367746174 1.396275282 0.018358691 0.529008329 0.156728506 0.833816171
1341836559.235370 -3.212163687 -0.367289275 1.402193666 0.017135844 0.529672861 0.155984446 0.833559811
1341836559.268241 -3.210060120 -0.372209698 1.406817913 0.014069656 0.531929374 0.154862270 0.832388639
1341836559.303359 -3.216198683 -0.359694868 1.413177609 0.019128483 0.532562256 0.158206046 0.831253588
1341836559.335518 -3.212339401 -0.373932928 1.413188696 0.014584143 0.530270576 0.159500718 0.832562327
1341836559.371796 -3.213813543 -0.384333313 1.423603177 0.009433077 0.535152376 0.158196390 0.829757154
1341836559.408276 -3.217296600 -0.377386004 1.419706583 0.013850125 0.535661995 0.162413716 0.828550637
1341836559.439280 -3.219838619 -0.370505422 1.423420906 0.016565697 0.533891737 0.163504571 0.829428375
1341836559.471768 -3.217642784 -0.384777457 1.428555250 0.010609729 0.535241187 0.161164522 0.829114199
1341836559.503696 -3.219856024 -0.386139482 1.434457183 0.011078777 0.538210154 0.160995722 0.827216685
1341836559.539299 -3.223225117 -0.379393458 1.440281510 0.014888230 0.537855268 0.162172765 0.827157795
1341836559.571414 -3.222113609 -0.391319126 1.443461418 0.011423803 0.538410604 0.162022576 0.826880991
1341836559.603414 -3.221848011 -0.391689688 1.449003696 0.011287917 0.540487051 0.162216023 0.825489163
1341836559.639412 -3.223738670 -0.389499485 1.455532312 0.011014465 0.539905488 0.162595138 0.825798750
1341836559.672296 -3.219882965 -0.403440863 1.458017349 0.007136525 0.539863825 0.164982915 0.825394928
1341836559.707411 -3.219699383 -0.405839950 1.461958170 0.007737339 0.542269289 0.164742604 0.823859215
1341836559.739469 -3.220257998 -0.402386487 1.466427088 0.010341913 0.543190420 0.165981323 0.822974741
1341836559.771384 -3.224432230 -0.399587184 1.473821640 0.012226100 0.543544114 0.166174442 0.822676361
1341836559.807349 -3.223256588 -0.397818089 1.475478053 0.010857243 0.543239236 0.162632734 0.823604226
1341836559.839315 -3.221042156 -0.407743514 1.479950666 0.006081159 0.544778109 0.162847579 0.822593749
1341836559.875410 -3.221787453 -0.408997893 1.484748006 0.006151559 0.546916246 0.167281464 0.820281506
1341836559.907310 -3.223118782 -0.406086147 1.487200022 0.008412293 0.547435343 0.169192165 0.819522917
1341836559.939497 -3.221015215 -0.410004705 1.491964579 0.006911793 0.548418641 0.167222172 0.819283843
1341836559.975374 -3.223087311 -0.406362772 1.495299339 0.007139049 0.549763620 0.165517271 0.818726480
1341836560.007502 -3.222164392 -0.408570558 1.498021364 0.007888084 0.550104082 0.167740375 0.818038225
1341836560.043829 -3.217772961 -0.406954467 1.501748800 0.007121123 0.551731408 0.166363120 0.817230105
1341836560.104647 -3.223690510 -0.402290404 1.507654428 0.009591972 0.556210041 0.169094056 0.813600361
1341836560.140480 -3.222354889 -0.408044368 1.508029222 0.008365644 0.556965590 0.171375930 0.812618971
1341836560.172477 -3.206067562 -0.429254770 1.513313770 0.002369898 0.561228693 0.175218076 0.808897614
1341836560.204360 -3.206657171 -0.438304305 1.515933037 0.005678506 0.566000402 0.180028364 0.804488063
1341836560.240546 -3.220630884 -0.421153277 1.506632090 0.015633795 0.565980196 0.181792349 0.803973615
1341836560.272387 -3.210782528 -0.424773067 1.517187595 0.012337659 0.569420695 0.179196015 0.802182436
1341836560.304441 -3.208846569 -0.434190810 1.514518023 0.011179120 0.573589563 0.181293160 0.798750758
1341836560.340364 -3.211310625 -0.427327186 1.515224934 0.015775237 0.575457454 0.185369328 0.796390653
1341836560.372350 -3.222569466 -0.412270606 1.509941339 0.018146712 0.578027010 0.182993263 0.795027614
1341836560.408404 -3.225387096 -0.409413844 1.510231256 0.018190637 0.580990613 0.182708025 0.792929232
1341836560.440483 -3.215440750 -0.423209518 1.521210909 0.011761159 0.582074940 0.181556091 0.792519927
1341836560.472298 -3.213631153 -0.427137375 1.522334337 0.007608216 0.583734274 0.180598378 0.791568458
1341836560.508310 -3.217370033 -0.421754718 1.524134874 0.007828785 0.585559011 0.180311531 0.790282905
1341836560.540317 -3.230102062 -0.410201907 1.516713738 0.011199561 0.585171282 0.180111304 0.790575147
1341836560.573502 -3.231887817 -0.405762970 1.517659187 0.010856074 0.585290432 0.179590717 0.790610254
1341836560.608340 -3.226727009 -0.412362039 1.535075665 0.007361060 0.587865949 0.179412797 0.788777828
1341836560.640422 -3.229005575 -0.413046956 1.538972855 0.005967276 0.588596761 0.178960279 0.788347244
1341836560.676330 -3.234401226 -0.402240992 1.544858217 0.007513322 0.588653684 0.177976102 0.788514376
1341836560.708409 -3.244476318 -0.407707214 1.524096012 0.006360052 0.582999051 0.178263560 0.792649806
1341836560.740520 -3.242789745 -0.410557806 1.524334431 0.001926466 0.581771493 0.177136198 0.793826818
1341836560.776254 -3.246535301 -0.401414692 1.536310911 0.002461255 0.584358454 0.176539660 0.792056143
1341836560.808326 -3.243501186 -0.407841146 1.537292957 -0.002018930 0.583999336 0.176613227 0.792305827
1341836560.840419 -3.246485710 -0.411356330 1.543436527 -0.003973352 0.585587323 0.178294793 0.790748179
1341836560.876325 -3.254304886 -0.414160550 1.550088882 -0.002760454 0.588410258 0.179947883 0.788279533
1341836560.908357 -3.262442350 -0.404698730 1.555054188 0.001318555 0.589197993 0.179713696 0.787747979
1341836560.944404 -3.266547918 -0.406328261 1.563430786 0.001133057 0.589418113 0.178290591 0.787907004
1341836560.976295 -3.263592005 -0.434912026 1.551393986 -0.006459401 0.587963045 0.177176222 0.789218783
1341836561.008556 -3.268759012 -0.426430464 1.559679747 -0.002922135 0.590434194 0.176145360 0.787624061
1341836561.044416 -3.275342941 -0.410490215 1.576433182 0.002655073 0.592308581 0.175120294 0.786445439
1341836561.076367 -3.278269291 -0.412528515 1.580419779 0.000075385 0.592859864 0.171124622 0.786913931
1341836561.112398 -3.280097008 -0.413139939 1.584107518 -0.002601432 0.594331205 0.169022709 0.786253691
1341836561.144333 -3.281515837 -0.424485385 1.588459730 -0.004515091 0.595535517 0.172861308 0.784497321
1341836561.176591 -3.284317017 -0.427687466 1.592499018 -0.003795857 0.595880389 0.175558761 0.783639789
1341836561.212363 -3.285074711 -0.434704602 1.596043706 -0.006888878 0.596695602 0.173011810 0.783564806
1341836561.244392 -3.289752960 -0.428562582 1.603802681 -0.004370304 0.597322404 0.172774836 0.783157527
1341836561.276337 -3.293023586 -0.436163187 1.611253262 -0.004424716 0.596672177 0.174911290 0.783178627
1341836561.312402 -3.290813208 -0.430953264 1.619533300 -0.004810650 0.597092867 0.172909573 0.783300221
1341836561.344495 -3.294049263 -0.427299917 1.625770450 -0.004788605 0.597925782 0.169665635 0.783374369
1341836561.380447 -3.293299198 -0.435649216 1.628857851 -0.006075801 0.596397281 0.169427693 0.784581184
1341836561.412463 -3.294271231 -0.436308205 1.637549400 -0.006247321 0.596100986 0.166838199 0.785359561
1341836561.444383 -3.296330929 -0.436215341 1.638492584 -0.006992312 0.596006036 0.164791107 0.785857379
1341836561.480494 -3.298251390 -0.436720431 1.645464897 -0.007960916 0.597611129 0.163028792 0.784996271
1341836561.512334 -3.301172733 -0.441785991 1.650082231 -0.007634864 0.598074198 0.165615216 0.784104943
1341836561.544433 -3.302976608 -0.443402171 1.653180242 -0.008000020 0.598722816 0.165027216 0.783730209
1341836561.580361 -3.303108215 -0.448931754 1.655170918 -0.009824797 0.600066304 0.162662536 0.783176124
1341836561.612391 -3.301071405 -0.451567113 1.663480043 -0.010530224 0.602263093 0.162149742 0.781585336
1341836561.648336 -3.302313566 -0.456592321 1.666056871 -0.011102952 0.603399456 0.163051531 0.780512631
1341836561.680331 -3.292925835 -0.470715582 1.666659117 -0.016226085 0.606183171 0.161933258 0.778496206
1341836561.712414 -3.300051451 -0.464270234 1.673787355 -0.012264787 0.610055268 0.162108958 0.775501609
1341836561.748511 -3.310849667 -0.456046939 1.672781229 -0.007899746 0.609931588 0.162383363 0.775598228
1341836561.780401 -3.308409691 -0.466328979 1.671720743 -0.010220310 0.611517429 0.162207440 0.774358332
1341836561.812700 -3.308763266 -0.466142714 1.678186893 -0.009336230 0.614937782 0.161153167 0.771876931
1341836561.848579 -3.312056780 -0.465858459 1.681796074 -0.007758287 0.615361571 0.161567181 0.771470070
1341836561.880265 -3.312001228 -0.467458427 1.687626719 -0.009132372 0.617314100 0.161155045 0.769979835
1341836561.916312 -3.312247276 -0.475040853 1.696629763 -0.009955388 0.620384872 0.162103206 0.767297924
1341836561.951295 -3.315139055 -0.474836946 1.701354265 -0.006998489 0.621677101 0.163358316 0.766017437
1341836562.019341 -3.318625927 -0.476574719 1.708926916 -0.007591763 0.622207165 0.160674065 0.766149104
1341836562.080581 -3.319667816 -0.480941057 1.711337566 -0.007424730 0.623288810 0.161965623 0.764998734
1341836562.116439 -3.326907158 -0.475044489 1.715561628 -0.006670463 0.625483572 0.161254600 0.763362825
1341836562.148367 -3.333645821 -0.475128412 1.723706484 -0.006898050 0.628279805 0.160401568 0.761241257
1341836562.184511 -3.340532780 -0.479868233 1.734613180 -0.007093110 0.631139755 0.162294596 0.758467436
1341836562.219290 -3.344224215 -0.476265132 1.734166384 -0.004823133 0.631414354 0.163966179 0.757896900
1341836562.251425 -3.344174862 -0.483317137 1.739051700 -0.008588710 0.633261621 0.162009880 0.756742239
1341836562.287390 -3.347248316 -0.481355369 1.740824699 -0.007568170 0.634288311 0.164568707 0.755339801
1341836562.319250 -3.347895622 -0.482438505 1.746491194 -0.006065434 0.635679603 0.167667076 0.753500104
1341836562.352232 -3.349036455 -0.485248327 1.748715401 -0.006131336 0.637902260 0.168680742 0.751392007
1341836562.387730 -3.355340004 -0.476911128 1.754284620 -0.003119422 0.639256537 0.168629259 0.750270307
1341836562.419326 -3.358677626 -0.472958446 1.757857084 -0.003341913 0.637960851 0.166353747 0.751878440
1341836562.455394 -3.357671976 -0.483811796 1.758230448 -0.007866589 0.637957811 0.166808307 0.751746655
1341836562.487315 -3.359587431 -0.481046379 1.763322115 -0.007561483 0.639667749 0.168000668 0.750029206
1341836562.519469 -3.365663528 -0.473189235 1.768923283 -0.004264942 0.639387012 0.169230446 0.750018120
1341836562.555498 -3.363629341 -0.477527499 1.772090197 -0.006468424 0.637937546 0.167945027 0.751524031
1341836562.587360 -3.360956192 -0.483883262 1.774561882 -0.010972998 0.638772726 0.164000154 0.751633584
1341836562.623388 -3.361698389 -0.481084585 1.779016972 -0.009236127 0.640043795 0.165684342 0.750204921
1341836562.656832 -3.359137297 -0.488731802 1.778892040 -0.010776266 0.640871167 0.168079063 0.748944223
1341836562.687414 -3.358039379 -0.493184507 1.781078577 -0.012107247 0.643633127 0.168689445 0.746413946
1341836562.723392 -3.358245373 -0.489428401 1.783676624 -0.009208912 0.645103872 0.171174258 0.744617760
1341836562.755310 -3.355201244 -0.487318039 1.788760304 -0.010024772 0.646123707 0.169455558 0.744115889
1341836562.787756 -3.353774548 -0.487069011 1.791257381 -0.011544470 0.647816539 0.168435857 0.742852509
1341836562.823473 -3.356167316 -0.485306442 1.793556333 -0.010765261 0.650102973 0.168439865 0.740863204
1341836562.855234 -3.348730564 -0.489943504 1.796575308 -0.010938149 0.651272178 0.170318514 0.739402831
1341836562.891396 -3.346988440 -0.488885462 1.798249245 -0.009750035 0.651258767 0.171419710 0.739176691
1341836562.923404 -3.344244003 -0.492291451 1.800429344 -0.011685796 0.652515054 0.168473423 0.738717973
1341836562.955395 -3.342774153 -0.488258481 1.804981828 -0.011030645 0.654124022 0.167314053 0.737567723
1341836562.991509 -3.342495918 -0.485837340 1.806806803 -0.008428208 0.654441178 0.169943690 0.736719072
1341836563.023489 -3.338497639 -0.489728093 1.811949730 -0.009888308 0.655748427 0.169981793 0.735528648
1341836563.059412 -3.335622072 -0.488685548 1.814518690 -0.009956366 0.656732440 0.169697657 0.734714985
1341836563.091490 -3.330696344 -0.493206799 1.816474915 -0.011244851 0.657703876 0.171093941 0.733502626
1341836563.123526 -3.327559710 -0.497267365 1.819657445 -0.011286683 0.659843206 0.173493370 0.731012762
1341836563.159903 -3.326624393 -0.497546196 1.823413849 -0.009253087 0.661388934 0.175459400 0.729172885
1341836563.192322 -3.325174093 -0.493813276 1.827075481 -0.008573762 0.661867917 0.174038723 0.729086995
1341836563.227384 -3.320968151 -0.504752576 1.826715946 -0.010758627 0.662730098 0.174960911 0.728053391
1341836563.259586 -3.322089434 -0.496079147 1.830237865 -0.006277303 0.663486540 0.176343992 0.727082610
1341836563.291784 -3.319102287 -0.495299339 1.832409620 -0.005350183 0.663512647 0.176016793 0.727145493
1341836563.327381 -3.309245110 -0.511063695 1.832348347 -0.008969687 0.663879395 0.176881820 0.726564944
1341836563.359432 -3.310728312 -0.506202579 1.836283922 -0.006988430 0.664788067 0.173548877 0.726559639
1341836563.395723 -3.313959837 -0.490700901 1.841111183 -0.002096701 0.664651215 0.171372429 0.727231741
1341836563.427417 -3.307431221 -0.508860648 1.840105057 -0.007878313 0.664075077 0.171803162 0.727616608
1341836563.459328 -3.305309772 -0.511561275 1.843621016 -0.009090037 0.666368365 0.171136886 0.725660205
1341836563.495414 -3.308957100 -0.504796624 1.845747471 -0.004632430 0.667285740 0.173618779 0.724268556
1341836563.527734 -3.305454016 -0.507771552 1.846117496 -0.005072217 0.666695654 0.174300194 0.724645138
1341836563.563330 -3.304587126 -0.508584142 1.849029064 -0.006824224 0.667342007 0.171610162 0.724677861
1341836563.595336 -3.299584866 -0.516430736 1.849997401 -0.009306553 0.667567194 0.172202945 0.724302173
1341836563.627267 -3.298401833 -0.516515553 1.852017283 -0.008764817 0.667474985 0.173366353 0.724116325
1341836563.663448 -3.298007011 -0.517922223 1.852424145 -0.010193200 0.667939484 0.172787756 0.723807573
1341836563.695359 -3.300853491 -0.509283185 1.855154037 -0.008096058 0.668417573 0.171022564 0.723811924
1341836563.727466 -3.302768946 -0.507983804 1.857300043 -0.007903319 0.668391645 0.170456663 0.723971486
1341836563.763461 -3.299222946 -0.515807033 1.859133244 -0.011274967 0.669154704 0.171664864 0.722935736
1341836563.795366 -3.295336962 -0.517789483 1.863470912 -0.012730933 0.671458483 0.171923175 0.720710695
1341836563.827447 -3.298632145 -0.510599196 1.867129922 -0.009403615 0.672155440 0.173011795 0.719851077
1341836563.863324 -3.296224594 -0.515955985 1.868520856 -0.010528733 0.671917677 0.174824506 0.719619513
1341836563.895278 -3.295993805 -0.518442392 1.869112492 -0.011846143 0.672804892 0.174433559 0.718864501
1341836563.927597 -3.297893047 -0.512626350 1.871840954 -0.008775820 0.673515320 0.174785808 0.718157411
1341836563.963416 -3.299282551 -0.513891399 1.875257254 -0.006070361 0.673734963 0.177373067 0.717344522
1341836563.995418 -3.296155930 -0.518349767 1.879217148 -0.007604911 0.673756301 0.177316263 0.717323959
1341836564.031385 -3.295249224 -0.518950820 1.882726789 -0.009281380 0.674660921 0.174648091 0.717108488
1341836564.063489 -3.298270226 -0.509182572 1.885093451 -0.005743817 0.675057411 0.174736232 0.716750801
1341836564.095401 -3.296847582 -0.516017020 1.888180971 -0.006849433 0.676088512 0.177416816 0.715108812
1341836564.131464 -3.297498465 -0.516214013 1.889831066 -0.006524826 0.677787423 0.178719476 0.713176608
1341836564.163332 -3.295046091 -0.519885123 1.889851093 -0.007017453 0.678453505 0.179982871 0.712220252
1341836564.195307 -3.297466993 -0.518360555 1.894992590 -0.004984731 0.679038167 0.181652486 0.711255729
1341836564.231400 -3.297156811 -0.518153250 1.896886110 -0.004717635 0.678465605 0.181863755 0.711749792
1341836564.263512 -3.290445328 -0.531143308 1.897469878 -0.009608403 0.679406643 0.181715071 0.710840344
1341836564.295354 -3.293287277 -0.523152292 1.902239919 -0.005273269 0.680159867 0.182509854 0.709961236
1341836564.331382 -3.294105291 -0.523791075 1.901236176 -0.004974767 0.678748786 0.181504324 0.711569786
1341836564.363288 -3.294023752 -0.525291562 1.901709080 -0.007094411 0.679273009 0.179157674 0.711646259
1341836564.396337 -3.291493893 -0.531316876 1.903576493 -0.008198421 0.680007458 0.181134731 0.710431457
1341836564.431406 -3.292543173 -0.529055238 1.904049873 -0.006897249 0.680521607 0.182189047 0.709682941
1341836564.463308 -3.291481495 -0.521246493 1.906516075 -0.006312195 0.681110084 0.181805372 0.709222138
1341836564.499232 -3.290823460 -0.526415706 1.906153679 -0.008160112 0.681153297 0.181046888 0.709355772
1341836564.531509 -3.290223122 -0.531413853 1.904541492 -0.009424559 0.680548787 0.180664733 0.710017443
1341836564.564458 -3.290799618 -0.532858491 1.905205250 -0.009727939 0.681079388 0.180275917 0.709603310
1341836564.599215 -3.290638447 -0.531290829 1.904244900 -0.009627659 0.682300031 0.179461747 0.708637774
1341836564.631361 -3.292151690 -0.530335188 1.904319763 -0.008647052 0.682609797 0.180133849 0.708181381
1341836564.664403 -3.290104151 -0.530257285 1.903784037 -0.009234443 0.681507885 0.179908693 0.709291637
1341836564.699246 -3.284476280 -0.536923766 1.902171016 -0.013613347 0.681629121 0.178058758 0.709571302
1341836564.731521 -3.289467335 -0.528260708 1.903609633 -0.010656421 0.682821929 0.177501276 0.708614051
1341836564.767617 -3.290478706 -0.525838614 1.903512955 -0.008080615 0.681813538 0.180150777 0.708950400
1341836564.799280 -3.290762663 -0.532442451 1.901407480 -0.011348378 0.681098163 0.177510515 0.710258007
1341836564.832295 -3.289120913 -0.529078901 1.904942393 -0.012526579 0.682219207 0.175700754 0.709612072
1341836564.867842 -3.290781021 -0.527487397 1.905702949 -0.010539307 0.681809247 0.177414685 0.709611952
1341836564.899297 -3.291852713 -0.526361585 1.904212832 -0.010320727 0.680857778 0.177485451 0.710510492
1341836564.935266 -3.287114143 -0.526984513 1.903742671 -0.012791486 0.680696964 0.176395640 0.710895598
1341836564.967281 -3.293091297 -0.524032235 1.903070569 -0.012757903 0.680462956 0.173297465 0.711881578
1341836564.999531 -3.289287329 -0.529395878 1.904213428 -0.014004042 0.680213511 0.174255446 0.711862683
1341836565.035467 -3.287688255 -0.531739414 1.901607037 -0.013962007 0.680410922 0.175717309 0.711315274
