4519.525823 0.000000000 0.000000000 0.000000000 0.000000000 0.000000000 0.000000000 1.000000000
4519.562686 0.019842826 0.000465802 0.001412753 -0.002117347 -0.007110568 0.002860908 0.999968350
4519.599550 0.039628901 0.000687041 0.005039858 -0.003800169 -0.014181221 0.005225944 0.999878526
4519.636413 0.061081935 0.001918516 0.005085506 -0.005659258 -0.020785743 0.007352793 0.999740899
4519.673276 0.085458562 0.003714414 0.005023614 -0.008303743 -0.026406027 0.009203672 0.999574423
4519.710140 0.107530989 0.005486828 0.005229567 -0.011609464 -0.028569648 0.011459031 0.999458730
4519.747004 0.128752068 0.004330776 0.007243631 -0.014832191 -0.028732665 0.012163299 0.999403059
4519.783867 0.147722200 0.003573320 0.011874995 -0.016879752 -0.026138607 0.014565554 0.999409676
4519.820730 0.167560786 0.002952526 0.016513288 -0.017700478 -0.021836296 0.015451993 0.999485433
4519.857594 0.188833058 0.003011880 0.017123908 -0.017511263 -0.016797131 0.016053731 0.999576628
4519.894457 0.206889972 0.004345020 0.019425943 -0.017166113 -0.010356789 0.016845457 0.999657094
4519.931321 0.229303434 0.002836789 0.019483631 -0.018489314 -0.005627151 0.015012302 0.999700487
4519.968184 0.246009320 0.002906836 0.025942203 -0.018875923 -0.000399738 0.014131987 0.999721825
4520.005048 0.262650520 0.003481343 0.029866563 -0.018014086 0.003870004 0.013178833 0.999743342
4520.041911 0.281381726 -0.001805456 0.031928465 -0.017533900 0.006061564 0.011569492 0.999760926
4520.078774 0.297374427 -0.003770470 0.037234649 -0.014624807 0.008075496 0.010459225 0.999805748
4520.115638 0.310118735 -0.010879862 0.042976506 -0.012699749 0.010413029 0.009304849 0.999821842
4520.152501 0.325681239 -0.007833967 0.048436593 -0.010517403 0.012580044 0.009679561 0.999818683
4520.189365 0.341590673 -0.010960369 0.054045852 -0.010610612 0.012900295 0.010128659 0.999809206
4520.226228 0.352761000 -0.019754782 0.064688422 -0.010807455 0.010737917 0.009840765 0.999835491
4520.263092 0.370919287 -0.031066762 0.074895322 -0.010771418 0.004695345 0.008850572 0.999891818
4520.299955 0.382997215 -0.033745617 0.086629637 -0.007809038 0.000535140 0.008173546 0.999935925
4520.336818 0.402042031 -0.035635564 0.104012653 -0.006214369 -0.003902721 0.007371788 0.999945879
4520.373682 0.418098241 -0.044523958 0.114500619 -0.007323242 -0.005987796 0.007792148 0.999924898
4520.410546 0.426727742 -0.055213973 0.127018660 -0.008821528 -0.006111386 0.009354780 0.999898672
4520.447409 0.445451856 -0.059679188 0.144004941 -0.008324811 -0.007766840 0.009285801 0.999892056
4520.484272 0.466799885 -0.063481972 0.157076716 -0.006355840 -0.008801463 0.008343929 0.999906242
4520.521136 0.482308358 -0.075756028 0.162372291 -0.006036952 -0.007435696 0.008226514 0.999920309
4520.557999 0.498238325 -0.083950557 0.174717993 -0.004875284 -0.005055042 0.008685376 0.999937594
4520.594863 0.520137608 -0.085404590 0.191834465 -0.002437460 -0.003578970 0.007530626 0.999962270
4520.631726 0.529580116 -0.104601435 0.201816067 -0.003173742 -0.000992753 0.003183055 0.999989390
4520.668590 0.542493343 -0.111736380 0.219677776 0.000076479 0.002622272 -0.000095874 0.999996543
4520.705453 0.554701090 -0.122995175 0.228408992 0.002382652 0.007486206 -0.002607573 0.999965727
4520.742316 0.564546824 -0.125014037 0.238646924 0.005986032 0.014595152 -0.002802571 0.999871612
4520.779180 0.589334190 -0.140065983 0.247562915 0.005783239 0.017548688 -0.003254716 0.999823987
4520.816043 0.608967483 -0.153504446 0.258904397 0.004987118 0.019379880 -0.002840230 0.999795735
4520.852907 0.618127644 -0.156408474 0.271115750 0.006769700 0.019073816 -0.002840933 0.999791145
4520.889771 0.631004095 -0.164389566 0.285505176 0.008227289 0.015129608 -0.001820907 0.999850035
4520.926634 0.641868949 -0.166527569 0.298626810 0.010979327 0.009454188 -0.001582583 0.999893785
4520.963497 0.651178360 -0.166098461 0.316885531 0.013780294 0.004773406 -0.000213101 0.999893606
4521.000361 0.661410809 -0.171566144 0.331432104 0.016311483 0.000157310 -0.002838643 0.999862909
4521.037224 0.677740932 -0.179005206 0.345177561 0.019223049 -0.003389346 -0.005716749 0.999793112
4521.074088 0.687381864 -0.183347702 0.359911561 0.023567926 -0.003828040 -0.007743202 0.999684930
4521.110951 0.696335316 -0.184320852 0.374107778 0.029124655 -0.004283248 -0.010913768 0.999507070
4521.147814 0.712898791 -0.191256121 0.378568590 0.034117382 -0.006290007 -0.014694533 0.999289989
4521.184678 0.725214601 -0.209345505 0.396140754 0.036945086 -0.008333151 -0.020145746 0.999079466
4521.221541 0.731719851 -0.216140300 0.412265122 0.040962704 -0.011091382 -0.025478007 0.998774230
4521.258405 0.753015161 -0.217730939 0.423589408 0.046435010 -0.018558351 -0.030563515 0.998281121
4521.295268 0.761776924 -0.224173605 0.440901786 0.050412208 -0.025007831 -0.037464429 0.997712195
4521.332132 0.773946464 -0.228212491 0.456004620 0.052896518 -0.032230549 -0.043911666 0.997113287
4521.368995 0.782741964 -0.234772265 0.471555233 0.055143844 -0.039611079 -0.049847201 0.996446371
4521.405859 0.785176277 -0.251759976 0.494991302 0.055510323 -0.047293641 -0.056285508 0.995747864
4521.442722 0.799497962 -0.275460213 0.508904994 0.052187167 -0.058144197 -0.061303880 0.995056570
4521.479586 0.819488466 -0.271075070 0.519940615 0.052057948 -0.070849791 -0.068137966 0.993794501
4521.516449 0.818922639 -0.272960812 0.535499573 0.049824107 -0.080557384 -0.072390988 0.992868364
4521.553312 0.832231820 -0.286648005 0.554967523 0.044902194 -0.094592564 -0.078091010 0.991432250
4521.590176 0.840192199 -0.290650189 0.575904489 0.041122422 -0.106176428 -0.080694467 0.990214050
4521.627039 0.850810707 -0.307156771 0.592911482 0.034579575 -0.116382703 -0.082316637 0.989183128
4521.663903 0.855439484 -0.308454275 0.609233797 0.032265302 -0.122063562 -0.083068907 0.988513529
4521.700766 0.863072753 -0.303499430 0.626808047 0.031441286 -0.126166537 -0.084489696 0.987904310
4521.737629 0.857539713 -0.304546863 0.648415327 0.030737756 -0.127345845 -0.089789592 0.987307489
4521.774493 0.873380482 -0.311008602 0.662565172 0.031024942 -0.132127553 -0.094646856 0.986215830
4521.811357 0.882719338 -0.312454492 0.680609941 0.031939268 -0.135394886 -0.099257834 0.985289812
4521.848220 0.884140193 -0.318054706 0.703562498 0.032128476 -0.138230503 -0.104849681 0.984310210
4521.885083 0.892209053 -0.325105935 0.722888589 0.030045884 -0.144452304 -0.108603977 0.983074725
4521.921947 0.888905287 -0.332852244 0.737196445 0.026925124 -0.151172712 -0.113240600 0.981630445
4521.958810 0.889274836 -0.333824158 0.754046619 0.025120523 -0.161368653 -0.117558025 0.979545414
4521.995674 0.898015678 -0.341586083 0.776426435 0.022547083 -0.173922777 -0.122343116 0.976869822
4522.032537 0.914266884 -0.347722858 0.799443901 0.019404490 -0.184927180 -0.125401244 0.974525511
4522.069401 0.923980296 -0.354828030 0.818206251 0.012624783 -0.189674422 -0.128762990 0.973285317
4522.106264 0.935544252 -0.357287973 0.837669849 0.006940058 -0.191417426 -0.132300854 0.972526431
4522.143128 0.940647125 -0.363038361 0.854098558 0.001604378 -0.189458385 -0.139567807 0.971917570
4522.179991 0.956925511 -0.372101486 0.871476114 -0.000249781 -0.188776568 -0.150420442 0.970431328
4522.216854 0.967862248 -0.380866468 0.886699557 0.000710870 -0.185182676 -0.160125494 0.969570339
4522.253718 0.982612014 -0.383056968 0.903295040 0.002742008 -0.180707753 -0.163569108 0.969836235
4522.290581 0.993035316 -0.392105967 0.914294600 0.001932166 -0.175361961 -0.166065350 0.970395207
4522.327445 0.994694829 -0.396560252 0.925040781 0.001925058 -0.170411453 -0.166733086 0.971162379
4522.364308 0.998078465 -0.405817509 0.939579487 0.000486140 -0.170087039 -0.168908790 0.970844984
4522.401171 1.009942293 -0.406829625 0.953936338 0.000866296 -0.177230582 -0.169168472 0.969520867
4522.438035 1.024867773 -0.409750313 0.973076820 0.001798537 -0.188981548 -0.170517921 0.967060685
4522.474899 1.034389019 -0.414534539 0.986536801 0.002573479 -0.200249359 -0.174552292 0.964066982
4522.511762 1.050479412 -0.412338346 1.004874945 0.005908864 -0.213133976 -0.179194093 0.960431397
4522.548625 1.068722844 -0.413310498 1.018472195 0.008366019 -0.222676516 -0.182698652 0.957583606
4522.585489 1.082089067 -0.419393063 1.031659961 0.010682900 -0.230368793 -0.187906832 0.954728842
4522.622352 1.089143991 -0.419549048 1.043617487 0.016131707 -0.236793995 -0.192176759 0.952227116
4522.659216 1.105949759 -0.418139368 1.060606718 0.021770516 -0.245035484 -0.195589334 0.949330509
4522.696079 1.119784832 -0.433400959 1.068605185 0.023610335 -0.252883643 -0.202833325 0.945701361
4522.732943 1.129101872 -0.436439812 1.083211303 0.026091527 -0.261178076 -0.208727986 0.942092299
4522.769806 1.144667983 -0.438547611 1.096904635 0.025823610 -0.271718502 -0.213334396 0.938078165
4522.806669 1.151511312 -0.436277390 1.113790751 0.021924281 -0.281565964 -0.216057092 0.934643924
4522.843533 1.162220716 -0.441435933 1.123598456 0.013502344 -0.291450381 -0.217760801 0.931372404
4522.880396 1.171144128 -0.442302257 1.123452544 0.005495075 -0.301419556 -0.220440596 0.927643239
4522.917260 1.191380501 -0.444766223 1.139710188 -0.002845635 -0.317841619 -0.218382090 0.922647178
4522.954123 1.211108804 -0.451185524 1.155895948 -0.009639561 -0.334386796 -0.217445046 0.916957021
4522.990987 1.221383333 -0.450654060 1.161898494 -0.015705206 -0.345219135 -0.214975193 0.913434565
4523.027850 1.234647751 -0.451042414 1.166944385 -0.021281019 -0.352022141 -0.212252840 0.911359549
4523.064714 1.248510718 -0.449293196 1.176614642 -0.023621975 -0.356025368 -0.208079621 0.910708964
4523.101577 1.265087128 -0.451241285 1.178050280 -0.025500571 -0.355263531 -0.204151377 0.911844134
4523.138441 1.279343009 -0.454875380 1.180575252 -0.028407782 -0.352878898 -0.201279283 0.913321495
4523.175304 1.298547983 -0.451390833 1.178620577 -0.030645797 -0.349978268 -0.197726190 0.915139556
4523.212167 1.322257400 -0.451311797 1.184744239 -0.032474663 -0.350541085 -0.195309713 0.915379941
4523.249031 1.344387770 -0.455213964 1.199428678 -0.033405729 -0.353421003 -0.195930392 0.914105535
4523.285894 1.366668224 -0.455812424 1.197156668 -0.032792903 -0.352848202 -0.197240964 0.914067149
4523.322758 1.388230205 -0.454045057 1.192511797 -0.030459916 -0.349832058 -0.199570581 0.914801240
4523.359621 1.414530516 -0.456091940 1.196698904 -0.029398153 -0.348312974 -0.200658858 0.915177524
4523.396485 1.436871052 -0.448539734 1.197973847 -0.028538847 -0.344934821 -0.200042889 0.916617870
4523.433348 1.460843325 -0.447718441 1.194796443 -0.028287785 -0.342789292 -0.199936271 0.917453408
4523.470212 1.494934916 -0.451592445 1.208150506 -0.026814396 -0.348097146 -0.201218277 0.915216148
4523.507075 1.519538760 -0.447373450 1.206065655 -0.025285210 -0.349876165 -0.200963125 0.914637148
4523.543938 1.541976929 -0.456204325 1.208982587 -0.026148813 -0.352155805 -0.204176709 0.913024843
4523.580802 1.567792177 -0.474667549 1.219509125 -0.030962273 -0.354450464 -0.203514904 0.912133694
4523.617665 1.603670120 -0.472822696 1.228797078 -0.029662589 -0.357243478 -0.201862991 0.911454082
4523.654529 1.624958754 -0.491484821 1.234729409 -0.031897552 -0.358409047 -0.202949479 0.910679400
4523.691392 1.636352658 -0.500442743 1.220129609 -0.029484833 -0.356032223 -0.207404971 0.910689235
4523.728256 1.661488771 -0.460671216 1.212891579 -0.018142624 -0.357116371 -0.203372210 0.911470532
4523.765119 1.683465123 -0.465861768 1.217275381 -0.015371078 -0.362265587 -0.201170102 0.909976900
4523.801983 1.712876439 -0.481091321 1.232870579 -0.013965220 -0.371407151 -0.195437282 0.907560408
4523.838846 1.732473612 -0.484651208 1.235008240 -0.009488704 -0.374512613 -0.192717388 0.906923473
4523.875710 1.758960724 -0.514670730 1.254103065 -0.010672862 -0.380667478 -0.192197353 0.904454827
4523.912573 1.779310465 -0.521272421 1.254308820 -0.007352794 -0.381684631 -0.191763654 0.904151201
4523.949436 1.793772101 -0.503694296 1.266662121 -0.001004521 -0.384170145 -0.188278973 0.903860211
4523.986300 1.812661886 -0.498787224 1.273137569 0.004623435 -0.389011174 -0.186392501 0.902167797
4524.023163 1.842824221 -0.506719291 1.289349079 0.008702295 -0.398609489 -0.187029034 0.897805572
4524.060027 1.852585793 -0.511918783 1.301333189 0.011328053 -0.404296696 -0.192108497 0.894153297
4524.096890 1.865674734 -0.540186048 1.310491443 0.006396097 -0.408754915 -0.199887455 0.890462458
4524.133754 1.885030627 -0.545147538 1.321088076 0.005030625 -0.412738442 -0.205704421 0.887303412
4524.170617 1.909454465 -0.530205786 1.339040518 0.006742150 -0.417547703 -0.208696261 0.884338379
4524.207481 1.926737428 -0.526112735 1.344349623 0.004513287 -0.418886423 -0.212880790 0.882720530
4524.244344 1.944303155 -0.535820007 1.357940674 -0.001400242 -0.421909094 -0.217774019 0.880093873
4524.281207 1.962332129 -0.538892031 1.365397215 -0.003936735 -0.425282657 -0.222113505 0.877373755
4524.318071 1.980910897 -0.544364810 1.378401518 -0.003918166 -0.431196243 -0.224376515 0.873904824
4524.354934 1.997709036 -0.554784477 1.387561202 -0.004266914 -0.436770409 -0.225550562 0.870827377
4524.391798 2.015183926 -0.548643649 1.387666345 -0.002895310 -0.438694477 -0.225484401 0.869882524
4524.428661 2.035459518 -0.549659371 1.394233584 -0.005570967 -0.440635920 -0.225256845 0.868946671
4524.465524 2.056715250 -0.553941250 1.407847404 -0.009573328 -0.444336772 -0.224817783 0.867139041
4524.502388 2.074833632 -0.554666400 1.413414478 -0.011991130 -0.447376639 -0.224895924 0.865524232
4524.539252 2.095010757 -0.555661201 1.420871854 -0.013893403 -0.451681376 -0.225877196 0.863000810
4524.576115 2.123589754 -0.547350407 1.431156158 -0.014400014 -0.456710696 -0.224268764 0.860762119
4524.612978 2.149284363 -0.543292999 1.440618992 -0.014325881 -0.460666478 -0.224316001 0.858640492
4524.649842 2.172448158 -0.542249739 1.447462559 -0.014322829 -0.463310957 -0.225115046 0.857007027
4524.686705 2.196260929 -0.543257177 1.458490849 -0.015197705 -0.465833277 -0.225662261 0.855479300
4524.723569 2.215673447 -0.537949443 1.461081505 -0.016734356 -0.464846909 -0.227615327 0.855469763
4524.760432 2.237371683 -0.542323709 1.469668150 -0.021189079 -0.465254664 -0.229872033 0.854545474
4524.797296 2.257977962 -0.548733711 1.473380566 -0.025553919 -0.466314256 -0.233020231 0.852994442
4524.834159 2.279447556 -0.549442768 1.479090333 -0.028409138 -0.468417704 -0.234954849 0.851219118
4524.871022 2.300655365 -0.554858327 1.488517523 -0.031570919 -0.470442355 -0.236595720 0.849534988
4524.907886 2.328673124 -0.567275763 1.496336341 -0.035659332 -0.471459359 -0.235940769 0.848991454
4524.944749 2.345245123 -0.576140881 1.500403047 -0.036972597 -0.469547927 -0.235957175 0.849989414
4524.981613 2.369306564 -0.571853876 1.511111498 -0.033786144 -0.468218893 -0.233849078 0.851436555
4525.018476 2.388802767 -0.577812850 1.521112561 -0.030548694 -0.466516793 -0.231698319 0.853079557
4525.055340 2.410048485 -0.587188244 1.537024498 -0.027917696 -0.466110915 -0.228518620 0.854248464
4525.092203 2.424508572 -0.589817166 1.543197751 -0.024679432 -0.465227723 -0.224772871 0.855821967
4525.129067 2.439119816 -0.601688087 1.551561117 -0.023783715 -0.466821223 -0.222080216 0.855682552
4525.165930 2.455701351 -0.608837545 1.563999057 -0.022563208 -0.471169889 -0.220029652 0.853859961
4525.202794 2.471394539 -0.612615287 1.575693130 -0.019856287 -0.477072597 -0.219441965 0.850795329
4525.239657 2.484320879 -0.620546877 1.587880611 -0.017126959 -0.483719468 -0.220437720 0.846834838
4525.276520 2.497612476 -0.629511714 1.601144314 -0.014395826 -0.490608156 -0.221569151 0.842617035
4525.313384 2.514143705 -0.632927418 1.618429899 -0.010409656 -0.497279823 -0.221784517 0.838698983
4525.350247 2.528180599 -0.640433788 1.632844687 -0.007062446 -0.501931787 -0.222223118 0.835841715
4525.387111 2.542744160 -0.651770413 1.650526047 -0.004442760 -0.506240368 -0.221898690 0.833343804
4525.423974 2.554823875 -0.663431287 1.668396235 -0.002128083 -0.509706616 -0.221943036 0.831225514
4525.460838 2.572293282 -0.672600389 1.689161658 -0.002052162 -0.512750387 -0.221952468 0.829349101
4525.497701 2.577335358 -0.680783391 1.705530882 -0.004367709 -0.513610065 -0.225649402 0.827809095
4525.534564 2.592862606 -0.686348736 1.724213839 -0.006932305 -0.515925109 -0.227531642 0.825834513
4525.571428 2.602378845 -0.695698202 1.742804646 -0.008718423 -0.518440366 -0.230216548 0.823494971
4525.608291 2.604911804 -0.700525463 1.759189606 -0.008112285 -0.520161629 -0.231768250 0.821979046
4525.645155 2.611011505 -0.704834700 1.775334597 -0.008466381 -0.521674335 -0.230927289 0.821253181
4525.682018 2.616014004 -0.715014279 1.795956850 -0.010931240 -0.522591174 -0.230240151 0.820834041
4525.718882 2.621076584 -0.717838705 1.818469524 -0.015129387 -0.522780478 -0.228395477 0.821162105
4525.755745 2.624917030 -0.725696325 1.835663319 -0.018191436 -0.522994518 -0.228150591 0.821031749
4525.792609 2.629967451 -0.729536772 1.847043157 -0.018290991 -0.523801744 -0.228437588 0.820434928
4525.829472 2.633747339 -0.727429152 1.872065425 -0.020197101 -0.526783407 -0.224443734 0.819582999
4525.866336 2.637813568 -0.740117729 1.892292261 -0.021267654 -0.528752804 -0.224214867 0.818349481
4525.903199 2.637803793 -0.751026332 1.910429597 -0.022793101 -0.528788805 -0.225176156 0.818021119
4525.940063 2.640525579 -0.745785713 1.928845286 -0.023378583 -0.527980566 -0.224727973 0.818649709
4525.976926 2.644735813 -0.759144306 1.949703455 -0.026752779 -0.528038442 -0.225737587 0.818231165
4526.013789 2.643646717 -0.789564490 1.967279673 -0.032990549 -0.527720630 -0.229340270 0.817205966
4526.050653 2.644640446 -0.813912392 1.998815775 -0.037327599 -0.528986633 -0.232769981 0.815228760
4526.087516 2.638282299 -0.809106648 1.999243021 -0.037068550 -0.523956954 -0.234244019 0.818061590
4526.124380 2.633459091 -0.818160653 2.022353649 -0.039373465 -0.521900833 -0.235809907 0.818818033
4526.161243 2.631363153 -0.820300281 2.052830696 -0.040166862 -0.521054626 -0.236610830 0.819087327
4526.198107 2.626691818 -0.831082225 2.080440044 -0.043039504 -0.520325780 -0.237377033 0.819183052
4526.234970 2.627506733 -0.841648102 2.106341362 -0.045886494 -0.519689143 -0.237582803 0.819372952
4526.271834 2.621690273 -0.845686913 2.120298862 -0.050422627 -0.516192496 -0.236763164 0.821551025
4526.308697 2.619420052 -0.855207503 2.146488428 -0.056831170 -0.516280830 -0.235558569 0.821423471
4526.345560 2.616456985 -0.863187373 2.165666580 -0.061159980 -0.517759323 -0.234771982 0.820406556
4526.382424 2.615207195 -0.883015513 2.189946413 -0.065559089 -0.521156132 -0.235952511 0.817572474
4526.419287 2.612619400 -0.878897071 2.210782051 -0.067857102 -0.523506045 -0.232836112 0.816776693
4526.456151 2.612663746 -0.883224964 2.222461700 -0.070550784 -0.522985816 -0.231590539 0.817235708
4526.493014 2.611468792 -0.886995077 2.236433029 -0.073006868 -0.521034896 -0.231441438 0.818307698
4526.529877 2.613003731 -0.893995643 2.264608145 -0.077261634 -0.520798564 -0.230439350 0.818350255
4526.566741 2.613956213 -0.899285734 2.283455849 -0.078742981 -0.519182146 -0.230944455 0.819093466
4526.603605 2.615643024 -0.903878510 2.310552835 -0.079150550 -0.519476831 -0.230841219 0.818896413
4526.640468 2.617670774 -0.911989152 2.325894356 -0.080371886 -0.517957091 -0.231999904 0.819412529
4526.677331 2.620383024 -0.917177141 2.342565298 -0.080303460 -0.517716765 -0.234653160 0.818815410
4526.714195 2.625364304 -0.920655370 2.367906332 -0.080265708 -0.520405293 -0.235767588 0.816792130
4526.751058 2.627667904 -0.924853504 2.391146898 -0.079911120 -0.524070442 -0.237030938 0.814113438
4526.787922 2.629798889 -0.938327491 2.414029360 -0.077900089 -0.527144313 -0.240763411 0.811223447
4526.824785 2.640003204 -0.943610549 2.433105469 -0.074849054 -0.528941154 -0.241620943 0.810085297
4526.861649 2.647465229 -0.951410115 2.452435732 -0.070755281 -0.529861629 -0.243434936 0.809308231
4526.898512 2.655325174 -0.966392577 2.473756552 -0.069742925 -0.530310035 -0.245642766 0.808434844
4526.935375 2.662466288 -0.978287995 2.494107962 -0.068750165 -0.529335022 -0.249090925 0.808103681
4526.972239 2.669941425 -0.989009500 2.517510653 -0.067309350 -0.529931903 -0.252451628 0.806789815
4527.009102 2.677835941 -0.999446392 2.537444115 -0.064054608 -0.530220270 -0.256840914 0.805478930
4527.045966 2.686011791 -1.006587386 2.564793825 -0.061661087 -0.530975401 -0.260186166 0.804093361
4527.082829 2.693855286 -1.016629100 2.582104683 -0.060062494 -0.529297471 -0.264658779 0.803860962
4527.119693 2.701534986 -1.028262138 2.600461006 -0.058974028 -0.528637111 -0.267986983 0.803273201
4527.156556 2.708297253 -1.042443275 2.616072655 -0.058563512 -0.527962923 -0.269589603 0.803210378
4527.193420 2.714345455 -1.051469445 2.632170916 -0.054804605 -0.527390063 -0.271216929 0.803304136
4527.230283 2.717661858 -1.056216002 2.661293030 -0.052171517 -0.528613925 -0.271568865 0.802555799
4527.267147 2.720030785 -1.070677757 2.680576801 -0.053825583 -0.527434468 -0.272798717 0.802805424
4527.304010 2.723422050 -1.069520712 2.702553272 -0.049091436 -0.527990580 -0.270667136 0.803464532
4527.340873 2.727289915 -1.076693296 2.720560789 -0.046445295 -0.529318690 -0.269061595 0.803287268
4527.377737 2.730549335 -1.083194017 2.735916615 -0.042904701 -0.530197680 -0.268896639 0.802959681
4527.414600 2.729319811 -1.089167356 2.755774260 -0.041504666 -0.530887008 -0.267875314 0.802919149
4527.451464 2.728474855 -1.098573446 2.780436516 -0.042874031 -0.531715035 -0.266342193 0.802809298
4527.488327 2.727980375 -1.106264591 2.800650120 -0.045147210 -0.530320585 -0.265275538 0.803959429
4527.525191 2.727051735 -1.112899065 2.821923494 -0.046677291 -0.530142009 -0.264435202 0.804266572
4527.562054 2.722764254 -1.120711565 2.840234995 -0.047284577 -0.530654013 -0.265885413 0.803414881
4527.598917 2.724092007 -1.132134676 2.860919714 -0.047871064 -0.534268916 -0.266596049 0.800744474
4527.635781 2.719961643 -1.140508652 2.882633209 -0.047705736 -0.537148774 -0.268414825 0.798216045
4527.672644 2.716778755 -1.148350000 2.904635906 -0.048534360 -0.538432717 -0.269778341 0.796840191
4527.709508 2.712095499 -1.151802063 2.925901175 -0.049101043 -0.536960900 -0.270018250 0.797716916
4527.746372 2.710459948 -1.157881498 2.946616173 -0.048230845 -0.534561157 -0.272855043 0.798416138
4527.783235 2.710318089 -1.169400930 2.968717813 -0.049549662 -0.531586945 -0.277523398 0.798712075
4527.820098 2.710393906 -1.181048274 2.983444214 -0.047606684 -0.527194321 -0.285471052 0.798940599
4527.856962 2.709580898 -1.189275265 3.002766848 -0.046891678 -0.524207354 -0.290920258 0.798982620
4527.893825 2.709471226 -1.194494247 3.022733927 -0.046323914 -0.522619784 -0.294051200 0.798909605
4527.930689 2.706122637 -1.197795868 3.042461395 -0.049433086 -0.520910501 -0.293141901 0.800172746
4527.967552 2.705928326 -1.201881886 3.059715271 -0.052606504 -0.521877527 -0.293473184 0.799218297
4528.004415 2.704370022 -1.207092047 3.077394009 -0.055140689 -0.526373565 -0.294483721 0.795719624
4528.041279 2.702777386 -1.210608006 3.092956066 -0.055723816 -0.532483876 -0.296504050 0.790848374
4528.078142 2.702349424 -1.215515256 3.113568783 -0.056600902 -0.540753663 -0.297535092 0.784764051
4528.115006 2.702795029 -1.222401857 3.129477501 -0.056330852 -0.545532167 -0.300678611 0.780265272
4528.151869 2.704391479 -1.225227833 3.150804996 -0.054259524 -0.550502121 -0.301081628 0.776758134
4528.188733 2.703507900 -1.232277632 3.166628361 -0.050258927 -0.552930713 -0.305585384 0.773536801
4528.225596 2.704604387 -1.238309860 3.184541702 -0.044295482 -0.555874884 -0.310438484 0.769849956
4528.262460 2.706377029 -1.244289756 3.202816486 -0.038826156 -0.559520900 -0.314135164 0.765994728
4528.299323 2.707747459 -1.253053904 3.220518589 -0.034622472 -0.564485312 -0.318293244 0.760819972
4528.336187 2.712589741 -1.263925433 3.238043547 -0.032507047 -0.569933891 -0.322573036 0.755026698
4528.373050 2.723141670 -1.254597902 3.279771566 -0.038661964 -0.579156339 -0.314471900 0.751126230
4528.409913 2.712646961 -1.276370525 3.270779848 -0.030968720 -0.579905689 -0.328949273 0.744676292
4528.446777 2.724577904 -1.274403572 3.315826893 -0.028693773 -0.593238950 -0.325900406 0.735549569
4528.483640 2.713002443 -1.296194315 3.300638437 -0.030101370 -0.592220187 -0.335365623 0.732051313
4528.520504 2.714886665 -1.297203064 3.316417456 -0.031351313 -0.596321166 -0.335732937 0.728492677
4528.557367 2.713512182 -1.308076501 3.332662582 -0.034952756 -0.601526558 -0.338126123 0.722921133
4528.594230 2.711227655 -1.314667344 3.345980644 -0.036475942 -0.606607139 -0.338710189 0.718312383
4528.631094 2.710839033 -1.330947161 3.366769791 -0.039653055 -0.614788532 -0.339815408 0.710625172
4528.667958 2.707364798 -1.339089751 3.383073330 -0.043428466 -0.620742679 -0.339291692 0.705459893
4528.704821 2.702975750 -1.346863747 3.397149563 -0.044877287 -0.626095295 -0.338816524 0.700852334
4528.741684 2.697265148 -1.353085399 3.409568310 -0.046018414 -0.631237805 -0.337523699 0.696777463
4528.778548 2.691519260 -1.359088540 3.422860861 -0.045960326 -0.636780202 -0.335597873 0.692656279
4528.815411 2.677555561 -1.357789278 3.431894541 -0.043065369 -0.641095579 -0.334499180 0.689385355
4528.852275 2.670023918 -1.361261129 3.446523666 -0.040408198 -0.646157026 -0.331974536 0.686032891
4528.889138 2.659650803 -1.364107132 3.454462290 -0.036844362 -0.648093581 -0.332365483 0.684215188
4528.926002 2.649984598 -1.371514201 3.468398809 -0.035400212 -0.651718199 -0.332671732 0.680690646
4528.962865 2.638728142 -1.375662804 3.479925632 -0.032968711 -0.655516803 -0.333167970 0.676912069
4528.999729 2.626520634 -1.379346013 3.491816521 -0.030422093 -0.660462022 -0.333769649 0.671909392
4529.036592 2.608155727 -1.389244676 3.507421732 -0.031830028 -0.665898979 -0.336282760 0.665191114
4529.073455 2.591918230 -1.398112178 3.523606300 -0.034666035 -0.670640588 -0.339253813 0.658746004
4529.110319 2.577650547 -1.405156851 3.534583092 -0.035695344 -0.673763573 -0.343641639 0.653206646
4529.147182 2.565535545 -1.411610246 3.545393944 -0.034844868 -0.677602053 -0.346583486 0.647704601
4529.184046 2.552954912 -1.417747974 3.556359768 -0.033619706 -0.681131780 -0.350254983 0.642067492
4529.220909 2.542857170 -1.422015071 3.565467358 -0.030610243 -0.683525920 -0.354339689 0.637415588
4529.257773 2.530326128 -1.427005053 3.575116634 -0.028220212 -0.685573161 -0.357948810 0.633297503
4529.294636 2.516750813 -1.434063315 3.585817814 -0.027017407 -0.687778950 -0.359578431 0.630026639
4529.331500 2.504486561 -1.440754652 3.597834587 -0.028400389 -0.689616919 -0.359085858 0.628235102
4529.368363 2.492978096 -1.446492910 3.608754158 -0.030583158 -0.691394866 -0.359038532 0.626202166
4529.405226 2.483211517 -1.454521179 3.617886543 -0.032169085 -0.694003046 -0.359812617 0.622783899
4529.442090 2.473380327 -1.458761573 3.626772404 -0.033125874 -0.697929740 -0.360022753 0.618207335
4529.478953 2.462476730 -1.462226987 3.639367342 -0.033439435 -0.703842163 -0.359551370 0.611727715
4529.515817 2.449953556 -1.466701746 3.649461985 -0.033309326 -0.708072305 -0.360938430 0.606009483
4529.552680 2.438169956 -1.471734285 3.662584782 -0.032714944 -0.711752057 -0.362001419 0.601077139
4529.589544 2.427016497 -1.476608157 3.674404860 -0.031585246 -0.714231253 -0.363161206 0.597486377
4529.626407 2.415201426 -1.477971554 3.691457510 -0.030852074 -0.718607724 -0.361846596 0.593058228
4529.663270 2.404889822 -1.483607888 3.706942320 -0.027534720 -0.724089622 -0.361423433 0.586778641
4529.700134 2.395937443 -1.489296556 3.721401453 -0.024516374 -0.728955448 -0.362000436 0.580498517
4529.736997 2.387288094 -1.495450735 3.734013557 -0.021950025 -0.732926905 -0.364102840 0.574252069
4529.773861 2.378170490 -1.501892924 3.747628689 -0.021093760 -0.737181604 -0.365563482 0.567874610
4529.810724 2.368799686 -1.509379268 3.760986567 -0.020396229 -0.741835713 -0.367972136 0.560232341
4529.847588 2.360116482 -1.516149640 3.772355556 -0.018405866 -0.746725798 -0.370930821 0.551789820
4529.884451 2.349922180 -1.524108768 3.782882690 -0.016088547 -0.751211226 -0.375658423 0.542497575
4529.921315 2.340424061 -1.532919288 3.794960737 -0.015512661 -0.754655898 -0.380056322 0.534613073
4529.958178 2.333870888 -1.540156484 3.807883263 -0.013153603 -0.757511914 -0.383069485 0.528450966
4529.995042 2.325716257 -1.547609687 3.819110155 -0.011493020 -0.759884000 -0.385089695 0.523593485
4530.031905 2.316687822 -1.554984212 3.829858303 -0.010342230 -0.762139261 -0.386836380 0.519032121
4530.068768 2.308428288 -1.561807632 3.837256908 -0.008362483 -0.764194906 -0.388707399 0.514628768
4530.105632 2.296999693 -1.563334465 3.845429659 -0.007745076 -0.767621219 -0.387674928 0.510299623
4530.142495 2.287315369 -1.568984032 3.857522249 -0.008542665 -0.771540761 -0.385200113 0.506233752
4530.179359 2.276906490 -1.574999094 3.865413904 -0.008789038 -0.775619268 -0.383259505 0.501447558
4530.216222 2.264477730 -1.581348181 3.871433496 0.008816449 0.779969990 0.381955624 -0.495660186
4530.253086 2.252717733 -1.586507320 3.878769159 0.008544990 0.784616411 0.379253298 -0.490378410
4530.289949 2.238825798 -1.593891859 3.889788389 0.008415231 0.789547801 0.376245975 -0.484749883
4530.326813 2.223237038 -1.598893046 3.897902012 0.006218782 0.793184519 0.373452663 -0.480991423
4530.363676 2.207545757 -1.605777264 3.905207396 0.004194582 0.794351876 0.371358395 -0.480708271
4530.400540 2.193796158 -1.611204386 3.910906553 -0.000434546 0.794838071 0.369674742 -0.481220096
4530.437403 2.176890135 -1.615691543 3.915701389 -0.003792880 0.794944942 0.368676990 -0.481793970
4530.474266 2.159227371 -1.619413853 3.924859524 -0.007159873 0.797100306 0.365919024 -0.480294734
4530.511130 2.138787270 -1.624130964 3.929241657 -0.010816745 0.799563229 0.363911480 -0.477650642
4530.547993 2.117866278 -1.629256725 3.937845707 -0.011469038 0.802385688 0.361341119 -0.474845439
4530.584857 2.099439144 -1.634527922 3.939967632 -0.011610894 0.804071963 0.360656917 -0.472504050
4530.621720 2.077537775 -1.636290193 3.944840431 -0.010666681 0.807594538 0.358173221 -0.468390048
4530.658584 2.054177761 -1.639844418 3.950810909 -0.009545484 0.811338425 0.356630623 -0.463091284
4530.695447 2.038585901 -1.642495275 3.950214148 -0.010523472 0.812617004 0.357458889 -0.460180342
4530.732311 2.018289566 -1.649571419 3.954468489 -0.011046512 0.813785434 0.359070539 -0.456836462
4530.769174 2.001355410 -1.651876450 3.951348305 -0.015409898 0.813729644 0.361582965 -0.454823494
4530.806037 1.987991810 -1.655166864 3.953619480 -0.019427791 0.813496888 0.362651676 -0.454234630
4530.842901 1.966515779 -1.648899794 3.953974724 -0.023001555 0.812639475 0.362735242 -0.455533981
4530.879764 1.962839127 -1.650335789 3.958306789 -0.027716000 0.810822189 0.363685250 -0.457746953
4530.916628 1.928502798 -1.647803187 3.962241173 -0.025057079 0.810040891 0.364834219 -0.458368778
4530.953491 1.927722454 -1.649953127 3.958430290 -0.025172485 0.808071434 0.368404180 -0.458982885
4530.990355 1.896686077 -1.650019646 3.962134838 -0.021508871 0.809958756 0.371749341 -0.453107715
4531.027218 1.876246929 -1.645787001 3.967336893 -0.020663740 0.812950671 0.374491513 -0.445466399
4531.064082 1.857026696 -1.646261334 3.968496084 -0.017505292 0.815795779 0.377569616 -0.437735051
4531.100945 1.844746232 -1.643759489 3.967575073 -0.015623776 0.817959011 0.379652143 -0.431929648
4531.137808 1.817983389 -1.638462901 3.971443176 -0.015788512 0.821084619 0.382058412 -0.423794895
4531.174672 1.800804377 -1.636530995 3.971509933 -0.015535921 0.822442114 0.384153992 -0.419253260
4531.211535 1.779109836 -1.634541154 3.979689598 -0.014607631 0.824019909 0.385650605 -0.414790720
4531.248399 1.759189963 -1.634057283 3.983405590 -0.013397684 0.824760020 0.387983501 -0.411169320
4531.285262 1.749369860 -1.640810251 3.990336418 -0.012894164 0.825794578 0.390004635 -0.407177478
4531.322125 1.718164682 -1.634439707 3.994477272 -0.013672647 0.829014957 0.390566379 -0.400006443
4531.358989 1.697529197 -1.636568308 4.001019478 -0.014991924 0.831754744 0.391827375 -0.392976463
4531.395853 1.676690817 -1.637190580 4.004239082 -0.015986582 0.833632112 0.393603832 -0.387140721
4531.432716 1.657057405 -1.637800455 4.006092072 -0.018278485 0.834625483 0.396203458 -0.382215917
4531.469579 1.637813687 -1.639834285 4.006235600 -0.021266194 0.835170746 0.399216026 -0.377709150
4531.506443 1.615699053 -1.639010668 4.008806229 -0.022924986 0.836085975 0.400936991 -0.373743504
4531.543306 1.596832514 -1.642585039 4.008538246 -0.023947345 0.836715221 0.403839290 -0.369117916
4531.580170 1.575264573 -1.644095182 4.010297775 -0.023243269 0.838527620 0.405903697 -0.362730443
4531.617033 1.559341192 -1.642773151 4.009037018 -0.023048928 0.841070056 0.407472402 -0.355015725
4531.653897 1.541248083 -1.640838385 4.005927563 -0.022252472 0.843676269 0.409426242 -0.346533209
4531.690760 1.520052314 -1.639148951 4.004046440 -0.018910978 0.845936775 0.410935223 -0.339360565
4531.727623 1.500382662 -1.635612369 4.001610756 -0.014586320 0.847398400 0.411832243 -0.334809542
4531.764487 1.483214736 -1.629004717 3.998454571 -0.013579205 0.848414600 0.413882256 -0.329711527
4531.801350 1.461831808 -1.625132918 3.995737076 -0.010846026 0.849032998 0.416447371 -0.324956805
4531.838214 1.440152884 -1.623342156 3.990512371 -0.008486969 0.849304259 0.419120163 -0.320855945
4531.875077 1.421580434 -1.617346525 3.986793280 -0.008616976 0.849735081 0.420862913 -0.317412049
4531.911941 1.402235389 -1.612255454 3.978695869 -0.007924618 0.849610209 0.423590362 -0.314119279
4531.948804 1.379887581 -1.603922367 3.973422527 -0.007009714 0.850465894 0.424790323 -0.310180247
4531.985668 1.357568979 -1.598084331 3.965205908 -0.006285729 0.851140499 0.427405775 -0.304704189
4532.022531 1.340178251 -1.592706084 3.955189705 -0.005349225 0.852225482 0.428325117 -0.300367624
4532.059395 1.322878957 -1.586480379 3.949286461 -0.004643079 0.853429079 0.428728282 -0.296360046
4532.096258 1.304710627 -1.582069159 3.940217257 -0.001412860 0.853236854 0.429892749 -0.295257747
4532.133121 1.283819795 -1.579214334 3.933522701 0.000090749 0.852122903 0.433636069 -0.292995483
4532.169985 1.263467073 -1.575573683 3.927054167 0.000126959 0.851873279 0.436950356 -0.288766801
4532.206848 1.249069452 -1.571641207 3.918553114 -0.001619634 0.852628708 0.438288420 -0.284473091
4532.243712 1.234239459 -1.568426490 3.911235571 -0.003756039 0.854360044 0.437529922 -0.280396909
4532.280575 1.219103098 -1.569979906 3.904918194 -0.005671768 0.854967952 0.438148797 -0.277530611
4532.317439 1.198151350 -1.568810225 3.898644924 -0.007388532 0.854492784 0.440212309 -0.275682062
4532.354302 1.181393623 -1.566750407 3.893458843 -0.008844086 0.853297174 0.442000240 -0.276480645
4532.391165 1.159103632 -1.562021732 3.889061689 -0.008993546 0.853013515 0.442832738 -0.276018560
4532.428029 1.141775131 -1.556621313 3.884634972 -0.010680038 0.853163421 0.443905175 -0.273763180
4532.464893 1.122288465 -1.555875063 3.879266262 -0.009382151 0.853520870 0.445555687 -0.269989341
4532.501756 1.104505539 -1.551158309 3.874694347 -0.008597582 0.854474902 0.446683407 -0.265090019
4532.538620 1.084645033 -1.549981952 3.870117664 -0.006474955 0.855856061 0.447967798 -0.258444041
4532.575483 1.070882559 -1.554028749 3.868275166 -0.005861455 0.857647717 0.448365688 -0.251742393
4532.612346 1.053157568 -1.548287868 3.863905668 -0.006658495 0.859780967 0.447644413 -0.245655820
4532.649210 1.029325247 -1.547523737 3.860826492 -0.004752772 0.862367272 0.446514130 -0.238590270
4532.686073 1.009078383 -1.548068047 3.856538296 -0.004642745 0.864703059 0.445129097 -0.232652456
4532.722937 0.979109764 -1.550377846 3.853993893 -0.001319321 0.866714001 0.444838285 -0.225663662
4532.759800 0.968297362 -1.553639174 3.851311684 -0.004723624 0.867125571 0.446783453 -0.220126048
4532.796664 0.949750066 -1.562204838 3.846193314 -0.003217540 0.868339002 0.447694927 -0.213415727
4532.833527 0.931194067 -1.563301206 3.845653534 -0.004771960 0.871255338 0.445849925 -0.205205351
4532.870390 0.912090778 -1.556751728 3.846213818 -0.006230351 0.873768747 0.443614781 -0.199236676
4532.907254 0.897438645 -1.570324183 3.844248772 -0.005147136 0.873459339 0.445881963 -0.195528850
4532.944117 0.881622791 -1.572308302 3.842287302 -0.006458133 0.873694658 0.446737498 -0.192461655
4532.980981 0.863576651 -1.565909743 3.839767456 -0.010290104 0.875191092 0.445589483 -0.188108146
4533.017844 0.848879695 -1.567354679 3.835620880 -0.013260249 0.875978529 0.445670247 -0.184021160
4533.054708 0.834359884 -1.571092248 3.826949120 -0.014663713 0.875853062 0.446892649 -0.181530520
4533.091571 0.822982192 -1.566684723 3.826750040 -0.016985606 0.877110362 0.445211023 -0.179376930
4533.128435 0.807195425 -1.566469908 3.821381807 -0.016914915 0.877505958 0.445133865 -0.177631557
4533.165298 0.791481316 -1.566154003 3.815530539 -0.016123477 0.878147840 0.444400370 -0.176365182
4533.202161 0.784942865 -1.565918446 3.807631016 -0.017446151 0.878390670 0.443995982 -0.176048219
4533.239025 0.771145105 -1.562964678 3.800434113 -0.016719976 0.879176676 0.442837000 -0.175111830
4533.275888 0.762459874 -1.566771984 3.790276051 -0.017359892 0.879143178 0.442843258 -0.175202101
4533.312752 0.751136959 -1.563724041 3.779635906 -0.019174306 0.879202247 0.442133039 -0.176505432
4533.349615 0.741645694 -1.559927464 3.770918846 -0.022729626 0.879339635 0.440582842 -0.179253697
4533.386478 0.728252172 -1.557137012 3.762397528 -0.026077311 0.879230857 0.439628959 -0.181657329
4533.423342 0.713312626 -1.550665140 3.748435020 -0.030062689 0.878902614 0.439237624 -0.183566809
4533.460206 0.703914523 -1.547592998 3.738020420 -0.035123892 0.878434777 0.439097673 -0.185234755
4533.497069 0.699472189 -1.547928572 3.731154442 -0.040624872 0.877804875 0.438944042 -0.187446907
4533.533932 0.695980132 -1.543268681 3.719194889 -0.046292488 0.876786828 0.438902020 -0.190963075
4533.570796 0.682103753 -1.532767415 3.708813190 -0.051659267 0.876338422 0.438704282 -0.192096010
4533.607659 0.673567772 -1.529882789 3.698696136 -0.057156630 0.875594854 0.438496739 -0.194389686
4533.644523 0.666115761 -1.523855090 3.687258244 -0.063978270 0.874900818 0.437606901 -0.197371811
4533.681386 0.659531474 -1.519963145 3.678456783 -0.066618532 0.873879313 0.437212735 -0.201846182
4533.718250 0.652577937 -1.514952421 3.668031931 -0.069330312 0.873302996 0.436477989 -0.204992980
4533.755113 0.649008453 -1.513706684 3.659639359 -0.070518427 0.872847080 0.436283767 -0.206933931
4533.791976 0.641864777 -1.506512523 3.648334980 -0.069567472 0.871952593 0.438351572 -0.206656456
4533.828840 0.637495518 -1.499895453 3.636409760 -0.065595135 0.870655119 0.442115873 -0.205403149
4533.865703 0.632606030 -1.494674683 3.621910095 -0.058467660 0.868633509 0.448303998 -0.202684313
4533.902567 0.627273560 -1.488174796 3.611223459 -0.051958114 0.867755413 0.453352600 -0.196907014
4533.939430 0.623974383 -1.477040529 3.597339630 -0.047550913 0.868357658 0.455332637 -0.190698922
4533.976294 0.619886518 -1.467942834 3.587219477 -0.045656942 0.869571745 0.455236048 -0.185797170
4534.013157 0.615931809 -1.455032945 3.574147224 -0.046425812 0.870173156 0.455011964 -0.183323309
4534.050021 0.614189982 -1.447609425 3.564069271 -0.048607010 0.868810296 0.457207292 -0.183759421
4534.086884 0.612681806 -1.439371943 3.554127216 -0.050271582 0.866088748 0.460749865 -0.187276810
4534.123748 0.611171603 -1.428970098 3.543745756 -0.052366149 0.863009870 0.464993745 -0.190400958
4534.160611 0.609028518 -1.415755391 3.533233404 -0.052039016 0.859859169 0.469587415 -0.193447039
4534.197474 0.608143508 -1.409074068 3.527557373 -0.051677182 0.857297361 0.474393994 -0.193186626
4534.234338 0.609953046 -1.399952531 3.518272400 -0.050331138 0.855041623 0.478944242 -0.192309737
4534.271201 0.610872805 -1.389851689 3.512004375 -0.047731128 0.852924347 0.483728617 -0.190390244
4534.308065 0.611686885 -1.379071951 3.506273985 -0.044366740 0.851471484 0.487737119 -0.187457874
4534.344928 0.613799572 -1.370921969 3.499189854 -0.040652849 0.848762035 0.493578792 -0.185284317
4534.381792 0.617612600 -1.361524224 3.495055676 -0.037801556 0.846306324 0.498155773 -0.184871465
4534.418655 0.619424105 -1.350641012 3.493831635 -0.034882005 0.844509423 0.501419663 -0.184838682
4534.455518 0.625901222 -1.349558115 3.490468740 -0.031597909 0.841077983 0.506004930 -0.188542724
4534.492382 0.629022002 -1.339456201 3.493662119 -0.029408192 0.839573681 0.507062733 -0.192713633
4534.529245 0.633841991 -1.337353230 3.490135670 -0.026242008 0.835968554 0.510628343 -0.199315414
4534.566109 0.640507936 -1.333544254 3.492005348 -0.026194341 0.833604217 0.512060761 -0.205454543
4534.602973 0.649612963 -1.328309774 3.499135971 -0.027419941 0.831620514 0.512514710 -0.212094471
4534.639836 0.658797860 -1.325249076 3.502013206 -0.027608234 0.828528523 0.514496267 -0.219252944
4534.676699 0.670760572 -1.327240944 3.502128601 -0.027205912 0.823815584 0.518920600 -0.226515219
4534.713563 0.684162498 -1.324671865 3.506182194 -0.026470620 0.820406914 0.521566451 -0.232809439
4534.750426 0.699214339 -1.324690104 3.509874105 -0.025882101 0.817898273 0.523669004 -0.236945987
4534.787290 0.710934520 -1.324740410 3.514482498 -0.024649374 0.817072153 0.524246395 -0.238644511
4534.824153 0.728152215 -1.324197292 3.515003920 -0.023978127 0.815919220 0.524323642 -0.242457479
4534.861017 0.741320550 -1.326821804 3.520729542 -0.021644162 0.816419899 0.522402167 -0.245124459
4534.897880 0.757290065 -1.331700087 3.522925854 -0.020196354 0.815903246 0.520979047 -0.249949604
4534.934743 0.775013208 -1.334795237 3.522343874 -0.018780451 0.814812720 0.519272804 -0.257066786
4534.971607 0.789388359 -1.346083760 3.529367208 -0.016002696 0.815095127 0.516331971 -0.262230992
4535.008470 0.804485917 -1.349895000 3.532561302 -0.013320599 0.814552903 0.513306022 -0.269894540
4535.045334 0.819073617 -1.356007099 3.538681746 -0.010057961 0.814617991 0.510382593 -0.275328755
4535.082197 0.833754122 -1.363348007 3.541115761 -0.006374801 0.814830244 0.508331835 -0.278585315
4535.119061 0.848895550 -1.373153806 3.541219234 -0.003803829 0.816365004 0.505577028 -0.279151589
4535.155924 0.861203253 -1.375473380 3.542278767 -0.003559176 0.819131911 0.501146555 -0.279038340
4535.192788 0.877965152 -1.381091356 3.544793129 -0.005333832 0.820271313 0.498475015 -0.280444652
4535.229651 0.891964555 -1.385697365 3.542861223 -0.006108711 0.819108665 0.498778135 -0.283273786
4535.266514 0.905890703 -1.391046762 3.541434050 -0.007183390 0.818090081 0.499169260 -0.285494298
4535.303378 0.920242310 -1.392472625 3.542943001 -0.009193567 0.817967951 0.498410106 -0.287108541
4535.340241 0.933986604 -1.400501490 3.541599274 -0.009712952 0.817585766 0.498368829 -0.288249314
4535.377105 0.947982013 -1.403164625 3.540071249 -0.010009210 0.817394018 0.496804893 -0.291464835
4535.413968 0.962391555 -1.404939294 3.539827347 -0.009616830 0.817013144 0.494840533 -0.295854449
4535.450831 0.980360389 -1.401545763 3.542501926 -0.010746154 0.817517161 0.490792811 -0.301118821
4535.487695 0.998604357 -1.406613111 3.534515381 -0.008469422 0.815127969 0.490661174 -0.307808876
4535.524559 1.010686636 -1.402611256 3.537996531 -0.006703286 0.816079974 0.486809999 -0.311423451
4535.561422 1.023776650 -1.405697346 3.533169746 -0.004234060 0.815543652 0.486001462 -0.314122945
4535.598285 1.040497541 -1.406054497 3.531011820 -0.003847776 0.816017747 0.483524173 -0.316709071
4535.635149 1.060631990 -1.401089907 3.533368349 -0.005973518 0.817832649 0.478679329 -0.319343358
4535.672012 1.085250020 -1.407154560 3.522207260 -0.007425980 0.816423714 0.477305710 -0.324925303
4535.708876 1.104608059 -1.407651663 3.520936251 -0.008721616 0.815554202 0.475693434 -0.329410225
4535.745739 1.119802833 -1.406338573 3.523047447 -0.009424676 0.815557122 0.472865731 -0.333430320
4535.782603 1.136780500 -1.407980680 3.518587112 -0.010908373 0.814084053 0.472654194 -0.337262779
4535.819466 1.155988455 -1.410170197 3.513840914 -0.011641074 0.813450873 0.470718890 -0.341446638
4535.856330 1.175198436 -1.417987108 3.506565094 -0.010886695 0.814161122 0.467691392 -0.343930125
4535.893193 1.193556309 -1.421480894 3.501829147 -0.012617846 0.816610873 0.462987393 -0.344427258
4535.930056 1.211769819 -1.422552109 3.499157429 -0.014003677 0.819204509 0.457581341 -0.345437765
4535.966920 1.230196953 -1.426986098 3.494271278 -0.015597308 0.820996940 0.453311175 -0.346741527
4536.003783 1.248839021 -1.431742430 3.490478754 -0.017772257 0.822271943 0.449772120 -0.348221242
4536.040647 1.268676400 -1.436421394 3.488225698 -0.020203328 0.822933793 0.446093380 -0.351244211
4536.077510 1.289032459 -1.437479973 3.485682249 -0.023075476 0.822697282 0.442213595 -0.356488138
4536.114374 1.305188417 -1.439797640 3.482772589 -0.026081575 0.822455287 0.439282745 -0.360441059
4536.151237 1.323417902 -1.443047523 3.482483864 -0.028199887 0.822395265 0.435678929 -0.364766657
4536.188101 1.340494156 -1.444953203 3.481745243 -0.028336475 0.821167409 0.432619393 -0.371108651
4536.224964 1.360257149 -1.444942355 3.481744766 -0.029525874 0.820142448 0.429052204 -0.377370983
4536.261827 1.382124662 -1.445156097 3.479079247 -0.030383408 0.818936884 0.425069004 -0.384363890
4536.298691 1.404486656 -1.447433114 3.481005669 -0.028904963 0.817876041 0.421245903 -0.390890181
4536.335554 1.423748970 -1.446888447 3.482015610 -0.025653875 0.817318559 0.416695058 -0.397111535
4536.372418 1.447731495 -1.448661089 3.482833385 -0.022571059 0.817193270 0.412821531 -0.401576996
4536.409281 1.471399665 -1.449934959 3.484981537 -0.018309861 0.817664862 0.408175260 -0.405563682
4536.446145 1.496233106 -1.453166366 3.483944416 -0.013429165 0.817163706 0.405222923 -0.409704238
4536.483008 1.520748138 -1.455604315 3.486905098 -0.008539971 0.817163050 0.401578099 -0.413408548
4536.519871 1.547813892 -1.457435012 3.487437248 -0.003129631 0.815596700 0.398848087 -0.419180781
4536.556735 1.572588444 -1.461873889 3.490969658 0.003441131 0.813182414 0.396747231 -0.425809979
4536.593598 1.595167398 -1.466567755 3.488290071 0.006542653 0.809933543 0.395611912 -0.432961941
4536.630462 1.615241528 -1.468330622 3.488774776 0.008809076 0.806365967 0.394169569 -0.440824926
4536.667325 1.659158111 -1.460299253 3.512754202 0.002855626 0.805015922 0.387071937 -0.449573696
4536.704189 1.676603794 -1.477953792 3.493511438 0.005007328 0.798043668 0.392010152 -0.457634449
4536.741052 1.702129364 -1.462199450 3.526122570 -0.003876843 0.799298823 0.385636568 -0.460858703
4536.777916 1.712633848 -1.465033531 3.512162924 -0.003744719 0.795966744 0.387108296 -0.465370893
4536.814779 1.733996153 -1.481623173 3.478740692 -0.006818933 0.790266395 0.392307609 -0.470666766
4536.851643 1.756278753 -1.481216669 3.473644018 -0.010216299 0.788607299 0.392584115 -0.473150939
4536.888506 1.776407719 -1.472908258 3.469804287 -0.012224903 0.787326872 0.391522229 -0.476106375
4536.925370 1.797660232 -1.469927311 3.464832067 -0.012982228 0.785435915 0.390945315 -0.479670405
4536.962233 1.819191694 -1.466232061 3.459986925 -0.012562723 0.784024358 0.389354825 -0.483270884
4536.999096 1.841661811 -1.473362327 3.454773903 -0.011221334 0.783752382 0.387318164 -0.485377133
4537.035960 1.858060479 -1.482932925 3.433614492 -0.011079301 0.782133043 0.390853554 -0.485158414
4537.072823 1.878942609 -1.479479074 3.424281597 -0.009679854 0.781728566 0.388221204 -0.487945735
4537.109687 1.903258085 -1.457460523 3.430823326 -0.007749038 0.782992661 0.378873348 -0.493272185
4537.146550 1.923781753 -1.450787783 3.421194315 -0.008163430 0.781239390 0.377203643 -0.497308582
4537.183414 1.945193052 -1.447955608 3.412904263 0.006964664 -0.778982222 -0.374437511 0.502926171
4537.220277 1.961075664 -1.440582752 3.406677485 0.006347442 -0.777164280 -0.371731818 0.507731020
4537.257141 1.986537218 -1.440361023 3.397144556 0.005314094 -0.774422765 -0.370016843 0.513155580
4537.294004 2.005146503 -1.432360172 3.385808468 0.005256389 -0.771873534 -0.369190931 0.517572880
4537.330867 2.022442341 -1.428165436 3.376331806 0.003693541 -0.769063175 -0.369763732 0.521347225
4537.367731 2.043048859 -1.419224024 3.368517399 0.002281579 -0.765978992 -0.370590061 0.525294244
4537.404594 2.060342312 -1.425503135 3.363518238 -0.000949071 -0.765375495 -0.370763749 0.526054800
4537.441458 2.081974506 -1.418635368 3.355636597 -0.000367952 -0.766067922 -0.368511587 0.526629865
4537.478321 2.104387283 -1.411731005 3.339960575 -0.000387858 -0.765282571 -0.367749006 0.528301895
4537.515185 2.121237993 -1.411186934 3.333553314 -0.000353687 -0.764306068 -0.369805276 0.528280318
4537.552048 2.134497643 -1.408866405 3.326458931 -0.002522847 -0.763003826 -0.370252550 0.529841363
4537.588912 2.150396824 -1.404479384 3.317186356 -0.002267670 -0.762321889 -0.368438035 0.532084286
4537.625775 2.178434849 -1.394383073 3.305324078 0.000563744 -0.760685205 -0.365061373 0.536738217
4537.662638 2.199109077 -1.392289877 3.298107147 0.000293488 -0.758093536 -0.363430977 0.541490495
4537.699502 2.218219995 -1.387152314 3.290881634 0.000720486 -0.755579054 -0.360874146 0.546689868
4537.736365 2.239371300 -1.383800983 3.286208153 0.002036830 -0.753500938 -0.358143538 0.551330507
4537.773229 2.259620190 -1.380975246 3.276691198 0.002126407 -0.750593185 -0.356291950 0.556472242
4537.810092 2.279258728 -1.377185822 3.266508341 0.001581645 -0.747591972 -0.353786439 0.562084436
4537.846956 2.302480936 -1.366569757 3.257588625 0.001639988 -0.745116830 -0.349487156 0.568029106
4537.883819 2.323240280 -1.370576382 3.252461433 -0.000178843 -0.743434072 -0.347149760 0.571657956
4537.920683 2.345530987 -1.358945370 3.244193792 -0.001465951 -0.741239309 -0.342673659 0.577180088
4537.957546 2.366498470 -1.365753651 3.239259243 -0.004132113 -0.739114642 -0.340833843 0.580968857
4537.994409 2.391714096 -1.355865121 3.228099108 -0.005351179 -0.734738290 -0.338531286 0.587815940
4538.031273 2.413493633 -1.354867101 3.220718622 -0.009622050 -0.728639007 -0.339217633 0.594915152
4538.068136 2.438664675 -1.350569129 3.219524622 -0.012849443 -0.723558962 -0.338414311 0.601475835
4538.105000 2.465443134 -1.334601760 3.203493118 -0.014028399 -0.717290938 -0.336784869 0.609813809
4538.141863 2.482899189 -1.337961793 3.196812868 -0.014665084 -0.713357806 -0.337277383 0.614125013
4538.178727 2.505115032 -1.328672290 3.183610201 -0.012163801 -0.708891749 -0.335546643 0.620268524
4538.215590 2.527200222 -1.344923258 3.176105738 -0.015043666 -0.703407049 -0.335617810 0.626380742
4538.252454 2.544307709 -1.344912767 3.171630859 -0.015421152 -0.699057221 -0.335392684 0.631342173
4538.289317 2.555538177 -1.351608753 3.174951553 -0.015749570 -0.696714580 -0.336886078 0.633125961
4538.326180 2.571595192 -1.349325776 3.151325464 -0.015234927 -0.691165805 -0.339202583 0.637964964
4538.363044 2.592777967 -1.338315129 3.150869370 -0.013394629 -0.689364612 -0.337476522 0.640863895
4538.399907 2.606827974 -1.322783470 3.126486778 -0.011767404 -0.684930980 -0.335026234 0.646906853
4538.436771 2.622787237 -1.314039230 3.115875244 -0.011535532 -0.682607293 -0.331377447 0.651232064
4538.473634 2.634853363 -1.304459929 3.098274469 -0.010032887 -0.679673433 -0.328930914 0.655551612
4538.510498 2.647330523 -1.297418714 3.088239431 -0.009205770 -0.677920640 -0.325764358 0.658950984
4538.547361 2.658531427 -1.294389129 3.077129364 -0.008726547 -0.675749123 -0.323086977 0.662496626
4538.584224 2.674364567 -1.281638741 3.070606232 -0.006706581 -0.673164010 -0.318887383 0.667170227
4538.621088 2.680133343 -1.276951671 3.057144880 -0.005746493 -0.668440878 -0.316476017 0.673050284
4538.657951 2.688849449 -1.267696738 3.052165508 -0.003981746 -0.665274501 -0.311175168 0.678648591
4538.694815 2.700767994 -1.251706958 3.037877083 -0.000657986 -0.661611855 -0.304870576 0.685071647
4538.731678 2.706069469 -1.250342607 3.023941040 -0.000481657 -0.658722758 -0.300270647 0.689870715
4538.768542 2.715750217 -1.237491727 3.007522345 -0.000194285 -0.654992521 -0.296505123 0.695032001
4538.805405 2.725501299 -1.226863623 2.994340658 -0.001809605 -0.650641441 -0.296682626 0.699029207
4538.842269 2.733950377 -1.214635134 2.981869936 -0.005236162 -0.645861208 -0.295974404 0.703729331
4538.879132 2.741484642 -1.235174537 2.965492010 -0.010610944 -0.641988873 -0.296076506 0.707160830
4538.915996 2.746390104 -1.216125250 2.955661297 -0.011676717 -0.642464161 -0.289265454 0.709527254
4538.952859 2.753908634 -1.202653885 2.933275223 -0.009832270 -0.641888261 -0.283993363 0.712201178
4538.989722 2.762477875 -1.194099188 2.917071819 -0.008132164 -0.640834451 -0.282546997 0.713745177
4539.026586 2.771140099 -1.188936472 2.900782824 -0.008755865 -0.637893379 -0.280672938 0.717103958
4539.063449 2.780812263 -1.188938498 2.883495569 -0.009909302 -0.635576665 -0.278078109 0.720150411
4539.100313 2.781415224 -1.190211535 2.853176594 -0.008066585 -0.632433474 -0.279916614 0.722225368
4539.137176 2.793543816 -1.176146150 2.843299627 -0.007852922 -0.632515371 -0.277148336 0.723222911
4539.174040 2.802090645 -1.170364857 2.823218346 -0.010040760 -0.631838262 -0.276445478 0.724056244
4539.210903 2.809729099 -1.161021709 2.803272247 -0.012810647 -0.632131100 -0.276069313 0.723900437
4539.247766 2.821595669 -1.143215418 2.790580988 -0.014958932 -0.635113120 -0.273735225 0.722133338
4539.284630 2.824869633 -1.138081431 2.761270761 -0.019006103 -0.636579096 -0.273502231 0.720834434
4539.321494 2.832619190 -1.129240513 2.741613865 -0.024186026 -0.638885260 -0.269849360 0.720015287
4539.358357 2.841891050 -1.118799329 2.717320442 -0.027081359 -0.638596117 -0.269202381 0.720410764
4539.395221 2.852290630 -1.103870869 2.696970940 -0.028341388 -0.637303352 -0.269323260 0.721461117
4539.432084 2.863678455 -1.095082760 2.675460339 -0.028925894 -0.635421455 -0.269638270 0.722978652
4539.468947 2.880781174 -1.085082650 2.649897099 -0.024959784 -0.632411480 -0.270837933 0.725313485
4539.505811 2.889484167 -1.079403758 2.626810312 -0.026810119 -0.628137767 -0.268553913 0.729796529
4539.542674 2.901514053 -1.068377256 2.604449987 -0.027025221 -0.623108387 -0.269448042 0.733759701
4539.579538 2.913166523 -1.062294483 2.575630665 -0.030780487 -0.618645370 -0.270501137 0.736993551
4539.616401 2.925928116 -1.049911022 2.567605734 -0.031098686 -0.621130288 -0.268385768 0.735662341
4539.653265 2.934788704 -1.039530754 2.549663305 -0.029090665 -0.625448823 -0.266438335 0.732787907
4539.690128 2.944888592 -1.031746864 2.531093597 -0.028109660 -0.629884541 -0.263980985 0.729910493
4539.726991 2.938880444 -1.030427694 2.494747877 -0.026457734 -0.630515456 -0.265896052 0.728731453
4539.763855 2.945722580 -1.019021153 2.481620789 -0.025569441 -0.632326186 -0.264703244 0.727627635
4539.800718 2.948063850 -1.013194680 2.467086315 -0.028691459 -0.632752776 -0.263689786 0.727508426
4539.837582 2.950312853 -1.008854866 2.436434984 -0.030632483 -0.631053030 -0.264981270 0.728435755
4539.874445 2.953519344 -1.000145555 2.404095650 -0.030990696 -0.630211651 -0.265287638 0.729037285
4539.911309 2.956775904 -0.990333736 2.388634443 -0.028780306 -0.632054567 -0.264585257 0.727786660
4539.948172 2.954627275 -0.981360972 2.364577293 -0.029253911 -0.632691741 -0.260865122 0.728556633
4539.985036 2.956525803 -0.972696424 2.342496395 -0.028395431 -0.632512629 -0.258704126 0.729516089
4540.021899 2.954775095 -0.963993788 2.322778940 -0.027167911 -0.631786704 -0.255857825 0.731193781
4540.058762 2.951279640 -0.953725100 2.304498434 -0.025279533 -0.630737782 -0.253520966 0.732978821
4540.095626 2.947051287 -0.942421317 2.285841465 -0.022920934 -0.629345834 -0.250783473 0.735191166
4540.132489 2.943986177 -0.936889112 2.266859531 -0.022375686 -0.627789855 -0.248307720 0.737375438
4540.169353 2.940378189 -0.931266606 2.245972872 -0.018599300 -0.626341939 -0.249272287 0.738385499
4540.206216 2.933358431 -0.916373968 2.225611687 -0.017478731 -0.625299871 -0.243572235 0.741193056
4540.243080 2.929780483 -0.910241783 2.202171326 -0.015208878 -0.623159826 -0.243338585 0.743119717
4540.279943 2.921850204 -0.900244534 2.182315826 -0.017232675 -0.621255100 -0.237730056 0.746478140
4540.316807 2.915164232 -0.891926110 2.162160873 -0.019330010 -0.618474364 -0.234999627 0.749593914
4540.353670 2.908907413 -0.885308564 2.137797832 -0.020983530 -0.616059005 -0.232609510 0.752279043
4540.390533 2.902523279 -0.878527939 2.119488716 -0.021751530 -0.616356194 -0.229737297 0.752896190
4540.427397 2.893336773 -0.871653676 2.099414825 -0.023222404 -0.617745996 -0.225799158 0.752904594
4540.464260 2.888947487 -0.864612460 2.077542782 -0.024998166 -0.619791210 -0.224227399 0.751635611
4540.501124 2.882651806 -0.856707394 2.053278685 -0.026884338 -0.622403562 -0.222203702 0.750011086
4540.537987 2.874880791 -0.846541107 2.034639359 -0.027615460 -0.626975536 -0.218194038 0.747348964
4540.574851 2.869931936 -0.836206198 2.013144732 -0.026293965 -0.630272210 -0.215939164 0.745275676
4540.611714 2.865499973 -0.824395776 1.992006063 -0.025082722 -0.631511629 -0.215623647 0.744359076
4540.648577 2.861371994 -0.814465106 1.968454480 -0.025920969 -0.629741788 -0.215559900 0.745846689
4540.685441 2.856150389 -0.812123418 1.942590714 -0.026046585 -0.625764370 -0.221081153 0.747571826
4540.722304 2.852053642 -0.802146852 1.923150420 -0.026239272 -0.623212934 -0.221534550 0.749559522
4540.759168 2.849546671 -0.785073757 1.902448058 -0.025534458 -0.622322857 -0.217184260 0.751593828
4540.796031 2.845700026 -0.780445039 1.880487919 -0.022126902 -0.620931983 -0.220529422 0.751878083
4540.832895 2.843157291 -0.767291605 1.856632471 -0.019617468 -0.619195342 -0.218903571 0.753852427
4540.869758 2.843844414 -0.749519885 1.837112188 -0.018777898 -0.618241668 -0.212983057 0.756348312
4540.906622 2.842637539 -0.736323774 1.813992262 -0.017511511 -0.616498947 -0.210306540 0.758547008
4540.943485 2.842027426 -0.727821052 1.792713523 -0.016745232 -0.614972353 -0.207584172 0.760550737
4540.980349 2.841701269 -0.717319787 1.772697926 -0.018735278 -0.612331688 -0.204432383 0.763483047
4541.017212 2.842046022 -0.709916472 1.750536919 -0.023307288 -0.608124137 -0.201960161 0.767368138
4541.054075 2.843903542 -0.706337631 1.725649595 -0.028116185 -0.602772117 -0.199016482 0.772183716
4541.090939 2.843196869 -0.701274395 1.703356743 -0.030688226 -0.597718835 -0.197368458 0.776425242
4541.127802 2.843562126 -0.692267716 1.682590961 -0.029372407 -0.592942834 -0.194744140 0.780788541
4541.164666 2.843121529 -0.683876097 1.664176464 -0.026807917 -0.587645590 -0.191089064 0.785772860
4541.201529 2.841295242 -0.675837100 1.647283792 -0.023711858 -0.581311107 -0.187381208 0.791456580
4541.238393 2.842184782 -0.673090577 1.630654335 -0.021557586 -0.574086368 -0.186077774 0.797079146
4541.275256 2.839111805 -0.674099863 1.617996693 -0.019778471 -0.567402720 -0.187393963 0.801589966
4541.312119 2.835135221 -0.666506827 1.591416597 -0.016262382 -0.559576452 -0.189901695 0.806564987
4541.348983 2.831010342 -0.663531721 1.580087900 -0.012933365 -0.554968119 -0.191774756 0.809361160
4541.385847 2.824980497 -0.660079956 1.565307379 -0.009446145 -0.551025748 -0.192522839 0.811921358
4541.422710 2.817345142 -0.647904217 1.544486761 -0.006778534 -0.546431065 -0.191335157 0.815326929
4541.459574 2.809649467 -0.640242398 1.529778719 -0.004474883 -0.544673145 -0.189628661 0.816916227
4541.496437 2.801776409 -0.634397984 1.514658928 -0.002488106 -0.544486284 -0.186372727 0.817798078
4541.533300 2.791383266 -0.624569893 1.500532389 -0.000082642 -0.544743538 -0.183465719 0.818287671
4541.570164 2.777933121 -0.617140114 1.486161947 0.001345289 -0.544642806 -0.179917514 0.819141090
4541.607027 2.765468836 -0.605499625 1.466037750 0.002727646 -0.543087840 -0.177090168 0.820784569
4541.643891 2.752573490 -0.597207606 1.451049328 0.003886710 -0.542241454 -0.174228072 0.821951151
4541.680754 2.737551928 -0.585196257 1.437655926 0.005710321 -0.541259229 -0.170976937 0.823269546
4541.717618 2.722823858 -0.579421520 1.421387315 0.008315925 -0.540469944 -0.168314114 0.824313939
4541.754481 2.706568718 -0.570423722 1.403103352 0.011920973 -0.539275527 -0.166592270 0.825401008
4541.791344 2.690322638 -0.563570261 1.388093829 0.014697439 -0.538091600 -0.164090946 0.826629043
4541.828208 2.668682098 -0.559749067 1.355038881 0.015194314 -0.532710552 -0.164041013 0.830107927
4541.865071 2.656309366 -0.553912163 1.347999573 0.013780365 -0.533297181 -0.160413742 0.830464721
4541.901935 2.642745733 -0.549276173 1.333731413 0.014422074 -0.534427822 -0.158362001 0.830120683
4541.938798 2.624211073 -0.541705132 1.320067406 0.016027758 -0.536563098 -0.155256182 0.829300106
4541.975662 2.607979298 -0.539880812 1.300023317 0.015012696 -0.537679672 -0.152689785 0.829072356
4542.012525 2.594309807 -0.533415914 1.288715959 0.014029768 -0.539430916 -0.151201755 0.828224301
4542.049389 2.578283310 -0.526684165 1.275477529 0.014064627 -0.540336192 -0.149866104 0.827876270
4542.086252 2.562288523 -0.521040320 1.259108067 0.014665278 -0.539787769 -0.148943067 0.828390062
4542.123115 2.548356056 -0.517777205 1.245443821 0.016467104 -0.537632048 -0.150377378 0.829498172
4542.159979 2.529544830 -0.512054086 1.224308014 0.018508978 -0.532174408 -0.152790621 0.832527995
4542.196842 2.514589787 -0.511532664 1.209152937 0.019118294 -0.526552856 -0.155868322 0.835512757
4542.233706 2.498032570 -0.506669223 1.193423748 0.020414179 -0.521452963 -0.157375291 0.838393152
4542.270569 2.484039545 -0.495907545 1.178957462 0.022901008 -0.517736852 -0.157663062 0.840575039
4542.307433 2.466393709 -0.487753689 1.160901904 0.023964087 -0.514765501 -0.156505376 0.842584252
4542.344296 2.454571247 -0.479648679 1.148223519 0.024225457 -0.514417291 -0.154285014 0.843198717
4542.381160 2.438989878 -0.471574038 1.129890203 0.023651043 -0.513818681 -0.151960954 0.844001651
4542.418023 2.424948692 -0.462630451 1.115695715 0.022430155 -0.514098763 -0.148576677 0.844466925
4542.454886 2.413230658 -0.454835653 1.101918221 0.022288671 -0.514063537 -0.145371869 0.845049679
4542.491750 2.398538589 -0.447026491 1.083734989 0.022165148 -0.510817409 -0.144421831 0.847181559
4542.528613 2.385237217 -0.439674079 1.065148115 0.021160427 -0.505321324 -0.142401770 0.850837409
4542.565477 2.375273466 -0.438073218 1.051208138 0.020410808 -0.498976797 -0.140489355 0.854908347
4542.602340 2.362659693 -0.432201505 1.032745361 0.019859223 -0.490827233 -0.137964502 0.860034883
4542.639204 2.350819826 -0.429381043 1.014452219 0.020496512 -0.483482599 -0.136229828 0.864445448
4542.676067 2.338496208 -0.425820351 0.999047577 0.022473617 -0.477287531 -0.134747788 0.868063688
4542.712931 2.326556206 -0.421444178 0.983235300 0.024187332 -0.471427768 -0.132725358 0.871524394
4542.749794 2.316669941 -0.418911487 0.973483920 0.025496732 -0.467331171 -0.130351737 0.874047995
4542.786657 2.302196026 -0.417155743 0.958886325 0.025684521 -0.462573290 -0.128494516 0.876843989
4542.823521 2.290705919 -0.414402902 0.943196774 0.025380831 -0.458646208 -0.127941996 0.878993928
4542.860384 2.274029255 -0.408710420 0.931179523 0.026143609 -0.456835836 -0.125365466 0.880284667
4542.897248 2.254846573 -0.401681185 0.913564265 0.027937545 -0.454908431 -0.121918894 0.881710589
4542.934111 2.240458965 -0.398464680 0.905622482 0.028918996 -0.455541432 -0.117415667 0.881963313
4542.970975 2.221234322 -0.393362999 0.896580577 0.030349491 -0.455402970 -0.115417898 0.882250369
4543.007838 2.203716278 -0.387768209 0.885051787 0.031869132 -0.455016762 -0.113962591 0.882585227
4543.044702 2.183815956 -0.382210195 0.878984749 0.034232248 -0.454654515 -0.113477707 0.882745862
4543.081565 2.164241314 -0.378735393 0.869686306 0.035602640 -0.452998668 -0.112033442 0.883726835
4543.118428 2.147625923 -0.374436140 0.868391573 0.036178548 -0.452028871 -0.110299505 0.884417951
4543.155292 2.115720272 -0.369066238 0.852737665 0.036178742 -0.448555201 -0.109157376 0.886326134
4543.192155 2.091815948 -0.364197671 0.847447813 0.037570223 -0.448827624 -0.107575245 0.886323810
4543.229019 2.064368248 -0.364620328 0.835985124 0.039809633 -0.450021714 -0.106623873 0.885735333
4543.265882 2.048332930 -0.360398680 0.837143719 0.040471997 -0.453093141 -0.104271598 0.884418488
4543.302746 2.017794847 -0.355723321 0.824837089 0.039939217 -0.452032506 -0.103549525 0.885070026
4543.339609 1.992466688 -0.351045668 0.819183350 0.037716743 -0.451413661 -0.100719102 0.885809720
4543.376472 1.971893549 -0.348371416 0.816688597 0.036322799 -0.451285183 -0.097887933 0.886250675
4543.413336 1.942881346 -0.347195804 0.808297873 0.034452841 -0.450232476 -0.096145086 0.887051165
4543.450199 1.926416755 -0.349540263 0.806559384 0.029146453 -0.451429188 -0.095275708 0.886726975
4543.487063 1.888815641 -0.353700876 0.788193107 0.024292918 -0.448734641 -0.099747047 0.887748599
4543.523926 1.864206314 -0.360090911 0.779483795 0.019043097 -0.450106323 -0.103040285 0.886805713
4543.560790 1.853633404 -0.347241879 0.782791555 0.017308209 -0.454833865 -0.102619223 0.884474933
4543.597653 1.844763756 -0.326931566 0.784138262 0.017783938 -0.457200170 -0.102180548 0.883295476
4543.634517 1.817377329 -0.337411374 0.773501933 0.013365965 -0.454505742 -0.105586432 0.884362698
4543.671380 1.798714161 -0.335183948 0.766598642 0.012153594 -0.450812727 -0.106621116 0.886144519
4543.708244 1.785449862 -0.334185958 0.762044013 0.011192362 -0.446401477 -0.106621504 0.888387442
4543.745107 1.766341686 -0.329594344 0.750404835 0.011195922 -0.439492941 -0.106255934 0.891869009
4543.781971 1.740975618 -0.329397082 0.736129045 0.011412075 -0.431587577 -0.105489306 0.895809114
4543.818834 1.736832857 -0.320090622 0.731514990 0.013560968 -0.428784549 -0.103044927 0.897408307
4543.855697 1.713869572 -0.322303653 0.716420949 0.013629188 -0.423561543 -0.103270024 0.899858415
4543.892561 1.709023952 -0.305659860 0.709163249 0.016532196 -0.422603160 -0.098874360 0.900753617
4543.929424 1.689911366 -0.299890310 0.695309997 0.018476507 -0.420309573 -0.098104015 0.901872516
4543.966288 1.678872228 -0.297011048 0.682757080 0.020126078 -0.419898957 -0.094599634 0.902402759
4544.003151 1.665399551 -0.291405857 0.670371234 0.021798518 -0.417778224 -0.091041304 0.903713226
4544.040015 1.649641871 -0.288445264 0.651665628 0.023260975 -0.413317561 -0.088127226 0.906013846
4544.076878 1.635000110 -0.282863140 0.633541703 0.027098712 -0.408027291 -0.084886692 0.908610821
4544.113742 1.618986726 -0.280347675 0.618225276 0.030002432 -0.402392775 -0.079710886 0.911496639
4544.150605 1.598562241 -0.275158614 0.595207393 0.033541527 -0.394237012 -0.077511854 0.915119708
4544.187468 1.586804390 -0.276371300 0.584047318 0.035240218 -0.388654470 -0.075709566 0.917591333
4544.224332 1.576705098 -0.267795265 0.571966946 0.038189217 -0.383989394 -0.073030151 0.919652283
4544.261195 1.563518882 -0.270120472 0.557674170 0.039649650 -0.380646288 -0.072578654 0.921015024
4544.298059 1.544027805 -0.267600626 0.542152226 0.042500239 -0.377847910 -0.073648907 0.921954751
4544.334922 1.527003169 -0.263381332 0.530680716 0.044859070 -0.376391917 -0.073739946 0.922431171
4544.371786 1.509950757 -0.265706122 0.518228114 0.045593850 -0.374205053 -0.075571246 0.923136353
4544.408649 1.488028169 -0.263027251 0.506118774 0.046957854 -0.370652109 -0.076389000 0.924433172
4544.445513 1.468820333 -0.260527253 0.496535271 0.047785066 -0.368157238 -0.077322662 0.925309718
4544.482376 1.448896408 -0.256482065 0.486751914 0.049871612 -0.366860420 -0.077195637 0.925725162
4544.519239 1.429586768 -0.251611352 0.478056461 0.053464178 -0.366818190 -0.076224886 0.925621808
4544.556103 1.405678153 -0.252166897 0.469398379 0.057132374 -0.367107004 -0.076160282 0.925293446
4544.592967 1.383173943 -0.245222747 0.464029491 0.061577287 -0.368076116 -0.073769897 0.924816847
4544.629830 1.360718727 -0.244744599 0.456692755 0.063747868 -0.368598938 -0.073494777 0.924483418
4544.666693 1.336590886 -0.242665023 0.449782431 0.062771365 -0.366981328 -0.071863398 0.925321639
4544.703557 1.313659430 -0.239461958 0.444490671 0.062618621 -0.365226716 -0.070368007 0.926140785
4544.740420 1.289202690 -0.239001080 0.439729780 0.064158119 -0.363486469 -0.068351418 0.926870763
4544.777284 1.264760256 -0.232032835 0.433976412 0.068183020 -0.361433059 -0.063971892 0.927698672
4544.814147 1.240303278 -0.240665019 0.431289703 0.069038734 -0.361216217 -0.063732482 0.927736342
4544.851010 1.223089695 -0.231230721 0.428539395 0.069895051 -0.360435545 -0.055400513 0.928510487
4544.887874 1.192971945 -0.240425766 0.425977916 0.068792105 -0.358875722 -0.055426218 0.929195225
4544.924737 1.168994546 -0.241639242 0.424515933 0.069250226 -0.357472688 -0.050198946 0.929998755
4544.961601 1.141783953 -0.244314045 0.422763079 0.070208251 -0.356013864 -0.047622416 0.930621862
4544.998464 1.118975401 -0.243325844 0.419245720 0.069146395 -0.353777796 -0.044637341 0.931701422
4545.035328 1.099546671 -0.245844364 0.416446030 0.067367733 -0.352108091 -0.047681604 0.932313204
4545.072191 1.075544357 -0.243647635 0.414058626 0.066349082 -0.349939466 -0.048998788 0.933134139
4545.109055 1.056505203 -0.247117370 0.410728186 0.064948939 -0.348328561 -0.052743752 0.933631063
4545.145918 1.032983780 -0.247881830 0.408921212 0.064793333 -0.345388949 -0.056268658 0.934527755
4545.182781 1.014398336 -0.243783846 0.401276350 0.066322774 -0.341602206 -0.056453522 0.935800314
4545.219645 0.992278516 -0.245031536 0.397090763 0.067260638 -0.337545484 -0.059791669 0.936997354
4545.256508 0.972976863 -0.237069234 0.389676422 0.068290666 -0.332936555 -0.059241697 0.938605368
4545.293372 0.949781537 -0.232153177 0.384752095 0.068630174 -0.328618139 -0.058878705 0.940124094
4545.330235 0.930638492 -0.226446375 0.374919295 0.069953561 -0.325576544 -0.061718442 0.940902352
4545.367099 0.909275234 -0.221156746 0.364193857 0.071786784 -0.323004693 -0.064825296 0.941441596
4545.403962 0.889313996 -0.214124382 0.357789487 0.073340505 -0.321306348 -0.064988524 0.941891670
4545.440825 0.867848039 -0.207497925 0.347147405 0.073031262 -0.317763031 -0.067243248 0.942958832
4545.477689 0.845958531 -0.202180088 0.338552535 0.072713643 -0.313191444 -0.068785667 0.944400549
4545.514552 0.829277635 -0.194313526 0.326157153 0.072958589 -0.307964325 -0.068175353 0.946143329
4545.551416 0.810417116 -0.188239232 0.315152705 0.072555587 -0.301441967 -0.067316957 0.948333681
4545.588279 0.793607891 -0.183872834 0.304589242 0.071515344 -0.294185191 -0.067387134 0.950683773
4545.625143 0.773987532 -0.179144487 0.292068422 0.070199594 -0.285179466 -0.067566372 0.953509033
4545.662006 0.755423546 -0.179523811 0.280529857 0.069299102 -0.277844310 -0.070121042 0.955553889
4545.698870 0.738381624 -0.176815793 0.268454373 0.072148159 -0.271567911 -0.070396550 0.957125783
4545.735733 0.721042931 -0.176417768 0.258610487 0.077134483 -0.266835570 -0.071158208 0.958011270
4545.772597 0.705194652 -0.178286076 0.250272036 0.081892081 -0.263193846 -0.071952313 0.958564341
4545.809460 0.688591957 -0.177002057 0.240026355 0.084559157 -0.258705854 -0.069787666 0.959713876
4545.846323 0.670928061 -0.178975239 0.233048365 0.084728144 -0.256045133 -0.071074016 0.960317910
4545.883187 0.655877948 -0.179435760 0.225398868 0.085102372 -0.255778044 -0.073252633 0.960192263
4545.920050 0.639244318 -0.182450369 0.219679996 0.084553115 -0.257165194 -0.077116750 0.959567547
4545.956914 0.623494685 -0.184492007 0.217578351 0.083965376 -0.259717375 -0.077772535 0.958878577
4545.993777 0.611452937 -0.184940517 0.216668323 0.084222533 -0.263473392 -0.078969710 0.957732797
4546.030641 0.589370191 -0.185580313 0.215668201 0.084339410 -0.263092816 -0.079004183 0.957824290
4546.067504 0.574846983 -0.185979545 0.217209011 0.084440947 -0.263917834 -0.078556187 0.957625210
4546.104367 0.561440587 -0.184728563 0.221259207 0.084534928 -0.264104724 -0.077240631 0.957672417
4546.141231 0.546688557 -0.182875797 0.223871633 0.082960710 -0.260118127 -0.075785041 0.959016502
4546.178095 0.533669770 -0.180605233 0.229723856 0.082297198 -0.257368058 -0.074982449 0.959878325
4546.214958 0.521439493 -0.177884638 0.237289533 0.081605174 -0.255371600 -0.072840825 0.960635304
4546.251822 0.508681953 -0.174244002 0.244864359 0.078528196 -0.252429605 -0.072902568 0.961664140
4546.288685 0.496471494 -0.169389546 0.255066156 0.073745437 -0.250579625 -0.073936112 0.962447345
4546.325548 0.482353419 -0.162917241 0.263512164 0.068202332 -0.248459294 -0.071706660 0.963573873
4546.362412 0.470154643 -0.155141339 0.274210066 0.062404830 -0.249501094 -0.069851093 0.963833809
4546.399275 0.459837854 -0.150692821 0.285917699 0.055920344 -0.252871096 -0.069675155 0.963366270
4546.436139 0.449864358 -0.140982896 0.295658439 0.049982153 -0.255322695 -0.069409557 0.963065088
4546.473002 0.439016491 -0.133430570 0.304999709 0.041664097 -0.255279452 -0.069956638 0.963432670
4546.509866 0.428965330 -0.130205259 0.313980609 0.029235201 -0.252790689 -0.072956391 0.964323342
4546.546729 0.422175854 -0.113738425 0.322483242 0.023413913 -0.248600364 -0.074138030 0.965480804
4546.583592 0.415310711 -0.108885840 0.329844803 0.011959669 -0.242194369 -0.080036283 0.966846943
4546.620456 0.406619221 -0.097267553 0.335540563 0.004442111 -0.232851610 -0.082099043 0.969030499
4546.657319 0.402282417 -0.092433348 0.340816647 -0.005285460 -0.224834502 -0.087998822 0.970400751
4546.694183 0.396891952 -0.082039155 0.345416188 -0.011680479 -0.217337251 -0.090720616 0.971801341
4546.731046 0.393718988 -0.065689430 0.349738538 -0.012591027 -0.212848023 -0.091973200 0.972665489
4546.767910 0.391499996 -0.062638968 0.352449954 -0.018117411 -0.209742650 -0.098904237 0.972572744
