0.000000 0.000000000 0.000000000 0.000000000 0.000000000 0.000000000 0.000000000 1.000000000
1.000000 -0.003641300 0.001493458 0.000982229 0.000156401 -0.000239970 0.000092243 0.999999940
2.000000 -0.001777946 -0.001627570 0.001054533 0.000335506 -0.001107558 0.000416104 0.999999225
3.000000 -0.000924693 -0.000075186 0.001376434 0.001088163 -0.002277233 -0.000087037 0.999996781
4.000000 -0.002364115 -0.000501926 0.003498658 0.001059676 -0.002178200 -0.000283396 0.999997020
5.000000 -0.001980982 -0.000667793 0.001421537 0.001314690 -0.002443076 -0.000269206 0.999996126
6.000000 -0.003007833 -0.001783578 0.003206881 0.000953829 -0.002505953 -0.000389072 0.999996364
7.000000 -0.003476841 0.001722031 -0.001830791 0.001467524 -0.002675157 -0.000025502 0.999995351
8.000000 -0.002139229 0.000023095 0.002661581 0.000970790 -0.002740695 -0.000234389 0.999995768
9.000000 -0.002524550 -0.000094917 0.003430856 0.000823228 -0.002895676 -0.000562542 0.999995291
10.000000 -0.002176870 -0.000101563 0.003318647 0.000889780 -0.003168431 -0.000973700 0.999994099
11.000000 -0.004119963 -0.001130879 0.000809815 0.000429030 -0.003013193 -0.001995021 0.999993384
12.000000 -0.004162570 -0.000870612 0.001840101 0.000146342 -0.002431612 -0.002583340 0.999993682
13.000000 -0.003504626 -0.001004651 0.002667300 -0.000413121 -0.002559636 -0.002513645 0.999993503
14.000000 -0.005974759 -0.001229299 0.002076172 -0.000098933 -0.001976732 -0.003004357 0.999993503
15.000000 -0.003730817 -0.000126924 0.001770731 0.000431112 -0.002234022 -0.003187823 0.999992371
16.000000 -0.005907550 -0.000850227 -0.000026691 -0.000379414 -0.001402488 -0.003523967 0.999992728
17.000000 -0.006225044 -0.001025281 -0.000552413 -0.001399469 -0.001091171 -0.003626813 0.999991834
18.000000 -0.012627194 0.002348403 0.002476007 -0.001432579 -0.000166497 -0.003845228 0.999991596
19.000000 -0.013918926 0.002221177 0.000908164 -0.001931025 0.000681983 -0.004401803 0.999988198
20.000000 -0.014346068 0.002317298 0.001629482 -0.002673295 0.001584960 -0.004691035 0.999984145
21.000000 -0.015515664 0.002628440 0.001385357 -0.002840057 0.002627481 -0.004512445 0.999982357
22.000000 -0.023107572 0.001232341 -0.003360635 -0.003835481 0.003860952 -0.004756408 0.999973893
23.000000 -0.023031589 0.001377491 -0.002320712 -0.004741937 0.004975278 -0.004539080 0.999966085
24.000000 -0.024150163 0.001239412 -0.001632802 -0.004511367 0.006034981 -0.005014237 0.999959052
25.000000 -0.028025065 0.000880379 -0.003893744 -0.003709583 0.008216080 -0.005593533 0.999943733
26.000000 -0.027958060 0.001449093 -0.003980096 -0.004351393 0.009974258 -0.004643264 0.999930024
27.000000 -0.054302841 0.001804286 -0.006278076 -0.004725613 0.014162694 -0.004255974 0.999879479
28.000000 -0.055291113 0.001707023 -0.007221358 -0.004371982 0.015631821 -0.003385733 0.999862492
29.000000 -0.060591847 0.000939217 -0.006703670 -0.004368755 0.017800219 -0.003196849 0.999826908
30.000000 -0.062170260 0.001294480 -0.010072134 -0.004600310 0.019343385 -0.003272750 0.999796927
31.000000 -0.066420399 -0.000209109 -0.013020284 -0.004693650 0.021406703 -0.002882078 0.999755681
32.000000 -0.069607243 0.000256181 -0.012713136 -0.004380707 0.022720663 -0.002403594 0.999729335
33.000000 -0.123690635 -0.001705627 -0.016379893 -0.004756319 0.029353263 -0.003251182 0.999552548
34.000000 -0.145420134 -0.001875291 -0.019085180 -0.005099067 0.032146852 -0.001833842 0.999468505
35.000000 -0.154652923 -0.002046212 -0.020097159 -0.004624935 0.033699472 -0.000118987 0.999421299
36.000000 -0.162184238 -0.000527765 -0.015476529 -0.004163835 0.035231739 0.000769368 0.999370217
37.000000 -0.144582644 -0.002119811 -0.020721950 -0.004918719 0.034628093 0.000334163 0.999388099
38.000000 -0.150479689 -0.005525705 -0.025467765 -0.006068618 0.036208935 -0.000064041 0.999325812
39.000000 -0.159671709 -0.001449329 -0.022996649 -0.006407514 0.039011393 -0.000695205 0.999217987
40.000000 -0.181298688 0.008034349 -0.019777600 -0.006677524 0.042696435 -0.001513871 0.999064624
41.000000 -0.193429053 0.006957553 -0.018558213 -0.008495205 0.045204449 -0.002038257 0.998939574
42.000000 -0.196373269 0.008133449 -0.013612581 -0.008876190 0.045475837 -0.002400449 0.998923123
43.000000 -0.205700383 0.008715229 -0.016026825 -0.009180668 0.046910964 -0.003155494 0.998851895
44.000000 -0.217812270 0.004481395 -0.012238326 -0.010097483 0.048390388 -0.003883319 0.998769939
45.000000 -0.219697416 0.003722029 -0.012009490 -0.009571971 0.048379507 -0.004284464 0.998773992
46.000000 -0.223606512 0.006562416 -0.013517972 -0.008491971 0.048620671 -0.005708079 0.998764932
47.000000 -0.232195094 0.008537877 -0.009604318 -0.008626436 0.049688850 -0.006419763 0.998706877
48.000000 -0.238320470 0.006876713 -0.009967366 -0.008877833 0.050800547 -0.006527827 0.998648047
49.000000 -0.257153302 0.002861783 -0.005380236 -0.008664099 0.053572010 -0.006365144 0.998506069
50.000000 -0.257554054 0.002443138 -0.008678189 -0.008250734 0.053219948 -0.006034107 0.998530507
51.000000 -0.261345744 0.000044030 -0.010809701 -0.007609095 0.053673472 -0.006222816 0.998510122
52.000000 -0.258326471 0.003134427 -0.013912959 -0.006005769 0.053494975 -0.006792617 0.998526931
53.000000 -0.267968506 0.010440717 -0.003467001 -0.005370974 0.054659177 -0.007760433 0.998460472
54.000000 -0.272651076 0.009588627 -0.005477007 -0.006025417 0.054913662 -0.009012089 0.998432219
55.000000 -0.296263784 0.006221433 0.002336301 -0.006178231 0.058805261 -0.010006412 0.998200178
56.000000 -0.302791327 0.011674986 0.002667829 -0.004971563 0.059473470 -0.010505007 0.998162210
57.000000 -0.313901424 0.010562609 0.006248150 -0.006406698 0.061240103 -0.010030208 0.998052061
58.000000 -0.339791089 0.002597801 0.010369461 -0.007690679 0.065259509 -0.008717320 0.997800589
59.000000 -0.347804606 0.002930637 0.009152669 -0.007063359 0.066330597 -0.007550918 0.997744143
60.000000 -0.352071226 0.005753580 0.010634404 -0.007493330 0.067603074 -0.006236981 0.997664690
61.000000 -0.375245661 0.005208972 0.018582791 -0.008566340 0.073312603 -0.005243829 0.997258425
62.000000 -0.386555970 0.007286378 0.019810036 -0.009254881 0.076868393 -0.004102217 0.996989846
63.000000 -0.400586754 0.007656554 0.023860514 -0.010445854 0.081082292 -0.002258466 0.996650159
64.000000 -0.410893857 0.008256865 0.029418219 -0.011346641 0.084670596 -0.000195029 0.996344388
65.000000 -0.421664327 0.008018416 0.030546896 -0.012598980 0.088097222 0.000892670 0.996031821
66.000000 -0.433999419 0.005645765 0.030865964 -0.013393085 0.091790907 0.001555139 0.995687008
67.000000 -0.444122016 0.008940154 0.031470057 -0.013022360 0.094810359 0.002214123 0.995407701
68.000000 -0.460235775 0.005823482 0.035215590 -0.014062848 0.098082818 0.001967411 0.995076954
69.000000 -0.467434615 0.003197782 0.032867454 -0.015373191 0.100276291 0.001302450 0.994840026
70.000000 -0.477771193 0.001578566 0.029862374 -0.016167266 0.101889156 -0.000061500 0.994664371
71.000000 -0.493428022 -0.004199195 0.031326391 -0.017589271 0.106343880 -0.003891037 0.994166195
72.000000 -0.506391406 -0.004445646 0.035120867 -0.017005019 0.109586544 -0.005484540 0.993816614
73.000000 -0.505859137 -0.009044227 0.031006195 -0.017155802 0.110332176 -0.007165819 0.993720829
74.000000 -0.510672748 -0.011068009 0.031857610 -0.016884683 0.111433715 -0.008495397 0.993592083
75.000000 -0.510084271 -0.013455618 0.023949116 -0.015227048 0.112550795 -0.010061794 0.993478298
76.000000 -0.505310237 -0.014546303 0.016645387 -0.012794340 0.113434434 -0.010950966 0.993402719
77.000000 -0.503827572 -0.014523203 0.008743361 -0.011454105 0.115070030 -0.011776833 0.993221521
78.000000 -0.510912836 -0.017996557 0.004804499 -0.010619112 0.118549541 -0.011660094 0.992822886
79.000000 -0.516582787 -0.023824088 -0.002282426 -0.009220538 0.121457100 -0.011458448 0.992487729
80.000000 -0.531463802 -0.021578642 0.004436016 -0.007007228 0.126219168 -0.011380174 0.991912365
81.000000 -0.540392160 -0.021611158 0.004548416 -0.007018736 0.130582288 -0.010900149 0.991352677
82.000000 -0.549616992 -0.023537565 0.001464248 -0.007405630 0.134839103 -0.010005919 0.990789294
83.000000 -0.562361240 -0.022597261 -0.000194103 -0.007126397 0.139522031 -0.009437222 0.990148365
84.000000 -0.575588286 -0.020297864 0.000615090 -0.007783879 0.145292267 -0.009203055 0.989315331
85.000000 -0.589650333 -0.020812230 0.002907649 -0.008065269 0.151559725 -0.008228647 0.988380969
86.000000 -0.601712823 -0.022641309 0.002831906 -0.008737664 0.155406818 -0.006415126 0.987791061
87.000000 -0.617717087 -0.024311380 0.002475843 -0.009710848 0.159407780 -0.004516036 0.987154722
88.000000 -0.629426181 -0.023697874 0.001092076 -0.009922212 0.162813678 -0.002877192 0.986602724
89.000000 -0.638321996 -0.024431257 0.001552075 -0.010175101 0.165801153 -0.001191878 0.986105978
90.000000 -0.644792497 -0.020596061 0.002975509 -0.010881671 0.168952152 0.000535533 0.985564053
91.000000 -0.661320865 -0.020055430 0.009148613 -0.012093158 0.173659772 0.001143261 0.984730780
92.000000 -0.668794274 -0.020078076 0.005394667 -0.011996302 0.175598904 0.001481406 0.984387577
93.000000 -0.674353480 -0.019795666 0.000872850 -0.012374506 0.177637845 0.001904482 0.984016299
94.000000 -0.694937348 -0.017152309 0.011619076 -0.013230183 0.182219401 0.002091289 0.983166695
95.000000 -0.706919193 -0.021079706 0.008363083 -0.013398170 0.185124680 0.002215821 0.982621193
96.000000 -0.708320498 -0.017925657 0.008823827 -0.013333712 0.186137423 0.002437104 0.982430220
97.000000 -0.728216171 -0.018232249 0.014536887 -0.014929431 0.190737501 0.002445280 0.981524527
98.000000 -0.732828557 -0.017080147 0.017393246 -0.015806645 0.192490667 0.002659503 0.981167853
99.000000 -0.741920352 -0.018404391 0.022589296 -0.016027788 0.195129514 0.002531432 0.980643213
100.000000 -0.753175139 -0.017821945 0.027706429 -0.015931677 0.198221207 0.002275947 0.980025172
101.000000 -0.759289026 -0.011392856 0.031620011 -0.015944488 0.199716136 0.001092391 0.979723454
102.000000 -0.765601397 -0.013534348 0.035551444 -0.016731165 0.202413365 0.001145351 0.979156554
103.000000 -0.781690896 -0.009702022 0.049236864 -0.016576530 0.207022503 0.000824099 0.978195369
104.000000 -0.783691406 -0.014606504 0.050126106 -0.018081598 0.208914325 0.001893096 0.977764904
105.000000 -0.793960631 -0.016526770 0.054765046 -0.018213145 0.212179095 0.002448717 0.977057993
106.000000 -0.798624635 -0.012950744 0.051432192 -0.017277105 0.213561669 0.003052598 0.976772010
107.000000 -0.805425167 -0.010996446 0.060723096 -0.018162621 0.216467232 0.002966045 0.976116419
108.000000 -0.807354867 -0.010053436 0.064589381 -0.019314960 0.218779638 0.003092851 0.975578189
109.000000 -0.813889265 -0.006235345 0.071546197 -0.019572742 0.222735927 0.003641557 0.974675536
110.000000 -0.820761919 -0.005584787 0.077475429 -0.020653274 0.226370230 0.004274018 0.973812938
111.000000 -0.831296980 -0.007165021 0.085570306 -0.022442713 0.230900362 0.004695009 0.972707212
112.000000 -0.833255470 -0.002558083 0.092187285 -0.022942526 0.234341949 0.005322781 0.971868873
113.000000 -0.845384955 -0.001825673 0.102235198 -0.024015291 0.239558741 0.006844627 0.970560670
114.000000 -0.847292960 -0.001413981 0.106532991 -0.025547273 0.242335632 0.007254180 0.969828904
115.000000 -0.857082486 -0.001928391 0.118565530 -0.027006069 0.247313514 0.008153411 0.968524754
116.000000 -0.868164122 -0.004654370 0.130304754 -0.027102159 0.251417100 0.008552810 0.967461526
117.000000 -0.872851610 -0.002144675 0.134918839 -0.025828131 0.254674315 0.008449578 0.966644943
118.000000 -0.878724217 -0.003212553 0.144000471 -0.026595984 0.258612633 0.007845193 0.965583026
119.000000 -0.885739923 -0.005593030 0.149874032 -0.027465293 0.262229979 0.007502188 0.964585304
120.000000 -0.896705925 -0.004728196 0.169274300 -0.027782952 0.266756773 0.006847679 0.963339031
121.000000 -0.900794864 -0.008084307 0.170813084 -0.029643763 0.269081444 0.006225811 0.962641001
122.000000 -0.901818812 -0.009478799 0.174863100 -0.029639184 0.271402210 0.006447430 0.961987913
123.000000 -0.911999047 -0.012289792 0.193718374 -0.028280523 0.276126564 0.006667169 0.960681975
124.000000 -0.917974472 -0.005381927 0.196570516 -0.026350243 0.279491603 0.006844125 0.959762096
125.000000 -0.921354234 -0.005899057 0.204942852 -0.025928780 0.282573074 0.007240335 0.958867967
126.000000 -0.932490647 -0.004933691 0.221124291 -0.025483329 0.287755013 0.006355920 0.957343876
127.000000 -0.941096187 -0.004515415 0.228074640 -0.025556268 0.291796654 0.005754907 0.956121564
128.000000 -0.948030889 -0.007741750 0.235816032 -0.026479976 0.295541227 0.005846354 0.954945028
129.000000 -0.956787229 -0.006101336 0.254354179 -0.026564166 0.300462186 0.006354936 0.953402579
130.000000 -0.960083544 -0.005706176 0.258019567 -0.027040834 0.303889155 0.007239331 0.952296019
131.000000 -0.961580634 -0.004864450 0.254642934 -0.027193420 0.307233334 0.007701581 0.951214373
132.000000 -0.973993063 -0.002640318 0.276716053 -0.027363069 0.313760221 0.007867952 0.949075282
133.000000 -0.986719370 -0.003617428 0.295938432 -0.027953837 0.321449429 0.008509718 0.946475804
134.000000 -0.992752314 -0.008095090 0.296022117 -0.027671298 0.326327771 0.009705147 0.944801748
135.000000 -0.999698281 -0.005012285 0.309457392 -0.026602635 0.331736386 0.010492438 0.942938566
136.000000 -1.004152060 -0.002634618 0.321204036 -0.025988596 0.335527629 0.011555425 0.941600919
137.000000 -1.011409402 -0.001364503 0.325153470 -0.025187096 0.340116560 0.012617842 0.939961195
138.000000 -1.020707726 -0.000035958 0.331189007 -0.025511669 0.345621347 0.013397901 0.937931538
139.000000 -1.027434111 0.002698047 0.345195144 -0.026724044 0.351698667 0.014654612 0.935616970
140.000000 -1.035271883 -0.000525106 0.351713181 -0.028601706 0.357237846 0.015726443 0.933442950
141.000000 -1.048369884 0.000406351 0.366324425 -0.029265108 0.363578469 0.016225938 0.930962384
142.000000 -1.050454974 -0.002812643 0.374956310 -0.030518522 0.367824793 0.018438753 0.929211259
143.000000 -1.056080341 0.003315551 0.387405485 -0.029262718 0.372589201 0.018604210 0.927348316
144.000000 -1.066967487 0.002907872 0.394219607 -0.028240288 0.377175480 0.018976122 0.925516605
145.000000 -1.071718216 0.004125185 0.405778468 -0.027726306 0.381850570 0.019284243 0.923606753
146.000000 -1.085626364 0.004791353 0.427177429 -0.027499547 0.389273643 0.018927591 0.920516968
147.000000 -1.085288763 0.008321285 0.428500563 -0.027651940 0.392509550 0.018564062 0.919144690
148.000000 -1.088805795 0.007914938 0.441072971 -0.028343914 0.397425532 0.018745121 0.917005002
149.000000 -1.093168497 0.008872818 0.448612303 -0.028570166 0.401145607 0.018521454 0.915381312
150.000000 -1.095485210 0.010566141 0.459229410 -0.029344726 0.404689550 0.018323781 0.913799465
151.000000 -1.100391030 0.008054253 0.472025722 -0.030208519 0.409220964 0.018688839 0.911743581
152.000000 -1.106558681 0.012101077 0.484561205 -0.029924046 0.413603455 0.018488139 0.909777403
153.000000 -1.109950781 0.014637001 0.495972037 -0.030312197 0.417334378 0.019394353 0.908040166
154.000000 -1.111087561 0.017927140 0.505553067 -0.030941416 0.421032876 0.020685721 0.906281412
155.000000 -1.116204977 0.018862579 0.519555569 -0.031586703 0.425473869 0.022449922 0.904140651
156.000000 -1.122738838 0.014832966 0.530359030 -0.032396764 0.430569887 0.024325432 0.901647568
157.000000 -1.124042273 0.019910365 0.549031258 -0.031685106 0.435672879 0.025476677 0.899186373
158.000000 -1.127222061 0.018563330 0.556274354 -0.031702209 0.439885110 0.026698010 0.897097111
159.000000 -1.127652526 0.016523264 0.571442127 -0.032117102 0.444772601 0.028123500 0.894625545
160.000000 -1.126931071 0.018266607 0.583984733 -0.031386077 0.449653357 0.027924990 0.892214656
161.000000 -1.127617598 0.019200277 0.592212081 -0.030859755 0.454213768 0.027547734 0.889931798
162.000000 -1.131776333 0.021039836 0.611519814 -0.031342693 0.460356534 0.026368659 0.886788726
163.000000 -1.132275105 0.018830515 0.622639298 -0.031420462 0.464730322 0.025837960 0.884517312
164.000000 -1.134327412 0.019602817 0.642496288 -0.031044401 0.469759047 0.024358738 0.881912291
165.000000 -1.133442044 0.020705648 0.654983044 -0.030545140 0.473584116 0.022724779 0.879925370
166.000000 -1.132015944 0.020748656 0.665897846 -0.030199524 0.476458013 0.021022376 0.878426909
167.000000 -1.132166862 0.020131733 0.679376364 -0.029071815 0.479415536 0.019881109 0.876881003
168.000000 -1.131375313 0.023674205 0.692816257 -0.028554713 0.482198387 0.019134602 0.875387490
169.000000 -1.134701490 0.022697795 0.711790562 -0.030053459 0.486491859 0.019292608 0.872954905
170.000000 -1.133218884 0.019367456 0.721620739 -0.030822253 0.489407986 0.019965893 0.871281326
171.000000 -1.133590221 0.021062750 0.737132668 -0.029948024 0.492314100 0.019758558 0.869677842
172.000000 -1.134610176 0.018805388 0.752671361 -0.029824376 0.495204568 0.019506808 0.868045211
173.000000 -1.137446642 0.016678728 0.766391277 -0.029269027 0.497457385 0.019452782 0.866776228
174.000000 -1.135890007 0.018279348 0.779059291 -0.028187636 0.498789161 0.019113420 0.866053998
175.000000 -1.137456417 0.018987309 0.793222427 -0.027578032 0.499493897 0.018679880 0.865676820
176.000000 -1.135835528 0.022724707 0.800476789 -0.027683655 0.499308705 0.017382845 0.865807295
177.000000 -1.134245634 0.023234311 0.807976782 -0.030170035 0.499946833 0.016974565 0.865363955
178.000000 -1.134471655 0.021691378 0.822369576 -0.032497924 0.502005756 0.017201180 0.864082277
179.000000 -1.133624077 0.021096725 0.835991263 -0.033394769 0.504079223 0.016868116 0.862846673
180.000000 -1.131883860 0.020472582 0.847536504 -0.033730082 0.506267965 0.016237171 0.861563325
181.000000 -1.130858541 0.019620065 0.862633824 -0.034160979 0.509348094 0.015894154 0.859735370
182.000000 -1.134058952 0.023077592 0.883174419 -0.034423776 0.512546480 0.014831577 0.857841015
183.000000 -1.131164312 0.024372250 0.893886566 -0.035080414 0.514493406 0.014635295 0.856651485
184.000000 -1.129809260 0.025130272 0.910142064 -0.036077827 0.517830968 0.014578460 0.854597569
185.000000 -1.131466031 0.026734024 0.928736389 -0.036854252 0.522133768 0.014593594 0.851941943
186.000000 -1.128242016 0.027849611 0.937129915 -0.038182240 0.526014209 0.014854624 0.849488378
187.000000 -1.126786470 0.023750417 0.954036236 -0.039634921 0.530877352 0.015600440 0.846377492
188.000000 -1.124382019 0.023380179 0.972475588 -0.038685501 0.535861015 0.015067841 0.843284905
189.000000 -1.122502089 0.024500590 0.988833666 -0.037758078 0.540265262 0.014030199 0.840530157
190.000000 -1.120737314 0.026470542 1.004171252 -0.037433360 0.544679523 0.013702926 0.837696373
191.000000 -1.116942525 0.021296658 1.021742821 -0.036916431 0.549236417 0.014086252 0.834732354
192.000000 -1.120754719 0.019798417 1.045025229 -0.033838149 0.554762661 0.012530256 0.831225812
193.000000 -1.121132374 0.026274774 1.062507272 -0.032080688 0.559616745 0.010970468 0.828057706
194.000000 -1.120486736 0.028216898 1.076005697 -0.033684190 0.564319849 0.011361718 0.824790478
195.000000 -1.118004560 0.029040385 1.090691447 -0.035308927 0.568691552 0.012248823 0.821701348
196.000000 -1.117888212 0.021722700 1.103825569 -0.037014194 0.573239148 0.013787953 0.818435490
197.000000 -1.117139459 0.018593214 1.122787833 -0.036721405 0.578653216 0.014530493 0.814616978
198.000000 -1.114425421 0.021345511 1.138417006 -0.034188010 0.583059430 0.014536093 0.811579704
199.000000 -1.114655137 0.024058916 1.153230667 -0.032686695 0.587389886 0.014544765 0.808512866
200.000000 -1.114809513 0.023626391 1.172803164 -0.032869611 0.592355132 0.015497110 0.804857016
201.000000 -1.109972954 0.023198459 1.181995749 -0.033065956 0.595795393 0.016721796 0.802281022
202.000000 -1.109662890 0.020536251 1.205578804 -0.033278570 0.601031423 0.017456986 0.798341393
203.000000 -1.108009577 0.023077507 1.216958165 -0.031958878 0.604378819 0.017756376 0.795857787
204.000000 -1.105403662 0.024243686 1.228769064 -0.031781711 0.606995463 0.018256374 0.793859661
205.000000 -1.102347016 0.024483666 1.244116664 -0.033134639 0.609883249 0.018503845 0.791582048
206.000000 -1.097603083 0.023545515 1.259192705 -0.034282789 0.612421155 0.018717155 0.789566100
207.000000 -1.093280315 0.022413258 1.271711469 -0.034223579 0.614154935 0.018114630 0.788234949
208.000000 -1.088065982 0.022264272 1.283086538 -0.033477407 0.616348445 0.016960144 0.786578834
209.000000 -1.082818627 0.021355156 1.295476079 -0.032577045 0.619211018 0.015195942 0.784401417
210.000000 -1.077919960 0.024250623 1.310462594 -0.031519532 0.622935891 0.013375665 0.781523168
211.000000 -1.071103930 0.021580912 1.327268243 -0.032143414 0.626167953 0.012830308 0.778919637
212.000000 -1.067461252 0.015138526 1.337707996 -0.031240596 0.628833473 0.012223268 0.776815951
213.000000 -1.060686588 0.015943788 1.350037098 -0.028627165 0.631157398 0.009746673 0.775065005
214.000000 -1.053388953 0.013262670 1.361123681 -0.027158961 0.633276582 0.008825306 0.773398578
215.000000 -1.042076826 0.014013235 1.373966932 -0.025268255 0.635424256 0.007751146 0.771710753
216.000000 -1.032506466 0.012939202 1.388675213 -0.021953736 0.637450516 0.005885435 0.770155966
217.000000 -1.023772836 0.009108627 1.392263055 -0.019716602 0.638063908 0.004285529 0.769719005
218.000000 -1.012973189 0.008424228 1.407983780 -0.017998680 0.640949011 0.002908845 0.767366886
219.000000 -1.000951290 0.005300213 1.422299147 -0.016255694 0.644050300 0.001169709 0.764809489
220.000000 -0.991115093 -0.002242081 1.423787832 -0.014074865 0.645644188 -0.000043942 0.763508618
221.000000 -0.976478696 -0.003420746 1.434156179 -0.012321619 0.647722781 -0.001678995 0.761774600
222.000000 -0.971933007 0.004665030 1.478796959 -0.009532917 0.654827714 -0.004340389 0.755705535
223.000000 -0.961522818 0.002111907 1.488982558 -0.007786673 0.657589674 -0.005789716 0.753313780
224.000000 -0.949862063 0.004331779 1.499926329 -0.005026849 0.660560489 -0.007483349 0.750718653
225.000000 -0.938806832 -0.005569878 1.500984907 -0.003349252 0.661988497 -0.007149384 0.749472439
226.000000 -0.927978456 -0.021270005 1.509634733 -0.001594477 0.663431406 -0.006229429 0.748209417
227.000000 -0.916932106 -0.023164283 1.524619460 0.002522995 0.664834201 -0.008190184 0.746941805
228.000000 -0.906032562 -0.029449247 1.535722136 0.005896366 0.665806711 -0.010476412 0.746027410
229.000000 -0.890440106 -0.028329119 1.538007855 0.010563111 0.665561318 -0.014001562 0.746137083
230.000000 -0.882956862 -0.034460284 1.551924229 0.012426432 0.666996181 -0.017702585 0.744747102
231.000000 -0.873644114 -0.045795452 1.550272703 0.012765002 0.666290224 -0.020314023 0.745306492
232.000000 -0.859481454 -0.036638763 1.572271705 0.015402313 0.668878078 -0.025627004 0.742770553
233.000000 -0.850653410 -0.037909403 1.581702709 0.016529845 0.670190334 -0.029466994 0.741419852
234.000000 -0.841323853 -0.039507441 1.593549490 0.018332532 0.671895027 -0.032530691 0.739704430
235.000000 -0.835544586 -0.045008969 1.603133798 0.019967241 0.673078477 -0.034315392 0.738504648
236.000000 -0.824964464 -0.044775821 1.611451149 0.021368762 0.673927844 -0.037114322 0.737554848
237.000000 -0.811495185 -0.044759370 1.621694088 0.023046810 0.674970746 -0.040293682 0.736382842
238.000000 -0.798102617 -0.035053872 1.636281013 0.027188534 0.676518202 -0.044829361 0.734557211
239.000000 -0.789257407 -0.043406129 1.645415068 0.029235268 0.677356422 -0.046866097 0.733578265
240.000000 -0.780239165 -0.059076928 1.651491404 0.030523511 0.677984238 -0.047267709 0.732919812
241.000000 -0.765854955 -0.069952980 1.655298233 0.030602034 0.678253114 -0.048510935 0.732586443
242.000000 -0.753257871 -0.066746876 1.664649367 0.032826982 0.679911196 -0.051782873 0.730726838
243.000000 -0.742005706 -0.076621898 1.673863649 0.034216329 0.682420433 -0.053806856 0.728173375
244.000000 -0.732607424 -0.078811757 1.684085131 0.037349112 0.685525000 -0.056825116 0.724866450
245.000000 -0.726899385 -0.079103291 1.694839716 0.040955506 0.688692749 -0.059098978 0.721479177
246.000000 -0.717204273 -0.079987302 1.699017286 0.044548661 0.690598905 -0.060098894 0.719358563
247.000000 -0.705851853 -0.092492178 1.706829190 0.044329826 0.693529367 -0.059415329 0.716604292
248.000000 -0.695481658 -0.084587321 1.718088508 0.048167828 0.697361767 -0.060581420 0.712528110
249.000000 -0.685493946 -0.086641498 1.729936719 0.049963616 0.701641381 -0.060536385 0.708193719
250.000000 -0.674024761 -0.078230590 1.740909576 0.052955557 0.705883980 -0.062374331 0.703585744
251.000000 -0.664429665 -0.092199743 1.745165229 0.052153923 0.708770156 -0.060920961 0.700866222
252.000000 -0.652721584 -0.078316301 1.764611840 0.053592388 0.713290036 -0.062631577 0.696004689
253.000000 -0.644096255 -0.081246294 1.766682982 0.052579030 0.715474308 -0.061049122 0.693977594
254.000000 -0.632066369 -0.088869773 1.781848907 0.052421663 0.719136834 -0.059035823 0.690368652
255.000000 -0.624720216 -0.100546770 1.798344135 0.053525459 0.722432852 -0.057022490 0.687003851
256.000000 -0.615062654 -0.105986916 1.798012495 0.054519393 0.723226011 -0.056424022 0.686140001
257.000000 -0.604728401 -0.100878231 1.810385346 0.056431554 0.726230919 -0.057934601 0.682676852
258.000000 -0.592323005 -0.106658876 1.822619081 0.056071568 0.729769945 -0.059509169 0.678786039
259.000000 -0.583728611 -0.096035570 1.829909325 0.059584528 0.732784748 -0.062605426 0.674949408
260.000000 -0.573706508 -0.103351653 1.834398866 0.059250694 0.735167623 -0.062684588 0.672375321
261.000000 -0.559389353 -0.110162280 1.839256644 0.057205282 0.737435699 -0.062942453 0.670040548
262.000000 -0.544771671 -0.103224084 1.852543116 0.057366036 0.740584075 -0.065451398 0.666303575
263.000000 -0.533774734 -0.102111600 1.857537031 0.056878228 0.742322981 -0.066609189 0.664292574
264.000000 -0.522319853 -0.106772900 1.863882303 0.056321900 0.743795335 -0.066188291 0.662733257
265.000000 -0.512220979 -0.110028878 1.871864557 0.056069214 0.745083690 -0.066696346 0.661254883
266.000000 -0.498578399 -0.103629470 1.872039676 0.056848761 0.745247960 -0.068988703 0.660767913
267.000000 -0.486613154 -0.102216490 1.885985494 0.056869704 0.747662783 -0.069939539 0.657932103
268.000000 -0.475790679 -0.104124129 1.884607196 0.055504750 0.748243809 -0.070674933 0.657309294
269.000000 -0.448875964 -0.108057939 1.896281600 0.054974526 0.750854850 -0.071880013 0.654238582
270.000000 -0.433366716 -0.110989287 1.893320560 0.056626052 0.750151873 -0.074108705 0.654655337
271.000000 -0.419777364 -0.112505019 1.901113510 0.058746748 0.751001894 -0.076665483 0.653197765
272.000000 -0.404048443 -0.108563945 1.906031609 0.060414616 0.752039492 -0.079291701 0.651536226
273.000000 -0.388838023 -0.110303685 1.913566828 0.061250791 0.753639758 -0.080939300 0.649402976
274.000000 -0.376210928 -0.112928540 1.914986253 0.061144523 0.754175484 -0.082189806 0.648633540
275.000000 -0.360637009 -0.110728219 1.919933796 0.060827214 0.755207181 -0.084357694 0.647183120
276.000000 -0.351910830 -0.115331128 1.918566704 0.060128342 0.755216181 -0.085431293 0.647097051
277.000000 -0.336724609 -0.117815688 1.921758413 0.059860695 0.755805135 -0.087384433 0.646172762
278.000000 -0.324555457 -0.122874923 1.922507048 0.060607743 0.755775154 -0.088373706 0.646003604
279.000000 -0.309063733 -0.126312315 1.926293492 0.060741618 0.756172299 -0.090295069 0.645260155
280.000000 -0.291873932 -0.124231569 1.935317874 0.062134128 0.757676601 -0.092462398 0.643052280
281.000000 -0.276812166 -0.122182168 1.937716126 0.062342718 0.758219361 -0.094222240 0.642136157
282.000000 -0.263436079 -0.119829625 1.941720366 0.062625788 0.759400129 -0.095054679 0.640588820
283.000000 -0.248544574 -0.117770955 1.946408510 0.063278809 0.760287106 -0.096750624 0.639217138
284.000000 -0.238098145 -0.122937009 1.950571418 0.064133301 0.760522842 -0.097201817 0.638782978
285.000000 -0.230365336 -0.127125323 1.955267310 0.064786814 0.760256350 -0.097113237 0.639047801
286.000000 -0.217120379 -0.122918956 1.963335514 0.065140449 0.760276377 -0.097830117 0.638878584
287.000000 -0.210779697 -0.124633797 1.963999152 0.063695401 0.758784533 -0.097050823 0.640913427
288.000000 -0.198981166 -0.123623088 1.973313332 0.062509514 0.758590341 -0.096788205 0.641299725
289.000000 -0.196354628 -0.128468767 1.968842387 0.060946435 0.756054759 -0.094523773 0.644772768
290.000000 -0.185264677 -0.127304509 1.982086539 0.059669703 0.756633639 -0.093939207 0.644298494
291.000000 -0.176217645 -0.125904322 1.988115668 0.059873853 0.755721927 -0.093769848 0.645373285
292.000000 -0.163957477 -0.121137410 1.997661114 0.060975749 0.755574584 -0.094440058 0.645344973
293.000000 -0.158057511 -0.118681855 2.003516912 0.061442345 0.755282998 -0.094294094 0.645663261
294.000000 -0.153142035 -0.116075203 2.007908344 0.061312862 0.755333185 -0.093720645 0.645700336
295.000000 -0.146346271 -0.118768655 2.017042398 0.060188014 0.756901979 -0.092254862 0.644178391
296.000000 -0.142215043 -0.116604082 2.026978731 0.059566669 0.758630693 -0.091503859 0.642307043
297.000000 -0.139060378 -0.116560981 2.031781912 0.058029477 0.759652734 -0.090346582 0.641403019
298.000000 -0.133225948 -0.114380032 2.043263435 0.057693705 0.761777163 -0.090003423 0.638957202
299.000000 -0.129754573 -0.118949503 2.049267054 0.056935232 0.762688756 -0.088688456 0.638121068
300.000000 -0.126722902 -0.114540979 2.057012796 0.057365987 0.763485730 -0.089292407 0.637044370
301.000000 -0.121578783 -0.116910972 2.069653749 0.055892326 0.765064836 -0.088242635 0.635425150
302.000000 -0.113271117 -0.113482349 2.080965996 0.055012040 0.766460598 -0.088056542 0.633843660
303.000000 -0.105795860 -0.113821484 2.099613190 0.054514442 0.769115269 -0.086700745 0.630850911
304.000000 -0.105290115 -0.111727253 2.104928493 0.055232879 0.769036233 -0.085473381 0.631052196
305.000000 -0.097057402 -0.109144062 2.124765873 0.055665024 0.771153927 -0.084998228 0.628488958
306.000000 -0.099640250 -0.110541746 2.134244204 0.055290245 0.771310031 -0.082974799 0.628600776
307.000000 -0.093899459 -0.107359946 2.151814461 0.054476634 0.773308039 -0.082109131 0.626326621
308.000000 -0.089971095 -0.104293428 2.166500330 0.054093920 0.775327563 -0.080452569 0.624074042
309.000000 -0.093081564 -0.107243225 2.171661377 0.052624546 0.775764048 -0.077365793 0.624047637
310.000000 -0.089113176 -0.107984081 2.185503483 0.052120041 0.777486622 -0.075190805 0.622209311
311.000000 -0.085640430 -0.101754270 2.213532925 0.053940039 0.779469728 -0.073305331 0.619793296
312.000000 -0.089203060 -0.104727641 2.220371723 0.053487375 0.778432310 -0.071363918 0.621360898
313.000000 -0.081883758 -0.104593270 2.236755133 0.053388227 0.779153585 -0.070025675 0.620617330
314.000000 -0.080331326 -0.104776241 2.249638557 0.052716527 0.778477311 -0.068366386 0.621707380
315.000000 -0.080676466 -0.106551886 2.262815237 0.052269656 0.777173042 -0.067162156 0.623505533
316.000000 -0.084598124 -0.108557224 2.273480177 0.051834077 0.774885356 -0.066041887 0.626501679
317.000000 -0.082312763 -0.101714298 2.287839413 0.052675992 0.772910953 -0.067105360 0.628753304
318.000000 -0.082985699 -0.101141572 2.300318718 0.052999906 0.770298362 -0.066697963 0.631967425
319.000000 -0.085782111 -0.098522902 2.308964491 0.052467361 0.766818404 -0.067035563 0.636194170
320.000000 -0.088831186 -0.098562740 2.317650557 0.051889647 0.762702465 -0.067022815 0.641171157
321.000000 -0.088494182 -0.102247700 2.330973148 0.050310694 0.758890152 -0.066816650 0.645825088
322.000000 -0.092004389 -0.094490305 2.338231564 0.052624740 0.753473997 -0.067897178 0.651841640
323.000000 -0.092233330 -0.098505571 2.347061872 0.050010789 0.747869968 -0.067262724 0.658532560
324.000000 -0.088339075 -0.091518328 2.362663746 0.051212370 0.743238807 -0.068353236 0.663551986
325.000000 -0.090709209 -0.093021579 2.369568348 0.050898824 0.736656427 -0.067758128 0.670936227
326.000000 -0.089465037 -0.090713084 2.381029844 0.050760895 0.730052948 -0.068207234 0.678080916
327.000000 -0.092658713 -0.092386685 2.387573719 0.050430913 0.722732306 -0.067477636 0.685974836
328.000000 -0.093275391 -0.096563503 2.395998955 0.050140347 0.715843320 -0.066313021 0.693294287
329.000000 -0.094403490 -0.097016603 2.404582262 0.049103443 0.709184647 -0.066368595 0.700172305
330.000000 -0.093353987 -0.100069284 2.416063070 0.049159005 0.703210652 -0.065234140 0.706273735
331.000000 -0.095398262 -0.097931206 2.425236464 0.047999132 0.696880817 -0.064840145 0.712635219
332.000000 -0.099103183 -0.095041499 2.430440426 0.047679685 0.689631164 -0.064670973 0.719689608
333.000000 -0.103209168 -0.094979368 2.441427708 0.047968958 0.683854938 -0.064297304 0.725194573
334.000000 -0.102083854 -0.085887209 2.453675270 0.049958497 0.678235233 -0.065781109 0.730187595
335.000000 -0.100491285 -0.096067593 2.459581852 0.049047161 0.670913935 -0.063637644 0.737169683
336.000000 -0.103138566 -0.091793716 2.466662884 0.051214080 0.662852645 -0.065409027 0.744127095
337.000000 -0.105424747 -0.096087217 2.469877958 0.052910700 0.654706180 -0.065660544 0.751165032
338.000000 -0.105877638 -0.108593516 2.479324818 0.051604051 0.648338616 -0.064341255 0.756871402
339.000000 -0.106653512 -0.107265167 2.480895281 0.052463632 0.640857935 -0.064969704 0.763103902
340.000000 -0.108294010 -0.107974313 2.475064993 0.053330384 0.631449640 -0.064965680 0.770847976
341.000000 -0.108653665 -0.104257442 2.497870207 0.054136734 0.628044665 -0.066514134 0.773437142
342.000000 -0.107410431 -0.098133072 2.502808332 0.055418912 0.621566892 -0.067403182 0.778485835
343.000000 -0.109271646 -0.099443316 2.519505024 0.055236094 0.616924465 -0.067239963 0.782196879
344.000000 -0.110491872 -0.099134974 2.515018940 0.058167435 0.607536435 -0.066744953 0.789342225
345.000000 -0.112619936 -0.104238629 2.518350840 0.059168600 0.599871755 -0.065452263 0.795216262
346.000000 -0.110579014 -0.097674727 2.517492294 0.060356494 0.592569649 -0.066472396 0.800499618
347.000000 -0.113168478 -0.095763646 2.540090799 0.060864434 0.590660393 -0.067817397 0.801758468
348.000000 -0.112759948 -0.106394842 2.534206390 0.060609292 0.583225071 -0.065584123 0.807386994
349.000000 -0.124912500 -0.107765421 2.549075842 0.060159139 0.576464057 -0.064291894 0.812364817
350.000000 -0.115964234 -0.102974787 2.558534622 0.061716355 0.573853850 -0.065131329 0.814027488
351.000000 -0.115179718 -0.101707861 2.559494019 0.062056273 0.570821285 -0.065489426 0.816102445
352.000000 -0.112256289 -0.099153116 2.562382460 0.062054250 0.568745792 -0.065768369 0.817528009
353.000000 -0.109684646 -0.098235838 2.561421394 0.061628159 0.565246820 -0.065334275 0.820017934
354.000000 -0.112452626 -0.097970232 2.570163250 0.061344229 0.563754141 -0.064829089 0.821106195
355.000000 -0.115091980 -0.100847661 2.578205824 0.059829377 0.562044322 -0.063590504 0.822485745
356.000000 -0.106911838 -0.093824796 2.578199625 0.060567997 0.558041155 -0.064881973 0.825052679
357.000000 -0.106480777 -0.092406064 2.585065842 0.060428660 0.556509435 -0.065323003 0.826062083
358.000000 -0.112687707 -0.091723874 2.593726158 0.059744235 0.556201458 -0.064211242 0.826406360
359.000000 -0.110496044 -0.085636370 2.600330353 0.059678402 0.555167854 -0.064427651 0.827088952
360.000000 -0.114387989 -0.088608764 2.609132290 0.057896301 0.555128515 -0.062579721 0.827383876
361.000000 -0.111250818 -0.085803285 2.615061522 0.057945903 0.553909957 -0.062450863 0.828206480
362.000000 -0.107849658 -0.091353595 2.621531963 0.056689654 0.552966952 -0.062182203 0.828943431
363.000000 -0.114761829 -0.089788690 2.637402534 0.057636987 0.554517269 -0.062094487 0.827848375
364.000000 -0.112898171 -0.088596828 2.641500235 0.057256576 0.553367913 -0.062543839 0.828609645
365.000000 -0.110355377 -0.086039662 2.652884722 0.057422373 0.553598523 -0.062631816 0.828437448
366.000000 -0.111070871 -0.087677069 2.661183834 0.057427701 0.554171503 -0.062273465 0.828080952
367.000000 -0.111443877 -0.086690038 2.669334888 0.057950161 0.555493057 -0.061998304 0.827179193
368.000000 -0.112192631 -0.085029066 2.677570581 0.058268189 0.557242572 -0.061068684 0.826048553
369.000000 -0.111053467 -0.083866924 2.686038733 0.058217797 0.559108913 -0.060376279 0.824841022
370.000000 -0.109959066 -0.085300207 2.689620018 0.057009488 0.560510814 -0.059898365 0.824008346
371.000000 -0.110863924 -0.086179435 2.698836565 0.055464253 0.563980281 -0.058567233 0.821839333
372.000000 -0.110830128 -0.082645625 2.707743168 0.054474898 0.568080425 -0.057752561 0.819134772
373.000000 -0.117506087 -0.083016098 2.717311859 0.052118409 0.573509872 -0.057228234 0.815533578
374.000000 -0.116923451 -0.081781790 2.725457430 0.050686777 0.579017878 -0.055638216 0.811833382
375.000000 -0.116967201 -0.079249404 2.735306025 0.048712987 0.585232675 -0.055237610 0.807513833
376.000000 -0.115694940 -0.081264541 2.752244234 0.043959141 0.598042250 -0.055453189 0.798334479
377.000000 -0.114443183 -0.080639020 2.758634090 0.041953016 0.604528010 -0.056599405 0.793462217
378.000000 -0.110280216 -0.080677442 2.762289286 0.040293742 0.610019565 -0.057300013 0.789283991
379.000000 -0.107424974 -0.084744290 2.764329910 0.038192865 0.615374625 -0.057030287 0.785240710
380.000000 -0.106535494 -0.081206918 2.771066427 0.038509641 0.621604621 -0.057476524 0.780269861
381.000000 -0.103944570 -0.081811704 2.778152943 0.037930593 0.628347278 -0.057264578 0.774894655
382.000000 -0.104141384 -0.088192210 2.782601595 0.036011279 0.634914458 -0.056641981 0.769661307
383.000000 -0.100554913 -0.090803325 2.777476788 0.035403106 0.639817417 -0.057406377 0.765561700
384.000000 -0.090376556 -0.081558913 2.775717497 0.038770765 0.645136535 -0.059664100 0.760746956
385.000000 -0.103858322 -0.090459421 2.795088768 0.037123945 0.656024814 -0.058901645 0.751521051
386.000000 -0.102006227 -0.087925032 2.802688599 0.039600234 0.665025949 -0.061013039 0.743269563
387.000000 -0.095037311 -0.085776612 2.797860861 0.041030671 0.672734320 -0.062788449 0.736072421
388.000000 -0.091930114 -0.084047243 2.794104576 0.040068913 0.680744588 -0.064945377 0.728535056
389.000000 -0.088584416 -0.085609473 2.794589758 0.038836103 0.689034939 -0.066159770 0.720656276
390.000000 -0.086365625 -0.086288154 2.797833920 0.039060507 0.696931541 -0.067935720 0.712843239
391.000000 -0.081787325 -0.079604089 2.799160004 0.039491255 0.704862416 -0.070138417 0.704762340
392.000000 -0.083567858 -0.094105914 2.795020819 0.035175748 0.712786078 -0.068125166 0.697178304
393.000000 -0.077007562 -0.071183093 2.798429966 0.038929317 0.722151399 -0.072167799 0.686857820
394.000000 -0.079018950 -0.088178501 2.792405128 0.034820829 0.729318202 -0.068289101 0.679866970
395.000000 -0.077800661 -0.082646400 2.794120789 0.036645159 0.737396896 -0.068446986 0.670982838
396.000000 -0.077084184 -0.086333327 2.795841455 0.036487043 0.745952010 -0.066791564 0.661636651
397.000000 -0.073370934 -0.073705710 2.794578314 0.037663206 0.753757119 -0.069652252 0.652365088
398.000000 -0.069646508 -0.079422101 2.795641899 0.036106888 0.761682451 -0.068652093 0.643290758
399.000000 -0.064502507 -0.083625257 2.795639515 0.034761395 0.769193947 -0.069188103 0.634307027
400.000000 -0.060867965 -0.086628400 2.797518492 0.034415066 0.777232885 -0.069568954 0.624407530
401.000000 -0.055744529 -0.082932562 2.798814058 0.034906335 0.785300195 -0.071520194 0.613978922
402.000000 -0.054838419 -0.081376873 2.797642231 0.035032373 0.791989088 -0.072788216 0.605167747
403.000000 -0.047452450 -0.082770854 2.804277658 0.033773750 0.799282253 -0.073123969 0.595533371
404.000000 -0.042885900 -0.080333129 2.807660341 0.031909999 0.806446493 -0.074301511 0.585751593
405.000000 -0.037889242 -0.087298840 2.814389467 0.028630937 0.814664245 -0.073842220 0.574499488
406.000000 -0.031844139 -0.083675593 2.816795588 0.027419869 0.822469950 -0.075067922 0.563166082
407.000000 -0.026982427 -0.082580552 2.820956707 0.025738668 0.830698669 -0.074743979 0.551081300
408.000000 -0.021713853 -0.091098055 2.825662851 0.023940343 0.838610411 -0.072554223 0.539347053
409.000000 -0.016922474 -0.089324042 2.824605703 0.024297124 0.845209599 -0.074162140 0.528706193
410.000000 -0.015064955 -0.086898655 2.823917866 0.024602331 0.852721691 -0.073757976 0.516546369
411.000000 -0.010304213 -0.088282511 2.834108591 0.023261534 0.861550629 -0.071982458 0.502003849
412.000000 -0.005045295 -0.096386805 2.845906496 0.020779433 0.870027065 -0.069874354 0.487584561
413.000000 0.006049991 -0.088587031 2.846498251 0.020702500 0.877322137 -0.070635825 0.474223465
414.000000 0.006262898 -0.081037208 2.853467941 0.020482840 0.884376824 -0.069785222 0.461072743
415.000000 0.012470365 -0.083233044 2.859598875 0.018257624 0.890506208 -0.065531723 0.449856550
416.000000 0.020091414 -0.084427521 2.861831188 0.015053413 0.895863116 -0.063897163 0.439454019
417.000000 0.018849730 -0.085250959 2.861197948 0.012214035 0.900791764 -0.062023658 0.429625481
418.000000 0.022255182 -0.083975911 2.860697746 0.009663071 0.905305505 -0.060850810 0.420268685
419.000000 0.031507969 -0.087083384 2.864635944 0.006612229 0.910396278 -0.061481234 0.409090370
420.000000 0.034444451 -0.082049534 2.866840363 0.005965865 0.914667308 -0.062836200 0.399248868
421.000000 0.041855097 -0.078237370 2.869158745 0.002599431 0.922155201 -0.061573472 0.381879151
422.000000 0.050488472 -0.072860435 2.871945858 0.000802710 0.925920069 -0.062056024 0.372586042
423.000000 0.055491209 -0.074406624 2.870450020 -0.001551945 0.928963184 -0.061362699 0.365047425
424.000000 0.063838601 -0.073277950 2.868548632 -0.002979093 0.932191193 -0.060654078 0.356835812
425.000000 0.072098851 -0.069006696 2.867501974 -0.003775399 0.935093105 -0.062076308 0.348902732
426.000000 0.081566453 -0.068507910 2.865284443 -0.005099673 0.938071191 -0.062708199 0.340681821
427.000000 0.087317824 -0.069524199 2.857743740 -0.006926536 0.940374613 -0.062879644 0.334206104
428.000000 0.100340605 -0.069027156 2.859821558 -0.008275790 0.943162084 -0.063739330 0.326058477
429.000000 0.111713409 -0.061472505 2.859491110 -0.007171995 0.945596039 -0.065119520 0.318678766
430.000000 0.119516969 -0.056947231 2.854382038 -0.007137547 0.947736442 -0.065260738 0.312227130
431.000000 0.132977843 -0.052513331 2.849566460 -0.006874509 0.950042725 -0.065027751 0.305193245
432.000000 0.141636133 -0.055706322 2.844552994 -0.007903250 0.951840937 -0.064173028 0.299696773
433.000000 0.154831409 -0.050010383 2.837133408 -0.005645787 0.954005599 -0.063890919 0.292847127
434.000000 0.165157437 -0.050867707 2.830348969 -0.005275294 0.955870569 -0.062500760 0.287014306
435.000000 0.182636499 -0.054761708 2.823430538 -0.003638787 0.957744062 -0.061148390 0.281023085
436.000000 0.201913953 -0.062064379 2.815257311 -0.001692527 0.959190667 -0.061887369 0.275899321
437.000000 0.214750886 -0.061579704 2.806906700 0.001173196 0.959809840 -0.066580765 0.272636443
438.000000 0.222570539 -0.056324959 2.794325590 0.004189295 0.960252643 -0.071740046 0.269723445
439.000000 0.225421906 -0.049446702 2.785128117 0.006409138 0.961038232 -0.073851183 0.266290158
440.000000 0.240825653 -0.045111686 2.774326086 0.007379178 0.962679565 -0.072580516 0.260625392
441.000000 0.255001187 -0.047033221 2.764873266 0.005452401 0.964353204 -0.069483660 0.255274713
442.000000 0.286078334 -0.054321527 2.745473623 0.004584485 0.967471540 -0.067247398 0.243835106
443.000000 0.288777947 -0.054967999 2.737190008 0.005356341 0.968441665 -0.067761026 0.239792615
444.000000 0.301988244 -0.052892834 2.728593826 0.005884700 0.969857454 -0.068633318 0.233733535
445.000000 0.311387300 -0.053673744 2.719361305 0.005331144 0.970988154 -0.068780877 0.228960320
446.000000 0.318503678 -0.048728406 2.711478472 0.005419443 0.972010553 -0.070228286 0.224129707
447.000000 0.325774074 -0.049001187 2.702523708 0.005064150 0.973179519 -0.069657780 0.219188705
448.000000 0.333878040 -0.050351441 2.694640636 0.003955910 0.974654436 -0.069211222 0.212703824
449.000000 0.349398673 -0.039148331 2.688953876 0.004924392 0.976338089 -0.070591696 0.204343915
450.000000 0.358483076 -0.038564622 2.681712151 0.005015390 0.977640629 -0.068891093 0.198614433
451.000000 0.366173685 -0.041846722 2.674505234 0.003480608 0.978787243 -0.067730829 0.193328694
452.000000 0.376284361 -0.036963105 2.668358326 0.003301998 0.979913890 -0.068072252 0.187413990
453.000000 0.384181857 -0.037015229 2.662816048 0.002047296 0.980882227 -0.067222744 0.182611406
454.000000 0.395150304 -0.037886590 2.657384157 0.001262568 0.981755257 -0.066532865 0.178124607
455.000000 0.405872047 -0.034308791 2.649975300 0.001611487 0.982510686 -0.065895632 0.174149200
456.000000 0.413761497 -0.032203972 2.644857168 0.001059935 0.983239412 -0.064594992 0.170489416
457.000000 0.427036583 -0.033455312 2.642721891 0.000925872 0.984209716 -0.062545530 0.165585220
458.000000 0.439482510 -0.036585450 2.635891438 0.001133688 0.984998763 -0.062045202 0.161017373
459.000000 0.450656593 -0.032162100 2.632155418 0.003992056 0.985674739 -0.063290238 0.156280756
460.000000 0.459078193 -0.031397730 2.629702806 0.006319097 0.986426234 -0.062565297 0.151686981
461.000000 0.479863882 -0.029327959 2.623178720 0.009170352 0.987375796 -0.062733643 0.145153165
462.000000 0.490216196 -0.026702344 2.616463184 0.010868332 0.988012135 -0.063666470 0.140215874
463.000000 0.498012424 -0.024894595 2.614011049 0.010692699 0.988743484 -0.064124279 0.134759068
464.000000 0.504580438 -0.021479726 2.611119747 0.009722181 0.989647031 -0.063289799 0.128446743
465.000000 0.519339323 -0.021365464 2.608792782 0.008559938 0.990846157 -0.061299924 0.119970784
466.000000 0.530171871 -0.020056784 2.607295513 0.007542165 0.991783440 -0.060493562 0.112468675
467.000000 0.542498708 -0.016501069 2.605982304 0.007799096 0.992766380 -0.058884237 0.104339652
468.000000 0.551236987 -0.016087830 2.604583263 0.007174766 0.993671417 -0.056277357 0.096945502
469.000000 0.562820852 -0.009856194 2.605312347 0.007167521 0.994664252 -0.054503359 0.087298796
470.000000 0.576513767 -0.009529650 2.604316711 0.005525554 0.995669305 -0.050918225 0.077584937
471.000000 0.583087921 -0.009824365 2.601896524 0.004357565 0.996376514 -0.047634207 0.070326269
472.000000 0.593989849 -0.010743886 2.598594427 0.003994657 0.997006059 -0.045098815 0.062682055
473.000000 0.600652635 -0.011301547 2.589020967 0.003610374 0.997444332 -0.043864258 0.056282204
474.000000 0.609747648 -0.011596888 2.588635445 0.003570150 0.997953892 -0.042099226 0.047989149
475.000000 0.620236218 -0.011256486 2.585851192 0.003704237 0.998385608 -0.040361382 0.039792314
476.000000 0.628281295 -0.008450091 2.580756664 0.003311660 0.998636007 -0.039853849 0.033567455
477.000000 0.641032696 -0.007210746 2.583440542 0.003368498 0.998908818 -0.039238330 0.025102777
478.000000 0.650025129 -0.004953027 2.581974745 0.002491735 0.999077737 -0.038560044 0.018723084
479.000000 0.659449935 -0.001058117 2.584958076 0.000607113 0.999246299 -0.037246965 0.010914470
480.000000 0.670518041 -0.002911478 2.578275681 -0.000241256 0.999377429 -0.034965165 0.004702560
481.000000 0.678705394 -0.005065471 2.578862190 -0.000915966 0.999411285 -0.034249872 -0.001774443
482.000000 0.689070582 -0.002461299 2.579685450 -0.001188339 0.999371052 -0.034296434 -0.008932654
483.000000 0.693719327 -0.001989245 2.574873447 -0.000935291 0.999359488 -0.033297874 -0.013074416
484.000000 0.702519238 -0.005318090 2.570580959 -0.001468225 0.999316514 -0.032246277 -0.018015007
485.000000 0.714048028 -0.007711440 2.568612576 0.000162143 0.999159515 -0.034111161 -0.022731200
486.000000 0.719456792 -0.005090103 2.566516876 0.000903251 0.998939335 -0.037250884 -0.027051641
487.000000 0.720021665 -0.001851827 2.558626890 0.002261402 0.998799324 -0.038809109 -0.029809829
488.000000 0.725749850 -0.002596006 2.554611683 0.002734507 0.998592973 -0.038554601 -0.036305215
489.000000 0.734372377 -0.000602275 2.546073198 0.003026277 0.998259902 -0.039105326 -0.044031210
490.000000 0.740720987 -0.000153571 2.540735960 0.002689200 0.997909606 -0.039130390 -0.051361434
491.000000 0.742270887 0.000096276 2.529972792 0.001938789 0.997668564 -0.039491884 -0.055624567
492.000000 0.743250668 -0.002621204 2.517538548 0.000345497 0.997362733 -0.040166516 -0.060448736
493.000000 0.745757043 0.004748940 2.510984898 -0.001987932 0.996910810 -0.042236932 -0.066188820
494.000000 0.744592428 0.004096985 2.498733282 -0.004562098 0.996616125 -0.041097339 -0.071038865
495.000000 0.744875789 0.004424512 2.491523266 -0.006700262 0.996402383 -0.040339146 -0.074230246
496.000000 0.746746898 0.005630761 2.484282494 -0.008108662 0.996071815 -0.040305961 -0.078425579
497.000000 0.747266769 0.008058801 2.473537683 -0.008481486 0.995792270 -0.040127952 -0.081948757
498.000000 0.745399952 0.011966944 2.468730927 -0.008456542 0.995407879 -0.040763050 -0.086197130
499.000000 0.746234059 0.010716170 2.454119682 -0.008173451 0.994944632 -0.040561065 -0.091505177
500.000000 0.746774554 0.012360737 2.443659067 -0.007786927 0.994490325 -0.041041389 -0.096145511
501.000000 0.750693083 0.015340924 2.437826633 -0.007585083 0.993955255 -0.041286424 -0.101443842
502.000000 0.753291488 0.013369933 2.423528194 -0.007664383 0.993506908 -0.040562280 -0.106018588
503.000000 0.752876103 0.016436830 2.412618876 -0.007599690 0.993112385 -0.041126233 -0.109447092
504.000000 0.747017503 0.017076954 2.397996902 -0.007513028 0.992850780 -0.040107243 -0.112170801
505.000000 0.747679770 0.014595464 2.389887810 -0.006981912 0.992352962 -0.039228667 -0.116824277
506.000000 0.747791350 0.011946425 2.378210306 -0.006435534 0.991802633 -0.040322464 -0.121079564
507.000000 0.739008427 0.013663709 2.367490768 -0.005472422 0.991421878 -0.042095236 -0.123615265
508.000000 0.741664052 0.014632389 2.360255241 -0.004191560 0.990970373 -0.042616047 -0.127059191
509.000000 0.749190032 0.011735201 2.342868805 -0.003150491 0.990349829 -0.042266797 -0.131949812
510.000000 0.750153959 0.006720334 2.330532074 -0.001626141 0.989819884 -0.042729162 -0.135750368
511.000000 0.746881187 0.004724845 2.317111015 -0.000586724 0.989190102 -0.044953041 -0.139577419
512.000000 0.752510965 0.005614772 2.305571795 -0.000090921 0.988195062 -0.047082666 -0.145786688
513.000000 0.755355537 0.003586248 2.292807341 0.000176663 0.987347722 -0.047773238 -0.151202410
514.000000 0.758192003 0.002345785 2.281762838 0.000021658 0.986503839 -0.049570173 -0.156054437
515.000000 0.761399567 -0.000672787 2.266150475 -0.000587653 0.985505283 -0.051282804 -0.161706656
516.000000 0.757580042 0.002140358 2.267070532 -0.000926154 0.984770179 -0.053060286 -0.165564060
517.000000 0.776084185 0.001115441 2.242687225 -0.001109855 0.983414054 -0.053343426 -0.173349559
518.000000 0.763834357 -0.000746071 2.254738331 -0.001993641 0.982921243 -0.053672772 -0.176014543
519.000000 0.757102013 -0.003647625 2.254398823 -0.003114906 0.982219875 -0.055377044 -0.179353788
520.000000 0.754530847 -0.002432436 2.246174812 -0.004535714 0.981342196 -0.057802305 -0.183318883
521.000000 0.754843652 0.000723869 2.239231825 -0.006459194 0.980560422 -0.059083551 -0.186999142
522.000000 0.744254529 0.002653837 2.245319843 -0.008028645 0.980181217 -0.058657397 -0.189049304
523.000000 0.762303412 0.002051234 2.223274231 -0.009376265 0.978809834 -0.057841036 -0.196208596
524.000000 0.761770844 0.001047283 2.217700005 -0.010692979 0.977956116 -0.057539560 -0.200441420
525.000000 0.770109296 0.004929572 2.204567671 -0.011679633 0.976847827 -0.057291426 -0.205790088
526.000000 0.773982406 0.005693823 2.191154003 -0.011404996 0.975726187 -0.056318179 -0.211321086
527.000000 0.776863933 0.004725516 2.190051079 -0.011991479 0.974778771 -0.055377528 -0.215860844
528.000000 0.789261341 0.004617959 2.168233633 -0.012963166 0.973232031 -0.054593787 -0.222869620
529.000000 0.785581827 0.002989218 2.165975809 -0.013608476 0.972378910 -0.053352274 -0.226820692
530.000000 0.795621097 0.005676016 2.151855707 -0.014191084 0.970886052 -0.053296767 -0.233105808
531.000000 0.796904624 0.006954059 2.143309832 -0.014868258 0.969696999 -0.052674081 -0.238100976
532.000000 0.794683933 0.006895572 2.138152838 -0.015151239 0.969044328 -0.051792163 -0.240917206
533.000000 0.802789569 0.007676080 2.121423244 -0.014978521 0.967638195 -0.050857961 -0.246709168
534.000000 0.808583796 0.003879875 2.106718540 -0.014843215 0.966408908 -0.049574252 -0.251745731
535.000000 0.805900216 0.004671156 2.103615284 -0.014938303 0.965409160 -0.050073255 -0.255449802
536.000000 0.817172050 0.004550830 2.080422163 -0.014844467 0.963595927 -0.049852185 -0.262254357
537.000000 0.817392588 0.004431963 2.072423935 -0.014778646 0.962508380 -0.049536329 -0.266280681
538.000000 0.815006495 0.002611592 2.063508034 -0.014878182 0.961492717 -0.048936497 -0.270029068
539.000000 0.817711234 0.001744136 2.049122810 -0.015412034 0.960247457 -0.048587892 -0.274456888
540.000000 0.818936706 -0.001805186 2.039642811 -0.015873162 0.959095001 -0.048694998 -0.278412789
541.000000 0.820871234 -0.001595438 2.025197268 -0.016531346 0.957956195 -0.049638845 -0.282104075
542.000000 0.822837234 0.003335997 2.020504475 -0.017236736 0.956779897 -0.049898546 -0.285981178
543.000000 0.822469234 -0.001513675 2.008608580 -0.018855808 0.955998421 -0.047637731 -0.288863480
544.000000 0.824936271 0.000649706 1.998742700 -0.020104270 0.955172360 -0.046964142 -0.291609228
545.000000 0.829485536 -0.000639290 1.990370274 -0.021792118 0.954248726 -0.044795439 -0.294835240
546.000000 0.832157135 -0.001235306 1.979364634 -0.022886550 0.953402281 -0.043793406 -0.297627926
547.000000 0.828364849 -0.003613457 1.974774361 -0.023820553 0.952747881 -0.043136902 -0.299738646
548.000000 0.828994870 -0.002846807 1.968627334 -0.024640348 0.951763570 -0.042684279 -0.302848101
549.000000 0.827673614 -0.007870480 1.960816383 -0.024592519 0.950875401 -0.041764885 -0.305756330
550.000000 0.829068899 -0.008154184 1.952649355 -0.024586393 0.949680924 -0.042457230 -0.309352666
551.000000 0.832501173 -0.009894028 1.944676161 -0.024499971 0.948324978 -0.042688631 -0.313459933
552.000000 0.830322623 -0.010747865 1.941687703 -0.024392165 0.947169721 -0.043500561 -0.316831589
553.000000 0.831557214 -0.008344710 1.932825923 -0.023308445 0.945644736 -0.044540200 -0.321292579
554.000000 0.835473895 -0.009740710 1.927337170 -0.022959391 0.944198012 -0.044002991 -0.325617492
555.000000 0.835572600 -0.011676699 1.919767737 -0.022130605 0.943002343 -0.045283299 -0.328947186
556.000000 0.836234927 -0.009777516 1.914618969 -0.021851074 0.941759944 -0.047353335 -0.332217515
557.000000 0.832562506 -0.006524533 1.908678770 -0.021373045 0.940797806 -0.047615558 -0.334926009
558.000000 0.832935572 -0.008703291 1.903397322 -0.020032313 0.939360321 -0.046848197 -0.339125514
559.000000 0.832263768 -0.009527728 1.900384903 -0.019353375 0.937885880 -0.047239080 -0.343167663
560.000000 0.835427642 -0.010368869 1.890913725 -0.018680330 0.935996056 -0.047400851 -0.348303914
561.000000 0.833981633 -0.010830104 1.888835430 -0.017995954 0.934572339 -0.047855608 -0.352080256
562.000000 0.835650265 -0.013242245 1.878593922 -0.017760562 0.932638407 -0.048480693 -0.357099086
563.000000 0.836162031 -0.011008888 1.874555349 -0.018024696 0.930966318 -0.049370363 -0.361302286
564.000000 0.839519262 -0.008552790 1.863129497 -0.018009219 0.928697944 -0.049398150 -0.367090672
565.000000 0.840901971 -0.007980481 1.855922341 -0.017695939 0.926457107 -0.048610356 -0.372828633
566.000000 0.843799829 -0.008011565 1.848080397 -0.017776946 0.924114466 -0.047857165 -0.378690094
567.000000 0.846643329 -0.007731676 1.837828636 -0.018134488 0.921842277 -0.047115725 -0.384263009
568.000000 0.848476648 -0.006888658 1.827153921 -0.018126931 0.919868708 -0.045943420 -0.389104277
569.000000 0.847555161 -0.009841964 1.817277074 -0.017442374 0.918052912 -0.044882048 -0.393522769
570.000000 0.846529245 -0.011259869 1.808999181 -0.018163595 0.916333556 -0.045639701 -0.397391438
571.000000 0.846901536 -0.007253066 1.799940825 -0.020037884 0.914373696 -0.046933129 -0.401642293
572.000000 0.847548604 -0.005918652 1.788586855 -0.021050813 0.912405849 -0.046134725 -0.406133026
573.000000 0.844323397 -0.008174434 1.785012960 -0.022209287 0.911327600 -0.045689397 -0.408535480
574.000000 0.843982935 -0.006270915 1.772717237 -0.023271548 0.909717441 -0.046330910 -0.411978304
575.000000 0.842639446 -0.002672777 1.766024351 -0.024421297 0.908526242 -0.045396533 -0.414635748
576.000000 0.841893435 -0.004492089 1.755985498 -0.024785433 0.907028615 -0.043567825 -0.418074787
577.000000 0.840855956 -0.005344823 1.744998097 -0.025030091 0.905451179 -0.043330725 -0.421490371
578.000000 0.840815485 -0.003647774 1.734419107 -0.025726290 0.903747857 -0.042935900 -0.425128728
579.000000 0.840222120 -0.003426760 1.722819090 -0.025502399 0.902477622 -0.042048279 -0.427920163
580.000000 0.838204265 -0.002518237 1.714688540 -0.025186077 0.901685357 -0.041895553 -0.429620743
581.000000 0.836001039 -0.000983521 1.703360796 -0.024984907 0.900658071 -0.042261589 -0.431746155
582.000000 0.836444438 -0.001202524 1.691714287 -0.023696018 0.899343610 -0.041728590 -0.434601307
583.000000 0.834088326 -0.004096255 1.677640915 -0.022633344 0.897755563 -0.039734889 -0.438113898
584.000000 0.833291292 -0.001444459 1.667567134 -0.021837108 0.896239758 -0.039490305 -0.441268563
585.000000 0.833299041 0.001411259 1.655263305 -0.021511866 0.894405901 -0.038269125 -0.445096344
586.000000 0.832215905 0.000837132 1.644285917 -0.020025374 0.892399848 -0.035940688 -0.449365973
587.000000 0.830291510 -0.003207713 1.615160227 -0.015470081 0.887991846 -0.033347033 -0.458387613
588.000000 0.827773333 -0.004813433 1.604968786 -0.013214180 0.886050045 -0.033762287 -0.462169707
589.000000 0.825464964 -0.008493878 1.591816187 -0.011345001 0.884499371 -0.034654997 -0.465114117
590.000000 0.824303567 -0.005276017 1.580828905 -0.010536769 0.882910728 -0.036771230 -0.467980236
591.000000 0.825169384 -0.003558427 1.564704537 -0.009530488 0.880835414 -0.036924351 -0.471884280
592.000000 0.827345371 -0.005140476 1.548252225 -0.009587658 0.878276229 -0.035217959 -0.476758540
593.000000 0.824861050 -0.005859315 1.537274599 -0.009545298 0.876160860 -0.034168199 -0.480711490
594.000000 0.822467387 -0.004475020 1.527975321 -0.009989852 0.874390364 -0.033059709 -0.483992547
595.000000 0.821618974 -0.008855790 1.511405826 -0.009758334 0.871999085 -0.031171553 -0.488416553
596.000000 0.819380820 -0.010092251 1.501867890 -0.009961834 0.870176136 -0.030899342 -0.491670072
597.000000 0.817053854 -0.010751709 1.487430692 -0.009770392 0.867929459 -0.031309355 -0.495603442
598.000000 0.814691067 -0.011819080 1.478963137 -0.009450961 0.866221547 -0.031884044 -0.498552173
599.000000 0.811665714 -0.014215946 1.466674328 0.010006105 -0.864359260 0.032684915 0.501711786
600.000000 0.802140117 -0.013236605 1.457762241 0.011089101 -0.863225758 0.033771183 0.503565013
601.000000 0.801447093 -0.011403330 1.443914890 0.012814527 -0.861429691 0.034190625 0.506562531
602.000000 0.799357295 -0.013188258 1.432871580 0.014078863 -0.859808683 0.033850715 0.509298503
603.000000 0.793070078 -0.016472496 1.425041914 0.015381140 -0.858423412 0.033537399 0.511612892
604.000000 0.791357398 -0.014549971 1.416311979 0.016581751 -0.856789768 0.033961684 0.514279008
605.000000 0.787693620 -0.013429150 1.409169316 0.016930129 -0.855384111 0.034094032 0.516593575
606.000000 0.786003351 -0.012174919 1.395828962 0.016697392 -0.853748560 0.033661563 0.519327939
607.000000 0.782460213 -0.013745427 1.387047529 0.016474485 -0.852499425 0.033359416 0.521402419
608.000000 0.777994156 -0.017100200 1.379458427 0.016482543 -0.851261675 0.033525504 0.523410022
609.000000 0.779561818 -0.009917513 1.365256310 0.017615769 -0.848903239 0.033228602 0.527208447
610.000000 0.779495239 -0.008657381 1.351019859 0.016641896 -0.846689165 0.032096636 0.530858099
611.000000 0.776013732 -0.008769147 1.341498375 0.015437372 -0.844858229 0.031371906 0.533846438
612.000000 0.774044812 -0.005396113 1.333325148 0.014396231 -0.843313217 0.031931411 0.536279678
613.000000 0.772875845 -0.006686606 1.319376707 0.012311248 -0.841662884 0.031562380 0.538939536
614.000000 0.771334887 -0.004811347 1.309777617 0.010643614 -0.840065777 0.031160615 0.541484237
615.000000 0.769079804 -0.003851078 1.296023130 0.009495244 -0.838107109 0.030263430 0.544582784
616.000000 0.768567085 -0.001902871 1.283112288 0.008494049 -0.835864067 0.028857235 0.548111618
617.000000 0.766028583 -0.001839675 1.272769570 0.007187611 -0.833586156 0.027193783 0.551672757
618.000000 0.763950884 -0.004291765 1.255513906 0.005600848 -0.830671251 0.025049858 0.556171119
619.000000 0.760950804 -0.005503256 1.247624636 0.004076801 -0.827840865 0.024041405 0.560432732
620.000000 0.759125948 -0.003941260 1.236996770 0.003081658 -0.824999094 0.023965541 0.564617276
621.000000 0.755670071 -0.003179669 1.225746274 0.001845817 -0.822471857 0.023467084 0.568318605
622.000000 0.754346848 -0.003023695 1.213611841 0.001010333 -0.819428325 0.022454653 0.572740674
623.000000 0.752432823 -0.006372858 1.204843044 0.000602197 -0.816669464 0.021735240 0.576695859
624.000000 0.750571549 -0.005995627 1.191388845 0.001017882 -0.813551009 0.021331530 0.581101179
625.000000 0.748597503 -0.004441652 1.182941556 0.001166750 -0.810588419 0.020704912 0.585248888
626.000000 0.746063590 -0.005720433 1.172438145 0.000247710 -0.806813300 0.019381523 0.590488434
627.000000 0.744097352 -0.008957405 1.160851121 -0.001408326 -0.802767873 0.018782508 0.595994115
628.000000 0.739865005 -0.006019264 1.155951977 -0.002044999 -0.799233854 0.019805748 0.600690246
629.000000 0.736201942 -0.005706612 1.144207835 -0.003065662 -0.795053780 0.019847760 0.606206357
630.000000 0.731674850 -0.009837158 1.132338166 -0.004561323 -0.790596128 0.019963779 0.611995399
631.000000 0.727791727 -0.009439485 1.128652334 -0.005586373 -0.787005067 0.020991417 0.616563976
632.000000 0.723708808 -0.007588504 1.114029646 -0.006461439 -0.782382607 0.021740800 0.622385025
633.000000 0.719141245 -0.011763515 1.103567719 -0.007239744 -0.778484821 0.022167280 0.627230167
634.000000 0.716574788 -0.015056506 1.103601456 -0.007757733 -0.775552869 0.023452327 0.630799234
635.000000 0.713380575 -0.011241917 1.091474056 -0.006985918 -0.771348715 0.024901267 0.635887086
636.000000 0.709124088 -0.010155333 1.083233595 -0.006672608 -0.767512679 0.025389526 0.640496016
637.000000 0.706208825 -0.009462127 1.075782537 -0.005389687 -0.763749897 0.025747431 0.644976139
638.000000 0.700380325 -0.008604590 1.067777157 -0.004526544 -0.759936154 0.025180547 0.649494112
639.000000 0.696670651 -0.005911510 1.065625429 -0.004292548 -0.757200599 0.025303472 0.652678072
640.000000 0.690008223 -0.004662529 1.055725098 -0.003308719 -0.753991067 0.024029423 0.656436622
641.000000 0.683931351 -0.004823769 1.049526691 -0.003273415 -0.751442969 0.023169842 0.659382939
642.000000 0.678904951 -0.003051411 1.043075681 -0.003502911 -0.748828709 0.022721931 0.662364721
643.000000 0.674721539 -0.001703208 1.039143920 -0.003754466 -0.746468127 0.022616019 0.665026069
644.000000 0.670097470 0.001044583 1.032815576 -0.004035677 -0.743943214 0.022893567 0.667838395
645.000000 0.663077295 0.002427120 1.029612660 -0.004636548 -0.742070615 0.022785122 0.669918299
646.000000 0.654895127 -0.000388624 1.021749616 -0.005622608 -0.739676237 0.022327950 0.672568858
647.000000 0.648152351 0.002228947 1.019647479 -0.005989114 -0.737790287 0.023671864 0.674588203
648.000000 0.640705109 0.003851308 1.014463067 -0.006331618 -0.735731781 0.024562936 0.676797807
649.000000 0.625803053 0.007355563 1.006684184 -0.008819497 -0.731609225 0.023088975 0.681276023
650.000000 0.605729043 0.008880103 0.994721889 -0.012502681 -0.726570606 0.021358225 0.686645985
651.000000 0.595779121 0.009030937 0.987895429 -0.014066827 -0.723662794 0.021300860 0.689681530
652.000000 0.587468565 0.005194781 0.985880256 -0.015640683 -0.720961332 0.022142818 0.692444861
653.000000 0.576278389 0.002979053 0.984252572 -0.015713004 -0.718819618 0.023967490 0.694605649
654.000000 0.567297280 0.006082799 0.976296008 -0.014296789 -0.715624630 0.024555244 0.697906911
655.000000 0.555202544 0.004550476 0.972908556 -0.013537450 -0.712648094 0.023051482 0.701012135
656.000000 0.545473456 0.005481075 0.968799949 -0.012037372 -0.709611118 0.021760263 0.704154551
657.000000 0.533563435 0.002403891 0.964493692 -0.011346895 -0.706675172 0.019952090 0.707165718
658.000000 0.519521952 0.002817488 0.958462775 -0.009967017 -0.703388274 0.019224044 0.710475922
659.000000 0.506763875 -0.005811047 0.955397248 -0.009388610 -0.700444996 0.018771451 0.713397682
660.000000 0.495247275 -0.008217050 0.953987479 -0.008177075 -0.697918236 0.019138161 0.715874970
661.000000 0.482754409 -0.013409179 0.949507833 -0.006659288 -0.695094824 0.019966867 0.718609869
662.000000 0.470745832 -0.011393291 0.944167316 -0.004094515 -0.692107081 0.022576423 0.721430063
663.000000 0.459861904 -0.011571320 0.940524280 -0.002794021 -0.688976467 0.024017788 0.724380255
664.000000 0.449232787 -0.010227603 0.937943220 -0.002505081 -0.685988188 0.024588553 0.727192760
665.000000 0.438094229 -0.012201386 0.934081018 -0.002535399 -0.683260262 0.025222037 0.729734778
666.000000 0.427054495 -0.013801091 0.932165504 -0.002532347 -0.681172967 0.027048830 0.731618285
667.000000 0.415059716 -0.020678053 0.928203404 -0.002629159 -0.678929508 0.029394325 0.733610094
668.000000 0.404845864 -0.017623365 0.925853133 -0.000676296 -0.676932871 0.033516910 0.735280931
669.000000 0.395027310 -0.021805171 0.926987112 0.000054636 -0.675010383 0.036090162 0.736925006
670.000000 0.385010689 -0.021553062 0.924314737 0.000827607 -0.672926188 0.038119141 0.738726377
671.000000 0.374711931 -0.025708565 0.919478476 0.001568027 -0.670520306 0.038509965 0.740889311
672.000000 0.364361227 -0.027394600 0.915175498 0.002996847 -0.667711496 0.038880300 0.743398070
673.000000 0.355963677 -0.027823903 0.911354065 0.004277575 -0.664525151 0.038852114 0.746242940
674.000000 0.346798718 -0.030649219 0.909495652 0.004720911 -0.661258519 0.038564444 0.749151349
675.000000 0.337699354 -0.035476603 0.905468464 0.004899188 -0.657617629 0.039047137 0.752323329
676.000000 0.328669310 -0.038125116 0.902958155 0.006167671 -0.654645383 0.040993117 0.754798591
677.000000 0.318638742 -0.040054239 0.901046276 0.007039467 -0.652156711 0.043600947 0.756796598
678.000000 0.311968148 -0.044597048 0.895666599 0.008944846 -0.649029851 0.044562042 0.759404004
679.000000 0.304547966 -0.044081200 0.892450154 0.011084363 -0.646286786 0.045811884 0.761637628
680.000000 0.296097189 -0.047151923 0.889268637 0.011844822 -0.643138170 0.045651596 0.764296353
681.000000 0.287826210 -0.050727732 0.883761048 0.012405304 -0.639418960 0.045860633 0.767389238
682.000000 0.278869241 -0.054527923 0.878471315 0.013654030 -0.636127830 0.046700697 0.770048022
683.000000 0.271778017 -0.055305392 0.877651870 0.015131949 -0.633512497 0.048321780 0.772073805
684.000000 0.262892932 -0.057467733 0.868930459 0.016450968 -0.630128145 0.049220916 0.774754882
685.000000 0.254742652 -0.061071318 0.864102125 0.016798409 -0.626922429 0.049864758 0.777302742
686.000000 0.246385038 -0.066186309 0.857890129 0.017857669 -0.623270571 0.051353756 0.780113876
687.000000 0.235010356 -0.067378812 0.852416158 0.020125547 -0.619417667 0.053839326 0.782954693
688.000000 0.225663006 -0.068510897 0.844078898 0.022370152 -0.614689529 0.055815239 0.786473751
689.000000 0.222377121 -0.067336172 0.840555191 0.024666179 -0.610424459 0.057310246 0.789613247
690.000000 0.210424960 -0.075106174 0.833218455 0.026168093 -0.605526686 0.057885639 0.793285489
691.000000 0.201392785 -0.080371678 0.823889256 0.028295653 -0.600224137 0.059587374 0.797107041
692.000000 0.193757951 -0.079988360 0.815869391 0.030051142 -0.595342636 0.062858939 0.800445378
693.000000 0.183609664 -0.081164971 0.803421199 0.030953495 -0.589849412 0.064641565 0.804326415
694.000000 0.181238562 -0.079018496 0.800836682 0.031191463 -0.585483730 0.065385208 0.807440877
695.000000 0.169966489 -0.084092505 0.790527523 0.029317433 -0.579419255 0.065347210 0.811876535
696.000000 0.167253584 -0.086286575 0.786193252 0.028121227 -0.573801756 0.065671109 0.815872550
697.000000 0.156014919 -0.092648327 0.777101398 0.026092038 -0.567530870 0.067017272 0.820205212
698.000000 0.145099863 -0.100653492 0.767550707 0.025627062 -0.562209547 0.068237759 0.823776245
699.000000 0.136488929 -0.105213940 0.760435760 0.026212687 -0.557249546 0.070028253 0.826971531
700.000000 0.126940638 -0.108403966 0.753428578 0.026898041 -0.551952779 0.072320372 0.830297768
701.000000 0.125150263 -0.106527559 0.749137700 0.028142478 -0.546760917 0.074543647 0.833488882
702.000000 0.115592718 -0.110028088 0.742430687 0.027750399 -0.541124105 0.075926133 0.837048292
703.000000 0.107263908 -0.116145916 0.736837268 0.027521916 -0.536175728 0.077263899 0.840112150
704.000000 0.097517043 -0.120447025 0.732617855 0.029177789 -0.531825364 0.079846427 0.842576385
705.000000 0.092053548 -0.119528614 0.730919242 0.031336434 -0.527984321 0.082253411 0.844680369
706.000000 0.081278339 -0.120558485 0.729831696 0.032492783 -0.523694158 0.083972186 0.847134769
707.000000 0.069464058 -0.131362587 0.723905444 0.033539809 -0.518642068 0.083462410 0.850246727
708.000000 0.063069642 -0.127395764 0.719189286 0.035908498 -0.513452590 0.083634168 0.853277385
709.000000 0.057316422 -0.130160421 0.715997815 0.034377165 -0.508400857 0.082303286 0.856488705
710.000000 0.050435603 -0.136819243 0.714414001 0.033452690 -0.505061448 0.082044356 0.858523488
711.000000 0.042994827 -0.140302986 0.714305997 0.035462897 -0.502464652 0.082589641 0.859913111
712.000000 0.037769914 -0.135844916 0.710501194 0.036757078 -0.499596268 0.081591636 0.861623645
713.000000 0.028871030 -0.144483864 0.711021483 0.035033371 -0.496822268 0.078717344 0.863564610
714.000000 0.022261322 -0.151226342 0.714340210 0.036537681 -0.494519889 0.078219235 0.864868104
715.000000 0.013455302 -0.157161951 0.713622510 0.039419729 -0.492474943 0.078628950 0.865870655
716.000000 0.004327774 -0.156372398 0.716729403 0.041687500 -0.490919173 0.079851784 0.866535783
717.000000 -0.005687505 -0.159394324 0.718590617 0.043484766 -0.488740116 0.080534905 0.867615283
718.000000 -0.013214380 -0.163236558 0.721127212 0.046432670 -0.486235559 0.081234820 0.868803680
719.000000 -0.022896737 -0.166370153 0.721773148 0.049200729 -0.483517498 0.082022607 0.870093286
720.000000 -0.027152807 -0.165683419 0.731104612 0.051408846 -0.481885403 0.082372807 0.870837688
721.000000 -0.034993351 -0.167470664 0.733971953 0.053241000 -0.479286164 0.082191445 0.872178137
722.000000 -0.043777764 -0.168668970 0.740129292 0.054546025 -0.477140725 0.082214467 0.873270988
723.000000 -0.051803917 -0.170994565 0.746470451 0.055339232 -0.474989712 0.081723131 0.874439061
724.000000 -0.061190605 -0.173166424 0.751283884 0.056375269 -0.472493112 0.082499392 0.875651717
725.000000 -0.067862839 -0.176389486 0.762830973 0.059066918 -0.471487969 0.083788261 0.875893652
726.000000 -0.079322666 -0.175477907 0.767449737 0.062316451 -0.469825387 0.085712567 0.876375556
727.000000 -0.089828193 -0.182129920 0.774527550 0.064469911 -0.468308300 0.086604998 0.876943886
728.000000 -0.100040436 -0.184482083 0.780685544 0.065958582 -0.466213286 0.087635629 0.877846599
729.000000 -0.106929839 -0.184330374 0.790400982 0.066532157 -0.463777900 0.088169746 0.879039049
730.000000 -0.114408940 -0.185287356 0.796861947 0.066522636 -0.460266829 0.088574581 0.880842626
731.000000 -0.125153542 -0.189855129 0.804505229 0.067066811 -0.456012458 0.088772535 0.882991552
732.000000 -0.135527164 -0.194057778 0.813768983 0.069222666 -0.451776177 0.088493913 0.885028422
733.000000 -0.146340132 -0.197878093 0.822545350 0.071145371 -0.447679520 0.087616198 0.887042701
734.000000 -0.154447436 -0.199611843 0.831830025 0.073851928 -0.443791747 0.086712658 0.888862014
735.000000 -0.165799975 -0.204628602 0.839617908 0.076333612 -0.439238220 0.085327536 0.891045511
736.000000 -0.175381988 -0.210179895 0.849536777 0.078477949 -0.434546709 0.084830664 0.893204391
737.000000 -0.182888657 -0.213647410 0.859348953 0.082542069 -0.430289239 0.085420817 0.894841492
738.000000 -0.190957844 -0.216636330 0.869338036 0.087301664 -0.426538885 0.087394819 0.895993948
739.000000 -0.197298259 -0.215698749 0.878203869 0.091707483 -0.423542500 0.090307973 0.896686077
740.000000 -0.204637498 -0.221531928 0.887775660 0.096997239 -0.421359777 0.092750005 0.896908522
741.000000 -0.213461608 -0.223851293 0.894967556 0.103124209 -0.418923259 0.095592804 0.897067845
742.000000 -0.214721978 -0.224198848 0.905938625 0.107995085 -0.417718381 0.096246347 0.896986663
743.000000 -0.218772888 -0.225359961 0.914190173 0.111093938 -0.416090220 0.095734112 0.897419631
744.000000 -0.223153204 -0.226701066 0.921370506 0.114273779 -0.414694101 0.094953224 0.897749543
745.000000 -0.230385870 -0.228890702 0.925662994 0.117784806 -0.412809998 0.094072513 0.898256600
746.000000 -0.237706423 -0.235966325 0.935848475 0.121959463 -0.411919504 0.093890078 0.898127437
747.000000 -0.240450203 -0.237613037 0.942906618 0.127937645 -0.410910308 0.094666652 0.897676408
748.000000 -0.246451735 -0.241563067 0.948138535 0.133231983 -0.409075469 0.095172822 0.897690713
749.000000 -0.247901976 -0.242712513 0.953249753 0.138711527 -0.407684833 0.096009359 0.897404253
750.000000 -0.251900107 -0.245415866 0.958627939 0.143950850 -0.406281054 0.096600533 0.897152245
751.000000 -0.255441695 -0.248283237 0.963801146 0.148672402 -0.404999018 0.097055517 0.896912754
752.000000 -0.260244697 -0.249710202 0.966663718 0.153419718 -0.403441072 0.098304689 0.896679342
753.000000 -0.263851047 -0.254032224 0.972648263 0.157531947 -0.402489275 0.099666387 0.896243632
754.000000 -0.270631254 -0.252983958 0.977694571 0.162509218 -0.401507705 0.101939544 0.895539284
755.000000 -0.277636558 -0.257085592 0.980754435 0.166436449 -0.400767714 0.103989385 0.894913614
756.000000 -0.281384915 -0.258079767 0.985206604 0.170460731 -0.400536716 0.105546720 0.894076824
757.000000 -0.284974098 -0.258857816 0.988030016 0.174512401 -0.400173932 0.107081383 0.893274784
758.000000 -0.290239692 -0.261200637 0.993294597 0.179460958 -0.400028259 0.109508038 0.892064512
759.000000 -0.297772557 -0.268915176 0.997323036 0.184865147 -0.399733633 0.111768842 0.890811741
760.000000 -0.303729355 -0.270848811 1.000021219 0.190590888 -0.399550170 0.113878235 0.889419198
761.000000 -0.311940610 -0.276961058 1.003482580 0.195121512 -0.399621576 0.114977106 0.888262570
762.000000 -0.319020718 -0.278959513 1.005405188 0.199748665 -0.399449289 0.116167158 0.887156069
763.000000 -0.329512119 -0.284753591 1.008475423 0.203541636 -0.398947388 0.117548630 0.886337459
764.000000 -0.337604284 -0.289750457 1.011594892 0.207320124 -0.398622751 0.118341200 0.885501921
765.000000 -0.343885660 -0.291216612 1.015999675 0.211315110 -0.398245305 0.119192652 0.884612739
766.000000 -0.354133785 -0.295734733 1.016569376 0.214457929 -0.396837652 0.120456830 0.884317696
767.000000 -0.363092482 -0.298615754 1.019251108 0.217793122 -0.395413339 0.121576734 0.883987308
768.000000 -0.372035921 -0.302619040 1.021911144 0.221110538 -0.394045144 0.122935489 0.883586705
769.000000 -0.378955692 -0.308785796 1.025613546 0.224387795 -0.393026471 0.123122476 0.883188069
770.000000 -0.391754538 -0.313251585 1.025623322 0.227301523 -0.390561789 0.124273956 0.883375049
771.000000 -0.401294678 -0.314542115 1.027307749 0.230164260 -0.388512611 0.125073984 0.883424520
772.000000 -0.408344418 -0.320434064 1.032387018 0.232611030 -0.387270570 0.125254557 0.883303404
773.000000 -0.420077503 -0.323222578 1.032128930 0.234745771 -0.384628952 0.127189130 0.883616388
774.000000 -0.427925289 -0.322529227 1.033996344 0.236894593 -0.383127689 0.128885508 0.883449316
775.000000 -0.438585639 -0.327568740 1.035442233 0.238864586 -0.381854296 0.130941659 0.883167744
776.000000 -0.445729196 -0.328941494 1.038226843 0.242622152 -0.381047249 0.132752270 0.882221222
777.000000 -0.454810143 -0.329886138 1.037663460 0.246270344 -0.379360467 0.134329423 0.881698489
778.000000 -0.461862326 -0.332137495 1.040228844 0.249065712 -0.378172934 0.134943247 0.881329596
779.000000 -0.469731987 -0.335700482 1.042217016 0.251455039 -0.376342207 0.135585591 0.881336153
780.000000 -0.477599382 -0.337206125 1.043242931 0.253819168 -0.373970449 0.136170268 0.881577909
781.000000 -0.485878497 -0.340645999 1.043661594 0.254681587 -0.371602774 0.136745572 0.882241070
782.000000 -0.492397338 -0.340537310 1.046767473 0.256420404 -0.369311452 0.136720896 0.882703245
783.000000 -0.502956152 -0.344810456 1.048815131 0.258233517 -0.366225421 0.136648595 0.883471310
784.000000 -0.509407997 -0.344819456 1.049878001 0.260046303 -0.363260061 0.136262298 0.884223163
785.000000 -0.517269135 -0.347191364 1.050251842 0.261401176 -0.359608412 0.135286495 0.885465264
786.000000 -0.521701813 -0.347464412 1.053045273 0.263297975 -0.356621027 0.134091213 0.886292934
787.000000 -0.526660144 -0.348731995 1.054273129 0.264742404 -0.352920234 0.132709220 0.887551129
788.000000 -0.532024622 -0.348900288 1.055652976 0.265302807 -0.349004865 0.131557032 0.889102221
789.000000 -0.536348224 -0.346130311 1.057620049 0.266676694 -0.344763905 0.130380318 0.890518010
790.000000 -0.542433679 -0.348709524 1.056961060 0.266909510 -0.340259403 0.130443439 0.892170012
791.000000 -0.546365619 -0.348598778 1.058510065 0.268247038 -0.336388797 0.129966602 0.893305540
792.000000 -0.551989138 -0.346127003 1.060268402 0.269415021 -0.332513273 0.129357561 0.894492626
793.000000 -0.556412458 -0.345907360 1.059664965 0.268971682 -0.328689784 0.127861872 0.896252513
794.000000 -0.557499468 -0.343880773 1.063318968 0.268798202 -0.326134354 0.125183761 0.897615135
795.000000 -0.562000155 -0.343518704 1.063545823 0.267925888 -0.323067933 0.122708045 0.899325073
796.000000 -0.564422488 -0.340832919 1.064824104 0.266324639 -0.320287198 0.119896740 0.901172578
797.000000 -0.566084862 -0.338254452 1.066185713 0.264055938 -0.317522258 0.116997860 0.903197408
798.000000 -0.568887889 -0.337464392 1.067085862 0.260965824 -0.314458519 0.114603408 0.905471563
799.000000 -0.572481513 -0.335052669 1.067541957 0.258037537 -0.311796546 0.112941474 0.907438040
800.000000 -0.573783755 -0.332612783 1.069955468 0.255696148 -0.310175478 0.110493712 0.908956409
801.000000 -0.573563576 -0.332118779 1.071709394 0.253835201 -0.308633626 0.107850499 0.910319269
802.000000 -0.575868249 -0.332728297 1.074101925 0.253276616 -0.307067931 0.105713591 0.911254525
803.000000 -0.577134609 -0.332799196 1.076318502 0.252993584 -0.305023789 0.103018329 0.912327766
804.000000 -0.578072965 -0.329658419 1.078626394 0.252566785 -0.302668512 0.100547187 0.913505375
805.000000 -0.579581261 -0.328108788 1.078977823 0.250887811 -0.299774706 0.098053940 0.915191710
806.000000 -0.578587532 -0.325721741 1.081278563 0.249087498 -0.297343701 0.094709903 0.916827202
807.000000 -0.579453111 -0.321675211 1.083793879 0.247482106 -0.294966906 0.092684343 0.918235660
808.000000 -0.580139637 -0.317868412 1.084715605 0.245244294 -0.292677194 0.090932041 0.919742703
809.000000 -0.580334783 -0.315334618 1.087011218 0.242651820 -0.290796965 0.088746779 0.921238959
810.000000 -0.581985474 -0.309779406 1.089021802 0.240502834 -0.289064646 0.087864242 0.922431529
811.000000 -0.583055556 -0.306403458 1.090750575 0.238267094 -0.288204938 0.086775079 0.923383355
812.000000 -0.583294213 -0.302470744 1.094793558 0.236596480 -0.287884027 0.085756101 0.924007952
813.000000 -0.582956076 -0.302207083 1.095124483 0.233803317 -0.287297696 0.084025487 0.925059855
814.000000 -0.583157063 -0.299020976 1.097399473 0.231057391 -0.286381900 0.083049566 0.926121294
815.000000 -0.585043728 -0.294042140 1.100888729 0.228165358 -0.285208821 0.082237273 0.927272081
816.000000 -0.585110009 -0.289123505 1.102533102 0.224590212 -0.284263253 0.081574902 0.928492963
817.000000 -0.584637463 -0.285642892 1.106540561 0.221441582 -0.284233004 0.081193611 0.929291546
818.000000 -0.584396422 -0.283859104 1.111812830 0.218743995 -0.284548461 0.080556005 0.929889202
819.000000 -0.584657669 -0.280076236 1.116003990 0.216552168 -0.284393907 0.079917625 0.930504382
820.000000 -0.583737016 -0.276660144 1.122586131 0.214865431 -0.284776270 0.078376070 0.930909514
821.000000 -0.585710943 -0.273983151 1.126535296 0.213077068 -0.283734441 0.075727828 0.931857407
822.000000 -0.583175123 -0.270245910 1.134288669 0.210424036 -0.282800943 0.073148355 0.932949483
823.000000 -0.584686458 -0.268477261 1.140222192 0.207744211 -0.280772477 0.071841151 0.934263349
824.000000 -0.587361753 -0.267702341 1.143601179 0.205498368 -0.278586924 0.069937237 0.935557842
825.000000 -0.585443139 -0.264097214 1.152046680 0.204736650 -0.277312249 0.067635261 0.936272562
826.000000 -0.585524857 -0.260254890 1.158012629 0.203689054 -0.275741756 0.064852282 0.937161386
827.000000 -0.585306406 -0.256229162 1.163433552 0.200619027 -0.274144292 0.061715990 0.938503087
828.000000 -0.584829688 -0.251561463 1.171460390 0.196832433 -0.272072226 0.058487639 0.940113246
829.000000 -0.585492969 -0.245893627 1.177278042 0.192329466 -0.269681126 0.055882104 0.941891015
830.000000 -0.587128460 -0.242254913 1.181039572 0.186552376 -0.267357677 0.053701106 0.943840146
831.000000 -0.587236404 -0.236527771 1.188557506 0.181918651 -0.265490055 0.051226933 0.945408046
832.000000 -0.586827219 -0.231302783 1.196699858 0.178220376 -0.264415026 0.048792899 0.946541786
833.000000 -0.587340176 -0.227296054 1.203964472 0.174797058 -0.264064372 0.047710836 0.947332919
834.000000 -0.589689732 -0.226283044 1.208693743 0.170176089 -0.262876004 0.045829128 0.948596835
835.000000 -0.590887666 -0.220298424 1.214184284 0.166176170 -0.261532933 0.043860227 0.949769616
836.000000 -0.590186894 -0.216171235 1.224025488 0.162746906 -0.260905474 0.041141126 0.950657248
837.000000 -0.588952661 -0.210362762 1.229525805 0.158428758 -0.259455919 0.038025498 0.951912284
838.000000 -0.591340542 -0.206426561 1.235998750 0.153982222 -0.256323248 0.034777138 0.953613341
839.000000 -0.593711793 -0.204673126 1.238982320 0.149857789 -0.252782106 0.031740464 0.955320060
840.000000 -0.594568253 -0.204045177 1.244360089 0.146274701 -0.249845967 0.029830202 0.956708372
841.000000 -0.595988810 -0.197741851 1.250022650 0.144544050 -0.247513711 0.028823858 0.957608044
842.000000 -0.594999373 -0.194802567 1.256227612 0.141605198 -0.246678323 0.027530773 0.958300471
843.000000 -0.598894119 -0.189054891 1.258870244 0.138312042 -0.244241446 0.025618266 0.959457994
844.000000 -0.597962201 -0.184905171 1.265924931 0.134601936 -0.242537871 0.023175595 0.960479379
845.000000 -0.597854435 -0.182608902 1.270396113 0.130655885 -0.240078956 0.021022517 0.961690843
846.000000 -0.600150108 -0.180713236 1.270459771 0.126853570 -0.236982778 0.019863416 0.962991595
847.000000 -0.599240959 -0.172709242 1.275590301 0.124472290 -0.235015601 0.019304171 0.963795424
848.000000 -0.603348553 -0.168748200 1.277836561 0.121649638 -0.232202023 0.019099982 0.964841306
849.000000 -0.602430463 -0.162313208 1.280758262 0.119181313 -0.230600879 0.019222444 0.965530694
850.000000 -0.601459861 -0.158598870 1.287745237 0.117201231 -0.229904115 0.019154580 0.965940535
851.000000 -0.604848981 -0.156766146 1.288453937 0.114080980 -0.228361592 0.019218141 0.966678441
852.000000 -0.605232060 -0.150326833 1.291559815 0.111241698 -0.226669520 0.018439120 0.967422485
853.000000 -0.605310082 -0.144945651 1.296272516 0.108753495 -0.224891484 0.017351840 0.968140185
854.000000 -0.603555679 -0.141298577 1.300462961 0.106970072 -0.222904146 0.015835986 0.968824208
855.000000 -0.603861868 -0.141166717 1.303205013 0.104813717 -0.219963789 0.013938557 0.969760656
856.000000 -0.603006423 -0.138118893 1.307164669 0.104429275 -0.218152940 0.013096408 0.970222831
857.000000 -0.604873776 -0.135764211 1.308986425 0.104365945 -0.216982052 0.012964974 0.970493913
858.000000 -0.605534434 -0.133708447 1.308905840 0.102859125 -0.216130331 0.012741166 0.970847785
859.000000 -0.606618047 -0.129383251 1.308937550 0.100825697 -0.214889750 0.012381433 0.971340954
860.000000 -0.604901075 -0.123294458 1.313198566 0.099033192 -0.214670166 0.012010033 0.971578538
861.000000 -0.606317043 -0.117169425 1.315200210 0.097454518 -0.213957757 0.012053684 0.971894741
862.000000 -0.606764615 -0.110837281 1.316756606 0.095325552 -0.213246703 0.011562496 0.972268045
863.000000 -0.608142555 -0.105035603 1.316309333 0.092672139 -0.211758167 0.011252386 0.972853422
864.000000 -0.607502282 -0.106022671 1.319204807 0.089940749 -0.210416347 0.010982127 0.973403811
865.000000 -0.607000649 -0.106673941 1.321813583 0.087810606 -0.209673539 0.011804523 0.973748922
866.000000 -0.606490970 -0.099646032 1.321664691 0.087656021 -0.209267303 0.012040660 0.973847330
867.000000 -0.606572211 -0.097117171 1.319341183 0.086053967 -0.208967924 0.011477022 0.974061310
868.000000 -0.607621193 -0.093417242 1.320320129 0.084151492 -0.208347097 0.011119328 0.974364579
869.000000 -0.607892871 -0.091007650 1.321830630 0.082004122 -0.207333803 0.010758456 0.974767804
870.000000 -0.610060453 -0.085617006 1.321554661 0.080641687 -0.206122234 0.010893320 0.975136876
871.000000 -0.612096786 -0.085418999 1.321823239 0.078679353 -0.205493718 0.010202146 0.975437224
872.000000 -0.610218525 -0.081769288 1.324481249 0.077049248 -0.205723614 0.009859804 0.975522399
873.000000 -0.607551098 -0.079704672 1.327936172 0.075189985 -0.206099659 0.009648119 0.975590229
874.000000 -0.611768186 -0.081121206 1.327974081 0.073514156 -0.205474585 0.008848652 0.975857377
875.000000 -0.611965120 -0.082287356 1.329992652 0.072430372 -0.205950692 0.008308891 0.975842774
876.000000 -0.615932047 -0.078558326 1.329135895 0.072072528 -0.205770865 0.008788823 0.975902975
877.000000 -0.615057468 -0.081563205 1.331609845 0.071756184 -0.205972478 0.008717968 0.975884438
878.000000 -0.617100775 -0.077196077 1.332052469 0.072191685 -0.205497012 0.009086545 0.975949168
879.000000 -0.616861761 -0.079246908 1.332424760 0.071920745 -0.205437377 0.009091392 0.975981653
880.000000 -0.618596852 -0.082126960 1.332515240 0.071948938 -0.205327332 0.009578115 0.975998104
