0.000000 0.000000000 0.000000000 0.000000000 0.000000000 0.000000000 0.000000000 1.000000000
1.000000 -0.001975746 0.000277793 0.000796198 0.000045801 -0.000404065 0.000183944 0.999999881
2.000000 -0.002131374 -0.000964736 0.000180040 0.000404230 -0.001154933 0.000107608 0.999999225
3.000000 -0.005190548 -0.000348902 -0.001197908 0.001069582 -0.001814594 0.000153056 0.999997795
4.000000 -0.006425306 -0.001043890 0.000756896 0.001042838 -0.001722891 0.000008362 0.999997973
5.000000 -0.006928410 -0.002183648 -0.000766777 0.000985517 -0.001840393 -0.000286808 0.999997795
6.000000 -0.007650359 -0.002851115 0.000191595 0.000704697 -0.001835665 -0.000011285 0.999998093
7.000000 -0.007486448 -0.001890118 -0.001202926 0.000890763 -0.001964760 -0.000158669 0.999997675
8.000000 -0.005313633 -0.002598300 -0.001105095 0.000676752 -0.002396397 -0.000431269 0.999996841
9.000000 -0.009242376 -0.002273739 -0.000508510 0.000593482 -0.001943285 -0.000605419 0.999997735
10.000000 -0.008008264 -0.002790687 -0.000017326 0.000514491 -0.002392330 -0.001305665 0.999996126
11.000000 -0.012546047 0.000011940 -0.000696618 0.000592252 -0.001739184 -0.002068514 0.999996185
12.000000 -0.015564095 0.000733421 0.000379308 0.000264482 -0.000721313 -0.002721323 0.999996006
13.000000 -0.014813114 0.000165816 -0.000209936 -0.000201003 -0.000883794 -0.002935257 0.999995291
14.000000 -0.016421102 -0.000256042 0.000558881 0.000037670 -0.000406199 -0.003261491 0.999994576
15.000000 -0.017540528 0.000622485 -0.001011460 0.000537652 -0.000262530 -0.003328872 0.999994278
16.000000 -0.018102797 0.000722571 -0.002081092 -0.000239826 0.000427402 -0.003813842 0.999992609
17.000000 -0.019398263 0.001160926 -0.002725316 -0.001179469 0.000805058 -0.003213743 0.999993801
18.000000 -0.021770334 0.003427491 -0.003078432 -0.001321777 0.001451371 -0.003594910 0.999991655
19.000000 -0.021267049 0.001779129 -0.004778309 -0.002239791 0.001991233 -0.004289947 0.999986291
20.000000 -0.026919307 0.003785688 -0.004527513 -0.002597958 0.003552674 -0.004355425 0.999980807
21.000000 -0.030759979 0.001182606 -0.004014689 -0.003220266 0.004829483 -0.004270922 0.999974012
22.000000 -0.030475756 0.001365233 -0.003760903 -0.003929242 0.005220763 -0.004342408 0.999969184
23.000000 -0.037731841 0.001760285 -0.005577763 -0.004679581 0.007427734 -0.004355115 0.999951959
24.000000 -0.038132060 -0.000805296 -0.005495392 -0.004860036 0.008341555 -0.004813885 0.999941826
25.000000 -0.046886243 0.001972263 -0.005810017 -0.003730281 0.011216842 -0.004529617 0.999919832
26.000000 -0.048852187 0.003157183 -0.008533751 -0.004193858 0.012954325 -0.004139297 0.999898732
27.000000 -0.056563865 -0.001483541 -0.007239297 -0.005313455 0.014934289 -0.003229891 0.999869108
28.000000 -0.060633283 -0.001451263 -0.010216055 -0.004879432 0.016801896 -0.002639472 0.999843419
29.000000 -0.070141934 -0.000468960 -0.008050864 -0.004588649 0.019550936 -0.002145202 0.999796033
30.000000 -0.073542207 0.000849339 -0.012156649 -0.004904256 0.020893758 -0.001965742 0.999767721
31.000000 -0.083111942 -0.001778394 -0.012940266 -0.005079505 0.023671698 -0.001250690 0.999706089
32.000000 -0.087031811 -0.002121049 -0.013596207 -0.004949051 0.025000710 -0.000793570 0.999674857
33.000000 -0.110219590 0.006032587 -0.014287068 -0.003783028 0.028962875 -0.001454577 0.999572277
34.000000 -0.121806689 0.001202633 -0.015229269 -0.004812874 0.030818878 -0.000031024 0.999513388
35.000000 -0.125718027 0.004004027 -0.018542830 -0.003902498 0.031382646 0.001571780 0.999498606
36.000000 -0.139551044 0.004902228 -0.016179461 -0.003326015 0.033650529 0.002571720 0.999424815
37.000000 -0.147020340 0.006005348 -0.017168704 -0.003939786 0.035669882 0.002645201 0.999352396
38.000000 -0.147443220 0.006325165 -0.020648852 -0.004569393 0.036523096 0.002237318 0.999319851
39.000000 -0.157066420 0.005448600 -0.018372653 -0.005631320 0.039357785 0.001942095 0.999207437
40.000000 -0.166966885 0.007084749 -0.016721819 -0.006959550 0.042202748 0.001183201 0.999084175
41.000000 -0.178000689 0.004286565 -0.015048273 -0.008993881 0.044739943 0.001019164 0.998957694
42.000000 -0.190961674 0.008568177 -0.011179011 -0.008754713 0.046599809 0.000965759 0.998874784
43.000000 -0.197917461 0.011407899 -0.014355488 -0.008702024 0.047856361 0.000367720 0.998816252
44.000000 -0.206148341 0.008490752 -0.010007694 -0.009596504 0.048839811 -0.000409033 0.998760462
45.000000 -0.213557571 0.008550083 -0.009638578 -0.008837323 0.049668714 -0.000830221 0.998726308
46.000000 -0.212485492 0.009390226 -0.010437533 -0.008179251 0.049277309 -0.002223277 0.998749197
47.000000 -0.219514132 0.007249691 -0.007940151 -0.008845500 0.050296932 -0.003024298 0.998690546
48.000000 -0.224815756 0.006828077 -0.008776734 -0.008879903 0.051354613 -0.002923705 0.998636723
49.000000 -0.240443081 0.008673664 -0.003610075 -0.007859607 0.053954322 -0.002620511 0.998509049
50.000000 -0.236273319 0.005619125 -0.005765222 -0.007898836 0.053009316 -0.002460406 0.998559773
51.000000 -0.241414383 0.006645828 -0.007309303 -0.006714755 0.053791072 -0.002349096 0.998526871
52.000000 -0.248003170 0.005388364 -0.009661818 -0.005947435 0.054833949 -0.002839505 0.998473704
53.000000 -0.261690497 0.006067978 -0.004088128 -0.006067660 0.056653582 -0.003619467 0.998368919
54.000000 -0.264909893 0.003213067 -0.003374536 -0.007040332 0.056657411 -0.004631522 0.998358130
55.000000 -0.284695119 0.005924282 0.005261753 -0.006239742 0.060516462 -0.005396822 0.998133063
56.000000 -0.289023876 0.009720730 0.005233185 -0.005334078 0.061010636 -0.006041666 0.998104572
57.000000 -0.294593424 0.008061154 0.008216463 -0.006698038 0.062079627 -0.005427741 0.998033941
58.000000 -0.310699999 0.006193208 0.013976565 -0.007447741 0.065215066 -0.004189852 0.997834623
59.000000 -0.315381497 0.010035627 0.011764435 -0.006258803 0.065866359 -0.002946464 0.997804463
60.000000 -0.321095407 0.015030656 0.011852887 -0.006193993 0.067274153 -0.001557838 0.997714102
61.000000 -0.340515524 0.004638867 0.021820582 -0.008698430 0.072614528 0.000169040 0.997322142
62.000000 -0.350188285 0.005992651 0.023567144 -0.009432024 0.075994208 0.001500404 0.997062504
63.000000 -0.363208354 0.004028588 0.028155738 -0.010930534 0.080002628 0.003676402 0.996727943
64.000000 -0.376961470 0.006194213 0.031753775 -0.011369501 0.083939008 0.006102711 0.996387303
65.000000 -0.385036916 0.004547377 0.032083042 -0.012918909 0.087101147 0.007038751 0.996090829
66.000000 -0.396416992 0.006417258 0.033031233 -0.013013007 0.090732709 0.008314951 0.995755494
67.000000 -0.406517357 0.005268988 0.033322453 -0.013134520 0.093839660 0.008746044 0.995462239
68.000000 -0.419170350 -0.001957264 0.038850520 -0.014787080 0.097020067 0.009094439 0.995131016
69.000000 -0.423065007 -0.000661107 0.038438067 -0.015738463 0.098779485 0.008448094 0.994949043
70.000000 -0.430138677 -0.001237290 0.035021648 -0.016511220 0.100169465 0.007039180 0.994808495
71.000000 -0.446693659 -0.005966177 0.038788091 -0.017827926 0.105181165 0.003550665 0.994286895
72.000000 -0.458971411 -0.008155322 0.041339621 -0.017505553 0.108593717 0.002458571 0.993929029
73.000000 -0.458072364 -0.007000029 0.032830164 -0.016974764 0.108950771 0.000424429 0.993902147
74.000000 -0.459233522 -0.011702373 0.031663321 -0.017149106 0.109744884 -0.000995522 0.993811369
75.000000 -0.462036401 -0.012557887 0.023910977 -0.015278311 0.111562632 -0.002087207 0.993637741
76.000000 -0.457351446 -0.016367476 0.018045604 -0.013453291 0.112497486 -0.002880880 0.993556738
77.000000 -0.453488827 -0.015428788 0.008685023 -0.011885385 0.113727272 -0.003310798 0.993435383
78.000000 -0.462831706 -0.015490433 0.008457869 -0.010570114 0.117575675 -0.003077398 0.993002951
79.000000 -0.470755249 -0.021911351 0.008543186 -0.009440549 0.121131137 -0.002565990 0.992588282
80.000000 -0.484472781 -0.020539640 0.011592783 -0.007111137 0.125785425 -0.001599321 0.992030680
81.000000 -0.496099710 -0.023238918 0.012467861 -0.007478306 0.130671352 -0.000480847 0.991397440
82.000000 -0.501111329 -0.019103145 0.006369337 -0.006920281 0.134316400 0.000793830 0.990914047
83.000000 -0.514268637 -0.020244082 0.007971257 -0.007164404 0.139337361 0.000861458 0.990218699
84.000000 -0.528288126 -0.019597024 0.006571889 -0.007999764 0.145072713 0.001619737 0.989387333
85.000000 -0.545514286 -0.023259206 0.013192311 -0.008662049 0.152043521 0.003279794 0.988330424
86.000000 -0.554680765 -0.022698792 0.012477651 -0.009018091 0.155652761 0.005291562 0.987756491
87.000000 -0.563578129 -0.017171133 0.010319129 -0.009068678 0.158724681 0.006781641 0.987257957
88.000000 -0.576252997 -0.025787983 0.014337882 -0.010513401 0.162536994 0.009650002 0.986599267
89.000000 -0.577734768 -0.022744847 0.010838002 -0.010257851 0.164143533 0.011203293 0.986319542
90.000000 -0.595684946 -0.022234116 0.015065581 -0.011352571 0.168692067 0.012659561 0.985522091
91.000000 -0.612485766 -0.022878833 0.020672724 -0.012675898 0.173533320 0.013860616 0.984648883
92.000000 -0.621268392 -0.020144902 0.016380355 -0.012083796 0.175731987 0.014589827 0.984255731
93.000000 -0.626677811 -0.016698461 0.015232459 -0.012152971 0.177919567 0.014822172 0.983858347
94.000000 -0.638657570 -0.017756956 0.020501211 -0.013227206 0.181114495 0.015658813 0.983248353
95.000000 -0.649433672 -0.019135980 0.022306278 -0.013399611 0.184406042 0.015856929 0.982630849
96.000000 -0.654459178 -0.015596861 0.023418978 -0.013232051 0.186097383 0.015876677 0.982313931
97.000000 -0.669094086 -0.018048130 0.029230908 -0.014993754 0.190213963 0.016735045 0.981485486
98.000000 -0.676539540 -0.021828730 0.032172754 -0.016525084 0.192184687 0.017406637 0.981065214
99.000000 -0.683304548 -0.019097457 0.034737006 -0.016061239 0.194451571 0.017182987 0.980630100
100.000000 -0.694068313 -0.017874626 0.040997922 -0.015906624 0.197622582 0.017227808 0.979997694
101.000000 -0.698232889 -0.013667266 0.042956352 -0.015962727 0.198946550 0.016575146 0.979740143
102.000000 -0.706853807 -0.012950190 0.049006388 -0.016479876 0.202118605 0.016057463 0.979090750
103.000000 -0.720967591 -0.015057683 0.064094394 -0.017016703 0.206847429 0.016706601 0.978082538
104.000000 -0.720910966 -0.010414101 0.062710077 -0.017307654 0.208350584 0.017042687 0.977752566
105.000000 -0.732137263 -0.011255166 0.069252819 -0.017216671 0.211897358 0.018405927 0.976966918
106.000000 -0.725745678 -0.012289703 0.065546185 -0.017107753 0.211961076 0.018783152 0.976947844
107.000000 -0.735941470 -0.010096638 0.073323086 -0.017805163 0.215298861 0.018811686 0.976204634
108.000000 -0.738223910 -0.013934191 0.076628149 -0.019520933 0.217641667 0.019127730 0.975646019
109.000000 -0.747748435 -0.012965301 0.085486248 -0.020047763 0.222100943 0.020216387 0.974607885
110.000000 -0.751538277 -0.009540698 0.089103058 -0.020645807 0.225246206 0.020932104 0.973858178
111.000000 -0.762762427 -0.007708483 0.098282740 -0.021844784 0.230114907 0.021998666 0.972669542
112.000000 -0.765714765 -0.008388250 0.101470917 -0.022966513 0.233345941 0.022709383 0.971857250
113.000000 -0.776359618 -0.009595129 0.114291072 -0.024195775 0.238642693 0.023981450 0.970509708
114.000000 -0.777909398 -0.010102909 0.116872489 -0.025786735 0.241273463 0.025213489 0.969786823
115.000000 -0.793170571 -0.013739338 0.132041171 -0.027379561 0.247152448 0.027011659 0.968212962
116.000000 -0.792199254 -0.012241222 0.135706499 -0.026893033 0.249348193 0.027437134 0.967651486
117.000000 -0.797980070 -0.012827696 0.141085148 -0.026034420 0.252944231 0.027549982 0.966738045
118.000000 -0.804901063 -0.012088547 0.148017570 -0.026412008 0.256834537 0.026989199 0.965717375
119.000000 -0.812480569 -0.013509996 0.156572789 -0.027157243 0.260948837 0.026985360 0.964593172
120.000000 -0.820936680 -0.009771185 0.171983570 -0.027003581 0.265092582 0.026217883 0.963488162
121.000000 -0.820336759 -0.013330977 0.172561347 -0.028903352 0.266962260 0.025803261 0.962927818
122.000000 -0.829418659 -0.015883680 0.179748073 -0.028972320 0.270461470 0.026261214 0.961936355
123.000000 -0.835057914 -0.016293798 0.194115564 -0.027238771 0.274609923 0.026259650 0.960811079
124.000000 -0.844317973 -0.016917836 0.201282233 -0.026275551 0.278858960 0.027128700 0.959589124
125.000000 -0.844457030 -0.018491045 0.207195207 -0.026075497 0.281574756 0.027366946 0.958794475
126.000000 -0.853339553 -0.018513082 0.222349226 -0.025539938 0.286494046 0.027350046 0.957350969
127.000000 -0.857958853 -0.018101184 0.227531627 -0.025721446 0.290077299 0.026761686 0.956283092
128.000000 -0.863181114 -0.020069547 0.235435590 -0.026380803 0.293747067 0.027190125 0.955132127
129.000000 -0.871164620 -0.019819358 0.253319502 -0.026515499 0.298664063 0.027876746 0.953582525
130.000000 -0.874948263 -0.019116642 0.255417764 -0.026835835 0.302090347 0.029043408 0.952458799
131.000000 -0.876413345 -0.019920046 0.254801571 -0.027070930 0.305425793 0.030248586 0.951350212
132.000000 -0.888013005 -0.020185743 0.274091542 -0.027475402 0.311916560 0.030880598 0.949209988
133.000000 -0.895239294 -0.020137561 0.288424075 -0.027664466 0.318588078 0.031890467 0.946952641
134.000000 -0.899414778 -0.022351343 0.293912917 -0.027214525 0.323653013 0.033192039 0.945201814
135.000000 -0.905073702 -0.025999637 0.307243705 -0.027021656 0.328847051 0.034365367 0.943370819
136.000000 -0.914074838 -0.026770752 0.320183694 -0.026549699 0.333400369 0.036023702 0.941722691
137.000000 -0.916152179 -0.027829947 0.322288215 -0.026168982 0.337230086 0.037534978 0.940309644
138.000000 -0.922459424 -0.026284380 0.327971071 -0.026273699 0.342421025 0.038811795 0.938376904
139.000000 -0.931624830 -0.028472301 0.342675537 -0.028110050 0.348917156 0.040556904 0.935853481
140.000000 -0.938720226 -0.026907690 0.348257452 -0.029018391 0.354194015 0.041646272 0.933793366
141.000000 -0.947280288 -0.026789706 0.362244099 -0.029763388 0.360324621 0.042764954 0.931370735
142.000000 -0.953779697 -0.031130150 0.373884141 -0.031180194 0.365308315 0.044658341 0.929291785
143.000000 -0.960599422 -0.032260787 0.381931424 -0.030641442 0.369955152 0.046074525 0.927400351
144.000000 -0.966605961 -0.027717941 0.386864394 -0.028912755 0.373903543 0.046862788 0.925831556
145.000000 -0.972165108 -0.031883702 0.397532821 -0.028939238 0.378555387 0.047455974 0.923908114
146.000000 -0.979414701 -0.026062753 0.414690077 -0.027892267 0.385201693 0.047490809 0.921187401
147.000000 -0.982493937 -0.027640868 0.421464682 -0.028760631 0.389356464 0.047639281 0.919404626
148.000000 -0.986749649 -0.027511518 0.431908876 -0.029169558 0.394175291 0.047906514 0.917322159
149.000000 -0.989555418 -0.027238123 0.440081656 -0.029503850 0.397961706 0.048146397 0.915662527
150.000000 -0.992837548 -0.027906202 0.447420597 -0.030427597 0.401500762 0.048193824 0.914083540
151.000000 -0.996142149 -0.030419968 0.458607584 -0.031145919 0.405708760 0.048581593 0.912178814
152.000000 -1.000674963 -0.028939001 0.467741221 -0.030952359 0.409840047 0.048901550 0.910319567
153.000000 -1.003885031 -0.027490698 0.479033142 -0.031411886 0.413677007 0.049901694 0.908512235
154.000000 -1.003116012 -0.021665875 0.482151568 -0.031344865 0.416479856 0.052013654 0.907114387
155.000000 -1.014312983 -0.020892810 0.505180538 -0.031898137 0.422269076 0.054270294 0.904282033
156.000000 -1.015099525 -0.026041903 0.515810013 -0.032893367 0.426603347 0.056033317 0.902101934
157.000000 -1.019986391 -0.028735001 0.534165442 -0.033022732 0.431893528 0.057948682 0.899455070
158.000000 -1.019050479 -0.027591374 0.541000247 -0.032689977 0.435723901 0.059341818 0.897526920
159.000000 -1.019211531 -0.028663464 0.555998623 -0.032800566 0.440674871 0.060386047 0.895032585
160.000000 -1.020116806 -0.028090704 0.566248119 -0.032002039 0.445495784 0.060743429 0.892647505
161.000000 -1.017917633 -0.026456870 0.576291621 -0.031494416 0.450284809 0.060742959 0.890259445
162.000000 -1.018587589 -0.027631104 0.589370012 -0.031926092 0.455564499 0.060624044 0.887562096
163.000000 -1.020575047 -0.031417150 0.603021502 -0.032275043 0.460568577 0.060255893 0.884988189
164.000000 -1.021578789 -0.029875685 0.619415462 -0.031454362 0.465398818 0.059405789 0.882544935
165.000000 -1.020862460 -0.032723211 0.629213572 -0.031425882 0.469291568 0.058129936 0.880567312
166.000000 -1.019916892 -0.033547368 0.639945745 -0.031339165 0.472241223 0.056823079 0.879077494
167.000000 -1.021305680 -0.031407468 0.652239025 -0.029666213 0.475381941 0.055491321 0.877526462
168.000000 -1.020687461 -0.029278394 0.665140986 -0.029273257 0.478314370 0.054788649 0.875988960
169.000000 -1.022861958 -0.029051077 0.682526708 -0.030341774 0.482521564 0.055430964 0.873601615
170.000000 -1.019418478 -0.037405599 0.693537116 -0.031860448 0.485371888 0.056184750 0.871918738
171.000000 -1.018381119 -0.036882803 0.705302358 -0.030984523 0.488039225 0.056194380 0.870459557
172.000000 -1.019238949 -0.040471446 0.720131814 -0.030827718 0.490918249 0.056374233 0.868833065
173.000000 -1.020549059 -0.039982300 0.732227802 -0.029845607 0.493017673 0.056165058 0.867691398
174.000000 -1.019611359 -0.040894754 0.742683172 -0.028888013 0.494288415 0.056013294 0.867010355
175.000000 -1.022423625 -0.036821537 0.758404493 -0.027688675 0.495352268 0.055543762 0.866472363
176.000000 -1.022656322 -0.036702696 0.765405476 -0.028224960 0.495300233 0.054677479 0.866539896
177.000000 -1.019691467 -0.041693151 0.773540020 -0.031476118 0.496048838 0.054395843 0.866017222
178.000000 -1.020027399 -0.042854361 0.786935747 -0.033686709 0.498081565 0.054813936 0.864740074
179.000000 -1.019793987 -0.043988559 0.799591362 -0.034505200 0.500250816 0.054850001 0.863452375
180.000000 -1.017813683 -0.046808749 0.810609043 -0.035080403 0.502461433 0.054309055 0.862178862
181.000000 -1.017929554 -0.048466135 0.825180531 -0.035472620 0.505706072 0.054020114 0.860281885
182.000000 -1.020333052 -0.043637320 0.839897692 -0.035169300 0.508557379 0.053191591 0.858663619
183.000000 -1.018388391 -0.045223244 0.850913465 -0.036208913 0.510683119 0.053312100 0.857350290
184.000000 -1.015825510 -0.044105895 0.866142988 -0.036982875 0.513929009 0.053260311 0.855378628
185.000000 -1.015064597 -0.047587492 0.883614838 -0.038373802 0.518037379 0.053949755 0.852791965
186.000000 -1.013156772 -0.045595974 0.890074492 -0.039372016 0.521783292 0.054616522 0.850416958
187.000000 -1.010989666 -0.048521869 0.904961646 -0.040424958 0.526486099 0.055514872 0.847405672
188.000000 -1.008470297 -0.054591358 0.924259722 -0.040342588 0.531677127 0.055465411 0.844165564
189.000000 -1.007246733 -0.050257981 0.937508821 -0.038450003 0.536001801 0.054420512 0.841583073
190.000000 -1.003994346 -0.057035998 0.953114092 -0.039556384 0.540512264 0.055032860 0.838601887
191.000000 -0.999890029 -0.059343718 0.969145894 -0.038413767 0.545172930 0.055390842 0.835609198
192.000000 -1.000389099 -0.060385801 0.986693203 -0.035083257 0.550244570 0.054355364 0.832493603
193.000000 -1.001364231 -0.056677543 1.003075600 -0.033394229 0.555243134 0.053290874 0.829306960
194.000000 -1.001827002 -0.053876169 1.015821934 -0.034874875 0.560012341 0.054109897 0.825979412
195.000000 -0.999703407 -0.060289696 1.028802872 -0.037804913 0.564304948 0.055865493 0.822806060
196.000000 -1.005237579 -0.063762479 1.044654846 -0.038493969 0.569367111 0.057532329 0.819163799
197.000000 -1.003520846 -0.067256540 1.060489655 -0.037970774 0.574502528 0.058832988 0.815502167
198.000000 -1.000870228 -0.069326177 1.072922230 -0.035983570 0.578708351 0.059322558 0.812577784
199.000000 -0.995340824 -0.064727180 1.089713335 -0.034093272 0.583255231 0.059218977 0.809409797
200.000000 -0.995285988 -0.063896336 1.103317976 -0.033732422 0.587776780 0.060338836 0.806064367
201.000000 -0.991305470 -0.068722725 1.115646601 -0.034688115 0.591635168 0.061656352 0.803095937
202.000000 -0.988408804 -0.069236331 1.127285361 -0.034280103 0.595544875 0.062641174 0.800141990
203.000000 -0.986954093 -0.068008706 1.143069983 -0.033276010 0.599451721 0.062985338 0.797234714
204.000000 -0.982375085 -0.070454881 1.156454921 -0.033592090 0.602229655 0.063843891 0.795056581
205.000000 -0.979593217 -0.075841799 1.169800758 -0.035393737 0.604806781 0.064432919 0.792971909
206.000000 -0.974503994 -0.070417285 1.181214809 -0.035647657 0.607053995 0.064732678 0.791217029
207.000000 -0.972073436 -0.076176405 1.192948222 -0.035964169 0.609001994 0.064373575 0.789733589
208.000000 -0.968402922 -0.073102705 1.211162090 -0.034812488 0.612171292 0.063205086 0.787425876
209.000000 -0.963079393 -0.074992828 1.211878061 -0.033815686 0.614203453 0.061686803 0.786005974
210.000000 -0.957703233 -0.076216951 1.231924653 -0.033496637 0.618480384 0.060097277 0.782782435
211.000000 -0.950310349 -0.076379575 1.247552872 -0.033531047 0.621659994 0.059641358 0.780293167
212.000000 -0.945154071 -0.074679144 1.256362915 -0.031533342 0.624746621 0.058438569 0.777998865
213.000000 -0.937157691 -0.080118388 1.269141555 -0.029723985 0.627397835 0.056343943 0.776088774
214.000000 -0.929495037 -0.078712732 1.284423113 -0.027406912 0.630094111 0.055054773 0.774079621
215.000000 -0.920397043 -0.080276310 1.292606115 -0.025949495 0.631812871 0.054456137 0.772770107
216.000000 -0.911811829 -0.081682786 1.309733272 -0.022693720 0.634478629 0.052650202 0.770811141
217.000000 -0.902678609 -0.085256055 1.318358183 -0.020393293 0.636138618 0.050824121 0.769628882
218.000000 -0.891034842 -0.096993104 1.332686782 -0.019810531 0.638781130 0.050437652 0.767477870
219.000000 -0.881767154 -0.094792545 1.334358931 -0.017741511 0.640830994 0.048545830 0.765940070
220.000000 -0.871137977 -0.103129953 1.353727341 -0.015220310 0.644873440 0.047111694 0.762684166
221.000000 -0.863317430 -0.101879530 1.366595268 -0.012762376 0.647930443 0.045679469 0.760221422
222.000000 -0.853399754 -0.100047708 1.377441525 -0.010868979 0.650542676 0.044164047 0.758106589
223.000000 -0.840829909 -0.109771647 1.386183619 -0.010080123 0.653442144 0.043450367 0.755661130
224.000000 -0.832053781 -0.110816821 1.400570869 -0.007918304 0.656838477 0.042164814 0.752809823
225.000000 -0.821717620 -0.115152225 1.407545209 -0.005672543 0.659355760 0.041724786 0.750651002
226.000000 -0.810040593 -0.119045913 1.412490487 -0.002343792 0.660703540 0.041341666 0.749503911
227.000000 -0.797172070 -0.125023037 1.432265997 0.001511472 0.662747443 0.039975476 0.747773707
228.000000 -0.787396789 -0.121934250 1.436899066 0.006240371 0.663234651 0.036883548 0.747476101
229.000000 -0.775361180 -0.134338513 1.441961050 0.009104528 0.663780451 0.034745198 0.747064531
230.000000 -0.768135369 -0.125267535 1.442623377 0.012773706 0.664092362 0.029416835 0.746962428
231.000000 -0.758695960 -0.129312754 1.452504635 0.014084080 0.665355086 0.025681823 0.745952189
232.000000 -0.748870075 -0.133686557 1.463710666 0.015277829 0.666678369 0.022242626 0.744856954
233.000000 -0.738947034 -0.134711146 1.472760797 0.016771756 0.668225408 0.018857032 0.743530691
234.000000 -0.728411674 -0.141335070 1.481135011 0.017736673 0.669703960 0.016155504 0.742240489
235.000000 -0.718698740 -0.145300090 1.489235878 0.018818168 0.670876861 0.013493129 0.741207182
236.000000 -0.709085464 -0.147484079 1.497776747 0.020415694 0.672045529 0.011680618 0.740136147
237.000000 -0.699473143 -0.151102945 1.499987483 0.021712780 0.672455966 0.009358654 0.739759386
238.000000 -0.687506914 -0.161141902 1.513831854 0.023490146 0.674076378 0.007549909 0.738249481
239.000000 -0.677452743 -0.165216178 1.523108602 0.026029842 0.675198257 0.004888734 0.737160742
240.000000 -0.668094754 -0.167663515 1.531707644 0.029189801 0.676418722 0.002327490 0.735934973
241.000000 -0.658247352 -0.169198021 1.543150187 0.031378277 0.678008795 0.000485271 0.734383583
242.000000 -0.646910667 -0.176284403 1.548532605 0.031963624 0.679442346 -0.001263417 0.733031273
243.000000 -0.635704875 -0.181596518 1.555889249 0.033560123 0.681987286 -0.003943895 0.730582952
244.000000 -0.627594292 -0.181526139 1.561157942 0.037056454 0.684925258 -0.006916954 0.727637529
245.000000 -0.614805758 -0.184964061 1.572641730 0.039979119 0.688258648 -0.008740605 0.724310219
246.000000 -0.603884935 -0.189983055 1.584078312 0.042598296 0.691420555 -0.009796031 0.721129000
247.000000 -0.594790220 -0.189436972 1.593429923 0.044923216 0.694661856 -0.010375805 0.717857361
248.000000 -0.585289359 -0.195003092 1.599455476 0.046517592 0.697908580 -0.009947313 0.714605391
249.000000 -0.578774214 -0.192607179 1.605575919 0.049126126 0.701615036 -0.009903935 0.710791647
250.000000 -0.566061795 -0.198236734 1.616728306 0.050398156 0.706030607 -0.009533602 0.706321359
251.000000 -0.559290648 -0.196476132 1.627047539 0.052134745 0.709897995 -0.010212467 0.702297986
252.000000 -0.550367653 -0.197223112 1.643303871 0.052642953 0.713844001 -0.009387896 0.698260248
253.000000 -0.540435910 -0.200633854 1.647693038 0.052013729 0.716651440 -0.007150734 0.695452511
254.000000 -0.531343877 -0.206035316 1.656727552 0.051814273 0.719472647 -0.005481486 0.692563534
255.000000 -0.519053757 -0.211567640 1.665443778 0.053658612 0.721077025 -0.004402758 0.690759897
256.000000 -0.509802818 -0.212529182 1.674744129 0.055348471 0.723193526 -0.004742349 0.688407660
257.000000 -0.499795228 -0.217048779 1.682846546 0.055470161 0.725900531 -0.004859198 0.685541987
258.000000 -0.491408527 -0.219437242 1.686948657 0.056275189 0.728630543 -0.006153327 0.682563365
259.000000 -0.481370449 -0.220811188 1.699743390 0.057670549 0.733203590 -0.007580472 0.677516878
260.000000 -0.470314145 -0.223021284 1.708387136 0.058027223 0.736105561 -0.008750461 0.674318016
261.000000 -0.461789131 -0.220856130 1.713735700 0.058086779 0.738670707 -0.009571359 0.671490788
262.000000 -0.453932822 -0.224943176 1.717804074 0.056673937 0.740623415 -0.010149908 0.669448972
263.000000 -0.442878634 -0.221876159 1.723042250 0.056786578 0.742651880 -0.011141745 0.667172670
264.000000 -0.428421974 -0.226294130 1.730957150 0.055951916 0.744355977 -0.011162160 0.665341258
265.000000 -0.414031148 -0.227646932 1.733269453 0.055500213 0.745096743 -0.012324778 0.664528906
266.000000 -0.406537622 -0.222385466 1.735977769 0.056298565 0.745880663 -0.013929779 0.663549840
267.000000 -0.396664798 -0.222790241 1.742160320 0.055653438 0.747298479 -0.015003095 0.661983788
268.000000 -0.384133190 -0.222411826 1.746092796 0.055294331 0.748734653 -0.015566797 0.660376132
269.000000 -0.358422488 -0.225780189 1.755075932 0.054767706 0.751313031 -0.016658766 0.657458544
270.000000 -0.341060817 -0.237642646 1.763712287 0.055473741 0.752266526 -0.017912511 0.656275034
271.000000 -0.330847174 -0.232774049 1.763569951 0.058145415 0.752404809 -0.021502621 0.655777276
272.000000 -0.319908619 -0.235379815 1.767564178 0.058800135 0.753428876 -0.023324501 0.654479504
273.000000 -0.303657800 -0.236800432 1.773616552 0.059811067 0.754900992 -0.024896804 0.652631044
274.000000 -0.290327847 -0.237617761 1.774665952 0.059556019 0.755635202 -0.026698617 0.651732922
275.000000 -0.277589917 -0.237399220 1.780001402 0.059483949 0.756820619 -0.027899135 0.650312126
276.000000 -0.264154851 -0.236027896 1.784852028 0.059948590 0.757970452 -0.029458119 0.648859859
277.000000 -0.253223985 -0.238491461 1.783344150 0.059120085 0.758308172 -0.031749353 0.648433089
278.000000 -0.239409611 -0.239702433 1.787344694 0.059941951 0.758994639 -0.033685554 0.647456050
279.000000 -0.225334868 -0.242546082 1.789791703 0.060335997 0.759422898 -0.035629883 0.646812856
280.000000 -0.212998599 -0.242716044 1.791793466 0.061049115 0.759940386 -0.037524525 0.646030664
281.000000 -0.200037897 -0.243331581 1.799586773 0.061777323 0.761396945 -0.038283046 0.644199193
282.000000 -0.189033747 -0.245118141 1.802083611 0.061318986 0.762427390 -0.038483124 0.643011272
283.000000 -0.177070916 -0.247193336 1.806040525 0.061454698 0.763471842 -0.039274517 0.641709983
284.000000 -0.163986862 -0.248197615 1.812510848 0.063303441 0.764208794 -0.040326856 0.640586734
285.000000 -0.155455828 -0.247372538 1.814046383 0.064051352 0.763570964 -0.041653525 0.641187787
286.000000 -0.144349188 -0.248698831 1.820437193 0.063910484 0.763188660 -0.041425250 0.641671598
287.000000 -0.134659916 -0.246787295 1.821809649 0.062607631 0.761965752 -0.041478600 0.643248022
288.000000 -0.126187742 -0.245076805 1.832535863 0.062483195 0.761774898 -0.040858075 0.643525839
289.000000 -0.117059708 -0.245227605 1.838129044 0.061183609 0.761028111 -0.039962783 0.644589603
290.000000 -0.112278700 -0.244918168 1.842123389 0.059847575 0.760095477 -0.039484750 0.645843625
291.000000 -0.102779299 -0.246420518 1.849802256 0.059965186 0.759500444 -0.038763080 0.646576107
292.000000 -0.095035255 -0.248281717 1.859411597 0.060520455 0.759303451 -0.038289510 0.646783948
293.000000 -0.090040803 -0.247981697 1.867325068 0.060779963 0.759337604 -0.037639599 0.646757662
294.000000 -0.083866835 -0.247701749 1.873399854 0.060173888 0.759856880 -0.036827277 0.646250963
295.000000 -0.078226835 -0.248421744 1.880481482 0.059299041 0.761039078 -0.035825994 0.644995868
296.000000 -0.073419601 -0.247875154 1.887516856 0.058322374 0.762276828 -0.034948695 0.643669963
297.000000 -0.067685127 -0.247430325 1.895585537 0.057299033 0.764005661 -0.033688344 0.641776621
298.000000 -0.063264221 -0.244273588 1.899785638 0.056952216 0.765310407 -0.033458777 0.640263200
299.000000 -0.058018327 -0.243980169 1.908869743 0.056198411 0.766902924 -0.033100292 0.638440311
300.000000 -0.054306149 -0.243596554 1.918360591 0.056093831 0.768204868 -0.032863565 0.636894703
301.000000 -0.049710691 -0.244782805 1.927497745 0.054985419 0.769298077 -0.032278288 0.635700524
302.000000 -0.046175182 -0.245833784 1.936175585 0.053950172 0.770388305 -0.031229364 0.634520292
303.000000 -0.042982072 -0.248228133 1.947866797 0.053491674 0.771738350 -0.029419987 0.633003175
304.000000 -0.038716555 -0.247601688 1.958325505 0.053556513 0.772754431 -0.028207950 0.631812215
305.000000 -0.036726773 -0.246892676 1.969739556 0.054227103 0.773427367 -0.027257171 0.630972743
306.000000 -0.031352311 -0.250207067 1.982179165 0.053654909 0.774402618 -0.025345409 0.629904211
307.000000 -0.029283643 -0.249004006 1.995172143 0.053228844 0.775547385 -0.023783157 0.628591537
308.000000 -0.026762515 -0.248953819 2.005547523 0.052174348 0.776826859 -0.021739623 0.627172410
309.000000 -0.024556577 -0.245150208 2.015808105 0.051564280 0.778397202 -0.019920671 0.625333607
310.000000 -0.021369368 -0.247444555 2.030988693 0.052267872 0.779666781 -0.017274411 0.623770297
311.000000 -0.021334350 -0.246773049 2.050787449 0.053230487 0.780698240 -0.014682909 0.622463763
312.000000 -0.017773181 -0.247047141 2.063805819 0.053887002 0.780839801 -0.013429407 0.622258008
313.000000 -0.020058781 -0.243685141 2.077773094 0.054419134 0.780603588 -0.012683976 0.622523665
314.000000 -0.020467490 -0.245813921 2.092457771 0.053976268 0.779992342 -0.011002356 0.623359799
315.000000 -0.020273924 -0.245529234 2.103832483 0.054055557 0.778597176 -0.010273698 0.625107169
316.000000 -0.023582935 -0.243776843 2.113770723 0.054105729 0.776370585 -0.010481623 0.627862513
317.000000 -0.024746448 -0.247379139 2.124948502 0.053524014 0.773938358 -0.010215518 0.630912244
318.000000 -0.023251921 -0.245522648 2.136921644 0.053716533 0.771339536 -0.010324570 0.634068847
319.000000 -0.027968854 -0.241431922 2.144839764 0.053483587 0.768069923 -0.010888152 0.638035715
320.000000 -0.024476439 -0.243516743 2.149037838 0.052020118 0.764059007 -0.011500824 0.642942905
321.000000 -0.026874095 -0.245421723 2.161667347 0.051652733 0.760089099 -0.011880087 0.647653759
322.000000 -0.030608475 -0.243983805 2.167987347 0.051710609 0.754912317 -0.012661494 0.653661251
323.000000 -0.031946361 -0.243453696 2.177635193 0.051417578 0.749591708 -0.012981158 0.659772694
324.000000 -0.034977153 -0.243500397 2.186750650 0.050955150 0.743706763 -0.013215754 0.666430175
325.000000 -0.039349452 -0.242706880 2.194684505 0.051097836 0.737251222 -0.013605261 0.673546195
326.000000 -0.038250074 -0.244772956 2.206103086 0.050918940 0.730671048 -0.013742728 0.680689514
327.000000 -0.042527899 -0.248610675 2.211975574 0.050041649 0.723305345 -0.013484210 0.688580632
328.000000 -0.043414310 -0.247192875 2.219638348 0.049891427 0.716436446 -0.013982790 0.695725620
329.000000 -0.045184758 -0.249260217 2.229126930 0.049978133 0.710010350 -0.014153194 0.702272832
330.000000 -0.045638695 -0.248992041 2.236992836 0.049644172 0.703504026 -0.014393596 0.708809078
331.000000 -0.049127951 -0.246507093 2.240403414 0.048692808 0.696341634 -0.014166995 0.715916634
332.000000 -0.046697073 -0.248302847 2.253355980 0.047730815 0.690935254 -0.014044210 0.721202493
333.000000 -0.048018083 -0.249008894 2.261327028 0.048054770 0.684406757 -0.014264180 0.727375209
334.000000 -0.050126910 -0.250009090 2.270307779 0.048970949 0.678392351 -0.014036769 0.732931554
335.000000 -0.052410975 -0.251404434 2.277714252 0.049388565 0.671508908 -0.014162847 0.739213049
336.000000 -0.059433594 -0.253047884 2.283780336 0.050262026 0.663674951 -0.015521490 0.746169150
337.000000 -0.057081312 -0.255433053 2.291169882 0.051525861 0.656805575 -0.017057586 0.752104044
338.000000 -0.056012988 -0.255042940 2.299400568 0.053533725 0.650076866 -0.018879876 0.757745206
339.000000 -0.060026079 -0.254335433 2.303002357 0.054244716 0.643179536 -0.020137075 0.763526082
340.000000 -0.062350273 -0.257716924 2.307700396 0.054323323 0.636061430 -0.020540062 0.769449711
341.000000 -0.065169513 -0.257702917 2.311264277 0.054728005 0.629051030 -0.021401824 0.775139749
342.000000 -0.065295994 -0.260646820 2.315168619 0.054520510 0.622596443 -0.020913504 0.780361295
343.000000 -0.066678464 -0.259010404 2.324409962 0.055598404 0.616256237 -0.021161605 0.785295606
344.000000 -0.067835391 -0.258890241 2.329113483 0.058057129 0.608898997 -0.021493692 0.790828288
345.000000 -0.073495686 -0.255026162 2.332476139 0.060036574 0.601323664 -0.022995891 0.796414852
346.000000 -0.075004101 -0.254624605 2.339265585 0.061066277 0.595753372 -0.022661205 0.800521910
347.000000 -0.073932230 -0.258595735 2.344600201 0.061119605 0.590463698 -0.023048418 0.804416418
348.000000 -0.075745165 -0.256497413 2.350640774 0.063462704 0.585632920 -0.024235824 0.807724714
349.000000 -0.075866699 -0.256191254 2.359441519 0.063989095 0.577573895 -0.023444545 0.813488901
350.000000 -0.076037407 -0.258149385 2.362457275 0.063009694 0.573844850 -0.023775810 0.816190302
351.000000 -0.077887893 -0.256146520 2.368273258 0.064227238 0.571861386 -0.024980221 0.817450583
352.000000 -0.077284276 -0.255810827 2.372497559 0.064065889 0.570190728 -0.024606360 0.818640709
353.000000 -0.075003147 -0.255562961 2.375290871 0.063060649 0.567330241 -0.025845231 0.820665419
354.000000 -0.078021646 -0.255044341 2.380875111 0.062865511 0.565522671 -0.024604728 0.821965098
355.000000 -0.077752769 -0.254033029 2.386037111 0.062320054 0.563077450 -0.024133615 0.823697507
356.000000 -0.076272726 -0.253847986 2.391345024 0.061447725 0.560554206 -0.024854306 0.825460732
357.000000 -0.077618301 -0.252496779 2.396527290 0.061547682 0.558906078 -0.025041601 0.826564491
358.000000 -0.075837255 -0.250862062 2.401184082 0.061652169 0.557315111 -0.024841249 0.827636302
359.000000 -0.077998519 -0.253401786 2.408085823 0.058963884 0.556776524 -0.023060355 0.828245938
360.000000 -0.078305185 -0.252785325 2.415208101 0.058521215 0.556428492 -0.021688040 0.828548253
361.000000 -0.077730238 -0.252500802 2.421794891 0.058411423 0.555520415 -0.020975865 0.829183459
362.000000 -0.078388453 -0.253886670 2.428482056 0.058021221 0.554871142 -0.020901384 0.829647303
363.000000 -0.078352213 -0.253701895 2.436032772 0.058660839 0.554732800 -0.021463562 0.829680502
364.000000 -0.078012705 -0.252381504 2.443092108 0.058782373 0.554110229 -0.021732470 0.830080867
365.000000 -0.079775512 -0.253329694 2.451686859 0.057808563 0.554373085 -0.021092290 0.829990208
366.000000 -0.078720391 -0.253040731 2.457502842 0.058152728 0.554273963 -0.021728655 0.830015957
367.000000 -0.078795195 -0.253815144 2.466416121 0.058815833 0.555878818 -0.020967975 0.828914821
368.000000 -0.079837978 -0.254780233 2.473046303 0.058353588 0.557449877 -0.019588646 0.827925563
369.000000 -0.078934014 -0.257736951 2.481320381 0.057537775 0.559342027 -0.017511921 0.826752245
370.000000 -0.079278231 -0.254455119 2.488816738 0.057678632 0.561667860 -0.017800393 0.825157881
371.000000 -0.080462933 -0.253312618 2.495576620 0.056405500 0.564764559 -0.017182864 0.823142886
372.000000 -0.079750836 -0.254271924 2.503077745 0.054556645 0.568893135 -0.015943948 0.820445001
373.000000 -0.079846084 -0.253283501 2.510357857 0.052967876 0.573470652 -0.015354493 0.817367733
374.000000 -0.079441071 -0.253071338 2.517084360 0.050614528 0.578825176 -0.014248469 0.813754618
375.000000 -0.078078270 -0.253927857 2.524554253 0.047897995 0.584634304 -0.013184459 0.809774458
376.000000 -0.076673090 -0.254769474 2.537721634 0.043438915 0.596945882 -0.012611544 0.801005363
377.000000 -0.073913515 -0.255838394 2.544143677 0.040975749 0.603473186 -0.012843413 0.796226203
378.000000 -0.072458923 -0.255195796 2.549513817 0.039945345 0.609495521 -0.013024127 0.791675448
379.000000 -0.070430636 -0.257073939 2.555074215 0.038211539 0.615694880 -0.012231278 0.786962509
380.000000 -0.067099571 -0.259026885 2.560821772 0.037495323 0.621620953 -0.011625299 0.782333910
381.000000 -0.064808011 -0.259092629 2.565832138 0.037204016 0.627983928 -0.011311810 0.777254224
382.000000 -0.061342508 -0.260674447 2.570442915 0.036518857 0.634474218 -0.010865109 0.772004366
383.000000 -0.059340596 -0.261418432 2.574351072 0.036671426 0.641323447 -0.011158517 0.766312540
384.000000 -0.057734787 -0.260400325 2.576113462 0.037682418 0.647986829 -0.011830945 0.760626793
385.000000 -0.053815573 -0.261304557 2.579052687 0.038592894 0.655053794 -0.012495424 0.754492521
386.000000 -0.050249249 -0.263434201 2.580715895 0.039711833 0.663192749 -0.013727201 0.747268260
387.000000 -0.046907976 -0.264592379 2.581464291 0.040274844 0.672143817 -0.013893581 0.739193857
388.000000 -0.045055673 -0.265176296 2.581582546 0.039239600 0.680903673 -0.014362129 0.731180012
389.000000 -0.041226052 -0.266146481 2.583974600 0.038643301 0.689611375 -0.014739579 0.722997665
390.000000 -0.039404485 -0.267576456 2.584794521 0.038687266 0.697353721 -0.015969060 0.715504110
391.000000 -0.035166372 -0.267433852 2.585853815 0.037827466 0.705065548 -0.015959742 0.707952678
392.000000 -0.031612393 -0.267805368 2.586849928 0.036847554 0.713694990 -0.015555509 0.699313760
393.000000 -0.030577920 -0.264587343 2.587845087 0.036743462 0.722932994 -0.015298910 0.689770818
394.000000 -0.028232455 -0.264846593 2.588225365 0.036001995 0.731438160 -0.014224646 0.680808187
395.000000 -0.023995444 -0.265670449 2.587341309 0.035790704 0.739232659 -0.013504020 0.672362864
396.000000 -0.021645755 -0.263978273 2.587864161 0.036779527 0.747554123 -0.012311366 0.663067520
397.000000 -0.017639220 -0.262977988 2.587554932 0.036157347 0.755398393 -0.011540339 0.654165804
398.000000 -0.013387799 -0.263333738 2.586297512 0.035348620 0.763034999 -0.011170904 0.645293117
399.000000 -0.010078371 -0.262829691 2.586780071 0.034826566 0.770844877 -0.012550361 0.635946393
400.000000 -0.006726742 -0.264395356 2.588800907 0.034659177 0.778948069 -0.012319482 0.626008689
401.000000 -0.000740826 -0.265251905 2.587762117 0.034151781 0.786759913 -0.013071585 0.616174996
402.000000 0.006295502 -0.264751881 2.589215755 0.034125127 0.793752611 -0.013744555 0.607127130
403.000000 0.010836184 -0.263841450 2.589420080 0.033592749 0.800404370 -0.013718057 0.598361194
404.000000 0.016291916 -0.265692055 2.589909792 0.030263552 0.807275593 -0.013978768 0.589232385
405.000000 0.020321608 -0.266544849 2.592384100 0.027897004 0.814924121 -0.014053597 0.578725278
406.000000 0.028559387 -0.268342674 2.595511913 0.026259648 0.823015332 -0.013311709 0.567255676
407.000000 0.033863187 -0.269583762 2.597775221 0.024251241 0.831035733 -0.012116849 0.555557966
408.000000 0.038575947 -0.272295177 2.599705696 0.023062261 0.838640451 -0.011101778 0.544083714
409.000000 0.046056926 -0.276122540 2.605709553 0.022484675 0.846483111 -0.010647144 0.531834006
410.000000 0.049151659 -0.275043726 2.608248234 0.022079986 0.854507387 -0.010108456 0.518871307
411.000000 0.053812861 -0.274368435 2.613379240 0.021270959 0.862798691 -0.008359645 0.505030870
412.000000 0.059917927 -0.275474966 2.620097876 0.021050651 0.870689869 -0.006268648 0.491341770
413.000000 0.064308763 -0.273843348 2.625019073 0.020513343 0.877978206 -0.005562923 0.478228599
414.000000 0.063764215 -0.267817557 2.627907991 0.020016192 0.884604692 -0.003958322 0.465895116
415.000000 0.074861765 -0.267744690 2.634876728 0.017732788 0.890916884 -0.000261733 0.453820050
416.000000 0.082542062 -0.270010114 2.636033058 0.014551695 0.896165013 0.002098416 0.443477243
417.000000 0.087366343 -0.267026424 2.636499166 0.012700696 0.901281595 0.003736407 0.433031470
418.000000 0.090272784 -0.269057900 2.641457319 0.009210970 0.906552970 0.005763934 0.421952277
419.000000 0.094434500 -0.270689011 2.639754295 0.006111227 0.911112428 0.005432172 0.412076682
420.000000 0.099674344 -0.266784161 2.641303301 0.005041112 0.915448248 0.004074172 0.402383506
421.000000 0.112518907 -0.260076046 2.647059441 0.001976948 0.923287332 0.005265658 0.384068787
422.000000 0.119542480 -0.260131031 2.644906044 0.000063497 0.926740110 0.006126805 0.375653028
423.000000 0.125348091 -0.259293318 2.642133236 -0.001639227 0.929775476 0.006572511 0.368064761
424.000000 0.130407572 -0.258078128 2.642107964 -0.003424655 0.932968318 0.007452872 0.359865040
425.000000 0.139867067 -0.261063159 2.636223316 -0.005226543 0.935835481 0.007452259 0.352319539
426.000000 0.146277785 -0.256604105 2.636898756 -0.005802238 0.938807726 0.006288665 0.344335467
427.000000 0.157199144 -0.251851171 2.632742882 -0.006868448 0.941615701 0.005918439 0.336567521
428.000000 0.165526867 -0.253866583 2.629506111 -0.008289562 0.944063783 0.005297465 0.329616100
429.000000 0.176670790 -0.247236535 2.626569986 -0.007574714 0.946529865 0.004499995 0.322495937
430.000000 0.186783195 -0.241347075 2.622471333 -0.007409883 0.948889256 0.004431018 0.315491080
431.000000 0.200581908 -0.241334364 2.617779255 -0.007695203 0.951177299 0.005671142 0.308496863
432.000000 0.208939552 -0.239331469 2.611757278 -0.007814948 0.952939630 0.005815880 0.303003550
433.000000 0.218392968 -0.236034304 2.602077246 -0.006614089 0.954796255 0.006067547 0.297125459
434.000000 0.231582880 -0.236128867 2.600158453 -0.005031975 0.957001925 0.008188519 0.289922357
435.000000 0.247343302 -0.237298265 2.592677832 -0.003830178 0.958714902 0.009065907 0.284198761
436.000000 0.265561938 -0.247205347 2.586733818 -0.002471467 0.960250258 0.008750349 0.278992414
437.000000 0.280667663 -0.248373613 2.581364155 0.000422308 0.961428165 0.004953733 0.275011212
438.000000 0.289555669 -0.246192679 2.572531700 0.003726296 0.962395728 0.000647205 0.271625042
439.000000 0.284305692 -0.227081880 2.561352015 0.006710603 0.963098764 -0.004044652 0.269034266
440.000000 0.298431158 -0.227326274 2.554739475 0.006890951 0.964508951 -0.002083610 0.263951957
441.000000 0.314356208 -0.227945775 2.546826363 0.005788950 0.966086447 0.001656352 0.258148611
442.000000 0.339950621 -0.231148794 2.530113220 0.005548756 0.968851268 0.003673155 0.247553959
443.000000 0.346532643 -0.230433613 2.515875340 0.005770345 0.970020890 0.002514886 0.242939919
444.000000 0.358819366 -0.226414844 2.510835648 0.006751258 0.971534610 0.001826973 0.236794382
445.000000 0.367675900 -0.229768053 2.499093294 0.005851823 0.972632408 0.002074047 0.232266262
446.000000 0.378978372 -0.225264207 2.497091055 0.005711629 0.974011898 0.001110502 0.226422116
447.000000 0.383112669 -0.223563030 2.486395121 0.005081580 0.975062728 0.001013900 0.221868858
448.000000 0.391731739 -0.217075884 2.481860638 0.005175250 0.976595104 0.000558698 0.215023085
449.000000 0.399095654 -0.213017479 2.476219416 0.005576322 0.978062391 0.000979112 0.208235189
450.000000 0.405754030 -0.217187524 2.463322163 0.004345306 0.979189336 0.003206867 0.202877089
451.000000 0.415523052 -0.220145613 2.456837654 0.003061880 0.980397224 0.004345267 0.196959361
452.000000 0.426368415 -0.214988112 2.454992533 0.002359021 0.981578648 0.003830774 0.191005304
453.000000 0.436328471 -0.216108024 2.449667692 0.001513936 0.982581258 0.005213059 0.185753971
454.000000 0.442272186 -0.210451126 2.442161560 0.001376004 0.983316600 0.005428111 0.181816161
455.000000 0.453940570 -0.208823621 2.433798313 0.001320422 0.984058321 0.006167120 0.177734226
456.000000 0.459354579 -0.206934214 2.431901693 0.000639595 0.984707475 0.007567781 0.174050137
457.000000 0.469532907 -0.207993686 2.427756548 0.000408158 0.985468566 0.009748833 0.169577241
458.000000 0.487610877 -0.208494842 2.420935392 0.001472964 0.986387730 0.010218980 0.164111823
459.000000 0.495205343 -0.204857588 2.417009354 0.004135773 0.987063169 0.008935291 0.160029426
460.000000 0.508300543 -0.203223959 2.415498018 0.006894057 0.987975001 0.009471176 0.154169217
461.000000 0.513060033 -0.204382628 2.407807827 0.008392423 0.988570750 0.009515243 0.150222957
462.000000 0.523643494 -0.206982151 2.401217461 0.009372975 0.989279389 0.009835015 0.145401835
463.000000 0.529441535 -0.196532190 2.399760723 0.010459716 0.990042388 0.008577106 0.140118152
464.000000 0.535937905 -0.192980051 2.397611618 0.009790113 0.990933895 0.009276881 0.133671507
465.000000 0.554648936 -0.201336652 2.391168594 0.007979749 0.992096603 0.012353106 0.124611564
466.000000 0.565086067 -0.198473260 2.396282673 0.007058269 0.993037164 0.013249464 0.116840996
467.000000 0.573727131 -0.193273693 2.391676188 0.006880556 0.993884981 0.014280347 0.109276414
468.000000 0.581647754 -0.198177978 2.384149313 0.006171496 0.994610786 0.017844044 0.101945549
469.000000 0.594326496 -0.194606438 2.390559196 0.006096920 0.995532691 0.020097997 0.092051990
470.000000 0.604722500 -0.183811426 2.387495756 0.005061735 0.996291995 0.022407297 0.082912862
471.000000 0.621502280 -0.180870086 2.387002707 0.003940815 0.996933579 0.025328640 0.073934965
472.000000 0.627568066 -0.194356680 2.382133484 0.002798919 0.997343600 0.029057944 0.066735193
473.000000 0.647130013 -0.190717176 2.369504690 0.003883243 0.997796655 0.030299513 0.058896251
474.000000 0.654287279 -0.186077684 2.370485306 0.003684944 0.998221159 0.030835999 0.050893575
475.000000 0.656233191 -0.181159943 2.368921995 0.003976694 0.998535872 0.032020450 0.043416508
476.000000 0.654505968 -0.191171154 2.358956337 0.001886766 0.998670638 0.034342486 0.038392495
477.000000 0.659111619 -0.188292831 2.365840197 0.000988666 0.998926401 0.034770865 0.030594336
478.000000 0.661655843 -0.179515153 2.370435476 0.002292192 0.999092340 0.034829117 0.024416603
479.000000 0.686539412 -0.187656641 2.369939089 -0.000245675 0.999181092 0.037590586 0.014966255
480.000000 0.697159469 -0.184599131 2.365914106 -0.002042511 0.999181211 0.039462946 0.008687442
481.000000 0.686927021 -0.175294533 2.371690035 -0.001728734 0.999246418 0.038574953 0.003940061
482.000000 0.700026393 -0.172746822 2.367535830 -0.002007606 0.999256611 0.038380619 -0.003021661
483.000000 0.700270712 -0.176570207 2.365753412 -0.001432500 0.999160767 0.040316205 -0.007095007
484.000000 0.727049351 -0.185346439 2.357171535 -0.002500627 0.999021769 0.041864365 -0.014023031
485.000000 0.741141200 -0.188933000 2.349079847 -0.002059629 0.999001920 0.040312707 -0.019124588
486.000000 0.710464895 -0.182764545 2.351059675 -0.001282307 0.999143958 0.036698833 -0.019050324
487.000000 0.731507003 -0.177016050 2.344955683 0.001600126 0.999082804 0.034940239 -0.024702366
488.000000 0.742490351 -0.190706760 2.340426922 0.000869729 0.998838723 0.036493428 -0.031442136
489.000000 0.739366531 -0.190780818 2.332424879 0.001826330 0.998641670 0.036287300 -0.037345421
490.000000 0.796656609 -0.191258430 2.314994097 0.001325588 0.997998953 0.036323160 -0.051739626
491.000000 0.784039319 -0.179923564 2.304983616 0.000524600 0.997929454 0.034834571 -0.054065388
492.000000 0.748099566 -0.183206305 2.308032036 -0.001998198 0.997960806 0.034336865 -0.053769834
493.000000 0.746502221 -0.180497095 2.301275253 -0.004682533 0.997708917 0.032948840 -0.058900651
494.000000 0.762530029 -0.181089461 2.287246466 -0.006016851 0.997202277 0.034070335 -0.066261269
495.000000 0.752813339 -0.176245511 2.282783031 -0.008517284 0.997067273 0.034302559 -0.067879170
496.000000 0.761618972 -0.174655542 2.273852110 -0.010216922 0.996695578 0.034232873 -0.072949260
497.000000 0.768325984 -0.181037560 2.264652014 -0.011573590 0.996295750 0.035826147 -0.077313252
498.000000 0.750113368 -0.164573669 2.258250952 -0.010720859 0.996192098 0.033580698 -0.079740979
499.000000 0.671020985 -0.166727543 2.260981560 -0.011486086 0.996625245 0.033994071 -0.073827744
500.000000 0.756189227 -0.164100230 2.239428520 -0.009847780 0.995331347 0.033371989 -0.090026587
501.000000 0.781205058 -0.172581345 2.232796669 -0.009280508 0.994490504 0.034731366 -0.098469436
502.000000 0.698893011 -0.182542413 2.226902723 -0.011226994 0.995069861 0.036330417 -0.091597177
503.000000 0.759886265 -0.158908039 2.209886551 -0.009872968 0.994070172 0.033357631 -0.103025578
504.000000 0.694039345 -0.173848465 2.205714226 -0.010768539 0.994479179 0.036149118 -0.097920455
505.000000 0.693182945 -0.171810180 2.195995569 -0.010275112 0.994039595 0.036592893 -0.102179557
506.000000 0.757403016 -0.163577691 2.176043749 -0.008507634 0.992731273 0.034358736 -0.115028985
507.000000 0.752150953 -0.166432738 2.168473721 -0.007408436 0.992408633 0.033187829 -0.118189827
508.000000 0.757651806 -0.167611688 2.153239489 -0.006559161 0.991978586 0.032900620 -0.121872917
509.000000 0.754037201 -0.162740201 2.142524004 -0.004829406 0.991556168 0.032342780 -0.125486881
510.000000 0.761856794 -0.162009984 2.131446123 -0.003825283 0.990979254 0.031403162 -0.130228013
511.000000 0.758958399 -0.164576575 2.120578527 -0.002478598 0.990545154 0.029292181 -0.134000182
512.000000 0.759671450 -0.160360172 2.109930992 -0.001765181 0.989815950 0.027000310 -0.139757693
513.000000 0.759492636 -0.166035190 2.096872091 -0.001785051 0.989118755 0.026591495 -0.144685343
514.000000 0.763765812 -0.155937925 2.087656021 -0.001620357 0.988378227 0.023649711 -0.150155112
515.000000 0.771658480 -0.160168558 2.071473122 -0.002172856 0.987467766 0.021906326 -0.156277850
516.000000 0.763229966 -0.157287702 2.072004557 -0.002212463 0.987023830 0.020080926 -0.159298033
517.000000 0.773287475 -0.163211435 2.051975250 -0.003070686 0.985925376 0.020586178 -0.165885195
518.000000 0.763929367 -0.166117191 2.056364059 -0.003536551 0.985371590 0.019795807 -0.169228807
519.000000 0.763151050 -0.167219728 2.054111242 -0.004669868 0.984745443 0.017950190 -0.173009694
520.000000 0.758547366 -0.162143379 2.043886423 -0.006128201 0.984122038 0.014898011 -0.176760718
521.000000 0.768850982 -0.159983218 2.039491892 -0.008320332 0.983138919 0.013851032 -0.182145193
522.000000 0.753730714 -0.157447025 2.048109531 -0.009774634 0.982888639 0.014251446 -0.183388233
523.000000 0.757264018 -0.161511898 2.029384613 -0.011115152 0.981836021 0.015695322 -0.188754171
524.000000 0.759361327 -0.164378077 2.023085833 -0.012719127 0.980889618 0.016223380 -0.193469808
525.000000 0.761145771 -0.161316350 2.013453245 -0.013744097 0.979938626 0.016511247 -0.198138356
526.000000 0.758102179 -0.163025171 2.002780199 -0.013830747 0.979048967 0.018190764 -0.202338561
527.000000 0.791042089 -0.160889775 1.990613103 -0.013879089 0.977155209 0.018309304 -0.211281374
528.000000 0.798914850 -0.155631587 1.974181056 -0.014989833 0.975636959 0.018364122 -0.218106821
529.000000 0.792180359 -0.158586651 1.971267223 -0.015205681 0.974845231 0.019667137 -0.221492097
530.000000 0.798905730 -0.156747103 1.958671927 -0.016496478 0.973431230 0.020112822 -0.227497086
531.000000 0.792970121 -0.156295180 1.948821783 -0.016206967 0.972474933 0.020753466 -0.231514916
532.000000 0.785852373 -0.156963751 1.945761085 -0.016614737 0.971919477 0.021503968 -0.233739167
533.000000 0.794393301 -0.150506735 1.932935476 -0.016765887 0.970459163 0.021737114 -0.239698708
534.000000 0.795504749 -0.157225847 1.917726874 -0.017019819 0.969322264 0.023535671 -0.244071022
535.000000 0.806895912 -0.148251727 1.906563640 -0.016852992 0.967908323 0.021886362 -0.249780655
536.000000 0.809297919 -0.147028193 1.890070558 -0.016507482 0.966535270 0.022082828 -0.255047768
537.000000 0.813850224 -0.149619251 1.881587386 -0.016529894 0.965273201 0.022698265 -0.259729147
538.000000 0.815118730 -0.149462104 1.873039722 -0.016797161 0.964115858 0.022877017 -0.263960302
539.000000 0.811669111 -0.147392511 1.859104872 -0.017869007 0.963054776 0.022893788 -0.267735034
540.000000 0.814962566 -0.147654176 1.849670410 -0.017858524 0.961876631 0.022305455 -0.271986902
541.000000 0.820498109 -0.146616563 1.837422609 -0.018365461 0.960673749 0.021381164 -0.276245356
542.000000 0.820562184 -0.148865640 1.831800103 -0.018608186 0.959607840 0.022024555 -0.279859692
543.000000 0.817623019 -0.147669792 1.823130608 -0.020583691 0.958798707 0.023382211 -0.282373101
544.000000 0.813960910 -0.147169143 1.814047575 -0.022242984 0.958118320 0.024437238 -0.284459740
545.000000 0.826826215 -0.144918770 1.802268624 -0.024060212 0.956745505 0.026060142 -0.288755864
546.000000 0.823703647 -0.145285100 1.793564320 -0.025018845 0.956090987 0.027316017 -0.290719658
547.000000 0.813442707 -0.149337083 1.791469574 -0.025837420 0.955582738 0.028433822 -0.292208016
548.000000 0.830843806 -0.142444909 1.781539798 -0.026347512 0.954033852 0.027562197 -0.297263443
549.000000 0.830621362 -0.143213123 1.774202108 -0.026281130 0.953041255 0.027769705 -0.300417215
550.000000 0.828415036 -0.143134683 1.767726183 -0.026383772 0.952109575 0.027108081 -0.303407997
551.000000 0.835644543 -0.144680381 1.757998466 -0.026245981 0.950584829 0.026905669 -0.308181286
552.000000 0.832290649 -0.143024355 1.757086396 -0.026457090 0.949569881 0.025540859 -0.311391532
553.000000 0.830928862 -0.141389906 1.749437451 -0.026139857 0.948226333 0.024971314 -0.315531135
554.000000 0.832563996 -0.143839762 1.743162870 -0.025103161 0.946867287 0.025307415 -0.319643021
555.000000 0.833028257 -0.147337407 1.733344674 -0.024159113 0.945698678 0.024274519 -0.323235452
556.000000 0.833739161 -0.143408641 1.728746057 -0.023884825 0.944687366 0.021833949 -0.326371700
557.000000 0.826658964 -0.141597807 1.723483682 -0.023120463 0.943839788 0.021625364 -0.328883350
558.000000 0.823146343 -0.142388493 1.718651772 -0.022554383 0.942560494 0.022496587 -0.332513034
559.000000 0.823721528 -0.147804737 1.717686772 -0.020685382 0.941265523 0.022410760 -0.336287200
560.000000 0.829671085 -0.144898266 1.708693027 -0.020016398 0.939304054 0.021529675 -0.341824114
561.000000 0.826107860 -0.147273168 1.706455708 -0.019445146 0.938002944 0.021415135 -0.345418155
562.000000 0.825871944 -0.146192357 1.697161913 -0.019583546 0.936233521 0.020133292 -0.350254118
563.000000 0.828611135 -0.144216537 1.690346956 -0.019793043 0.934453130 0.019141780 -0.355019957
564.000000 0.829024553 -0.148369730 1.680385709 -0.018944563 0.932326794 0.019824421 -0.360575795
565.000000 0.830659568 -0.140248403 1.671997547 -0.019626791 0.929965079 0.019679157 -0.366595685
566.000000 0.835717022 -0.139272347 1.665415764 -0.019583646 0.927599728 0.020075085 -0.372521460
567.000000 0.839625895 -0.136823177 1.655473709 -0.019989189 0.925291955 0.020323353 -0.378182799
568.000000 0.833868146 -0.138868213 1.648854494 -0.019252798 0.923605919 0.021787940 -0.382239044
569.000000 0.836725175 -0.143378109 1.638698936 -0.018562036 0.921685994 0.023166798 -0.386799276
570.000000 0.836342633 -0.142956883 1.629183650 -0.019490540 0.919936955 0.022158451 -0.390954137
571.000000 0.836431742 -0.136304706 1.620486498 -0.021495445 0.918133080 0.020437453 -0.395160615
572.000000 0.831753612 -0.135875165 1.611803770 -0.022580927 0.916423082 0.021410324 -0.398999214
573.000000 0.833571851 -0.142567754 1.604959011 -0.023057563 0.914892852 0.022334214 -0.402418315
574.000000 0.830672503 -0.137785509 1.594279766 -0.024382481 0.913562655 0.021277661 -0.405408472
575.000000 0.827272952 -0.131933451 1.588830352 -0.025582435 0.912438989 0.021810865 -0.407829553
576.000000 0.828588963 -0.133893266 1.578014135 -0.025789326 0.910684586 0.023654746 -0.411617488
577.000000 0.829268694 -0.131549507 1.566989183 -0.026721634 0.908954322 0.023575850 -0.415369928
578.000000 0.830860972 -0.130261242 1.559122086 -0.027196642 0.907331705 0.023978407 -0.418849051
579.000000 0.829188526 -0.127842903 1.549469829 -0.027349593 0.906083345 0.024638873 -0.421494842
580.000000 0.825235128 -0.128570825 1.538068295 -0.026794821 0.905082524 0.025027726 -0.423652351
581.000000 0.825257480 -0.126050204 1.526560783 -0.026286123 0.904033899 0.024378268 -0.425954700
582.000000 0.824088812 -0.121952251 1.517585874 -0.025818733 0.902822852 0.024725543 -0.428524196
583.000000 0.823396862 -0.122208133 1.505844116 -0.024895480 0.901157081 0.026240177 -0.431981057
584.000000 0.822657108 -0.118811473 1.494594693 -0.024759734 0.899442613 0.026707565 -0.435518891
585.000000 0.819414139 -0.119439483 1.485468388 -0.023632970 0.897870660 0.028271547 -0.438714534
586.000000 0.821598828 -0.119181976 1.474009514 -0.021567035 0.895814121 0.030064395 -0.442886025
587.000000 0.821666598 -0.119059518 1.442951441 -0.017508283 0.890881598 0.032128219 -0.452759504
588.000000 0.818401635 -0.119187206 1.434964180 -0.015428875 0.889244318 0.031432465 -0.456090480
589.000000 0.816363156 -0.122889891 1.423734426 -0.013248593 0.887856066 0.030496368 -0.458918303
590.000000 0.811645091 -0.120238379 1.413931489 -0.012212955 0.886564434 0.028413491 -0.461570174
591.000000 0.813904166 -0.119696043 1.399857998 -0.011219005 0.884539604 0.028284440 -0.465471596
592.000000 0.809059978 -0.114430487 1.387920260 -0.011369800 0.882395267 0.028517736 -0.469506204
593.000000 0.805119038 -0.117946923 1.378663898 -0.010764706 0.880485594 0.029854426 -0.473009467
594.000000 0.803544939 -0.115644813 1.367971182 -0.011401310 0.878453016 0.030943366 -0.476689458
595.000000 0.802397966 -0.118660681 1.352642298 -0.011060095 0.876030087 0.032823369 -0.481011003
596.000000 0.801503837 -0.117475644 1.344996929 -0.011619548 0.874066770 0.032714628 -0.484563708
597.000000 0.795035601 -0.118004911 1.334546804 -0.011372725 0.872294128 0.032281749 -0.487782329
598.000000 0.793120801 -0.116785176 1.324346781 -0.011488027 0.870511651 0.031483192 -0.491005421
599.000000 0.790573418 -0.122355588 1.312436223 -0.011493442 0.868721247 0.031271365 -0.494179457
600.000000 0.788559794 -0.116912544 1.302726984 -0.013073684 0.867238522 0.029580118 -0.496841431
601.000000 0.790822208 -0.113410607 1.288149595 0.015374891 -0.865231395 -0.029015781 0.500296175
602.000000 0.787469625 -0.111379676 1.277813792 0.017024491 -0.863612711 -0.028781112 0.503045678
603.000000 0.779215097 -0.117574796 1.275395155 0.017466323 -0.862906158 -0.029565580 0.504196107
604.000000 0.778803229 -0.115125246 1.262507558 0.018569428 -0.860808611 -0.028833171 0.507771969
605.000000 0.772894502 -0.117346376 1.256016016 0.018812751 -0.859546602 -0.029279878 0.509871066
606.000000 0.771909535 -0.118141741 1.243372083 0.018177629 -0.857895553 -0.030001326 0.512625217
607.000000 0.766536713 -0.118765548 1.237840176 0.018026657 -0.857005656 -0.030243253 0.514102817
608.000000 0.764576793 -0.115223125 1.228728771 0.018847411 -0.855546355 -0.029224079 0.516557038
609.000000 0.763326406 -0.111175239 1.217917085 0.019359820 -0.853375793 -0.029596359 0.520095229
610.000000 0.762673736 -0.106934063 1.205782652 0.018806014 -0.851295292 -0.030308530 0.523473084
611.000000 0.760553956 -0.107483618 1.195241570 0.017433932 -0.849252164 -0.031021617 0.526786804
612.000000 0.756134927 -0.107051209 1.187798381 0.015819781 -0.847845793 -0.030710639 0.529116213
613.000000 0.757412851 -0.104116105 1.173537016 0.014059797 -0.846047878 -0.030434752 0.532051742
614.000000 0.753193021 -0.104944505 1.166079521 0.012257588 -0.844644606 -0.031434033 0.534263134
615.000000 0.754422188 -0.098121911 1.156117439 0.011423020 -0.842808068 -0.031300258 0.537181795
616.000000 0.753404737 -0.100082844 1.145267487 0.009948862 -0.840585768 -0.032969967 0.540582657
617.000000 0.751680136 -0.100612447 1.134119272 0.008618373 -0.838145554 -0.034962684 0.544256687
618.000000 0.749635100 -0.099864244 1.119656086 0.007224092 -0.835212111 -0.036451340 0.548671007
619.000000 0.744492292 -0.098297805 1.111962914 0.006399313 -0.832340181 -0.037330236 0.552969635
620.000000 0.745393217 -0.097713321 1.097551346 0.005047591 -0.829075694 -0.037390299 0.557862043
621.000000 0.741026819 -0.096282527 1.087032795 0.003977942 -0.826566517 -0.037803765 0.561554015
622.000000 0.739582837 -0.100622244 1.077448010 0.002241833 -0.823666155 -0.039096113 0.565721333
623.000000 0.736976266 -0.095954984 1.067651272 0.002747904 -0.820920825 -0.038588502 0.569730163
624.000000 0.734534264 -0.095032297 1.056213260 0.003074317 -0.817891836 -0.038802486 0.574053943
625.000000 0.730513573 -0.095121190 1.047582865 0.002800474 -0.814989150 -0.039623365 0.578113139
626.000000 0.732078254 -0.094435573 1.036028028 0.001947748 -0.810791969 -0.040468216 0.583930552
627.000000 0.729372621 -0.092553884 1.026142955 0.001144924 -0.806871772 -0.040370982 0.589344382
628.000000 0.726947069 -0.094929352 1.017903209 -0.000330204 -0.803071260 -0.039755326 0.594555318
629.000000 0.723915517 -0.094378918 1.009483576 -0.001163660 -0.799148262 -0.039252643 0.599849880
630.000000 0.716451645 -0.096640147 1.004072189 -0.002857382 -0.795408547 -0.038681321 0.604831219
631.000000 0.714565277 -0.093835756 0.999852598 -0.003549865 -0.791917324 -0.037092458 0.609490335
632.000000 0.709478736 -0.101109162 0.987114131 -0.005894450 -0.787450075 -0.037296563 0.615220785
633.000000 0.707404971 -0.097891495 0.974773884 -0.006021601 -0.783200741 -0.035452213 0.620728195
634.000000 0.699119389 -0.100565270 0.978573561 -0.006442521 -0.781341195 -0.034104060 0.623138309
635.000000 0.695875883 -0.095811889 0.964677691 -0.005493923 -0.776904404 -0.032238413 0.628768742
636.000000 0.689838231 -0.099810824 0.960718036 -0.005639608 -0.773615718 -0.032488395 0.632796466
637.000000 0.688344002 -0.096501864 0.948677897 -0.004179077 -0.769271910 -0.031510986 0.638130307
638.000000 0.682719946 -0.093827002 0.944275677 -0.003137486 -0.765839159 -0.031606082 0.642247319
639.000000 0.677687109 -0.091824427 0.940216660 -0.002522110 -0.762852907 -0.031870868 0.645781159
640.000000 0.672336102 -0.092511043 0.935461998 -0.002108228 -0.760217428 -0.032766312 0.648838580
641.000000 0.667240202 -0.091309533 0.927962840 -0.002055734 -0.757379293 -0.033280842 0.652123332
642.000000 0.662654936 -0.087330662 0.920570135 -0.001785061 -0.754542291 -0.033396032 0.655398726
643.000000 0.657374084 -0.086706191 0.914226830 -0.002338299 -0.752010226 -0.033379801 0.658301592
644.000000 0.650805175 -0.084976703 0.911672056 -0.002750603 -0.750043511 -0.033055138 0.660556316
645.000000 0.648363113 -0.083288401 0.905265331 -0.003336363 -0.747564435 -0.032926377 0.663364291
646.000000 0.640162766 -0.081544474 0.897923768 -0.004131722 -0.745180309 -0.032438345 0.666060805
647.000000 0.633805990 -0.078901254 0.896215379 -0.004365293 -0.743515432 -0.030998068 0.667985737
648.000000 0.627496898 -0.074143633 0.887072921 -0.004362174 -0.740931213 -0.029416773 0.670922220
649.000000 0.611772001 -0.069385231 0.879200041 -0.006601724 -0.736509144 -0.030589947 0.675703287
650.000000 0.594014764 -0.070000589 0.871891320 -0.010628449 -0.731969714 -0.032382991 0.680484176
651.000000 0.584724307 -0.074196219 0.866688669 -0.013197829 -0.729217410 -0.032600205 0.683377624
652.000000 0.574143946 -0.075288460 0.861635387 -0.014025424 -0.726623118 -0.031581808 0.686166704
653.000000 0.562575698 -0.078868061 0.862712502 -0.013956937 -0.724976718 -0.030243868 0.687967539
654.000000 0.554316282 -0.074687392 0.855569184 -0.012848555 -0.721765876 -0.028950971 0.691412151
655.000000 0.543543041 -0.075606927 0.846176565 -0.012256580 -0.717895865 -0.030145453 0.695389509
656.000000 0.534417629 -0.076244488 0.839770496 -0.010937683 -0.714266539 -0.031366091 0.699084997
657.000000 0.523993015 -0.077410579 0.835881591 -0.009968356 -0.711289585 -0.032879230 0.702058911
658.000000 0.511160731 -0.075884044 0.833907247 -0.008473546 -0.708592653 -0.032907583 0.704799116
659.000000 0.500407338 -0.081381544 0.828281641 -0.007861520 -0.705094516 -0.033052355 0.708299041
660.000000 0.487596035 -0.086868480 0.830130219 -0.006800827 -0.703231633 -0.033403609 0.710143089
661.000000 0.476723522 -0.083942816 0.819960177 -0.004279858 -0.699504197 -0.031071255 0.713939905
662.000000 0.465535134 -0.085193917 0.821060121 -0.002226302 -0.697767615 -0.028603487 0.715749443
663.000000 0.454394877 -0.090735883 0.814301491 -0.001608343 -0.694372475 -0.028267877 0.719058573
664.000000 0.444785237 -0.081684828 0.816514611 0.000326948 -0.692225516 -0.026403472 0.721198022
665.000000 0.433858752 -0.082906097 0.810337245 0.000020739 -0.689147830 -0.025225108 0.724181592
666.000000 0.422484398 -0.090815693 0.809076369 -0.001217524 -0.687405705 -0.024267428 0.725867093
667.000000 0.415463507 -0.084383465 0.802745342 0.000659950 -0.684914589 -0.019593854 0.728359580
668.000000 0.403462261 -0.092126414 0.800774992 0.000861930 -0.683161020 -0.016789291 0.730074286
669.000000 0.395428896 -0.086724184 0.796043098 0.002969948 -0.680735946 -0.012371486 0.732418418
670.000000 0.385932773 -0.088851273 0.793133497 0.003327709 -0.678884804 -0.010650713 0.734160006
671.000000 0.375193089 -0.087516651 0.790012836 0.004819676 -0.676775396 -0.009203197 0.736116230
672.000000 0.366673201 -0.091093041 0.786421478 0.005751749 -0.674114108 -0.008928988 0.738550842
673.000000 0.357821703 -0.091368698 0.781964779 0.007136393 -0.670809686 -0.008847496 0.741542459
674.000000 0.349473894 -0.092920393 0.781013072 0.007699149 -0.667728662 -0.008675062 0.744314373
675.000000 0.339991003 -0.104569726 0.779123187 0.006841608 -0.664606094 -0.009501518 0.747102201
676.000000 0.330143213 -0.103726529 0.774901211 0.008363295 -0.661407530 -0.006479762 0.749952078
677.000000 0.322986424 -0.107250847 0.774243951 0.009321840 -0.659195125 -0.004356511 0.751901507
678.000000 0.315304935 -0.111204341 0.768598258 0.010601960 -0.656195223 -0.002563544 0.754512370
679.000000 0.306879193 -0.113111094 0.762842774 0.012010882 -0.653156459 -0.001386404 0.757126451
680.000000 0.298682153 -0.107825570 0.760250926 0.014346592 -0.650146484 -0.000028570 0.759673417
681.000000 0.291154146 -0.112000354 0.755674720 0.014740822 -0.646639109 0.000267402 0.762653589
682.000000 0.283703268 -0.115880594 0.750803709 0.015604726 -0.643395424 0.001363726 0.765373766
683.000000 0.274418116 -0.121976092 0.747907460 0.016300436 -0.640802205 0.002099525 0.767530084
684.000000 0.267393351 -0.118402958 0.741974533 0.018131809 -0.637695611 0.004366082 0.770062625
685.000000 0.259056240 -0.125716686 0.735085607 0.017925812 -0.634198546 0.004358653 0.772950113
686.000000 0.251410425 -0.118534088 0.726205409 0.020681635 -0.630078971 0.008552955 0.776208520
687.000000 0.239509702 -0.130446091 0.725978315 0.021477930 -0.627516806 0.008894128 0.778255880
688.000000 0.230836436 -0.135277748 0.718372166 0.023490760 -0.622859895 0.010010269 0.781916559
689.000000 0.223077774 -0.133143380 0.715173662 0.026149999 -0.618965983 0.012202362 0.784887552
690.000000 0.215185821 -0.137940869 0.707017064 0.027710471 -0.613913536 0.013406342 0.788772762
691.000000 0.205743864 -0.146175668 0.700130224 0.028845565 -0.609139025 0.014887905 0.792398870
692.000000 0.198461071 -0.144911200 0.693772674 0.031056536 -0.604663014 0.018470317 0.795661390
693.000000 0.191279486 -0.139721483 0.686005294 0.032545511 -0.599874854 0.021965006 0.799129844
694.000000 0.184845895 -0.139239460 0.676330030 0.032781135 -0.594382882 0.022825243 0.803189516
695.000000 0.176360250 -0.146476567 0.667085528 0.030164007 -0.588373423 0.022472929 0.807713985
696.000000 0.169695362 -0.145001322 0.665359318 0.028879274 -0.583450079 0.024585215 0.811262965
697.000000 0.160406828 -0.145801306 0.654722095 0.028114857 -0.576657236 0.026656058 0.816067100
698.000000 0.151895046 -0.151457131 0.648691356 0.027369257 -0.571639478 0.028488209 0.819553316
699.000000 0.143085688 -0.155173749 0.640354633 0.028009307 -0.566488385 0.030683113 0.823021829
700.000000 0.135242671 -0.157015994 0.635216773 0.028799372 -0.561685085 0.033458546 0.826172471
701.000000 0.128621370 -0.152087167 0.629367232 0.030671267 -0.556399107 0.037226427 0.829514027
702.000000 0.120346770 -0.159213066 0.620953500 0.029609593 -0.550404429 0.037669767 0.833522141
703.000000 0.112073213 -0.164026454 0.619109452 0.029580949 -0.546292245 0.039612807 0.836134315
704.000000 0.102610409 -0.172219902 0.613076746 0.030399563 -0.541786849 0.041563082 0.838937044
705.000000 0.096181080 -0.165372744 0.606575727 0.033693213 -0.537093878 0.045723245 0.841608167
706.000000 0.089343265 -0.167089134 0.607989430 0.034743324 -0.533885837 0.047656037 0.843497336
707.000000 0.079579011 -0.175448909 0.602053702 0.035266243 -0.528466523 0.047877081 0.846869051
708.000000 0.073197141 -0.174754590 0.598059356 0.037392002 -0.523242533 0.047416516 0.850041628
709.000000 0.066674471 -0.176861852 0.594586074 0.035877444 -0.518106401 0.046484370 0.853298187
710.000000 0.057980672 -0.180933774 0.591859996 0.035410356 -0.514485538 0.047106661 0.855471671
711.000000 0.051392362 -0.183102340 0.593793273 0.037565745 -0.512726068 0.048059504 0.856382549
712.000000 0.045424953 -0.181676403 0.587074280 0.038254268 -0.508644521 0.046829559 0.858850658
713.000000 0.036708698 -0.189741209 0.587179005 0.036731854 -0.505793631 0.043838963 0.860756516
714.000000 0.029429987 -0.194659308 0.589798689 0.038333699 -0.503811300 0.044131119 0.861833572
715.000000 0.021496892 -0.197959110 0.591839552 0.041329782 -0.502068222 0.044967588 0.862668693
716.000000 0.014684170 -0.201125950 0.592466235 0.043038134 -0.500145853 0.045521073 0.863672197
717.000000 0.009636253 -0.198269576 0.600752473 0.045720816 -0.499559194 0.048064370 0.863736093
718.000000 0.002039552 -0.203152537 0.601808906 0.048594728 -0.496926248 0.048447989 0.865075529
719.000000 -0.006431073 -0.208093360 0.604017615 0.051318765 -0.494411141 0.048540086 0.866353214
720.000000 -0.013292491 -0.207518518 0.607669592 0.053814083 -0.491927266 0.049252655 0.867574632
721.000000 -0.020574749 -0.210036665 0.612527430 0.055401888 -0.489716887 0.049330086 0.868720055
722.000000 -0.028536230 -0.213740170 0.617932558 0.056779113 -0.487659842 0.048595194 0.869829059
723.000000 -0.035216808 -0.213475734 0.625117660 0.057738785 -0.485886127 0.049325664 0.870716870
724.000000 -0.044365585 -0.218275815 0.629650116 0.058600251 -0.483441591 0.049529944 0.872007489
725.000000 -0.051583022 -0.218658254 0.636415660 0.061734673 -0.482176900 0.051500767 0.872377157
726.000000 -0.061615169 -0.221164763 0.641974092 0.064228579 -0.480633587 0.053352010 0.872937322
727.000000 -0.070521712 -0.221533522 0.647966146 0.067695223 -0.479181558 0.055113453 0.873364091
728.000000 -0.077537268 -0.230105519 0.656793237 0.067328110 -0.478013843 0.055428568 0.874012232
729.000000 -0.088735372 -0.226496994 0.661422610 0.068872526 -0.474633783 0.057141725 0.875622153
730.000000 -0.097300857 -0.229465678 0.668334007 0.068805195 -0.471348137 0.057477634 0.877378523
731.000000 -0.108555287 -0.232784212 0.673883975 0.069709972 -0.466753751 0.058207072 0.879712105
732.000000 -0.115970343 -0.237307668 0.683634639 0.071805820 -0.463084549 0.058179434 0.881482720
733.000000 -0.126002252 -0.240923643 0.692157507 0.073853515 -0.458839715 0.057732411 0.883560240
734.000000 -0.134558290 -0.243220076 0.701924562 0.076695271 -0.455201268 0.057256892 0.885229528
735.000000 -0.144497484 -0.249787897 0.708628893 0.078576408 -0.450414628 0.055862207 0.887598872
736.000000 -0.152227998 -0.251564115 0.717748940 0.081488013 -0.445729405 0.056029335 0.889688551
737.000000 -0.160282969 -0.257494152 0.725654781 0.085028172 -0.441410214 0.056432784 0.891483366
738.000000 -0.170577019 -0.259239227 0.733295739 0.090354122 -0.437214762 0.059053708 0.892856121
739.000000 -0.173430204 -0.261499226 0.744151950 0.094487131 -0.435426205 0.061963115 0.893105149
740.000000 -0.181400239 -0.267134845 0.752268553 0.099698149 -0.433359265 0.064543448 0.893361151
741.000000 -0.188444674 -0.269426525 0.760844529 0.106112801 -0.431387067 0.067491747 0.893358886
742.000000 -0.193137258 -0.268450767 0.769760489 0.111505672 -0.429809421 0.069028758 0.893345058
743.000000 -0.199891269 -0.269476801 0.776045203 0.114649042 -0.427651793 0.068900675 0.893992305
744.000000 -0.202888280 -0.274402499 0.782903671 0.117384866 -0.426394165 0.067469440 0.894347072
745.000000 -0.207624316 -0.276574314 0.789214790 0.120835029 -0.425016642 0.066814877 0.894592404
746.000000 -0.215074182 -0.280316234 0.794175029 0.125051692 -0.423318058 0.066935889 0.894809186
747.000000 -0.219270051 -0.281526297 0.800323606 0.131364733 -0.422067940 0.068366654 0.894386888
748.000000 -0.219236404 -0.288461506 0.806859493 0.135816708 -0.421291769 0.067765974 0.894133568
749.000000 -0.219725341 -0.291887999 0.810628951 0.141091138 -0.419891298 0.068228245 0.893940449
750.000000 -0.224835068 -0.289371073 0.814758182 0.147272035 -0.418200850 0.070284814 0.893576562
751.000000 -0.229896724 -0.292708635 0.818369389 0.151761860 -0.416534215 0.070948496 0.893551290
752.000000 -0.235081464 -0.295900643 0.823637843 0.156374782 -0.415504426 0.071830086 0.893164814
753.000000 -0.238915890 -0.297557205 0.828343391 0.160784975 -0.414568961 0.073827229 0.892653465
754.000000 -0.242515028 -0.301766753 0.831180811 0.164855629 -0.413965285 0.075237788 0.892073214
755.000000 -0.247649401 -0.302162468 0.834591866 0.169171572 -0.413318962 0.078448154 0.891287982
756.000000 -0.250469059 -0.305913955 0.838371158 0.172799259 -0.413488448 0.079600610 0.890410841
757.000000 -0.257041156 -0.307921052 0.842244387 0.176635355 -0.412874311 0.081220485 0.889796615
758.000000 -0.261599243 -0.313071012 0.845340192 0.181286603 -0.412869483 0.083145551 0.888684869
759.000000 -0.266588718 -0.317256272 0.849468768 0.187239453 -0.413222075 0.085732922 0.887039363
760.000000 -0.272674710 -0.319458872 0.852958381 0.193225130 -0.413285881 0.087905504 0.885511935
761.000000 -0.280896008 -0.324658066 0.854264259 0.197469845 -0.413007468 0.089063659 0.884589255
762.000000 -0.288334548 -0.326774925 0.856746554 0.202291161 -0.412923723 0.090645164 0.883377433
763.000000 -0.296127439 -0.331591308 0.859366477 0.206117421 -0.412713438 0.091627516 0.882489443
764.000000 -0.302720904 -0.336092323 0.861054897 0.209869862 -0.412531525 0.092257380 0.881624043
765.000000 -0.309145689 -0.339651108 0.862854481 0.213358179 -0.411986917 0.093044482 0.880958438
766.000000 -0.319197506 -0.342882574 0.866184056 0.216767058 -0.410802424 0.094879918 0.880483508
767.000000 -0.327776194 -0.347972453 0.866107464 0.219685137 -0.409475714 0.096206211 0.880234301
768.000000 -0.338963985 -0.352116466 0.868815839 0.223067909 -0.407626450 0.097575329 0.880091190
769.000000 -0.344173968 -0.357056409 0.869896412 0.226361081 -0.406764805 0.098094225 0.879591167
770.000000 -0.353105664 -0.360979855 0.872528911 0.229498386 -0.405099362 0.098663934 0.879483044
771.000000 -0.360922754 -0.362046897 0.875514627 0.232496232 -0.403565496 0.100169092 0.879230678
772.000000 -0.368646175 -0.365432382 0.876197696 0.234949529 -0.401619911 0.100921787 0.879383266
773.000000 -0.376784146 -0.367933750 0.878291070 0.237391934 -0.399893612 0.102310598 0.879353583
774.000000 -0.384762913 -0.370622009 0.880099416 0.238922745 -0.398518115 0.103943639 0.879371881
775.000000 -0.393084764 -0.371255547 0.880060315 0.241477683 -0.397090703 0.106692314 0.878990471
776.000000 -0.403471559 -0.375616223 0.883760333 0.245066300 -0.396166474 0.108058162 0.878247142
777.000000 -0.412002295 -0.378728807 0.883125722 0.248260021 -0.394819945 0.110064849 0.877707183
778.000000 -0.420192868 -0.381081700 0.884281814 0.250982046 -0.393318474 0.111092076 0.877477705
779.000000 -0.427624106 -0.383380026 0.885664463 0.253540576 -0.391477227 0.112205930 0.877423823
780.000000 -0.435529709 -0.386488527 0.886064708 0.255536824 -0.389175475 0.112866282 0.877783895
781.000000 -0.441516697 -0.386196673 0.888135850 0.257247448 -0.387212038 0.114077166 0.877996027
782.000000 -0.449458450 -0.388136595 0.889991343 0.258615673 -0.384567469 0.114381552 0.878716469
783.000000 -0.454418361 -0.390813619 0.891004026 0.260359347 -0.381988108 0.113929577 0.879385114
784.000000 -0.460801393 -0.391038537 0.893391967 0.262301236 -0.379116803 0.113930687 0.880050182
785.000000 -0.467196167 -0.391594201 0.894190967 0.263962418 -0.375687122 0.113238402 0.881112993
786.000000 -0.474090308 -0.393235207 0.893434286 0.265420645 -0.371863514 0.112529069 0.882386863
787.000000 -0.479417831 -0.394073188 0.894802511 0.266963482 -0.368048400 0.111618355 0.883635759
788.000000 -0.484454870 -0.394040227 0.896448851 0.267621309 -0.364009649 0.110634103 0.885232091
789.000000 -0.488835275 -0.394464374 0.897685051 0.268190831 -0.359951347 0.109855622 0.886814773
790.000000 -0.494227350 -0.394084036 0.898709238 0.269358218 -0.355368763 0.110291883 0.888253868
791.000000 -0.498429060 -0.393077940 0.899536610 0.270659328 -0.351387113 0.110470943 0.889419377
792.000000 -0.502017379 -0.392152518 0.900982320 0.271469265 -0.347715110 0.109809071 0.890696645
793.000000 -0.505583405 -0.391504735 0.902180195 0.271462381 -0.344011188 0.108279139 0.892322838
794.000000 -0.508877575 -0.390464723 0.903854847 0.270702034 -0.340702534 0.106387317 0.894049168
795.000000 -0.511930227 -0.391018212 0.906154811 0.269945800 -0.337582171 0.103157222 0.895838201
796.000000 -0.515354991 -0.389322460 0.906570673 0.268107414 -0.334667355 0.101081930 0.897718549
797.000000 -0.517722487 -0.388340294 0.908311009 0.265605837 -0.331707746 0.098202460 0.899877667
798.000000 -0.520654559 -0.385549426 0.909614563 0.263003916 -0.328731745 0.096525177 0.901913106
799.000000 -0.523365378 -0.382599235 0.910320759 0.260221660 -0.325807661 0.094833158 0.903958380
800.000000 -0.524581790 -0.381737530 0.912929893 0.257501572 -0.324224830 0.092408806 0.905556083
801.000000 -0.527105451 -0.379124612 0.913940668 0.256087571 -0.322156340 0.090945818 0.906842470
802.000000 -0.529197633 -0.378268540 0.916156292 0.255786479 -0.320062846 0.089014441 0.907859862
803.000000 -0.528326988 -0.378158450 0.919557095 0.255587250 -0.318612784 0.085876971 0.908727765
804.000000 -0.529549837 -0.376869529 0.921318769 0.254836619 -0.315659642 0.083041772 0.910231471
805.000000 -0.531472743 -0.376846880 0.923378050 0.253251076 -0.312813342 0.080898412 0.911848247
806.000000 -0.531741202 -0.373910129 0.926015437 0.251541734 -0.310365379 0.078241125 0.913388431
807.000000 -0.533488333 -0.370809078 0.928031325 0.249803796 -0.307399750 0.076419063 0.915021122
808.000000 -0.534089744 -0.367150426 0.930623412 0.247842103 -0.305216581 0.074665636 0.916429043
809.000000 -0.535075128 -0.364987731 0.932264805 0.245166406 -0.303120375 0.073106453 0.917968929
810.000000 -0.535503983 -0.361819565 0.934667230 0.242599502 -0.301773220 0.071966201 0.919184029
811.000000 -0.536412060 -0.357536435 0.936244547 0.240485758 -0.300985247 0.071325079 0.920047402
812.000000 -0.535669744 -0.354903907 0.940695167 0.238776565 -0.300694317 0.069536649 0.920724332
813.000000 -0.536492825 -0.352531254 0.943285942 0.236631811 -0.300022721 0.068404861 0.921581507
814.000000 -0.537975967 -0.349045873 0.945498288 0.234206900 -0.298583835 0.067467004 0.922736704
815.000000 -0.537737131 -0.344835132 0.949176431 0.231035039 -0.297809154 0.066363826 0.923865974
816.000000 -0.538024187 -0.342400908 0.951344490 0.227321237 -0.296674192 0.065195300 0.925234556
817.000000 -0.539463222 -0.338572562 0.954931319 0.224434793 -0.296220541 0.065112814 0.926090002
818.000000 -0.539000034 -0.337376744 0.959169745 0.221672818 -0.296295941 0.064066030 0.926803887
819.000000 -0.540414214 -0.334836900 0.963122010 0.219363078 -0.295867264 0.063487567 0.927529931
820.000000 -0.538417339 -0.332809746 0.969391704 0.217597976 -0.296420068 0.061744377 0.927886784
821.000000 -0.539509952 -0.330041230 0.974567056 0.216068670 -0.295394480 0.058944628 0.928752899
822.000000 -0.539609134 -0.328733265 0.979519486 0.212999716 -0.293824613 0.056580786 0.930105805
823.000000 -0.538919806 -0.327801228 0.985169351 0.210078746 -0.292146862 0.054507505 0.931421518
824.000000 -0.540586412 -0.325646639 0.990917444 0.208434865 -0.290173203 0.052832872 0.932503700
825.000000 -0.544334471 -0.323022693 0.998886704 0.207932830 -0.287816346 0.052045207 0.933390021
826.000000 -0.540856600 -0.320715040 1.002340674 0.206153810 -0.286507905 0.048294261 0.934388280
827.000000 -0.540850163 -0.317236006 1.007984757 0.203176066 -0.284624070 0.045085367 0.935775578
828.000000 -0.541566491 -0.314176738 1.013683796 0.198765025 -0.282093018 0.042273022 0.937618792
829.000000 -0.542398989 -0.310898066 1.020528913 0.193982244 -0.279663950 0.039568964 0.939464331
830.000000 -0.541732132 -0.306159079 1.027091861 0.188954934 -0.277580500 0.036722526 0.941220820
831.000000 -0.543634593 -0.301671624 1.034025669 0.184278741 -0.275403500 0.035025455 0.942850709
832.000000 -0.544840217 -0.299365640 1.041618466 0.180020258 -0.274091154 0.033152547 0.944122672
833.000000 -0.543796599 -0.294523150 1.047793150 0.176998213 -0.273665637 0.030934589 0.944892466
834.000000 -0.545706093 -0.290872037 1.053824544 0.173181772 -0.272674114 0.029574325 0.945929289
835.000000 -0.547455728 -0.288766265 1.059807181 0.168728769 -0.270924300 0.026791682 0.947318733
836.000000 -0.550081670 -0.286486447 1.066223145 0.164558053 -0.269363940 0.025096687 0.948543012
837.000000 -0.547235429 -0.280603409 1.071049809 0.160575226 -0.268389165 0.022633482 0.949563384
838.000000 -0.548506737 -0.279234201 1.077778578 0.155570060 -0.265210837 0.019289080 0.951361716
839.000000 -0.548709750 -0.276462257 1.082776427 0.151800826 -0.262109995 0.015995456 0.952889800
840.000000 -0.551020741 -0.275097340 1.088308215 0.148656592 -0.258863360 0.014341498 0.954298377
841.000000 -0.551213145 -0.272715449 1.093509555 0.146496162 -0.256746262 0.012915196 0.955224276
842.000000 -0.554595888 -0.269815803 1.098884344 0.143560156 -0.254630446 0.011700663 0.956251502
843.000000 -0.554179609 -0.263959110 1.103777528 0.140509635 -0.253394157 0.010277711 0.957049012
844.000000 -0.555385113 -0.262206286 1.108759284 0.136450693 -0.250770122 0.008086777 0.958347619
845.000000 -0.556143939 -0.258800626 1.112640381 0.132732421 -0.248007193 0.006069110 0.959602892
846.000000 -0.557947457 -0.254095644 1.116694689 0.130129784 -0.244846210 0.004702485 0.960778058
847.000000 -0.558159113 -0.249694794 1.121528625 0.127015188 -0.243084133 0.005134539 0.961639702
848.000000 -0.559416533 -0.245239004 1.125269294 0.124301121 -0.240795135 0.004587196 0.962572575
849.000000 -0.559841514 -0.242199510 1.129266620 0.121399887 -0.239195839 0.004722356 0.963340580
850.000000 -0.560603738 -0.239166543 1.133026838 0.119045094 -0.238299042 0.005178396 0.963854253
851.000000 -0.562572420 -0.233300209 1.138032556 0.117397495 -0.236697689 0.004914700 0.964452088
852.000000 -0.562882721 -0.230139628 1.139345646 0.113726594 -0.235069335 0.004287543 0.965292811
853.000000 -0.562313080 -0.226628780 1.143283844 0.111167833 -0.233169302 0.003123090 0.966055930
854.000000 -0.562257946 -0.223356098 1.147244453 0.109185643 -0.230837405 0.001795071 0.966845036
855.000000 -0.563251197 -0.220467448 1.150419474 0.107694477 -0.227894485 0.000843555 0.967711389
856.000000 -0.563880205 -0.217431039 1.152018428 0.107203141 -0.226042971 0.001023977 0.968199849
857.000000 -0.565543771 -0.217720166 1.153472543 0.106740668 -0.224438280 0.000421458 0.968624651
858.000000 -0.564844608 -0.212115109 1.155551553 0.106053978 -0.224008217 0.000232195 0.968799651
859.000000 -0.564586699 -0.207665354 1.157030940 0.104050890 -0.223073155 -0.000327779 0.969232500
860.000000 -0.566721678 -0.203962728 1.159361124 0.101985835 -0.221825272 -0.000687556 0.969738066
861.000000 -0.567414045 -0.200519443 1.160837650 0.099819459 -0.221166462 -0.000701180 0.970113933
862.000000 -0.566445410 -0.194622815 1.162628531 0.097664222 -0.220746860 -0.001109831 0.970428407
863.000000 -0.565591574 -0.190823317 1.164758205 0.094921663 -0.219894081 -0.001558307 0.970893443
864.000000 -0.568421900 -0.189817622 1.165374398 0.092589930 -0.217573673 -0.001554767 0.971641064
865.000000 -0.568239868 -0.188753545 1.168024421 0.090952128 -0.217003226 -0.000700451 0.971924305
866.000000 -0.567707896 -0.186686128 1.169487476 0.089716010 -0.217090964 -0.000305739 0.972019792
867.000000 -0.568930447 -0.181233183 1.169622898 0.089052834 -0.216845468 -0.000360461 0.972135544
868.000000 -0.568244874 -0.178816259 1.170671105 0.086927146 -0.216365129 -0.000744420 0.972434700
869.000000 -0.569679320 -0.175547212 1.170890927 0.085022762 -0.214957312 -0.001165580 0.972914755
870.000000 -0.571001589 -0.173632532 1.171647906 0.083273187 -0.213939488 -0.001022793 0.973290503
871.000000 -0.570292711 -0.171104789 1.173407793 0.081431948 -0.214158580 -0.001667216 0.973397255
872.000000 -0.571953297 -0.168808967 1.173967600 0.079620071 -0.213300645 -0.002184468 0.973734438
873.000000 -0.573214889 -0.167912990 1.174375296 0.077558853 -0.213034332 -0.001994078 0.973959446
874.000000 -0.574400783 -0.167346358 1.176691771 0.076338187 -0.213036969 -0.002691236 0.974053621
875.000000 -0.574808478 -0.166703731 1.177206159 0.075484648 -0.213365600 -0.003149373 0.974046826
876.000000 -0.576449692 -0.165834665 1.179054141 0.074924283 -0.213346943 -0.002820168 0.974095225
877.000000 -0.577193379 -0.167609006 1.180698991 0.074412286 -0.213299215 -0.003007957 0.974144340
878.000000 -0.578544021 -0.167036235 1.180884600 0.074132338 -0.212961152 -0.002679195 0.974240661
879.000000 -0.577791989 -0.168539762 1.182582021 0.073826984 -0.213265568 -0.002629086 0.974197328
880.000000 -0.579964459 -0.167045206 1.184305668 0.075131752 -0.213033810 -0.002233531 0.974149287
