0.000000 0.000000000 0.000000000 0.000000000 0.000000000 0.000000000 0.000000000 1.000000000
1.000000 -0.000179707 0.000993823 0.000138969 0.001912287 -0.000608512 0.000379003 0.999997914
2.000000 -0.001932527 0.000578671 0.000072903 0.002429330 -0.000447096 0.000156913 0.999996901
3.000000 0.000180999 0.001008042 -0.000203582 0.000510467 -0.001120219 0.000195124 0.999999225
4.000000 -0.000272111 0.000475337 -0.000332739 0.000069113 -0.000413760 -0.000066753 0.999999881
5.000000 0.000210045 0.001819944 -0.000636263 0.000223818 -0.000030660 -0.000422756 0.999999881
6.000000 -0.000481041 0.002774876 -0.000605266 -0.000732268 0.000312961 -0.000782854 0.999999344
7.000000 -0.000983963 0.002100310 -0.000239616 -0.001832588 0.000551464 -0.000485842 0.999998033
8.000000 -0.000744409 0.002310087 -0.000217745 -0.000971627 0.000338350 -0.000266130 0.999999404
9.000000 0.000964067 0.002314623 -0.000666713 -0.000614514 -0.000043531 -0.000615912 0.999999642
10.000000 0.000199909 0.002044105 -0.000417790 -0.001295356 0.000134669 -0.000425067 0.999999046
11.000000 0.000582781 0.001108146 0.000037978 -0.001080960 0.000123279 -0.000257661 0.999999344
12.000000 -0.000839673 0.000295338 0.000209951 -0.000030490 0.000535633 -0.000131100 0.999999821
13.000000 0.000096829 -0.000206310 0.000472642 0.000913736 0.000219106 0.000303869 0.999999523
14.000000 -0.000181585 -0.000460275 0.000501595 0.001548655 -0.000073815 0.000722708 0.999998510
15.000000 0.000500954 0.000326080 0.000423271 0.002432041 -0.000508405 0.001034967 0.999996364
16.000000 0.000267343 0.001513538 0.000284015 0.002919210 -0.000561622 0.001130898 0.999994934
17.000000 0.000705471 0.001953238 0.000386095 0.003244040 -0.000967387 0.001239431 0.999993503
18.000000 0.004680316 0.003341975 0.000054332 0.003113621 -0.002104154 0.000379102 0.999992847
19.000000 0.003537835 0.004793751 -0.000252615 0.003100973 -0.001727781 -0.000381782 0.999993622
20.000000 0.003415938 0.004569583 -0.000276243 0.002267305 -0.001586409 -0.001051768 0.999995649
21.000000 0.006162686 0.004536978 -0.000108677 0.001768250 -0.002067507 -0.001690200 0.999994874
22.000000 0.004990944 0.003420098 -0.000084401 0.001199987 -0.001856847 -0.002173545 0.999995232
23.000000 0.001939217 0.002544272 -0.000358927 0.000487107 -0.001287955 -0.002395304 0.999996185
24.000000 0.003742991 0.003622274 -0.000397735 0.000678644 -0.001810127 -0.002440871 0.999995172
25.000000 0.001443750 0.003633360 -0.000978709 0.000690452 -0.001693705 -0.002445409 0.999995291
26.000000 0.001735111 0.004182777 -0.000837130 0.001110749 -0.001719307 -0.002597270 0.999994516
27.000000 0.001805095 0.004579036 -0.000622458 0.001375906 -0.001749897 -0.003045488 0.999992847
28.000000 -0.000218727 0.003073606 -0.000852827 0.000748027 -0.001206270 -0.003152135 0.999994040
29.000000 -0.000863105 0.003561689 -0.001413300 0.001029445 -0.001025590 -0.003534653 0.999992669
30.000000 0.000810497 0.003847618 -0.001093852 0.001472154 -0.001352438 -0.003666142 0.999991298
31.000000 -0.000532478 0.003301574 -0.001260369 0.001381087 -0.000981641 -0.004303960 0.999989331
32.000000 -0.001377258 0.003833353 -0.001056813 0.000605109 -0.000901334 -0.004438295 0.999989569
33.000000 -0.001998706 0.003377057 -0.000933167 0.000655679 -0.000746061 -0.004678645 0.999988556
34.000000 -0.001667412 0.003895777 -0.001083675 0.000592369 -0.000675069 -0.005148102 0.999986351
35.000000 -0.000085396 0.002957220 -0.000705802 -0.000432914 -0.000596617 -0.005266638 0.999985874
36.000000 -0.000860976 0.003921171 -0.000685502 -0.000553616 0.000529730 -0.005353902 0.999985397
37.000000 -0.001428245 0.003910788 -0.000862582 -0.000398514 0.001627904 -0.005354054 0.999984264
38.000000 -0.001721888 0.005000638 -0.000718534 -0.000692401 0.002825583 -0.005103812 0.999982715
39.000000 -0.002343724 0.005632967 -0.000593338 -0.002557413 0.003727668 -0.004314267 0.999980450
40.000000 -0.002799145 0.004966341 0.000841362 -0.003574914 0.003974817 -0.002931321 0.999981403
41.000000 -0.003742888 0.003787923 0.001251659 -0.003142990 0.004426783 -0.002233147 0.999982774
42.000000 -0.002892124 0.004883015 0.001710584 -0.002765741 0.004457859 -0.001574987 0.999984980
43.000000 -0.003924290 0.005196383 0.001897984 -0.002506102 0.005143906 -0.001254940 0.999982834
44.000000 -0.005853944 0.005504582 0.002579079 -0.001613881 0.006347349 -0.001810357 0.999976933
45.000000 -0.003807950 0.006256139 0.003446647 -0.001249217 0.006586996 -0.002740963 0.999973774
46.000000 -0.003484059 0.006950112 0.003964834 -0.002059039 0.007539630 -0.004015902 0.999961376
47.000000 -0.006044975 0.006968024 0.005010400 -0.002955914 0.009086415 -0.005505185 0.999939203
48.000000 -0.004433923 0.007906978 0.006366598 -0.003277750 0.008996705 -0.007443671 0.999926448
49.000000 -0.005842645 0.007511519 0.007948791 -0.005367243 0.009645049 -0.009307326 0.999895751
50.000000 -0.005488545 0.008911666 0.009377712 -0.006630491 0.009888399 -0.010940119 0.999869287
51.000000 -0.004884067 0.007058461 0.011570669 -0.007731895 0.009635024 -0.012588092 0.999844432
52.000000 -0.004391955 0.009352000 0.012857152 -0.007665775 0.009237438 -0.013852540 0.999831975
53.000000 -0.003629096 0.008947780 0.014564042 -0.009348642 0.008958085 -0.015035794 0.999803126
54.000000 -0.003088222 0.010080415 0.017197739 -0.010618596 0.008621567 -0.015879203 0.999780357
55.000000 -0.001920330 0.006218737 0.019622078 -0.012057687 0.007264319 -0.016423242 0.999765992
56.000000 0.000338092 0.009930070 0.021311775 -0.011124243 0.004985830 -0.017158264 0.999778450
57.000000 -0.000087497 0.006222269 0.024892466 -0.011857046 0.003732087 -0.018605398 0.999749660
58.000000 0.000587510 0.007641235 0.027246308 -0.009715973 0.002151385 -0.019897258 0.999752522
59.000000 0.002189374 0.007376695 0.029804457 -0.008551282 0.000459197 -0.022514988 0.999709845
60.000000 0.002756661 0.008704977 0.031798981 -0.008173105 -0.000847857 -0.024775334 0.999659300
61.000000 0.004837960 0.006680926 0.035635836 -0.008320783 -0.002808388 -0.027437817 0.999584913
62.000000 0.004857626 0.008854007 0.038045213 -0.007399342 -0.004759568 -0.029483298 0.999526560
63.000000 0.004376780 0.007035384 0.041250356 -0.007842701 -0.006828047 -0.031451248 0.999451160
64.000000 0.008501608 0.008341453 0.044794850 -0.007317295 -0.010168740 -0.033902738 0.999346614
65.000000 0.006706768 0.010302672 0.047244176 -0.007321235 -0.012007636 -0.037238769 0.999207437
66.000000 0.008554058 0.002989637 0.050248224 -0.010191325 -0.014785457 -0.040202927 0.999030113
67.000000 0.009930885 0.006409039 0.052015200 -0.007391048 -0.017145954 -0.043823630 0.998864770
68.000000 0.014932269 0.005071372 0.057295073 -0.006101298 -0.020963818 -0.047738381 0.998621225
69.000000 0.015025499 0.005649620 0.059879258 -0.005815665 -0.023573242 -0.050114460 0.998448312
70.000000 0.016283792 0.004503674 0.062778585 -0.006467171 -0.026749266 -0.051686678 0.998284101
71.000000 0.018049655 0.006079839 0.064976573 -0.005493250 -0.030113952 -0.052791901 0.998136222
72.000000 0.019178806 0.004607656 0.067730621 -0.006288422 -0.033085182 -0.053931855 0.997976542
73.000000 0.021111954 0.005313994 0.069390044 -0.006729997 -0.036684401 -0.055275399 0.997774303
74.000000 0.022495538 0.004886756 0.071820259 -0.005757542 -0.040354766 -0.057263833 0.997526526
75.000000 0.023041347 0.004534926 0.074130729 -0.004649160 -0.044122986 -0.060095396 0.997206151
76.000000 0.025229808 0.007316366 0.076730661 -0.004569634 -0.047882490 -0.062827893 0.996864617
77.000000 0.026955932 0.005044356 0.079596020 -0.006522373 -0.051695336 -0.066632174 0.996416152
78.000000 0.028357631 0.004463180 0.082125455 -0.006452706 -0.054839380 -0.069933407 0.996022224
79.000000 0.028352208 0.005623436 0.084291182 -0.005736894 -0.058238234 -0.072776869 0.995629907
80.000000 0.027811300 0.005262385 0.086724997 -0.006756714 -0.062409144 -0.075749993 0.995148957
81.000000 0.030812249 0.005972812 0.089097150 -0.007209853 -0.067196704 -0.079018451 0.994579673
82.000000 0.030300720 0.007973891 0.089758955 -0.007448773 -0.071506910 -0.081712939 0.994059503
83.000000 0.029921880 0.008210583 0.092396483 -0.009440179 -0.075456120 -0.084722266 0.993498564
84.000000 0.030959889 0.006128674 0.095885314 -0.011719598 -0.079901680 -0.086994536 0.992930174
85.000000 0.034056209 0.007038489 0.101080321 -0.012092852 -0.085094735 -0.090117551 0.992215455
86.000000 0.037770323 0.005645947 0.105057642 -0.012644992 -0.090482660 -0.092228934 0.991537631
87.000000 0.038111914 0.006320620 0.107787713 -0.012360866 -0.094714567 -0.094903983 0.990893364
88.000000 0.037841965 0.006043858 0.110704660 -0.012621847 -0.098235771 -0.097609349 0.990284204
89.000000 0.037024021 0.005802948 0.112186208 -0.012292909 -0.101485185 -0.100993983 0.989621043
90.000000 0.039084118 0.008580785 0.114675984 -0.010690202 -0.105522834 -0.104190059 0.988885820
91.000000 0.038939867 0.009195309 0.117417857 -0.010668995 -0.108646788 -0.107182927 0.988227665
92.000000 0.039322708 0.006459109 0.121233307 -0.011704619 -0.112274326 -0.108826809 0.987630606
93.000000 0.038961180 0.008120065 0.123388506 -0.012256418 -0.115963340 -0.109916098 0.987076879
94.000000 0.042141542 0.009409171 0.127145350 -0.012220594 -0.120923720 -0.111303963 0.986326277
95.000000 0.041036762 0.010490838 0.130633548 -0.013239210 -0.125317514 -0.113671653 0.985494316
96.000000 0.040347956 0.007799652 0.134518534 -0.014488423 -0.130187839 -0.116834700 0.984474897
97.000000 0.043278556 0.009214476 0.136110812 -0.012512824 -0.135196432 -0.119611964 0.983492911
98.000000 0.044318303 0.008643210 0.139375299 -0.012118644 -0.139688104 -0.123123296 0.982436299
99.000000 0.043979466 0.005579205 0.143388867 -0.012394384 -0.143968046 -0.126431495 0.981394231
100.000000 0.044651896 0.005845666 0.146690756 -0.009738296 -0.148419529 -0.128721282 0.980462968
101.000000 0.045344759 0.005137349 0.149409190 -0.007679811 -0.152582616 -0.131022796 0.979536951
102.000000 0.047715776 -0.002824510 0.154281348 -0.007744108 -0.158271238 -0.133150756 0.978346109
103.000000 0.049340796 -0.002222707 0.157185316 -0.004445754 -0.163622096 -0.134951934 0.977238953
104.000000 0.048497483 -0.002066454 0.159737974 -0.002161234 -0.167539999 -0.136847034 0.976318896
105.000000 0.050042480 -0.002765855 0.162924334 0.000081119 -0.171820343 -0.138460651 0.975349367
106.000000 0.050968766 -0.002307827 0.165405512 0.002620809 -0.175996989 -0.139373168 0.974470794
107.000000 0.049922761 -0.003253203 0.168382898 0.003443552 -0.179842591 -0.140879884 0.973549008
108.000000 0.049032737 -0.004850698 0.170499951 0.005062098 -0.184102207 -0.142189071 0.972554922
109.000000 0.050041642 -0.004990327 0.173680365 0.007822574 -0.189491808 -0.142296225 0.971485138
110.000000 0.051191658 -0.004106419 0.175405100 0.010615178 -0.195698187 -0.141882241 0.970288098
111.000000 0.051637039 -0.004710331 0.178083330 0.012632060 -0.201904565 -0.141513214 0.969045401
112.000000 0.051827662 -0.002867136 0.179803431 0.015122894 -0.207857907 -0.141557530 0.967743695
113.000000 0.050917793 -0.005711129 0.183120012 0.016697269 -0.213914081 -0.141791761 0.966362774
114.000000 0.050879404 -0.006199453 0.185442612 0.018259889 -0.219829932 -0.142263219 0.964936554
115.000000 0.050759658 -0.005192755 0.186657399 0.020105394 -0.225210190 -0.142783582 0.963581324
116.000000 0.052549206 -0.008052742 0.191614389 0.021003870 -0.231437236 -0.143476233 0.961982429
117.000000 0.050798118 -0.008583874 0.193463951 0.021939842 -0.237518355 -0.143653154 0.960451663
118.000000 0.051722817 -0.008022319 0.196469262 0.023839725 -0.244840205 -0.143551514 0.958581209
119.000000 0.051285565 -0.008777919 0.199222714 0.025406972 -0.250984728 -0.143765897 0.956918240
120.000000 0.051491641 -0.009529851 0.202726871 0.026239494 -0.257607549 -0.145013407 0.954945505
121.000000 0.048138596 -0.005198052 0.202098608 0.028955057 -0.263086468 -0.146128833 0.953201711
122.000000 0.053905487 -0.003879958 0.207000345 0.030748356 -0.271237671 -0.147491485 0.950647652
123.000000 0.054722197 -0.004610713 0.210094079 0.031912424 -0.277721256 -0.147864357 0.948677301
124.000000 0.056228459 -0.007006375 0.219217032 0.032750804 -0.285225779 -0.148600981 0.946304023
125.000000 0.057574429 -0.003558794 0.218728274 0.035462633 -0.292064816 -0.149309024 0.944006026
126.000000 0.057762541 -0.005637632 0.223649859 0.035778206 -0.298316985 -0.150837943 0.941793382
127.000000 0.054307342 -0.008656363 0.226947471 0.035850160 -0.303311288 -0.153121576 0.939824879
128.000000 0.059925258 -0.002867595 0.230818003 0.039259288 -0.310199916 -0.153707713 0.937341273
129.000000 0.054067194 -0.008186943 0.232014775 0.037858207 -0.314166844 -0.154944614 0.935872912
130.000000 0.054931536 -0.011894034 0.235880524 0.035937712 -0.320316762 -0.156012967 0.933683872
131.000000 0.056062818 -0.010569327 0.239661545 0.035853572 -0.326810718 -0.156617984 0.931332409
132.000000 0.058167353 -0.005643680 0.241971716 0.037368037 -0.333525270 -0.157731697 0.928700864
133.000000 0.057228759 -0.008100631 0.243515298 0.036369067 -0.339485526 -0.159490407 0.926277339
134.000000 0.057421967 -0.009124041 0.246836901 0.037176300 -0.345934480 -0.161022082 0.923590362
135.000000 0.058319904 -0.007494115 0.249058113 0.037859309 -0.352830768 -0.162310511 0.920723855
136.000000 0.055972703 -0.009819430 0.250151396 0.036262497 -0.359267414 -0.163561299 0.918073893
137.000000 0.059297249 -0.008727017 0.253290147 0.035867728 -0.366393685 -0.163711280 0.915241957
138.000000 0.063366733 -0.006091061 0.259339482 0.036839738 -0.374687731 -0.162885129 0.911987007
139.000000 0.062384270 -0.003286108 0.260297656 0.037738323 -0.382297844 -0.161817774 0.908976972
140.000000 0.067384332 -0.005168793 0.267031938 0.035010599 -0.399027795 -0.161248118 0.901970148
141.000000 0.062866926 -0.003611112 0.264060229 0.034717333 -0.405396223 -0.159815952 0.899392843
142.000000 0.062483542 -0.004736957 0.268030286 0.032976691 -0.413329720 -0.158477440 0.896078110
143.000000 0.067089252 -0.004182111 0.272575617 0.031931899 -0.422009259 -0.157529727 0.892229199
144.000000 0.062530868 -0.005831068 0.273008674 0.030741332 -0.427702367 -0.156640261 0.889713168
145.000000 0.060809352 -0.003064534 0.273544192 0.032064248 -0.434435666 -0.155600607 0.886581063
146.000000 0.061021157 -0.002753719 0.276340961 0.033422206 -0.442088276 -0.155138612 0.882821023
147.000000 0.060549788 -0.000039352 0.280765742 0.033838641 -0.449001729 -0.155066609 0.879321754
148.000000 0.059511125 -0.007079504 0.279464722 0.031396292 -0.455822080 -0.154249921 0.876040757
149.000000 0.056919999 -0.002817894 0.279335678 0.031952202 -0.461894482 -0.154038325 0.872871518
150.000000 0.054664411 -0.004018713 0.280140132 0.031155612 -0.468231797 -0.154942885 0.869356692
151.000000 0.052569889 -0.006412162 0.282961041 0.030365191 -0.474640399 -0.154348746 0.866008639
152.000000 0.052527107 -0.006333706 0.285332233 0.030946463 -0.481820911 -0.153793663 0.862112761
153.000000 0.051206172 -0.004423305 0.287128836 0.032095760 -0.488156855 -0.153248385 0.858596325
154.000000 0.049952999 -0.008958549 0.289788842 0.031448796 -0.494348466 -0.153384328 0.855046093
155.000000 0.045918904 -0.006624927 0.289250284 0.031514622 -0.503479779 -0.151776180 0.849987566
156.000000 0.048252374 -0.002895063 0.299627841 0.032138437 -0.510655344 -0.151818171 0.845665097
157.000000 0.045463987 -0.001447876 0.297261238 0.031655382 -0.515850008 -0.151201487 0.842635632
158.000000 0.045191914 0.002992879 0.304881871 0.032648966 -0.522411942 -0.152245909 0.838356137
159.000000 0.043618992 -0.000170579 0.307140023 0.031531807 -0.528384209 -0.152862087 0.834535241
160.000000 0.041444294 0.000150370 0.303398192 0.031579494 -0.533295393 -0.152958453 0.831385911
161.000000 0.040289752 -0.001150015 0.310207427 0.031435650 -0.539305389 -0.154835537 0.827156246
162.000000 0.037541091 -0.001351329 0.305693805 0.029906463 -0.543529034 -0.155338883 0.824349225
163.000000 0.035154581 -0.000633908 0.308223575 0.029746618 -0.549458444 -0.155733615 0.820339918
164.000000 0.034325041 -0.002310080 0.308663964 0.028958980 -0.555477142 -0.156124040 0.816230237
165.000000 0.033298075 0.004040257 0.314565092 0.029681176 -0.561888635 -0.156695276 0.811693788
166.000000 0.032296702 -0.001869072 0.318861276 0.027581811 -0.568131924 -0.156286508 0.807489812
167.000000 0.029299468 0.000106738 0.315867752 0.027886311 -0.572604656 -0.156286299 0.804313898
168.000000 0.027737804 -0.001370465 0.318643540 0.026684901 -0.577829421 -0.157183141 0.800433934
169.000000 0.027143829 0.000452213 0.320455492 0.026736815 -0.583081782 -0.156673983 0.796714485
170.000000 0.021150708 -0.000401321 0.321125060 0.026463751 -0.588130236 -0.155673176 0.793201327
171.000000 0.022247382 0.002241027 0.321963549 0.025623329 -0.593426287 -0.155948102 0.789220452
172.000000 0.021296822 0.001489858 0.325593919 0.023357153 -0.598874867 -0.155544758 0.785244644
173.000000 0.022318095 0.002600837 0.322272062 0.021115396 -0.604047656 -0.153344631 0.781771064
174.000000 0.020471971 0.000023461 0.322920144 0.018748384 -0.609867394 -0.151868790 0.777589917
175.000000 0.023594484 0.005363275 0.322822303 0.017438099 -0.615573943 -0.149429262 0.773586154
176.000000 0.019881211 0.004897824 0.324541777 0.015528861 -0.621546030 -0.147457644 0.769217551
177.000000 0.018104840 0.004449536 0.325797945 0.014215183 -0.627483130 -0.147015437 0.764492869
178.000000 0.015405100 0.003173996 0.322884530 0.011488223 -0.633281767 -0.144712836 0.760184467
179.000000 0.018435366 0.005824417 0.325608820 0.010925452 -0.640023649 -0.142717987 0.754905224
180.000000 0.012311060 0.002142409 0.324315071 0.007865924 -0.645565093 -0.140824825 0.750567973
181.000000 0.016923744 0.006929170 0.327088416 0.007157766 -0.652463436 -0.138309926 0.745057464
182.000000 0.017853510 0.007617121 0.327959210 0.006352747 -0.658930242 -0.136261135 0.739732027
183.000000 0.014862621 0.002973815 0.327132851 0.003378077 -0.672052741 -0.133420214 0.728376806
184.000000 0.013474492 0.003024894 0.324708372 0.003627629 -0.678767741 -0.131302521 0.722510099
185.000000 0.013032256 0.001467569 0.327684522 0.003126192 -0.685923338 -0.130231604 0.715918422
186.000000 0.015874824 0.004961595 0.330524713 0.003576021 -0.692619383 -0.130371243 0.709414542
187.000000 0.013957290 0.007721016 0.325198740 0.002855315 -0.698029459 -0.129574776 0.704242229
188.000000 0.014499536 0.006617290 0.329027653 0.001308364 -0.704383850 -0.130800694 0.697662473
189.000000 0.014953109 0.005918545 0.328410923 0.000414995 -0.710027277 -0.133074299 0.691485584
190.000000 0.014227303 0.007689260 0.329958886 0.001345903 -0.716495752 -0.132800251 0.684832931
191.000000 0.013024713 0.003766743 0.335481107 0.002325041 -0.723353922 -0.133232638 0.677497447
192.000000 0.017430313 0.006698617 0.334270030 0.003139089 -0.728408635 -0.133964717 0.671911061
193.000000 0.016059333 0.006556424 0.332704157 0.002052587 -0.733450115 -0.134274930 0.666345954
194.000000 0.016079351 0.006738706 0.333303124 0.002054766 -0.738590062 -0.133996218 0.660700738
195.000000 0.019501887 0.005151291 0.336671710 0.002019525 -0.743705213 -0.134128571 0.654910624
196.000000 0.015938018 0.008586012 0.340385199 0.001382424 -0.749100268 -0.132883668 0.648990631
197.000000 0.013995849 0.007330914 0.337221950 -0.000187725 -0.753711939 -0.132583037 0.643692493
198.000000 0.018842563 0.015015866 0.338395655 0.000377468 -0.758225560 -0.130584255 0.638781369
199.000000 0.019961383 0.017083321 0.337868333 0.000167121 -0.762503743 -0.129180863 0.633956134
200.000000 0.018940579 0.016528472 0.339080721 -0.001391792 -0.766964853 -0.128478944 0.628693998
201.000000 0.019570872 0.016123114 0.340596199 -0.002523962 -0.771465123 -0.127544418 0.623351932
202.000000 0.019772992 0.014166506 0.340980500 -0.003189114 -0.775641918 -0.126756310 0.618305981
203.000000 0.019013226 0.013657948 0.343966931 -0.003520258 -0.780183494 -0.125457585 0.612830877
204.000000 0.019056216 0.014802726 0.343842685 -0.003822273 -0.784225285 -0.123566739 0.608035624
205.000000 0.018807217 0.013657171 0.342758507 -0.004429963 -0.788010478 -0.122200944 0.603396118
206.000000 0.018888474 0.014542041 0.345484912 -0.004485158 -0.792457402 -0.119483173 0.598092735
207.000000 0.016974047 0.010411775 0.346546590 -0.004038791 -0.796433568 -0.117916390 0.593104541
208.000000 0.014998302 0.010768615 0.347385019 -0.004764031 -0.800265849 -0.115389131 0.588419199
209.000000 0.015388846 0.012363005 0.347949713 -0.005801743 -0.803868711 -0.113642141 0.583820939
210.000000 0.016770467 0.010677883 0.346548051 -0.007328245 -0.807011783 -0.112633400 0.579648077
211.000000 0.015990742 0.009613520 0.348269016 -0.008354986 -0.810452521 -0.111379340 0.575057805
212.000000 0.017201290 0.011080623 0.346628517 -0.009248488 -0.813592851 -0.109096043 0.571033359
213.000000 0.017963074 0.012369137 0.344751745 -0.010002725 -0.816385150 -0.107416123 0.567341983
214.000000 0.017817914 0.011266256 0.343591750 -0.010997994 -0.819044352 -0.106264852 0.563695908
215.000000 0.017485432 0.011631340 0.344188422 -0.011118753 -0.821907043 -0.104394592 0.559863389
216.000000 0.016039535 0.005062494 0.339439780 -0.012660076 -0.824425220 -0.103125662 0.556352258
217.000000 0.017572351 0.006607112 0.336881608 -0.012718761 -0.827115893 -0.100720271 0.552786410
218.000000 0.014633015 0.003360374 0.340883881 -0.013124462 -0.830489576 -0.099009015 0.548007369
219.000000 0.017084561 0.004891763 0.334725738 -0.012643514 -0.832728028 -0.096615471 0.545040905
220.000000 0.016379438 0.005915456 0.336547196 -0.011667395 -0.835703611 -0.094195254 0.540916383
221.000000 0.016980514 0.005841672 0.335195720 -0.010421872 -0.838093519 -0.092215858 0.537575066
222.000000 0.016302831 0.005308589 0.335870802 -0.009100470 -0.840441465 -0.090123214 0.534278154
223.000000 0.015756041 0.007575709 0.337666452 -0.008269555 -0.842882872 -0.087134242 0.530931056
224.000000 0.019227974 0.008623702 0.330590755 -0.008393593 -0.844411671 -0.084457904 0.528928578
225.000000 0.014210105 0.001663012 0.332394868 -0.008725678 -0.847373247 -0.082877882 0.524417400
226.000000 0.017820880 0.008386828 0.330177605 -0.007675778 -0.849616587 -0.079392165 0.521334469
227.000000 0.012805581 0.004012100 0.331497550 -0.007644980 -0.852339387 -0.077306949 0.517187357
228.000000 0.011375099 0.005124846 0.333513021 -0.006924971 -0.854571760 -0.074401960 0.513929546
229.000000 0.012835324 0.004677391 0.328650057 -0.007327914 -0.855739415 -0.072190598 0.512293696
230.000000 0.011207432 0.005838426 0.329841197 -0.007361937 -0.857841551 -0.069561973 0.509131372
231.000000 0.012866244 0.003296744 0.323656112 -0.007306068 -0.859007478 -0.067376986 0.507457435
232.000000 0.010768190 0.002160866 0.324457943 -0.006350741 -0.860933185 -0.064741284 0.504541695
233.000000 0.009921327 0.003045689 0.326096207 -0.004848486 -0.862609267 -0.061745230 0.502065063
234.000000 0.011616096 0.003996782 0.322346807 -0.003279488 -0.863391995 -0.059310127 0.501024723
235.000000 0.011457652 0.003847139 0.319474936 0.001450585 0.864183784 0.057410669 -0.499888271
236.000000 0.010713995 0.001204692 0.316771090 0.000823479 0.864882648 0.055494219 -0.498896509
237.000000 0.009301469 0.003847247 0.315610260 -0.002795926 0.866662145 0.050864369 -0.496287972
238.000000 0.007687449 0.002477841 0.316561490 -0.004595095 0.867901325 0.048066545 -0.494384259
239.000000 0.006063044 0.002660396 0.316779107 -0.007066168 0.869175792 0.045076124 -0.492393732
240.000000 0.005808815 0.000751311 0.312865615 -0.009597226 0.869966149 0.041694392 -0.491251796
241.000000 0.003002033 -0.001340562 0.311161011 -0.011853267 0.871025264 0.037858058 -0.489633799
242.000000 0.005369723 -0.002294231 0.312321037 -0.013604959 0.871726513 0.033999037 -0.488622367
243.000000 0.007910252 0.002981373 0.306672513 -0.016372118 0.871800840 0.029579591 -0.488692462
244.000000 0.005566403 -0.000995494 0.307297707 -0.016894884 0.872476995 0.026668876 -0.487634361
245.000000 0.003861770 -0.001273515 0.304382145 -0.016949052 0.872994959 0.023682436 -0.486859053
246.000000 0.004599437 -0.002874383 0.301049799 -0.017238948 0.873525858 0.020418221 -0.486043751
247.000000 0.000144377 -0.004582632 0.305324763 -0.017945690 0.874939740 0.017049948 -0.483598679
248.000000 -0.001016423 -0.001136967 0.304288268 -0.019866625 0.875634491 0.012766223 -0.482396722
249.000000 -0.004876673 -0.000326598 0.303127646 -0.021403620 0.876486182 0.009355842 -0.480859965
250.000000 -0.002267003 -0.008866761 0.300401449 -0.020678334 0.877098560 0.006532282 -0.479820669
251.000000 -0.003597215 -0.008212898 0.301060289 -0.022622304 0.878400087 0.002479235 -0.477383971
252.000000 -0.003236502 -0.013858516 0.298508674 -0.023995835 0.879369617 -0.000034284 -0.475534827
253.000000 -0.002226442 -0.013795796 0.295436710 -0.025964333 0.880378067 -0.003653551 -0.473547220
254.000000 -0.009899110 -0.013153496 0.297305703 -0.028291360 0.882033765 -0.007740521 -0.470272481
255.000000 -0.006029323 -0.015813695 0.291987658 -0.030223088 0.882589042 -0.011090670 -0.469041765
256.000000 -0.009089544 -0.013664144 0.292505264 -0.032950491 0.883952975 -0.014915031 -0.466174781
257.000000 -0.011566892 -0.014591701 0.292984754 -0.034807853 0.885284066 -0.017537471 -0.463414460
258.000000 -0.010198802 -0.019032322 0.289507359 -0.035071712 0.886183977 -0.019373816 -0.461597890
259.000000 -0.009216413 -0.022141598 0.284675330 -0.036510482 0.887162149 -0.021444552 -0.459511161
260.000000 -0.011680350 -0.020117413 0.283620417 -0.038650159 0.888650298 -0.025189949 -0.456259012
261.000000 -0.013006680 -0.021045258 0.282188237 -0.040172286 0.889890015 -0.027758155 -0.453554183
262.000000 -0.013597138 -0.024471883 0.282207668 -0.040752098 0.891388595 -0.029525070 -0.450437456
263.000000 -0.013467245 -0.023124054 0.278786629 -0.042044885 0.892768562 -0.032022040 -0.447404802
264.000000 -0.014483921 -0.023333319 0.278886318 -0.043749359 0.894509733 -0.034943137 -0.443528175
265.000000 -0.015766039 -0.025959741 0.279532969 -0.045022979 0.896113336 -0.036840096 -0.439996183
266.000000 -0.015964493 -0.024099270 0.275655508 -0.046444029 0.897188187 -0.037923209 -0.437559307
267.000000 -0.016667657 -0.025709044 0.273881167 -0.047205519 0.898644269 -0.039345291 -0.434352487
268.000000 -0.017803617 -0.028579229 0.271920949 -0.048556082 0.900056601 -0.040891964 -0.431124419
269.000000 -0.017278738 -0.025640385 0.268895090 -0.051066339 0.900872052 -0.043538310 -0.428866088
270.000000 -0.019456960 -0.027165823 0.267906129 -0.051696353 0.901876926 -0.045299586 -0.426489681
271.000000 -0.021672830 -0.026361175 0.268081456 -0.051774301 0.903308809 -0.046759635 -0.423280299
272.000000 -0.020361803 -0.024999185 0.262703866 -0.052525256 0.904331923 -0.048914641 -0.420752019
273.000000 -0.021699212 -0.027908495 0.262824535 -0.052579544 0.906006455 -0.050610602 -0.416924834
274.000000 -0.021488741 -0.030816777 0.259990633 -0.052660819 0.907198489 -0.051351562 -0.414223015
275.000000 -0.024370596 -0.027917383 0.258548498 -0.053532962 0.908606946 -0.052923948 -0.410812199
276.000000 -0.025697395 -0.026711445 0.256377250 -0.054610770 0.909825027 -0.054350656 -0.407776982
277.000000 -0.026174150 -0.028769141 0.254962653 -0.055620391 0.910935998 -0.055609901 -0.404980838
278.000000 -0.027979210 -0.029437488 0.254115969 -0.056529623 0.912037969 -0.056455258 -0.402248621
279.000000 -0.024387531 -0.030425107 0.250373363 -0.056499735 0.912723362 -0.056839198 -0.400640994
280.000000 -0.025700152 -0.024021743 0.248976395 -0.057438862 0.913785815 -0.058846887 -0.397785455
281.000000 -0.030839600 -0.028930329 0.250632048 -0.056802779 0.915617704 -0.058942050 -0.393628657
282.000000 -0.028872557 -0.029337913 0.247103885 -0.057060573 0.916986942 -0.059448022 -0.390313953
283.000000 -0.026787125 -0.033139229 0.242224962 -0.056020465 0.918470562 -0.059131213 -0.387010425
284.000000 -0.030687176 -0.033776097 0.245464295 -0.055883471 0.920829594 -0.059016269 -0.381401360
285.000000 -0.032269590 -0.030283706 0.243501037 -0.056374073 0.922646105 -0.059172001 -0.376888365
286.000000 -0.033045195 -0.030770916 0.240237057 -0.055203322 0.924376309 -0.059105091 -0.372810334
287.000000 -0.032427534 -0.032528944 0.239275843 -0.053666733 0.926330388 -0.058875650 -0.368192315
288.000000 -0.038351439 -0.032029890 0.240309253 -0.051501561 0.928714693 -0.058668505 -0.362483948
289.000000 -0.035096966 -0.033694506 0.234988004 -0.049300410 0.930204272 -0.058238901 -0.359023273
290.000000 -0.039348073 -0.026495218 0.232925147 -0.048620142 0.931938827 -0.060111318 -0.354277879
291.000000 -0.039678857 -0.032375131 0.231431410 -0.046724092 0.933808744 -0.059279338 -0.349720001
292.000000 -0.041104466 -0.031308301 0.227979511 -0.045534045 0.935373664 -0.058176637 -0.345858753
293.000000 -0.043518938 -0.032146677 0.227148518 -0.043346047 0.937006593 -0.057832215 -0.341753066
294.000000 -0.045113243 -0.034114465 0.225550652 -0.041686095 0.938517630 -0.058102127 -0.337744057
295.000000 -0.047143638 -0.029558079 0.224820524 -0.041577250 0.939988852 -0.058856886 -0.333508909
296.000000 -0.050834976 -0.031030778 0.224790856 -0.040766835 0.941611052 -0.058738772 -0.329023421
297.000000 -0.050190486 -0.029846199 0.222726822 -0.040820550 0.942921460 -0.057786237 -0.325413018
298.000000 -0.050604865 -0.032248102 0.219640672 -0.039362885 0.944325745 -0.056253821 -0.321768612
299.000000 -0.056675866 -0.028190251 0.217558742 -0.038516030 0.945891738 -0.056061659 -0.317273438
300.000000 -0.058969423 -0.028765980 0.218888655 -0.036992811 0.947475135 -0.054617003 -0.312952757
301.000000 -0.061600827 -0.029142622 0.216340765 -0.034906432 0.948879063 -0.053803585 -0.309055507
302.000000 -0.062062792 -0.030105948 0.216289952 -0.033715036 0.950401366 -0.052781068 -0.304654926
303.000000 -0.061412163 -0.026470359 0.210395947 -0.033937108 0.951476693 -0.052178215 -0.301359862
304.000000 -0.064459011 -0.027882909 0.208926097 -0.033857394 0.952954292 -0.050548039 -0.296945572
305.000000 -0.070815854 -0.029858757 0.210215151 -0.033957954 0.954736650 -0.049584161 -0.291318148
306.000000 -0.073596023 -0.027436145 0.208301738 -0.035155550 0.956127822 -0.049699787 -0.286554754
307.000000 -0.072888866 -0.028050955 0.205322161 -0.035963546 0.957261920 -0.049325339 -0.282707065
308.000000 -0.078658253 -0.025020776 0.201952532 -0.037135176 0.958606362 -0.048384238 -0.278125554
309.000000 -0.080473311 -0.030251265 0.205698818 -0.036293138 0.960176110 -0.046436865 -0.273108423
310.000000 -0.078491971 -0.031946789 0.203406572 -0.035900548 0.961356938 -0.046147592 -0.269024849
311.000000 -0.086318165 -0.033612732 0.205498219 -0.035529729 0.962993205 -0.045752872 -0.263226837
312.000000 -0.087105699 -0.030370820 0.202597544 -0.035425905 0.964226663 -0.045397621 -0.258748919
313.000000 -0.088796869 -0.027555134 0.199381530 -0.034676064 0.965597212 -0.045525201 -0.253667265
314.000000 -0.088493511 -0.029554497 0.199503332 -0.033422738 0.967113554 -0.044547100 -0.248172924
315.000000 -0.091373578 -0.029491689 0.199256599 -0.033290155 0.968596995 -0.043387573 -0.242547274
316.000000 -0.093512997 -0.026797421 0.196316391 -0.033853162 0.969636977 -0.042636819 -0.238411888
317.000000 -0.098689258 -0.027940542 0.199023992 -0.033441789 0.970925450 -0.040399816 -0.233566418
318.000000 -0.097765297 -0.024824653 0.196265772 -0.032799672 0.971668839 -0.039204221 -0.230752781
319.000000 -0.098096967 -0.028702982 0.194831491 -0.031258430 0.972520530 -0.037996668 -0.227558717
320.000000 -0.098049238 -0.024289077 0.192968547 -0.030773293 0.973177195 -0.038203713 -0.224765524
321.000000 -0.098982155 -0.022219889 0.191080719 -0.029925140 0.973814666 -0.037539303 -0.222216576
322.000000 -0.100613788 -0.020936072 0.189687580 -0.028447740 0.974512577 -0.036276888 -0.219544888
323.000000 -0.105316140 -0.022180248 0.189445466 -0.027407749 0.975403249 -0.034994800 -0.215899691
324.000000 -0.100155994 -0.016121898 0.186578587 -0.027230524 0.975941002 -0.034889691 -0.213495687
325.000000 -0.110892557 -0.019696925 0.186509043 -0.026598852 0.976977170 -0.033277389 -0.209047198
326.000000 -0.108298793 -0.021036241 0.184565991 -0.026004372 0.977534294 -0.031673230 -0.206754118
327.000000 -0.108028919 -0.020686947 0.182588667 -0.025131885 0.977967381 -0.030771798 -0.204942197
328.000000 -0.112958349 -0.022059539 0.181178987 -0.024510922 0.978423774 -0.029562656 -0.203007683
329.000000 -0.112800077 -0.020295557 0.180273235 -0.023796828 0.978666306 -0.028414952 -0.202085719
330.000000 -0.113030374 -0.020625057 0.177571595 -0.023055002 0.978919387 -0.027152613 -0.201117024
331.000000 -0.109637514 -0.017017556 0.174172640 -0.022929953 0.979031563 -0.026271852 -0.200701877
332.000000 -0.111871682 -0.014348079 0.172547519 -0.022482723 0.979290426 -0.025117647 -0.199634224
333.000000 -0.118375011 -0.017034911 0.172176838 -0.022316365 0.979696691 -0.023678137 -0.197827622
334.000000 -0.126201063 -0.010440337 0.170668602 -0.023535911 0.979982734 -0.023445839 -0.196291089
335.000000 -0.121447384 -0.015293803 0.166080564 -0.022915725 0.979875922 -0.019658273 -0.197310910
336.000000 -0.119191289 -0.015183018 0.161498189 -0.022972019 0.979865909 -0.017277727 -0.197576597
337.000000 -0.123255618 -0.015680326 0.159306258 -0.022885755 0.980166197 -0.015525215 -0.196238250
338.000000 -0.122558214 -0.014476039 0.156881481 -0.022832280 0.980400085 -0.013885288 -0.195196062
339.000000 -0.126680315 -0.017745318 0.154923841 -0.022137279 0.980787337 -0.012765337 -0.193398952
340.000000 -0.128256574 -0.017979175 0.152969137 -0.021402275 0.981106699 -0.012754814 -0.191856459
341.000000 -0.126565173 -0.016867509 0.149282396 -0.021694481 0.981264114 -0.012983012 -0.191001147
342.000000 -0.128592670 -0.015572906 0.147679657 -0.022632627 0.981392920 -0.012699890 -0.190248132
343.000000 -0.137342870 -0.010928282 0.145604536 -0.022956083 0.981678784 -0.011903852 -0.188780457
344.000000 -0.137532353 -0.013798819 0.142403156 -0.021757737 0.981832147 -0.010454359 -0.188209876
345.000000 -0.136576474 -0.015842155 0.139749914 -0.021805374 0.981980324 -0.009812329 -0.187464342
346.000000 -0.142817557 -0.014407590 0.137735784 -0.022159100 0.982248664 -0.010129460 -0.185994551
347.000000 -0.143357739 -0.013347597 0.135920212 -0.021993725 0.982311010 -0.009844201 -0.185699701
348.000000 -0.142782584 -0.012280301 0.131677359 -0.020999037 0.982282162 -0.009307443 -0.185995147
349.000000 -0.139135480 -0.015134263 0.128364727 -0.019788671 0.982182980 -0.007827432 -0.186718255
350.000000 -0.140525565 -0.015531844 0.125268161 -0.018704839 0.982223213 -0.006841539 -0.186657056
351.000000 -0.142085254 -0.016254045 0.122202128 -0.017546853 0.982334614 -0.005350849 -0.186231568
352.000000 -0.141119108 -0.013545689 0.120640375 -0.016699791 0.982403636 -0.004519465 -0.185967237
353.000000 -0.146369427 -0.011765500 0.116875410 -0.015972974 0.982618153 -0.004019077 -0.184906214
354.000000 -0.141704366 -0.013666005 0.112945199 -0.015232417 0.982668936 -0.003941701 -0.184700415
355.000000 -0.141626313 -0.012871634 0.110938102 -0.014398406 0.982864261 -0.004143279 -0.183720708
356.000000 -0.143515989 -0.012673371 0.108758420 -0.013000684 0.983226299 -0.004439114 -0.181871757
357.000000 -0.145644516 -0.012842791 0.106900752 -0.011898065 0.983681023 -0.005428073 -0.179445118
358.000000 -0.143828347 -0.014663712 0.103530228 -0.011374470 0.983956397 -0.006330003 -0.177933499
359.000000 -0.142732099 -0.014592350 0.100394145 -0.010837119 0.984256148 -0.005723356 -0.176322505
360.000000 -0.144890144 -0.011123561 0.099515900 -0.009728118 0.984823644 -0.004535032 -0.173225939
361.000000 -0.142834678 -0.011689935 0.095288463 -0.008741505 0.985387623 -0.003809141 -0.170059606
362.000000 -0.146445185 -0.011004589 0.093679219 -0.008460074 0.986173153 -0.003375690 -0.165467694
363.000000 -0.145075232 -0.010182515 0.090915665 -0.008941659 0.986793280 -0.002347626 -0.161720589
364.000000 -0.148021236 -0.010276474 0.088747539 -0.008766658 0.987473130 -0.001587792 -0.157535613
365.000000 -0.146696344 -0.009100890 0.084852263 -0.009219439 0.987972021 -0.002822184 -0.154331744
366.000000 -0.149884552 -0.008080651 0.084278166 -0.010070101 0.988555551 -0.003773415 -0.150473461
367.000000 -0.150512651 -0.010934812 0.082212716 -0.010032218 0.989205003 -0.002363858 -0.146175116
368.000000 -0.148095787 -0.008003298 0.078926831 -0.010076633 0.989819765 -0.001821845 -0.141957730
369.000000 -0.147568032 -0.006722187 0.077248305 -0.010210144 0.990474939 -0.001625799 -0.137304351
370.000000 -0.151184127 -0.010200417 0.074869573 -0.010014069 0.991218567 -0.001474175 -0.131845936
371.000000 -0.146511391 -0.010112784 0.070483945 -0.009935817 0.991767526 -0.002709097 -0.127636686
372.000000 -0.147884279 -0.013294945 0.070045993 -0.008984616 0.992454588 -0.003481188 -0.122233942
373.000000 -0.151691109 -0.009326072 0.069503248 -0.008696896 0.993124843 -0.006204795 -0.116571523
374.000000 -0.151962072 -0.012772955 0.066972613 -0.008074334 0.993676007 -0.008271564 -0.111689009
375.000000 -0.156403765 -0.010522423 0.065723896 -0.007550168 0.994179904 -0.009377515 -0.107058063
376.000000 -0.152641729 -0.012815100 0.061031006 -0.005792986 0.994496047 -0.009574216 -0.104174942
377.000000 -0.155120239 -0.012048826 0.059223175 -0.004935986 0.994867265 -0.011974314 -0.100356109
378.000000 -0.155074164 -0.015274404 0.056567125 -0.004320064 0.995245457 -0.012939028 -0.096438281
379.000000 -0.155886889 -0.010440133 0.053841110 -0.004398090 0.995665729 -0.013522338 -0.091910668
380.000000 -0.158131257 -0.011928167 0.051902011 -0.004098886 0.996068716 -0.013970763 -0.087379016
381.000000 -0.157051995 -0.009000041 0.048283227 -0.003443212 0.996302664 -0.014907073 -0.084539503
382.000000 -0.157507241 -0.010989520 0.046978381 -0.002208949 0.996590853 -0.014672961 -0.081157312
383.000000 -0.158405021 -0.011375440 0.043706827 -0.001015497 0.996892989 -0.015054311 -0.077309415
384.000000 -0.158269659 -0.009870729 0.041590843 0.000266967 0.997134209 -0.016188337 -0.073900267
385.000000 -0.159336299 -0.012468345 0.038922112 0.001119104 0.997364938 -0.016524728 -0.070631772
386.000000 -0.160954252 -0.011149438 0.036467709 0.001499187 0.997613847 -0.016982129 -0.066902235
387.000000 -0.162194446 -0.014158781 0.034106176 0.002188703 0.997843802 -0.017729700 -0.063155249
388.000000 -0.162901551 -0.014264259 0.031393874 0.002124378 0.997998834 -0.019346815 -0.060162924
389.000000 -0.164881885 -0.015858207 0.029132342 0.001847813 0.998151898 -0.020332217 -0.057236094
390.000000 -0.166014880 -0.015743051 0.026679521 0.002075231 0.998267412 -0.021366758 -0.054784838
391.000000 -0.167486623 -0.016403727 0.024011064 0.001893365 0.998343408 -0.023207534 -0.052614346
392.000000 -0.168721944 -0.016033467 0.021864505 0.002486403 0.998376966 -0.024943208 -0.051138207
393.000000 -0.171071723 -0.013515821 0.019821513 0.002951630 0.998413444 -0.026841329 -0.049411267
394.000000 -0.171594843 -0.015611652 0.017145844 0.003988149 0.998454213 -0.027791174 -0.047968537
395.000000 -0.173615754 -0.016296696 0.013966370 0.004562153 0.998444080 -0.029291706 -0.047229476
396.000000 -0.178484201 -0.012706922 0.013330507 0.004579382 0.998446107 -0.032007828 -0.045385644
397.000000 -0.176586866 -0.018957678 0.010115770 0.004567201 0.998449445 -0.033410296 -0.044290271
398.000000 -0.177082092 -0.017411618 0.008256142 0.004006706 0.998475075 -0.034751300 -0.042706579
399.000000 -0.176669851 -0.017021894 0.005411989 0.003885354 0.998537838 -0.035493087 -0.040587947
400.000000 -0.182092786 -0.016365666 0.004684007 0.003788436 0.998586059 -0.037632629 -0.037354089
401.000000 -0.184048310 -0.017207893 0.001874558 0.003022086 0.998633027 -0.039139349 -0.034511127
402.000000 -0.185547307 -0.017316176 -0.000582474 0.003242062 0.998634756 -0.041085042 -0.032095689
403.000000 -0.184254304 -0.020981653 -0.003746409 0.003571592 0.998590112 -0.043445680 -0.030289974
404.000000 -0.185035720 -0.021367218 -0.006601889 0.003168235 0.998537004 -0.046497345 -0.027420437
405.000000 -0.184557140 -0.022072868 -0.009368113 0.001621257 0.998518288 -0.047995754 -0.025592174
406.000000 -0.184600279 -0.021415463 -0.010554537 0.001051668 0.998410583 -0.050930485 -0.024108587
407.000000 -0.184894621 -0.022805491 -0.012225846 0.001101331 0.998349428 -0.052820362 -0.022520544
408.000000 -0.187848821 -0.022022743 -0.014922077 0.000749808 0.998323619 -0.054184709 -0.020333475
409.000000 -0.187493533 -0.023663752 -0.016442664 0.001383687 0.998325169 -0.054779112 -0.018553181
410.000000 -0.188063458 -0.024425577 -0.018230556 0.001847747 0.998230398 -0.057075020 -0.016585819
411.000000 -0.189250812 -0.023868497 -0.020094782 0.001420437 0.998125136 -0.059320755 -0.015005546
412.000000 -0.192934349 -0.027062474 -0.021609154 0.001520146 0.998082042 -0.060489554 -0.013076105
413.000000 -0.194501519 -0.027353235 -0.023331054 0.002235725 0.998033404 -0.061581571 -0.011492103
414.000000 -0.193712413 -0.029057991 -0.027975217 0.003365732 0.998019993 -0.061963730 -0.010259152
415.000000 -0.194768071 -0.028315321 -0.027525172 0.004974665 0.997964919 -0.063030176 -0.008272028
416.000000 -0.195714891 -0.027762745 -0.029776629 0.006849216 0.997882247 -0.064438984 -0.005636621
417.000000 -0.196243659 -0.028253254 -0.032904048 0.007525913 0.997774243 -0.066192187 -0.002916654
418.000000 -0.197652578 -0.029111097 -0.036544353 0.007799990 0.997589111 -0.068953663 -0.000767960
419.000000 -0.197070599 -0.031619661 -0.039172634 0.007311865 0.997400701 -0.071679994 0.000612836
420.000000 -0.198721126 -0.029807784 -0.041339137 0.006696905 0.997259855 -0.073652402 0.001823651
421.000000 -0.196373269 -0.028347578 -0.044716384 0.006352781 0.997139990 -0.075293109 0.001570432
422.000000 -0.196953848 -0.030668650 -0.046994939 0.006309435 0.997052670 -0.076439485 0.001784535
423.000000 -0.197971910 -0.031503066 -0.050380554 0.006138986 0.996949434 -0.077796623 0.001327347
424.000000 -0.196743712 -0.032830011 -0.053330317 0.005229694 0.996745586 -0.080441900 -0.000000681
425.000000 -0.196848527 -0.032854062 -0.056737583 0.003442033 0.996604860 -0.082250074 -0.001368082
426.000000 -0.197040185 -0.033143654 -0.060368575 0.001933804 0.996563792 -0.082758747 -0.002800359
427.000000 -0.195296556 -0.031860866 -0.063317746 0.000166506 0.996531785 -0.083045088 -0.005284685
428.000000 -0.196945742 -0.031207919 -0.065243363 -0.001207506 0.996458173 -0.083840787 -0.006352689
429.000000 -0.196862906 -0.033440128 -0.068404339 -0.002023679 0.996452034 -0.083837345 -0.007105967
430.000000 -0.196045905 -0.038159847 -0.070801780 -0.001879326 0.996483624 -0.083363004 -0.008213146
431.000000 -0.195073888 -0.035584167 -0.074323148 -0.001550658 0.996337473 -0.085041247 -0.008786893
432.000000 -0.197179899 -0.034772493 -0.075765185 -0.001563558 0.996190190 -0.086737283 -0.008903543
433.000000 -0.196654618 -0.035326406 -0.079935275 -0.001042136 0.996077895 -0.087870196 -0.010323656
434.000000 -0.196818456 -0.036628053 -0.083332270 0.000099501 0.996016145 -0.088511132 -0.010848464
435.000000 -0.195610523 -0.039826855 -0.088404745 0.000454517 0.995824754 -0.090550095 -0.011555412
436.000000 -0.196238086 -0.038412716 -0.089284711 -0.000634813 0.995547295 -0.093464084 -0.012231939
437.000000 -0.194128782 -0.035954867 -0.093984775 -0.001781476 0.995315850 -0.095654488 -0.013907147
438.000000 -0.192651302 -0.036302861 -0.095789611 -0.003819159 0.995126843 -0.097316056 -0.015414514
439.000000 -0.190398708 -0.040694505 -0.100571945 -0.004628962 0.994948030 -0.098916419 -0.016510613
440.000000 -0.190111384 -0.043161675 -0.101299547 -0.006412160 0.994745791 -0.100620680 -0.017751340
441.000000 -0.191794947 -0.041220527 -0.104299858 -0.006748729 0.994431973 -0.103518039 -0.018533424
442.000000 -0.191958964 -0.041298363 -0.107030600 -0.007122098 0.994201243 -0.105466366 -0.019749342
443.000000 -0.192497462 -0.041653153 -0.109773457 -0.006958994 0.994072914 -0.106404096 -0.021184778
444.000000 -0.191893980 -0.039660748 -0.111748725 -0.006621831 0.994023502 -0.106696211 -0.022120530
445.000000 -0.191042721 -0.044187188 -0.115066305 -0.006682053 0.994126022 -0.105652004 -0.022504825
446.000000 -0.193610042 -0.044050738 -0.117791049 -0.006732079 0.994233012 -0.104737781 -0.022033101
447.000000 -0.191530570 -0.042495914 -0.119817838 -0.006794285 0.994126916 -0.105584919 -0.022743057
448.000000 -0.191323578 -0.041423507 -0.121700123 -0.007615150 0.994006217 -0.106541783 -0.023292514
449.000000 -0.191824093 -0.042951155 -0.127596736 -0.005883224 0.994043708 -0.106203720 -0.023733752
450.000000 -0.192097813 -0.043216620 -0.129075244 -0.004769304 0.993805707 -0.108363286 -0.024182791
451.000000 -0.190059394 -0.039085463 -0.132133111 -0.004009656 0.993472636 -0.111212119 -0.025058974
452.000000 -0.188903481 -0.039226349 -0.134226575 -0.003218907 0.993204236 -0.113289967 -0.026464440
453.000000 -0.189352393 -0.039755676 -0.136494130 -0.002818960 0.993043065 -0.114491127 -0.027374927
454.000000 -0.190172136 -0.041702032 -0.139788255 -0.002291819 0.993070900 -0.114113912 -0.027981402
455.000000 -0.193799943 -0.042525422 -0.143467188 -0.001692095 0.993017435 -0.114608176 -0.027900878
456.000000 -0.194886431 -0.040331386 -0.146277070 -0.002022369 0.992727041 -0.117002487 -0.028272629
457.000000 -0.193842158 -0.041852493 -0.149999619 -0.001714531 0.992552638 -0.118322819 -0.028913613
458.000000 -0.194099352 -0.044076644 -0.153383583 -0.001799092 0.992254913 -0.120853998 -0.028657066
459.000000 -0.196764201 -0.042034678 -0.152702719 -0.002655699 0.991974831 -0.123297513 -0.027867781
460.000000 -0.195702672 -0.040081609 -0.157867134 -0.003126848 0.991733670 -0.125192359 -0.027952701
461.000000 -0.201332211 -0.042313408 -0.158067405 -0.003521119 0.991397798 -0.127929121 -0.027425511
462.000000 -0.193556681 -0.043562900 -0.161289454 -0.003649121 0.991107702 -0.129841119 -0.028871417
463.000000 -0.197604135 -0.042920504 -0.164793059 -0.005157866 0.990843117 -0.131791651 -0.028882749
464.000000 -0.196231261 -0.041472595 -0.167130902 -0.005999556 0.990551591 -0.133597165 -0.030387390
465.000000 -0.201196119 -0.043538984 -0.170424789 -0.006896324 0.990458786 -0.134251162 -0.030337550
466.000000 -0.200156003 -0.045087036 -0.174199045 -0.006835696 0.990432858 -0.134180576 -0.031489596
467.000000 -0.201525375 -0.047931585 -0.175813198 -0.006883579 0.990402102 -0.134163171 -0.032504175
468.000000 -0.203228146 -0.045513254 -0.178996697 -0.006713369 0.990055621 -0.136432573 -0.033629980
469.000000 -0.209600806 -0.048599273 -0.183555961 -0.007065960 0.990038693 -0.136680916 -0.033042513
470.000000 -0.211960241 -0.048233204 -0.185780942 -0.008229592 0.989495635 -0.140288770 -0.033908438
471.000000 -0.210521370 -0.048981421 -0.188693732 -0.009365216 0.988567948 -0.146151468 -0.035852544
472.000000 -0.210237637 -0.049107186 -0.192551270 -0.011161590 0.987706184 -0.151190564 -0.038122408
473.000000 -0.211025015 -0.049653895 -0.195884943 -0.012157110 0.987354219 -0.153006613 -0.039658446
474.000000 -0.212686688 -0.050317045 -0.198090523 -0.012950988 0.987066269 -0.154406160 -0.041123398
475.000000 -0.214560315 -0.052913424 -0.201452047 -0.013693777 0.986551225 -0.157342389 -0.042102050
476.000000 -0.212914705 -0.054458167 -0.202965438 -0.014609563 0.986199439 -0.159042612 -0.043619405
477.000000 -0.213499889 -0.055102371 -0.205322027 -0.014646841 0.986016333 -0.159930423 -0.044491664
478.000000 -0.215111241 -0.057109155 -0.208193749 -0.014377758 0.985785842 -0.161507949 -0.043985598
479.000000 -0.217153043 -0.056222595 -0.210376814 -0.014500278 0.985468030 -0.163691372 -0.042984780
480.000000 -0.219561130 -0.057938218 -0.214250192 -0.014420942 0.985302746 -0.165048242 -0.041589044
481.000000 -0.217397317 -0.056940608 -0.216589049 -0.014741141 0.985023320 -0.166914314 -0.040636722
482.000000 -0.218493477 -0.058604572 -0.219010785 -0.014757572 0.984593213 -0.169719011 -0.039418399
483.000000 -0.222734481 -0.057473704 -0.220678553 -0.015175149 0.984355867 -0.171473473 -0.037551947
484.000000 -0.220838755 -0.057504311 -0.221805409 -0.015512360 0.984258175 -0.172175169 -0.036755487
485.000000 -0.219307423 -0.060338538 -0.224673226 -0.015607539 0.984254360 -0.172381580 -0.035837434
486.000000 -0.221368313 -0.059446201 -0.227566555 -0.014940191 0.984089077 -0.173749268 -0.034009907
487.000000 -0.224893942 -0.066337444 -0.227236971 -0.014436357 0.984156728 -0.173904970 -0.031371072
488.000000 -0.221634328 -0.061777323 -0.231950223 -0.014134105 0.983695149 -0.176822662 -0.029629389
489.000000 -0.222510278 -0.062650599 -0.232938722 -0.014310229 0.983582377 -0.177870169 -0.026891379
490.000000 -0.223546416 -0.064130262 -0.235036835 -0.013280874 0.983636022 -0.178141877 -0.023437433
491.000000 -0.225248128 -0.064175636 -0.236450151 -0.012932409 0.983680606 -0.178398624 -0.019471053
492.000000 -0.225586921 -0.064177662 -0.240397424 -0.012780021 0.983554363 -0.179528266 -0.015070291
493.000000 -0.223681569 -0.063906386 -0.242561787 -0.012417776 0.983484864 -0.180199534 -0.011466068
494.000000 -0.224329472 -0.063409537 -0.244674891 -0.012094847 0.983217537 -0.181913540 -0.006663043
495.000000 -0.226319492 -0.064983547 -0.246866912 -0.011218452 0.983016372 -0.183165550 -0.001843379
496.000000 -0.226358056 -0.063396260 -0.249315754 -0.010284672 0.982743979 -0.184673101 0.002085629
497.000000 -0.224407837 -0.063146546 -0.248620182 -0.010177601 0.982563913 -0.185595259 0.004354115
498.000000 -0.221325591 -0.060585558 -0.250731349 -0.009622290 0.982484221 -0.185986429 0.006422777
499.000000 -0.220298871 -0.062425613 -0.254580259 -0.009601261 0.982504487 -0.185805932 0.008299368
500.000000 -0.218883231 -0.057712093 -0.258225560 -0.008801077 0.981887281 -0.188941211 0.011006806
501.000000 -0.223247945 -0.059611093 -0.259200960 -0.008116996 0.981383026 -0.191312924 0.014859692
502.000000 -0.222794652 -0.058032110 -0.262990415 -0.008746473 0.981134057 -0.192346722 0.017383259
503.000000 -0.220739424 -0.058193434 -0.263988405 -0.008649479 0.981069028 -0.192457542 0.019718317
504.000000 -0.221730068 -0.060131438 -0.267255932 -0.008537439 0.981135488 -0.191774383 0.022866121
505.000000 -0.221511275 -0.061127894 -0.269809633 -0.006744739 0.981053352 -0.191822186 0.026326494
506.000000 -0.221330404 -0.059444863 -0.273083478 -0.005369521 0.980738461 -0.192891881 0.030264841
507.000000 -0.220405430 -0.059071463 -0.275822252 -0.004089820 0.980476141 -0.193664402 0.033822417
508.000000 -0.221064255 -0.060558528 -0.280243695 -0.003730121 0.980133593 -0.194781482 0.037207130
509.000000 -0.220469072 -0.059532095 -0.276560903 -0.001737450 0.979655564 -0.196429342 0.041078739
510.000000 -0.219130963 -0.060036764 -0.280723840 -0.000502144 0.979409695 -0.196868703 0.044711377
511.000000 -0.220450222 -0.060874745 -0.281656027 0.000515129 0.979232430 -0.196973249 0.048011851
512.000000 -0.214710906 -0.062200289 -0.287462354 0.002587219 0.979062021 -0.197707042 0.048402291
513.000000 -0.215655684 -0.062410068 -0.290075898 0.004131676 0.978750408 -0.198621586 0.050793666
514.000000 -0.216443419 -0.062109817 -0.292543620 0.005317276 0.978502989 -0.199354574 0.052548841
515.000000 -0.213168770 -0.062277313 -0.295726687 0.007277236 0.978203475 -0.200585380 0.053203080
516.000000 -0.211592868 -0.062266111 -0.297457039 0.008964431 0.977986634 -0.201255202 0.054388631
517.000000 -0.206116974 -0.065088198 -0.302563101 0.010422828 0.977794349 -0.202038080 0.054682687
518.000000 -0.205962703 -0.061705716 -0.301762640 0.011875320 0.977371812 -0.203614280 0.056075972
519.000000 -0.205560923 -0.063209876 -0.304932773 0.012587540 0.977084875 -0.204571679 0.057420831
520.000000 -0.203151286 -0.065056518 -0.307482064 0.013379185 0.976939023 -0.204837114 0.058761213
521.000000 -0.203915268 -0.064496070 -0.307742387 0.014762099 0.976682305 -0.205347344 0.060878582
522.000000 -0.205040812 -0.065706953 -0.308815777 0.015104898 0.976500154 -0.205381125 0.063543938
523.000000 -0.202820420 -0.064309388 -0.311959505 0.015573928 0.976381481 -0.205165416 0.065907411
524.000000 -0.204115182 -0.064436466 -0.314035207 0.016364673 0.976384938 -0.204119578 0.068846159
525.000000 -0.203694880 -0.066232145 -0.318378538 0.017190099 0.976445735 -0.202679902 0.071966052
526.000000 -0.201548040 -0.065417349 -0.320104629 0.018892748 0.976380348 -0.201695055 0.075123593
527.000000 -0.199089214 -0.066335708 -0.322459072 0.020803377 0.976503432 -0.199614674 0.078499652
528.000000 -0.200767651 -0.066702813 -0.324352801 0.023247529 0.976540148 -0.197557613 0.082460955
529.000000 -0.198347628 -0.065435849 -0.326792628 0.025326896 0.976526678 -0.195929453 0.085824281
530.000000 -0.199472219 -0.067892686 -0.329067618 0.026541844 0.976683974 -0.193230584 0.089699246
531.000000 -0.200218529 -0.064938977 -0.328500956 0.027261456 0.976903558 -0.190696731 0.092471763
532.000000 -0.199338257 -0.065269724 -0.330818117 0.028101111 0.977080643 -0.188154072 0.095508166
533.000000 -0.196648628 -0.062626988 -0.333367199 0.029610373 0.976898670 -0.187479973 0.098201267
534.000000 -0.199552357 -0.063650273 -0.333538294 0.030750886 0.976854742 -0.185625106 0.101746894
535.000000 -0.199206784 -0.064833410 -0.336878657 0.032271806 0.976815403 -0.183783323 0.104947142
536.000000 -0.199826434 -0.061656054 -0.337109894 0.032640889 0.976635396 -0.182574034 0.108556643
537.000000 -0.196191400 -0.061588716 -0.339647710 0.033358786 0.976824999 -0.179943845 0.110996909
538.000000 -0.198627457 -0.060586035 -0.340153486 0.033131190 0.976972580 -0.176857382 0.114666268
539.000000 -0.197959244 -0.061156720 -0.340827763 0.033155732 0.977079749 -0.174317807 0.117597349
540.000000 -0.197804362 -0.058965214 -0.342193395 0.033135325 0.976935148 -0.172419161 0.121537976
541.000000 -0.199050069 -0.057999127 -0.342065990 0.033696737 0.976677656 -0.170592621 0.125950024
542.000000 -0.196593761 -0.059890889 -0.342031687 0.033846442 0.976537466 -0.168274119 0.130049244
543.000000 -0.196461171 -0.058351245 -0.344502747 0.034167208 0.976051569 -0.167054400 0.135088250
544.000000 -0.196798712 -0.056510162 -0.345731348 0.035102695 0.975421071 -0.166134804 0.140430585
545.000000 -0.198274583 -0.056030009 -0.346347630 0.034744713 0.974933028 -0.163803577 0.146515340
546.000000 -0.198749423 -0.056357391 -0.346251100 0.035023279 0.974587381 -0.160297483 0.152504131
547.000000 -0.196375832 -0.053008456 -0.349828035 0.034445796 0.974097848 -0.157992661 0.158067256
548.000000 -0.196767539 -0.050784189 -0.350823045 0.036757469 0.973616838 -0.155019999 0.163364530
549.000000 -0.198329106 -0.047630675 -0.352702022 0.036890928 0.972957969 -0.152972013 0.169089854
550.000000 -0.197661191 -0.050832503 -0.353656948 0.037639115 0.972287178 -0.151241839 0.174260914
551.000000 -0.199322253 -0.049286287 -0.352748930 0.037882101 0.971517205 -0.149969965 0.179522246
552.000000 -0.200293958 -0.045003965 -0.354249597 0.039796527 0.970810652 -0.148534313 0.184066489
553.000000 -0.201575667 -0.048138756 -0.355044484 0.038983271 0.970419168 -0.145413876 0.188737467
554.000000 -0.204463303 -0.050787672 -0.354490399 0.037712462 0.969783485 -0.143183693 0.193897575
555.000000 -0.203103811 -0.050552323 -0.355199397 0.038852211 0.969012797 -0.142427474 0.198038250
556.000000 -0.203963459 -0.046757229 -0.357099831 0.039880283 0.968074918 -0.142453313 0.202355087
557.000000 -0.202475339 -0.046479706 -0.357608736 0.039090656 0.967612028 -0.140917107 0.205769986
558.000000 -0.203553170 -0.047551718 -0.360360146 0.038202420 0.967219412 -0.138691559 0.209265068
559.000000 -0.204744250 -0.048741627 -0.359033316 0.037376694 0.966779411 -0.137050048 0.212503687
560.000000 -0.205484450 -0.051344559 -0.358930647 0.036709383 0.966368437 -0.134909213 0.215833336
561.000000 -0.206176668 -0.047620833 -0.360000849 0.036211666 0.965766490 -0.134149909 0.219060674
562.000000 -0.205034122 -0.042838667 -0.360881656 0.035980862 0.965252161 -0.133432299 0.221787006
563.000000 -0.203961253 -0.042077452 -0.362069905 0.035026807 0.964813173 -0.131991565 0.224692747
564.000000 -0.201976985 -0.044256240 -0.365886033 0.034699511 0.964515209 -0.129574224 0.227413476
565.000000 -0.206959948 -0.044206373 -0.361209333 0.033507127 0.963944256 -0.127360106 0.231231809
566.000000 -0.206588686 -0.042344399 -0.361193061 0.033485226 0.963310063 -0.126072794 0.234559327
567.000000 -0.208749965 -0.044372380 -0.363454700 0.032846030 0.962778330 -0.123966277 0.237931550
568.000000 -0.210819572 -0.041998036 -0.362935603 0.033290595 0.962183654 -0.121987566 0.241274521
569.000000 -0.210596293 -0.041350719 -0.365152180 0.033544082 0.961600363 -0.119935580 0.244570896
570.000000 -0.208558321 -0.039462004 -0.365473986 0.035728410 0.961007118 -0.117797881 0.247613549
571.000000 -0.209689915 -0.040986046 -0.364647537 0.035216760 0.960356593 -0.114716396 0.251625031
572.000000 -0.209173292 -0.042037118 -0.366321266 0.036439653 0.959397495 -0.112830885 0.255925506
573.000000 -0.208533674 -0.041903190 -0.367641896 0.037777182 0.958458424 -0.110709235 0.260141909
574.000000 -0.211566925 -0.038399279 -0.368651628 0.037551396 0.957371235 -0.108620144 0.265013009
575.000000 -0.211098343 -0.038808599 -0.370446265 0.039434601 0.956324339 -0.106200352 0.269462734
576.000000 -0.209716797 -0.036256865 -0.373587906 0.039643500 0.955258250 -0.104014263 0.274027556
577.000000 -0.209282309 -0.033340793 -0.371569932 0.041043025 0.954315722 -0.101644941 0.277966380
578.000000 -0.209715605 -0.036772672 -0.371252298 0.040862244 0.953430414 -0.098420300 0.282159805
579.000000 -0.211275011 -0.033211581 -0.373252988 0.040192809 0.952309608 -0.096739225 0.286587715
580.000000 -0.203063458 -0.033332035 -0.370810330 0.039226349 0.951857746 -0.094454184 0.288974941
581.000000 -0.206338391 -0.031197023 -0.374325693 0.037252374 0.950537801 -0.092958279 0.294021964
582.000000 -0.210264146 -0.031810474 -0.378738940 0.036174919 0.949199259 -0.090443313 0.299219191
583.000000 -0.208811074 -0.030929999 -0.376088440 0.036120612 0.948215127 -0.088457532 0.302916974
584.000000 -0.206698626 -0.030085014 -0.376353562 0.034952715 0.947482884 -0.085847057 0.306079626
585.000000 -0.203408420 -0.030438654 -0.374644250 0.034654893 0.946648180 -0.082696676 0.309543997
586.000000 -0.205735415 -0.030891193 -0.375512183 0.034063760 0.945408404 -0.080351494 0.313984483
587.000000 -0.208404735 -0.026896736 -0.378660887 0.033212420 0.944122434 -0.078689873 0.318335861
588.000000 -0.208423764 -0.027854247 -0.379676640 0.032445058 0.942984521 -0.076381303 0.322325051
589.000000 -0.205542296 -0.031292465 -0.376426011 0.032548860 0.942213237 -0.073072895 0.325323045
590.000000 -0.204701841 -0.030835316 -0.374912262 0.032531250 0.941244066 -0.070933118 0.328587711
591.000000 -0.205826148 -0.026012553 -0.380245745 0.031980727 0.939891815 -0.069616519 0.332767457
592.000000 -0.204960570 -0.028797567 -0.377348244 0.031819209 0.939127505 -0.066490814 0.335568190
593.000000 -0.207883507 -0.028929114 -0.379792690 0.031294297 0.937867522 -0.064742059 0.339460820
594.000000 -0.202805996 -0.023988949 -0.378512740 0.031902142 0.937138736 -0.063742153 0.341599345
595.000000 -0.206641048 -0.026802048 -0.378290057 0.031327218 0.936026752 -0.060815964 0.345215857
596.000000 -0.207910031 -0.025141597 -0.379130960 0.031706613 0.935046732 -0.059143886 0.348115295
597.000000 -0.212711990 -0.023753338 -0.380716473 0.031230789 0.933703959 -0.058208831 0.351899534
598.000000 -0.212983280 -0.023954669 -0.380195469 0.031257406 0.932618976 -0.056884576 0.354977340
599.000000 -0.212330043 -0.020933181 -0.380933672 0.031204566 0.931445062 -0.056372799 0.358132005
600.000000 -0.207154289 -0.024422383 -0.379083306 0.032109160 0.930632830 -0.053824127 0.360547572
601.000000 -0.212176144 -0.021433096 -0.381220192 0.032217991 0.929103374 -0.052234083 0.364692271
602.000000 -0.207950681 -0.020704098 -0.378741741 0.032935787 0.928328693 -0.049622372 0.366958767
603.000000 -0.209417611 -0.020747170 -0.379603148 0.032307524 0.927020729 -0.047517493 0.370581746
604.000000 -0.207656771 -0.022527080 -0.378804415 0.032048553 0.925760150 -0.045753662 0.373962134
605.000000 -0.207508564 -0.019705651 -0.377384901 0.032207802 0.924436510 -0.045463856 0.377243787
606.000000 -0.213983357 -0.020469628 -0.382244706 0.032130871 0.922427118 -0.044334870 0.382269830
607.000000 -0.208786309 -0.020310257 -0.379320920 0.031555753 0.921709418 -0.043843661 0.384101182
608.000000 -0.207885563 -0.017249435 -0.377495706 0.031430420 0.920731008 -0.043513693 0.386488169
609.000000 -0.206744283 -0.019589959 -0.378713399 0.030890020 0.919562459 -0.041370295 0.389537215
610.000000 -0.207312927 -0.019828174 -0.379042029 0.030654022 0.918222666 -0.040100805 0.392835051
611.000000 -0.208789051 -0.018855706 -0.379387945 0.030682057 0.916558087 -0.038773879 0.396833003
612.000000 -0.206969455 -0.022786666 -0.378292233 0.030455053 0.915413082 -0.037213758 0.399633020
613.000000 -0.207100421 -0.020041589 -0.380121887 0.032579474 0.913501620 -0.037719790 0.403770447
614.000000 -0.204767644 -0.017215028 -0.377323180 0.035170846 0.911570907 -0.037316307 0.407932639
615.000000 -0.210922897 -0.015718976 -0.380962789 0.035308253 0.908806562 -0.036067881 0.414153337
616.000000 -0.208748236 -0.014256085 -0.381481797 0.035559490 0.907111824 -0.034116238 0.417994916
617.000000 -0.206390500 -0.015719008 -0.380781829 0.035557933 0.905731618 -0.031765930 0.421161175
618.000000 -0.204929233 -0.017528605 -0.380411416 0.034346819 0.904044092 -0.028736809 0.425086766
619.000000 -0.202855811 -0.017368028 -0.378027886 0.033200368 0.902302146 -0.026498457 0.429006338
620.000000 -0.204855412 -0.016967066 -0.379692107 0.032401707 0.900043368 -0.026079152 0.433810949
621.000000 -0.202503473 -0.013895690 -0.380685657 0.032480430 0.898228407 -0.026672009 0.437514991
622.000000 -0.199847311 -0.017822398 -0.378699452 0.031693734 0.897070169 -0.025455957 0.440014303
623.000000 -0.199680477 -0.018378824 -0.378504455 0.030629609 0.895411789 -0.024830256 0.443489522
624.000000 -0.196318910 -0.019141626 -0.377081841 0.029829947 0.894276083 -0.023824621 0.445884287
625.000000 -0.195548743 -0.020667262 -0.374218255 0.029277485 0.892763734 -0.023126412 0.448977619
626.000000 -0.196544841 -0.016074466 -0.379381627 0.030069171 0.890357494 -0.023614286 0.453653723
627.000000 -0.195346773 -0.015335301 -0.379065841 0.029932030 0.888747931 -0.022770410 0.456850767
628.000000 -0.193675414 -0.018575611 -0.379321396 0.029419133 0.887027025 -0.021876881 0.460259676
629.000000 -0.194180503 -0.012763516 -0.383024514 0.030031716 0.885036826 -0.024316248 0.463914484
630.000000 -0.192164168 -0.016493283 -0.379976064 0.029405683 0.883855760 -0.024201151 0.466206610
631.000000 -0.191772252 -0.014413777 -0.381262898 0.028614817 0.882019579 -0.024820631 0.469687700
632.000000 -0.189883843 -0.016670339 -0.380793422 0.028031647 0.880233169 -0.024371406 0.473085463
633.000000 -0.186807662 -0.016479293 -0.379612446 0.028533762 0.878505468 -0.025332358 0.476206034
634.000000 -0.186153218 -0.015437534 -0.380753696 0.029015051 0.876418769 -0.026463371 0.479945779
635.000000 -0.183970511 -0.017784260 -0.378541827 0.029129472 0.874573410 -0.026590019 0.483286411
636.000000 -0.181779116 -0.016172184 -0.378647119 0.029177163 0.872658610 -0.027759258 0.486667275
637.000000 -0.181388572 -0.015219627 -0.382089466 0.029399158 0.870408833 -0.029265126 0.490578890
638.000000 -0.180449426 -0.017507689 -0.385088801 0.028793814 0.868508697 -0.028854847 0.493994892
639.000000 -0.176174521 -0.016977269 -0.378011465 0.028914362 0.867524624 -0.029431764 0.495680064
640.000000 -0.169306338 -0.016179593 -0.373745322 0.029022634 0.866522014 -0.029881202 0.497397602
641.000000 -0.168407261 -0.017621683 -0.375129491 0.029057944 0.864703536 -0.030480621 0.500514209
642.000000 -0.165304706 -0.016881764 -0.374094367 0.028400110 0.863490224 -0.030868134 0.502618253
643.000000 -0.162108943 -0.018635124 -0.373853445 0.029128678 0.862324059 -0.030922089 0.504571617
644.000000 -0.160516053 -0.016396439 -0.374627739 0.029287979 0.861055076 -0.031591281 0.506683648
645.000000 -0.156636804 -0.017391320 -0.372451276 0.029032294 0.860145867 -0.030463165 0.508309126
646.000000 -0.155745685 -0.019451674 -0.374776423 0.028678834 0.858832777 -0.030196160 0.510560393
647.000000 -0.153932720 -0.013110505 -0.368572563 0.030031530 0.858178020 -0.031742424 0.511489034
648.000000 -0.150723651 -0.017217681 -0.372359216 0.028792867 0.856767893 -0.031114684 0.513956785
649.000000 -0.147966310 -0.013809707 -0.369964480 0.028310973 0.856184781 -0.031248722 0.514946222
650.000000 -0.146672562 -0.019195039 -0.371724039 0.026895883 0.855298579 -0.030480845 0.516538441
651.000000 -0.143635288 -0.014074577 -0.370059460 0.026618451 0.854535460 -0.031707592 0.517740488
652.000000 -0.140750065 -0.015249505 -0.368568212 0.026273428 0.854096591 -0.031536251 0.518492222
653.000000 -0.134130657 -0.017455427 -0.369427502 0.025317160 0.854227126 -0.031002233 0.518356860
654.000000 -0.133718163 -0.014876014 -0.369070321 0.025721628 0.853970468 -0.031442609 0.518733203
655.000000 -0.129757911 -0.016861022 -0.365435183 0.025282472 0.854439795 -0.030760761 0.518022418
656.000000 -0.129788831 -0.019541960 -0.370022416 0.024559222 0.854027033 -0.030518886 0.518751621
657.000000 -0.125230461 -0.016147321 -0.365277171 0.025467189 0.854055822 -0.030625373 0.518654168
658.000000 -0.122713938 -0.017828211 -0.365638286 0.025618855 0.853433609 -0.029733459 0.519721806
659.000000 -0.121945634 -0.018055588 -0.366040766 0.025735872 0.852975190 -0.029617203 0.520474553
660.000000 -0.117043473 -0.017109863 -0.364026934 0.026044920 0.853299022 -0.029442701 0.519938052
661.000000 -0.113013595 -0.019177146 -0.361304581 0.025525311 0.853541553 -0.028215902 0.519633651
662.000000 -0.113136381 -0.016159398 -0.360901445 0.025175234 0.853483558 -0.028617859 0.519724071
663.000000 -0.110967442 -0.016380502 -0.362122923 0.024139276 0.853962958 -0.028081030 0.519014537
664.000000 -0.107761458 -0.016769337 -0.359916538 0.023115721 0.854703128 -0.026691012 0.517914772
665.000000 -0.106792055 -0.017231133 -0.363374978 0.021173742 0.854611695 -0.025185214 0.518224120
666.000000 -0.105098292 -0.013267193 -0.362519205 0.020224201 0.854540229 -0.024065420 0.518433034
667.000000 -0.101042934 -0.012814973 -0.359163344 0.018759435 0.854762375 -0.022698851 0.518183589
668.000000 -0.099809855 -0.012926687 -0.363369286 0.016502967 0.854369640 -0.021961913 0.518938959
669.000000 -0.099978313 -0.009519308 -0.365139931 0.013570819 0.854047298 -0.021001892 0.519593954
670.000000 -0.094562523 -0.010888968 -0.360765874 0.011361412 0.854747176 -0.019230712 0.518563867
671.000000 -0.092237756 -0.012482986 -0.363834232 0.009099875 0.854722321 -0.018758582 0.518666565
672.000000 -0.091927506 -0.012017976 -0.363423705 0.007189707 0.854714692 -0.016591370 0.518782973
673.000000 -0.086383909 -0.013601217 -0.363029629 0.005703842 0.854826629 -0.014299265 0.518685222
674.000000 -0.085749552 -0.011494236 -0.362058997 0.005997397 0.854332924 -0.013128407 0.519525647
675.000000 -0.079570718 -0.002172767 -0.360053062 0.006950780 0.854464471 -0.014043546 0.519273520
676.000000 -0.076162525 -0.004882785 -0.360808104 0.005851253 0.853965163 -0.012133246 0.520155787
677.000000 -0.073616922 -0.008167231 -0.367896050 0.004805075 0.853086710 -0.010761220 0.521636069
678.000000 -0.075609230 -0.008566698 -0.373471171 0.004748732 0.851268291 -0.009449689 0.524624169
679.000000 -0.070474774 -0.008360282 -0.368968308 0.005425417 0.850794077 -0.008275582 0.525406003
680.000000 -0.066589855 -0.004124803 -0.368767589 0.007575246 0.849314153 -0.008539072 0.527764201
681.000000 -0.066665150 -0.007666571 -0.374899209 0.008312223 0.846863687 -0.007465456 0.531692564
682.000000 -0.062184438 -0.006311597 -0.372186422 0.010051659 0.845815122 -0.006713104 0.533339143
683.000000 -0.060977422 -0.008551130 -0.375257820 0.011255404 0.844426692 -0.006081856 0.535518229
684.000000 -0.064300597 -0.005468121 -0.381872714 0.012398646 0.843160868 -0.006117755 0.537483573
685.000000 -0.053756274 -0.000628927 -0.375803173 0.012638693 0.844095886 -0.005113601 0.536018968
686.000000 -0.050920129 0.000882806 -0.376385808 0.011352056 0.844435096 -0.003523410 0.535526097
687.000000 -0.047673561 0.000601950 -0.378471166 0.010650065 0.844886005 -0.001579590 0.534838080
688.000000 -0.043045156 -0.004197011 -0.378639013 0.009297696 0.845664620 0.001208863 0.533632219
689.000000 -0.042748354 -0.000702069 -0.385074466 0.008265866 0.845598340 0.002292245 0.533750772
690.000000 -0.038269527 -0.001464398 -0.383964360 0.007618940 0.846141875 0.002707541 0.532896399
691.000000 -0.035538748 -0.002318729 -0.387617916 0.007137774 0.846283436 0.001472972 0.532683015
692.000000 -0.030280069 -0.000573231 -0.389449358 0.006155745 0.846969306 -0.000047661 0.531606197
693.000000 -0.024551600 -0.002714406 -0.387974679 0.004953139 0.847986877 0.000616518 0.529993713
694.000000 -0.022379339 -0.001666235 -0.391503572 0.003949214 0.848200560 0.000777923 0.529660046
695.000000 -0.022195905 -0.000093852 -0.395175785 0.002927944 0.848172724 0.001334588 0.529710054
696.000000 -0.015493333 -0.000685315 -0.400189102 0.001574665 0.848327994 0.002375556 0.529463470
697.000000 -0.013122529 0.001021798 -0.400782883 0.002381604 0.849121511 0.002255183 0.528187454
698.000000 -0.007132456 -0.001631099 -0.403699577 0.001284829 0.850391746 0.006306941 0.526110649
699.000000 -0.003450722 -0.002448549 -0.408482105 0.000940848 0.850565672 0.007263024 0.525817871
700.000000 -0.008702323 -0.002060940 -0.414811790 -0.000358439 0.850239992 0.008120979 0.526332557
701.000000 -0.007081941 -0.001749269 -0.417707235 -0.001145859 0.850224853 0.010399029 0.526315749
702.000000 -0.004827023 -0.000835740 -0.419497073 -0.001855913 0.850471318 0.013444345 0.525846362
703.000000 -0.003073305 -0.006684540 -0.419026196 -0.002429313 0.851172090 0.016664727 0.524616420
704.000000 -0.001375675 -0.004200421 -0.421825439 -0.002171104 0.851761043 0.018113839 0.523612678
705.000000 0.000791863 0.002847768 -0.422290802 -0.002583837 0.852506936 0.019331574 0.522351980
706.000000 0.001181453 -0.001541384 -0.427970260 -0.004566848 0.852407157 0.021669976 0.522409379
707.000000 0.005089432 -0.000722193 -0.425039679 -0.004513645 0.853249729 0.022233918 0.521008730
708.000000 0.007028356 -0.000669124 -0.428562880 -0.004313121 0.853566408 0.022051666 0.520499229
709.000000 0.009929374 -0.002745125 -0.429574758 -0.004834210 0.854341388 0.024036761 0.519133568
710.000000 0.012073427 -0.002429780 -0.430923760 -0.005122909 0.855090678 0.025240764 0.517838359
711.000000 0.014733300 -0.000663946 -0.428729862 -0.004599271 0.856532097 0.025262838 0.515454531
712.000000 0.016987696 0.000693196 -0.430344105 -0.006094037 0.857817352 0.025346225 0.513293028
713.000000 0.019159183 0.000307439 -0.428724200 -0.008199316 0.859241068 0.026558433 0.510815144
714.000000 0.020713970 0.004386628 -0.430309713 -0.009040154 0.860528708 0.026319325 0.508641183
715.000000 0.022762313 -0.002947132 -0.435992897 -0.010041957 0.861709297 0.026415581 0.506614745
716.000000 0.026407138 0.000195012 -0.434965670 -0.009233247 0.863926888 0.025469471 0.502887964
717.000000 0.030787632 -0.002904354 -0.431236267 -0.009348867 0.866196573 0.025746273 0.498952091
718.000000 0.033414975 -0.000959103 -0.428892791 -0.009209552 0.868336916 0.025437022 0.495236456
719.000000 0.036434397 -0.002926451 -0.428952783 -0.009981164 0.870272934 0.026978726 0.491729140
720.000000 0.038010806 -0.003890261 -0.432165205 -0.010587644 0.871886849 0.028656233 0.488753557
721.000000 0.042680874 -0.001452544 -0.429536879 -0.009478481 0.874212325 0.028297285 0.484625876
722.000000 0.047021523 -0.002185950 -0.428328514 -0.008780405 0.876264036 0.028781790 0.480890721
723.000000 0.049099788 -0.002047375 -0.429661512 -0.008656342 0.878012717 0.028540947 0.477707118
724.000000 0.053781882 -0.002059465 -0.425174713 -0.008558592 0.880208850 0.029176300 0.473611504
725.000000 0.056133300 -0.001476869 -0.429471552 -0.009415914 0.881523907 0.029414751 0.471128106
726.000000 0.062518001 -0.001136569 -0.422868729 -0.009449376 0.884072423 0.031474490 0.466193050
727.000000 0.066453338 -0.001428671 -0.420145750 -0.008571825 0.886117697 0.032016832 0.462273538
728.000000 0.068796039 -0.000736713 -0.421258867 -0.006647023 0.888012886 0.031959966 0.458658308
729.000000 0.071996227 -0.000994248 -0.422270417 -0.005655933 0.889829099 0.033905096 0.454997391
730.000000 0.074339345 -0.006583354 -0.423335552 -0.005794599 0.891893685 0.036433116 0.450737953
731.000000 0.078719661 -0.004853439 -0.422717363 -0.004829941 0.894207656 0.037485376 0.446053922
732.000000 0.083541244 -0.002217589 -0.416070759 -0.003764195 0.896984100 0.038322117 0.440382510
733.000000 0.085317582 -0.003830694 -0.419958681 -0.003295633 0.898942888 0.039251227 0.436291337
734.000000 0.090302348 -0.004604382 -0.415129125 -0.003009385 0.901512504 0.039679181 0.430919588
735.000000 0.090254903 0.003230436 -0.412595749 -0.002119477 0.903626561 0.038702622 0.426563770
736.000000 0.094952196 -0.001635425 -0.411705315 -0.003076673 0.905770302 0.040465057 0.421821415
737.000000 0.097933277 -0.001522869 -0.408401906 -0.003406695 0.908139408 0.041069750 0.416634738
738.000000 0.100228876 0.000931755 -0.408276141 -0.002737772 0.910201311 0.041056093 0.412117064
739.000000 0.103194878 0.000891812 -0.404989064 -0.003119641 0.912214756 0.042311676 0.407509774
740.000000 0.104943976 0.002765883 -0.408686459 -0.004583887 0.913618326 0.044349071 0.404120952
741.000000 0.107495576 0.001834586 -0.407805800 -0.006426470 0.915387213 0.046376761 0.399842650
742.000000 0.109807849 -0.000471871 -0.406514406 -0.008472355 0.916972756 0.047899060 0.395973295
743.000000 0.112853304 -0.003768235 -0.405918121 -0.010516992 0.918445945 0.048992701 0.392359763
744.000000 0.112063363 -0.004174557 -0.406746686 -0.012058035 0.919382632 0.049934581 0.389995843
745.000000 0.115490854 0.000263754 -0.408952445 -0.012246057 0.920001626 0.047995407 0.388771802
746.000000 0.120271683 0.001702171 -0.399943203 -0.011159224 0.921200931 0.046819966 0.386098713
747.000000 0.126948193 -0.001136534 -0.392540962 -0.014460645 0.923049927 0.049720779 0.381179214
748.000000 0.129258901 -0.001306564 -0.394975871 -0.015364612 0.923687637 0.049778491 0.379588217
749.000000 0.126081556 -0.000373639 -0.400324941 -0.015559700 0.923867881 0.049152024 0.379223019
750.000000 0.128833815 -0.001530170 -0.398525089 -0.015885398 0.924633861 0.049204271 0.377331287
751.000000 0.130368114 -0.003220558 -0.401100218 -0.015541383 0.925275564 0.048302677 0.375886321
752.000000 0.134599298 0.001335058 -0.394921839 -0.013429626 0.926947296 0.046429463 0.372065485
753.000000 0.131961182 -0.002390116 -0.398010671 -0.012877281 0.927949190 0.046795923 0.369532973
754.000000 0.134452924 0.000387505 -0.394105494 -0.011649754 0.929688156 0.045897413 0.365291148
755.000000 0.137301639 -0.003101714 -0.394829452 -0.010519906 0.931202412 0.046750106 0.361338913
756.000000 0.138863653 -0.001863111 -0.390579134 -0.011078638 0.933127165 0.048086137 0.356144279
757.000000 0.138631627 -0.004923709 -0.394705832 -0.012465406 0.934589505 0.051969975 0.351690501
758.000000 0.140095085 -0.002536487 -0.393183678 -0.013209824 0.936646700 0.054215379 0.345802188
759.000000 0.142199337 -0.004727814 -0.396388978 -0.013132466 0.938243270 0.056659900 0.341052353
760.000000 0.147006780 -0.001718987 -0.392947435 -0.011975430 0.940135479 0.058921218 0.335455209
761.000000 0.145975634 0.004320968 -0.398846149 -0.010511369 0.941485226 0.060997251 0.331322193
762.000000 0.160751075 -0.000602152 -0.385195494 -0.008931244 0.944400430 0.064774558 0.322230220
763.000000 0.166096032 -0.001420312 -0.380765796 -0.007108333 0.946483195 0.067206047 0.315598518
764.000000 0.169640452 -0.003905654 -0.381669551 -0.006315861 0.948112130 0.071341008 0.309764415
765.000000 0.162566453 0.000754185 -0.388004243 -0.005681750 0.949310541 0.072969876 0.305700272
766.000000 0.171782881 -0.009704389 -0.383376181 -0.005467174 0.951371014 0.076488301 0.298350155
767.000000 0.172845140 0.001266029 -0.382322609 -0.002960412 0.952968419 0.075987555 0.293374062
768.000000 0.172418371 0.004669305 -0.385486543 -0.001284145 0.953849137 0.077453516 0.290122628
769.000000 0.175705671 0.002621766 -0.382926315 0.000280018 0.955013096 0.078463338 0.285995573
770.000000 0.168048218 0.007295299 -0.388132930 0.003290923 0.955102146 0.077869482 0.285841674
771.000000 0.179116681 -0.001928002 -0.384884119 0.004533640 0.955881357 0.081096083 0.282300621
772.000000 0.183337897 -0.000411354 -0.383301020 0.007627090 0.956058741 0.082609765 0.281192303
773.000000 0.185200080 -0.001332611 -0.384305477 0.008457247 0.956051469 0.083059177 0.281060964
774.000000 0.185256004 -0.001040287 -0.383921921 0.008231306 0.955892980 0.083365723 0.281515509
775.000000 0.188073039 -0.003153890 -0.383969545 0.007481739 0.955704272 0.082139812 0.282535672
776.000000 0.189242303 -0.000339299 -0.384019226 0.006247569 0.955551505 0.081188023 0.283356428
777.000000 0.195431232 -0.001455598 -0.384528160 0.004301537 0.955423951 0.080586709 0.283993512
778.000000 0.191871762 -0.006202400 -0.389407843 0.001863011 0.954661906 0.078489915 0.287152231
779.000000 0.195325494 -0.005712058 -0.385149002 0.000821900 0.954505205 0.073769152 0.288924336
780.000000 0.187309146 -0.008170202 -0.391787380 -0.001443733 0.953282833 0.069907919 0.293875307
781.000000 0.194703355 -0.002908781 -0.387766093 -0.003525027 0.953066945 0.064852297 0.295711130
782.000000 0.192575365 -0.002404306 -0.390208244 -0.004885401 0.952536166 0.060884710 0.298234791
783.000000 0.194474682 -0.004963752 -0.390625656 -0.005740203 0.952248096 0.057973240 0.299715966
784.000000 0.196144670 -0.005178452 -0.389217913 -0.005520186 0.951892376 0.056719996 0.301086903
785.000000 0.196067810 -0.005923588 -0.390764952 -0.005723876 0.951460898 0.056521859 0.302480906
786.000000 0.198724166 -0.004103448 -0.392382234 -0.005000903 0.951056242 0.054507054 0.304131567
787.000000 0.198485285 -0.001284994 -0.390757054 -0.003533561 0.950914025 0.051819261 0.305065155
788.000000 0.202767700 -0.001595914 -0.391777515 -0.003202351 0.950827599 0.049717091 0.305687517
789.000000 0.197915643 -0.009149566 -0.391161680 -0.002857949 0.950633228 0.046809796 0.306752533
790.000000 0.202894300 -0.002181839 -0.392292976 -0.000567460 0.950935900 0.041172471 0.306635469
791.000000 0.205094576 -0.002905115 -0.392225862 0.001128069 0.951009572 0.038390681 0.306766391
792.000000 0.201977000 -0.001249699 -0.392359495 0.002056633 0.950390637 0.035274886 0.309045464
793.000000 0.204133213 -0.004865119 -0.392495185 0.002949052 0.949966252 0.032077845 0.310687006
794.000000 0.206703991 -0.002904298 -0.389583111 0.004306683 0.949761689 0.027477385 0.311735690
795.000000 0.202041894 -0.007729009 -0.393057525 0.004084733 0.948955178 0.023864402 0.314480215
796.000000 0.198080078 -0.013240930 -0.395479590 0.003509566 0.947890282 0.018022299 0.318067312
797.000000 0.203342974 -0.006379188 -0.390663326 0.004979125 0.947413743 0.009751820 0.319823831
798.000000 0.203838050 -0.002211634 -0.391871154 0.004619132 0.946721494 0.003496299 0.322001308
799.000000 0.206725478 -0.007447060 -0.389488459 0.004684388 0.946039855 0.000471741 0.324016154
800.000000 0.205915093 -0.005704297 -0.387408435 0.004919352 0.944975972 -0.001612801 0.327098817
801.000000 0.206766173 -0.004885289 -0.388536811 0.005505199 0.943735778 -0.003833903 0.330632359
802.000000 0.208548635 -0.004997167 -0.388141870 0.006734002 0.942453861 -0.005234841 0.334227443
803.000000 0.207409054 -0.007183346 -0.387420535 0.006623411 0.940952361 -0.006642552 0.338409066
804.000000 0.207773924 -0.005640263 -0.389485121 0.007399464 0.939462364 -0.008782994 0.342459500
805.000000 0.204531565 -0.006302129 -0.390358865 0.008169975 0.937759936 -0.010265328 0.347036242
806.000000 0.210443065 -0.009542045 -0.386097908 0.008217307 0.936958194 -0.010112378 0.349198371
807.000000 0.209744066 -0.007411944 -0.386382371 0.006769816 0.935478151 -0.011393808 0.353135914
808.000000 0.209881082 -0.011678783 -0.387038648 0.006360742 0.934028029 -0.011732459 0.356950253
809.000000 0.214087918 -0.013485692 -0.381189227 0.005908457 0.933090150 -0.012553369 0.359374881
810.000000 0.213517874 -0.012555411 -0.382549822 0.005099911 0.931341708 -0.013237161 0.363869995
811.000000 0.213935703 -0.012988304 -0.382295847 0.004296966 0.929546595 -0.012702527 0.368460715
812.000000 0.214795560 -0.009738963 -0.381337702 0.004032008 0.927822948 -0.012550861 0.372787833
813.000000 0.218971461 -0.011750527 -0.376743853 0.003261139 0.926546931 -0.010899126 0.376007169
814.000000 0.221094012 -0.013659997 -0.375556111 0.002230307 0.924919724 -0.008483022 0.380061239
815.000000 0.217512101 -0.015249155 -0.377030462 0.001285437 0.922842562 -0.006286408 0.385123998
816.000000 0.217703909 -0.015071692 -0.377082348 0.001045569 0.921017289 -0.004137605 0.389498293
817.000000 0.220292747 -0.015040262 -0.376038462 0.000024820 0.919398665 -0.002116957 0.393321246
818.000000 0.220802084 -0.016039409 -0.375253141 -0.000348812 0.917628288 0.000118844 0.397439569
819.000000 0.218606234 -0.015131085 -0.375019491 -0.001377959 0.915613890 0.001893878 0.402051926
820.000000 0.217751920 -0.013841373 -0.378283828 -0.002768299 0.913539112 0.003601050 0.406725585
821.000000 0.217441887 -0.012283794 -0.375150234 -0.003094319 0.911945999 0.005713459 0.410258740
822.000000 0.221175432 -0.007851453 -0.371234179 -0.002853618 0.910645545 0.008269634 0.413095832
823.000000 0.222683400 -0.008884854 -0.367562324 -0.003851381 0.909218490 0.011637673 0.416138768
824.000000 0.221962571 -0.011052161 -0.367421061 -0.005705663 0.907698274 0.014814522 0.419323117
825.000000 0.219999641 -0.007344385 -0.368545711 -0.007049740 0.905857086 0.016793624 0.423191696
826.000000 0.217131332 -0.007685073 -0.369323730 -0.009354532 0.904187322 0.018892834 0.426615596
827.000000 0.214332893 -0.008361883 -0.371832192 -0.011162398 0.902529299 0.021884363 0.429927111
828.000000 0.217429787 -0.010992089 -0.370033562 -0.013148988 0.901360691 0.025284566 0.432130396
829.000000 0.214003861 -0.008812875 -0.368574530 -0.014044692 0.900297105 0.026565317 0.434237450
830.000000 0.216887236 -0.010882569 -0.366952538 -0.016782703 0.897821724 0.029240239 0.439066589
831.000000 0.216757610 -0.008586468 -0.364870042 -0.017078854 0.896878481 0.029250287 0.440978229
832.000000 0.212865472 -0.007085636 -0.364924908 -0.018180428 0.895045578 0.030115291 0.444585085
833.000000 0.214219928 -0.010992639 -0.363680184 -0.019883461 0.893350542 0.031555615 0.447809905
834.000000 0.215672344 -0.010708321 -0.358510017 -0.020480879 0.891894460 0.031465050 0.450682491
835.000000 0.215414122 -0.010005549 -0.358958155 -0.020603739 0.889670253 0.031975731 0.455016375
836.000000 0.215043455 -0.011914378 -0.357995063 -0.022421375 0.887607098 0.032880712 0.458878785
837.000000 0.208439156 -0.007320562 -0.360853821 -0.024249032 0.885347128 0.032505658 0.463158578
838.000000 0.210322589 -0.009798206 -0.359112442 -0.026578279 0.883851349 0.033472329 0.465811074
839.000000 0.206058770 -0.007021632 -0.358638525 -0.028379016 0.882362306 0.033262640 0.468534917
840.000000 0.207333744 -0.009282015 -0.357437640 -0.030970968 0.880994081 0.035487697 0.470776916
841.000000 0.206438780 -0.009526871 -0.358747125 -0.034102041 0.879045367 0.038009837 0.473995239
842.000000 0.206209049 -0.005702727 -0.353772283 -0.036344942 0.877445579 0.039144449 0.476692766
843.000000 0.199953079 -0.011060599 -0.359863877 -0.039200500 0.874293149 0.040938206 0.482077628
844.000000 0.203402281 -0.009073224 -0.355874330 -0.040138546 0.872450352 0.043257795 0.485126823
845.000000 0.199313194 -0.004144039 -0.353537828 -0.041597009 0.869950235 0.043871399 0.489419669
846.000000 0.198224962 -0.005667798 -0.352164537 -0.042616770 0.867478311 0.045021523 0.493597269
847.000000 0.198594093 -0.007713091 -0.351932287 -0.042829555 0.864526689 0.045781828 0.498661518
848.000000 0.195536926 -0.004532535 -0.350824445 -0.042570960 0.861341238 0.044797678 0.504254222
849.000000 0.193363756 -0.006197713 -0.353663623 -0.042042572 0.857671559 0.044426020 0.510547101
850.000000 0.192874134 -0.002746888 -0.350538194 -0.041285641 0.853928208 0.043038905 0.516962111
851.000000 0.192086473 -0.006069995 -0.348683357 -0.042285684 0.849666357 0.042629097 0.523891032
852.000000 0.189387321 -0.000977188 -0.349262983 -0.042896718 0.845741153 0.040966656 0.530286372
853.000000 0.190803707 -0.002624232 -0.348582268 -0.044674117 0.842215061 0.040301450 0.535774052
854.000000 0.185719579 0.001341932 -0.347058892 -0.045395255 0.838612437 0.039363105 0.541404605
855.000000 0.184172451 -0.001247782 -0.351109058 -0.048158240 0.834860682 0.041196968 0.546800911
856.000000 0.190828830 -0.004034009 -0.342065573 -0.051077720 0.832912028 0.043533254 0.549320936
857.000000 0.188318104 -0.002565265 -0.342477649 -0.051629346 0.829869330 0.044100948 0.553810835
858.000000 0.188197911 -0.002779372 -0.334872007 -0.051983602 0.827672660 0.045572903 0.556936979
859.000000 0.185790926 -0.000606366 -0.336462379 -0.052326873 0.824425578 0.046246286 0.561645508
860.000000 0.184381336 -0.002931181 -0.338823318 -0.052799229 0.821385264 0.046237450 0.566039383
861.000000 0.182713240 -0.005108032 -0.335786760 -0.053018760 0.819409013 0.046317525 0.568869591
862.000000 0.183056056 -0.004968774 -0.332831204 -0.052804615 0.817642033 0.046576004 0.571405172
863.000000 0.180308640 -0.004689258 -0.330439895 -0.052178495 0.815765679 0.045871720 0.574194729
864.000000 0.177946270 -0.001457199 -0.328462571 -0.050584439 0.813956499 0.044393554 0.577014089
865.000000 0.176724851 -0.003901925 -0.327819467 -0.050682779 0.811557651 0.044673260 0.580353141
866.000000 0.167106465 0.006964341 -0.327535272 -0.049286708 0.809044600 0.043653697 0.584048092
867.000000 0.173860818 0.000648957 -0.317386985 -0.049432609 0.808437884 0.043547992 0.584882975
868.000000 0.171737924 0.000811983 -0.312280774 -0.048531327 0.807165861 0.042247538 0.586807549
869.000000 0.170412034 -0.003631614 -0.311910272 -0.047763661 0.805422425 0.040746763 0.589366674
870.000000 0.165359527 -0.000355529 -0.309902519 -0.046145767 0.803841829 0.037831672 0.591842532
871.000000 0.164974421 -0.002500778 -0.309900761 -0.046351086 0.802068949 0.038324129 0.594195426
872.000000 0.161352098 0.000113212 -0.300771475 -0.046457719 0.801421642 0.039342035 0.594993472
873.000000 0.158436045 -0.005294761 -0.305783749 -0.045374181 0.799576104 0.039353970 0.597553790
874.000000 0.153684467 -0.002937540 -0.302484512 -0.042751335 0.798865616 0.036266331 0.598891318
875.000000 0.151142761 -0.000115538 -0.298816204 -0.040275294 0.798525989 0.033880137 0.599655151
876.000000 0.148713127 -0.003075156 -0.300181359 -0.039118063 0.797378480 0.032553229 0.601329863
877.000000 0.144127548 0.001649855 -0.293249637 -0.037898362 0.797051728 0.029432241 0.602001727
878.000000 0.141402185 0.002722528 -0.289882272 -0.038543332 0.795911074 0.027683167 0.603550851
879.000000 0.138312355 0.001556899 -0.287117779 -0.038429897 0.794587970 0.025083411 0.605412185
880.000000 0.136255309 -0.000737075 -0.285630047 -0.037385568 0.792942107 0.021904331 0.607754290
881.000000 0.132816792 -0.000160607 -0.285484701 -0.037114684 0.791219115 0.019966574 0.610078752
882.000000 0.129780561 -0.000830377 -0.284103185 -0.037635386 0.789283872 0.019078236 0.612576962
883.000000 0.127963111 -0.002762645 -0.280581325 -0.038804926 0.787336707 0.018290380 0.615028858
884.000000 0.124945849 -0.006103035 -0.279424012 -0.039284855 0.785157263 0.017643496 0.617797256
885.000000 0.121095121 -0.001241335 -0.275572687 -0.039113805 0.783314049 0.015984394 0.620188415
886.000000 0.119548276 -0.002888035 -0.276866496 -0.038956795 0.780553699 0.016297894 0.623660684
887.000000 0.114029944 -0.000414982 -0.268455654 -0.038359649 0.778443933 0.016116321 0.626333654
888.000000 0.112013489 -0.000345493 -0.265903175 -0.038619209 0.775161266 0.016880194 0.630356014
889.000000 0.108130842 -0.000494398 -0.267533123 -0.038009655 0.770915389 0.017488420 0.635561883
890.000000 0.106662691 -0.004629243 -0.266025215 -0.037527703 0.766542137 0.018251386 0.640836716
891.000000 0.103712827 -0.001954194 -0.260379374 -0.035709575 0.762457669 0.017869933 0.645804822
892.000000 0.103131995 -0.007190573 -0.256875604 -0.034577958 0.757755578 0.018407095 0.651361704
893.000000 0.099355444 -0.004003199 -0.259032726 -0.032037303 0.752444029 0.017788509 0.657636106
894.000000 0.095200866 -0.004016083 -0.257845521 -0.030610386 0.747890353 0.017060298 0.662896752
895.000000 0.093425095 -0.005192528 -0.258136004 -0.029667245 0.743376672 0.016848788 0.668002367
896.000000 0.092590995 -0.005647367 -0.250617504 -0.029864267 0.739799559 0.016281651 0.671967030
897.000000 0.087378636 -0.005189345 -0.253848493 -0.028953178 0.734614074 0.015862502 0.677681506
898.000000 0.091749482 -0.011162692 -0.239742771 -0.027616596 0.731513858 0.016291745 0.681072235
899.000000 0.088469803 -0.011018645 -0.240065202 -0.025877900 0.726271033 0.016359748 0.686726391
900.000000 0.088452458 -0.014706304 -0.238481551 -0.026351150 0.721770465 0.017787330 0.691401958
901.000000 0.084592789 -0.009625337 -0.236883089 -0.025685258 0.717513859 0.017104864 0.695860326
902.000000 0.082673103 -0.011996083 -0.237351820 -0.025708033 0.713309705 0.017454861 0.700159788
903.000000 0.080266438 -0.013008726 -0.237763405 -0.026436295 0.709328175 0.017264334 0.704170883
904.000000 0.077526398 -0.013640495 -0.239791468 -0.026568020 0.705056012 0.016935648 0.708451331
905.000000 0.075400889 -0.013560044 -0.237840042 -0.026931005 0.701039672 0.015610450 0.712442577
906.000000 0.070117526 -0.008918665 -0.241582707 -0.025869932 0.696429968 0.014119549 0.717019320
907.000000 0.067399107 -0.008425167 -0.243887708 -0.025914500 0.692090213 0.014035796 0.721209109
908.000000 0.064511329 -0.009800631 -0.241146266 -0.026924642 0.688560784 0.014056129 0.724542260
909.000000 0.063431159 -0.009283992 -0.237894371 -0.026966570 0.685905218 0.013698156 0.727061987
910.000000 0.062151916 -0.013621377 -0.236299679 -0.027017510 0.683004022 0.013858710 0.729783177
911.000000 0.060524974 -0.011828678 -0.233587101 -0.027001418 0.680399776 0.013636660 0.732216537
912.000000 0.056279898 -0.011049337 -0.238219261 -0.026547777 0.676825464 0.013209369 0.735546052
913.000000 0.052041709 -0.011613820 -0.237743899 -0.026127985 0.674051940 0.012437566 0.738116920
914.000000 0.051418588 -0.012279752 -0.233477548 -0.026134942 0.671617329 0.011496989 0.740347803
915.000000 0.048523046 -0.011447407 -0.235753164 -0.025367470 0.668458700 0.011147148 0.743232965
916.000000 0.045419991 -0.010987342 -0.237269551 -0.024883015 0.665423810 0.011208398 0.745966733
917.000000 0.043027401 -0.010662116 -0.236616388 -0.025087260 0.663107336 0.011691630 0.748012424
918.000000 0.042328469 -0.011817428 -0.234531626 -0.025152268 0.661075532 0.011835589 0.749804258
919.000000 0.039699003 -0.013326897 -0.236119837 -0.024528490 0.658533454 0.011532049 0.752063215
920.000000 0.037375476 -0.014643091 -0.237181708 -0.023492672 0.656313062 0.011659619 0.754032731
921.000000 0.035569713 -0.010013481 -0.235986397 -0.021555491 0.654718459 0.010377873 0.755494118
922.000000 0.036901087 -0.017072521 -0.233957842 -0.020180203 0.653227985 0.010278558 0.756822467
923.000000 0.033125512 -0.012118608 -0.236519620 -0.017609186 0.651174009 0.008250316 0.758679271
924.000000 0.031414583 -0.011136102 -0.238118887 -0.016146502 0.649796665 0.007403803 0.759900510
925.000000 0.030988339 -0.012906193 -0.236742467 -0.015817620 0.648595870 0.007488027 0.760931790
926.000000 0.029832240 -0.013981940 -0.235969305 -0.015273442 0.646955073 0.006928639 0.762343705
927.000000 0.028686205 -0.011710003 -0.235128284 -0.013950934 0.645581424 0.005514552 0.763544083
928.000000 0.026680583 -0.009191839 -0.235962823 -0.011811950 0.643956780 0.003646288 0.764962018
929.000000 0.026247818 -0.010779651 -0.234413400 -0.010971338 0.642697394 0.002131659 0.766038597
930.000000 0.026427995 -0.013000340 -0.232916489 -0.010621442 0.642023444 0.000774592 0.766611040
931.000000 0.024916602 -0.010284985 -0.232690334 -0.009056757 0.641560078 -0.000713413 0.767018974
932.000000 0.025646875 -0.015692273 -0.234137535 -0.008610979 0.641227841 -0.001080398 0.767301440
933.000000 0.023098715 -0.013586743 -0.233783737 -0.006622229 0.641077697 -0.002711443 0.767442644
934.000000 0.022692457 -0.014780286 -0.231274396 -0.004518112 0.641462684 -0.004383225 0.767128348
935.000000 0.021962732 -0.011224363 -0.234287575 -0.002167197 0.641041636 -0.006225103 0.767477810
936.000000 0.021825507 -0.010899469 -0.235604540 -0.000964374 0.640789926 -0.007333541 0.767680645
937.000000 0.020402424 -0.008337071 -0.237204105 0.000618018 0.640533686 -0.008601808 0.767881632
938.000000 0.020845005 -0.010772457 -0.236716464 0.000952616 0.640666902 -0.008919830 0.767766535
939.000000 0.021396391 -0.010610349 -0.233273491 0.001104247 0.641601801 -0.009867187 0.766973615
940.000000 0.021125099 -0.011415787 -0.235515803 0.001790864 0.642047822 -0.010683510 0.766588092
941.000000 0.021057483 -0.011438329 -0.234774902 0.002756709 0.642901301 -0.011882061 0.765851915
942.000000 0.021730348 -0.009939068 -0.235233396 0.004319114 0.643359363 -0.013490595 0.765433252
943.000000 0.020597883 -0.008704378 -0.236730680 0.005551713 0.643513441 -0.015020731 0.765267253
944.000000 0.020901782 -0.011424338 -0.236266360 0.006293562 0.643961430 -0.016199589 0.764860511
945.000000 0.019798223 -0.008235670 -0.237208486 0.008260922 0.644201279 -0.017701993 0.764606535
946.000000 0.021604734 -0.014229101 -0.235194609 0.008334823 0.645097792 -0.017922096 0.763844371
947.000000 0.022163115 -0.013606546 -0.236523554 0.009657186 0.645656943 -0.019143224 0.763326526
948.000000 0.022156172 -0.015368209 -0.236350343 0.010641025 0.646298409 -0.020154087 0.762744367
949.000000 0.021958061 -0.015597138 -0.236139581 0.011544560 0.646718502 -0.020984648 0.762352645
950.000000 0.022408083 -0.017710933 -0.233746007 0.012005837 0.647201061 -0.021463074 0.761922538
951.000000 0.021559743 -0.013418491 -0.235919863 0.013815246 0.647186399 -0.023228114 0.761852562
952.000000 0.021715246 -0.013110825 -0.236915737 0.014662520 0.647300899 -0.024064420 0.761713505
953.000000 0.022867041 -0.015770635 -0.235393196 0.014951669 0.647870779 -0.023951717 0.761226773
954.000000 0.022498162 -0.017316930 -0.236309648 0.015788190 0.648004234 -0.024334962 0.761084080
955.000000 0.023075327 -0.015055954 -0.235763147 0.017027134 0.648482919 -0.024872746 0.760632157
956.000000 0.023552902 -0.016916636 -0.235736340 0.017657770 0.648778975 -0.024916351 0.760363877
957.000000 0.023441885 -0.015550853 -0.236693442 0.019200953 0.649214149 -0.024620024 0.759964526
958.000000 0.024684444 -0.014347202 -0.236784875 0.020438654 0.649477303 -0.024425460 0.759713709
959.000000 0.025407750 -0.014694126 -0.237221420 0.021152422 0.649959326 -0.023844954 0.759300232
960.000000 0.024654428 -0.014533840 -0.238618389 0.021696225 0.650043726 -0.023585333 0.759220779
961.000000 0.024390602 -0.013621181 -0.240776181 0.022894250 0.650199056 -0.023312433 0.759060979
962.000000 0.025987595 -0.014605111 -0.236893639 0.023825970 0.651335359 -0.022848982 0.758071542
963.000000 0.026357446 -0.013973554 -0.236008361 0.025022751 0.652076185 -0.022612780 0.757402897
964.000000 0.025467575 -0.013376979 -0.238011569 0.025759185 0.652500451 -0.023102392 0.756997943
965.000000 0.026814353 -0.014454691 -0.237682313 0.026362909 0.653323531 -0.023261789 0.756262064
