0.000000 0.000000000 0.000000000 0.000000000 0.000000000 0.000000000 0.000000000 1.000000000
1.000000 -0.000702626 -0.000087140 0.000638484 0.001795936 -0.000535530 0.000243354 0.999998212
2.000000 -0.002101622 0.008852839 -0.001157783 0.003079596 -0.000526364 -0.000010476 0.999995112
3.000000 -0.000890202 0.006734432 -0.000609760 0.000893649 -0.000858342 0.000062473 0.999999225
4.000000 -0.001566975 0.006237617 -0.001298082 0.000648600 -0.000229995 -0.000189483 0.999999762
5.000000 -0.001500656 0.008859031 -0.001225855 0.000568093 0.000311419 -0.000424532 0.999999702
6.000000 -0.000780282 0.008122693 -0.001718637 -0.000788654 0.000362805 -0.000789142 0.999999285
7.000000 -0.001758476 0.005700306 -0.001394955 -0.001713160 0.000540958 -0.000611159 0.999998212
8.000000 -0.000478694 0.005139818 -0.000823031 -0.000970894 0.000216320 -0.000447617 0.999999404
9.000000 0.000480706 0.006973750 -0.001125220 -0.000604319 0.000077626 -0.000562332 0.999999642
10.000000 -0.001032563 0.004854647 -0.000653381 -0.001361834 0.000353206 -0.000499698 0.999998868
11.000000 -0.000051479 0.001790864 0.000181904 -0.001123230 0.000199505 -0.000383665 0.999999285
12.000000 -0.000350041 0.000429276 0.000775458 -0.000001596 0.000386201 -0.000162765 0.999999881
13.000000 -0.000964918 0.001285590 0.000933790 0.001203577 0.000380215 0.000180757 0.999999166
14.000000 0.000414207 -0.000460412 0.001737202 0.001649884 -0.000170330 0.000744957 0.999998331
15.000000 -0.000256011 0.000589307 0.001224929 0.002462086 -0.000279552 0.000976998 0.999996424
16.000000 -0.001577310 0.001242318 0.001683770 0.002725369 -0.000153645 0.001034602 0.999995708
17.000000 -0.000177949 0.002569749 0.001366835 0.002919876 -0.000733602 0.000902033 0.999995053
18.000000 0.000000982 0.001964443 -0.000222988 0.002342863 -0.000903238 0.000267900 0.999996781
19.000000 0.000321639 0.003206140 0.000561988 0.002075325 -0.000926980 -0.000471485 0.999997318
20.000000 -0.001465808 0.003598649 0.000448085 0.001331089 -0.000417311 -0.001296117 0.999998212
21.000000 -0.001211959 0.003445263 0.000090949 0.000891515 -0.000190953 -0.001788883 0.999997973
22.000000 -0.002429055 0.004514320 -0.000113767 0.000740435 -0.000052907 -0.002156963 0.999997377
23.000000 -0.003225570 0.004172774 0.000273906 0.000228373 -0.000090742 -0.002408716 0.999997079
24.000000 -0.002995105 0.004383811 0.000106147 0.000175210 -0.000408413 -0.002495887 0.999996781
25.000000 -0.002519367 0.003195973 -0.000052823 0.000091835 -0.000876385 -0.002613296 0.999996185
26.000000 -0.002066378 0.002095620 0.000342379 0.000194874 -0.000962812 -0.002741288 0.999995768
27.000000 -0.002729872 0.004424129 -0.000285681 0.000741246 -0.000944456 -0.003082550 0.999994516
28.000000 -0.003802625 0.001522429 0.000717385 0.000095780 -0.000724503 -0.003253889 0.999994457
29.000000 -0.003833070 0.001228660 0.000388225 0.000289160 -0.000651346 -0.003607189 0.999993265
30.000000 -0.005001156 0.001308201 0.001019359 0.000605367 -0.000405540 -0.003899029 0.999992132
31.000000 -0.005795745 0.003541141 0.000548999 0.000877267 -0.000301775 -0.004058034 0.999991357
32.000000 -0.005304057 0.002627392 0.000658666 -0.000093968 -0.000519322 -0.004449672 0.999989986
33.000000 -0.007496605 0.003571539 0.001079672 0.000160640 -0.000332194 -0.004803103 0.999988377
34.000000 -0.007711855 0.006241111 0.000371124 0.000118299 -0.000205783 -0.005155792 0.999986708
35.000000 -0.008511947 0.006895752 0.000160558 -0.000552501 0.000295484 -0.005332244 0.999985576
36.000000 -0.009140565 0.005810177 0.000455698 -0.000964236 0.001301903 -0.005325201 0.999984503
37.000000 -0.010564543 0.007210484 0.000824149 -0.000766938 0.002418784 -0.005230136 0.999983072
38.000000 -0.012291747 0.012093738 0.000473577 -0.001009569 0.003634553 -0.004838932 0.999981165
39.000000 -0.013181522 0.009023898 0.001491884 -0.003399523 0.004433887 -0.003955449 0.999976575
40.000000 -0.014991784 0.007538879 0.003150078 -0.004073073 0.004744063 -0.002889276 0.999976277
41.000000 -0.015383177 0.006866680 0.004092854 -0.003539832 0.004857312 -0.002007080 0.999979913
42.000000 -0.016437687 0.008135116 0.005679676 -0.003224560 0.005127028 -0.001471108 0.999980569
43.000000 -0.017159462 0.007372278 0.007793112 -0.003071022 0.005438311 -0.001125130 0.999979854
44.000000 -0.018901184 0.007502697 0.009743392 -0.002337996 0.006442918 -0.001532240 0.999975324
45.000000 -0.020285353 0.010155329 0.012469665 -0.002052070 0.007421407 -0.002503445 0.999967217
46.000000 -0.020423407 0.012410289 0.014639912 -0.002777126 0.008512788 -0.003709122 0.999953032
47.000000 -0.020405825 0.011335978 0.019090513 -0.003766175 0.009423545 -0.005107773 0.999935448
48.000000 -0.020914374 0.015806643 0.023214482 -0.003965760 0.009989488 -0.006914351 0.999918342
49.000000 -0.020613493 0.016821396 0.028202558 -0.005817523 0.010375217 -0.008879718 0.999889851
50.000000 -0.020394107 0.015857795 0.033930365 -0.007448165 0.010830218 -0.010523819 0.999858201
51.000000 -0.018697359 0.015523041 0.040099762 -0.008043756 0.010672827 -0.012151149 0.999836862
52.000000 -0.016511839 0.019421032 0.045815390 -0.008257643 0.010319519 -0.013308143 0.999824107
53.000000 -0.014314427 0.020734005 0.051831614 -0.009702880 0.010184552 -0.014602697 0.999794424
54.000000 -0.012781689 0.019181132 0.059905086 -0.011297021 0.009944247 -0.015431573 0.999767661
55.000000 -0.011506649 0.017496521 0.068136007 -0.011947602 0.008840307 -0.016043916 0.999760807
56.000000 -0.008019603 0.016942687 0.076067440 -0.011912921 0.006933732 -0.017115671 0.999758482
57.000000 -0.005868630 0.012790517 0.085058868 -0.011931562 0.005536935 -0.018452816 0.999743223
58.000000 -0.002104316 0.012429409 0.094021395 -0.010138849 0.004004475 -0.020066952 0.999739230
59.000000 0.001256442 0.016495435 0.102397062 -0.008511110 0.002617472 -0.022600563 0.999704897
60.000000 0.005395080 0.015419801 0.111560389 -0.008497766 0.001224261 -0.025133541 0.999647260
61.000000 0.007321322 0.014267802 0.120857060 -0.008168302 0.000062252 -0.027749060 0.999581516
62.000000 0.012456140 0.014448204 0.130210921 -0.007817950 -0.002027525 -0.030105254 0.999514103
63.000000 0.016249487 0.014666261 0.139799178 -0.007522129 -0.004257120 -0.032448985 0.999436021
64.000000 0.019788355 0.015080868 0.148972794 -0.007142513 -0.006692930 -0.035346564 0.999327183
65.000000 0.026429987 0.017612489 0.158285171 -0.007395019 -0.009302259 -0.038716067 0.999179602
66.000000 0.033097405 0.010609722 0.169097915 -0.008936136 -0.011740652 -0.041907884 0.999012530
67.000000 0.034883078 0.007797074 0.177551791 -0.007299120 -0.013712827 -0.045789875 0.998830318
68.000000 0.038910691 0.009741306 0.186675429 -0.005478880 -0.016238604 -0.048898648 0.998656690
69.000000 0.044643417 0.011392307 0.194905221 -0.005089635 -0.019110316 -0.051546238 0.998474777
70.000000 0.048020758 0.007489059 0.204958379 -0.005706768 -0.022085594 -0.053336039 0.998316050
71.000000 0.052649684 0.007540697 0.214263499 -0.005119633 -0.025267014 -0.054711509 0.998169363
72.000000 0.055208571 0.012621222 0.221939221 -0.004656089 -0.027720753 -0.055867400 0.998042464
73.000000 0.060375173 0.008674235 0.231175482 -0.005527329 -0.031211643 -0.057593089 0.997836828
74.000000 0.064813085 0.005536638 0.241145909 -0.004763279 -0.034709539 -0.059773061 0.997596979
75.000000 0.068652771 0.009652851 0.247988209 -0.003055332 -0.038234044 -0.063002177 0.997276068
76.000000 0.072830006 0.012484417 0.256092191 -0.003576838 -0.041706361 -0.066137187 0.996932149
77.000000 0.077381901 0.008650681 0.265549928 -0.005235939 -0.045237865 -0.069780543 0.996522307
78.000000 0.079960629 0.004255233 0.274119675 -0.005586899 -0.048091967 -0.073055543 0.996152043
79.000000 0.083555199 0.010924948 0.281169385 -0.004134686 -0.051435739 -0.075925097 0.995777428
80.000000 0.087776423 0.011226743 0.289944977 -0.004881229 -0.055869289 -0.079257734 0.995275319
81.000000 0.088755339 0.011053089 0.299013615 -0.005550633 -0.059644289 -0.082817018 0.994762838
82.000000 0.092453465 0.010893855 0.307821274 -0.006527606 -0.064058520 -0.086724572 0.994149268
83.000000 0.095457479 0.010726192 0.316288829 -0.008467784 -0.068105847 -0.089820348 0.993590534
84.000000 0.096519440 0.009769070 0.325420022 -0.010063444 -0.072072208 -0.092594355 0.993041098
85.000000 0.098831750 0.008888401 0.334377795 -0.010709199 -0.076528125 -0.095293224 0.992445469
86.000000 0.096921042 0.008286790 0.343169183 -0.010961642 -0.080140181 -0.098296180 0.991864562
87.000000 0.104925901 0.009767611 0.352714360 -0.010331052 -0.085244358 -0.101383492 0.991134703
88.000000 0.107154436 0.008554841 0.362820446 -0.010528225 -0.088720165 -0.104356706 0.990518808
89.000000 0.108916849 0.007391091 0.372577220 -0.010118463 -0.092048436 -0.107622243 0.989869773
90.000000 0.111762241 0.008598457 0.382685691 -0.009072116 -0.095526271 -0.111195616 0.989155173
91.000000 0.113959409 0.007636895 0.393638372 -0.009277678 -0.098669462 -0.114229500 0.988498807
92.000000 0.113744624 0.009791806 0.403665781 -0.009272480 -0.101762556 -0.116305105 0.987943053
93.000000 0.116832376 0.008005736 0.414610267 -0.010358276 -0.105834782 -0.117714114 0.987337351
94.000000 0.119797021 0.007687332 0.424668521 -0.010832452 -0.110174194 -0.119488835 0.986644149
95.000000 0.121710919 0.006749958 0.436001062 -0.011951261 -0.114933260 -0.121835753 0.985800982
96.000000 0.123815186 0.000655865 0.448097497 -0.012869033 -0.119879544 -0.125333771 0.984761238
97.000000 0.123668484 -0.004555730 0.459389389 -0.012309223 -0.123895742 -0.128738433 0.983831644
98.000000 0.134916544 -0.000892280 0.468159497 -0.010685165 -0.129220322 -0.132508293 0.982664526
99.000000 0.134874657 -0.006453855 0.479968965 -0.010405342 -0.133200616 -0.136076391 0.981647849
100.000000 0.136292905 -0.009598078 0.491191566 -0.008038818 -0.137427762 -0.138866991 0.980696142
101.000000 0.138605937 -0.009075847 0.500970364 -0.005515717 -0.141610160 -0.141181096 0.979787767
102.000000 0.139882207 -0.013385206 0.512055874 -0.003931346 -0.146204203 -0.143341720 0.978806436
103.000000 0.141952902 -0.014941521 0.522942722 -0.000951231 -0.151122630 -0.145522296 0.977744520
104.000000 0.142455518 -0.016198836 0.531669021 0.001327164 -0.155097157 -0.147735760 0.976789236
105.000000 0.143151522 -0.018956186 0.541176081 0.003639068 -0.158957571 -0.149485812 0.975896120
106.000000 0.144262284 -0.016688220 0.550190866 0.006349265 -0.162855864 -0.150964022 0.975011528
107.000000 0.146271795 -0.026411625 0.558724403 0.006399241 -0.167350411 -0.153109297 0.973914981
108.000000 0.147224918 -0.029667050 0.567638457 0.008268885 -0.171813130 -0.154660597 0.972878218
109.000000 0.147782117 -0.031404041 0.576240003 0.011027165 -0.176889122 -0.155253366 0.971846223
110.000000 0.148686469 -0.032322895 0.585023344 0.013484256 -0.182980344 -0.155365810 0.970668733
111.000000 0.148959398 -0.034315731 0.593917787 0.015486933 -0.189047813 -0.155417696 0.969467103
112.000000 0.148459971 -0.037759643 0.602468371 0.017225413 -0.195114717 -0.155954957 0.968148530
113.000000 0.148201525 -0.036838673 0.610565364 0.019824617 -0.201113343 -0.156574711 0.966770291
114.000000 0.149627790 -0.036504038 0.619136453 0.021727746 -0.207115144 -0.157458752 0.965317547
115.000000 0.148081481 -0.036348023 0.628517747 0.023528395 -0.212211192 -0.158736050 0.963958323
116.000000 0.152085632 -0.038053259 0.635196209 0.025111692 -0.218361720 -0.159208968 0.962465644
117.000000 0.152232528 -0.038502228 0.645229757 0.026334275 -0.224982187 -0.159944415 0.960784733
118.000000 0.152437598 -0.040439773 0.654762506 0.027917828 -0.231976137 -0.160402223 0.958998859
119.000000 0.154751167 -0.040321603 0.665000319 0.029827755 -0.238564447 -0.161432505 0.957150400
120.000000 0.153801858 -0.041994631 0.674845338 0.030767070 -0.244750768 -0.162982985 0.955294192
121.000000 0.155510187 -0.041814368 0.686150670 0.032732349 -0.251806289 -0.164969578 0.953051567
122.000000 0.151406586 -0.044845175 0.695497274 0.033541664 -0.257654279 -0.166500092 0.951192379
123.000000 0.153266788 -0.045773052 0.705757499 0.034928922 -0.264141738 -0.167402968 0.949202478
124.000000 0.155855983 -0.046743743 0.718611479 0.036481660 -0.271450371 -0.168562248 0.946874082
125.000000 0.158320755 -0.046949618 0.727671504 0.038370270 -0.277954936 -0.169606477 0.944723487
126.000000 0.159903169 -0.046900563 0.738822222 0.039523553 -0.283982813 -0.171470255 0.942544222
127.000000 0.158797354 -0.050423313 0.748286724 0.040276706 -0.289519072 -0.173867822 0.940386355
128.000000 0.162451714 -0.050000679 0.760127366 0.042199597 -0.295887768 -0.175215513 0.938066721
129.000000 0.164683998 -0.049037591 0.769179344 0.042588744 -0.301469445 -0.176637396 0.936002970
130.000000 0.165943027 -0.049741231 0.779282033 0.041679982 -0.307162106 -0.178177446 0.933898807
131.000000 0.164183319 -0.054591350 0.787908137 0.040650412 -0.312981635 -0.179178789 0.931818128
132.000000 0.164941818 -0.051950041 0.796982646 0.041152928 -0.318931758 -0.180799693 0.929462433
133.000000 0.167630136 -0.056344151 0.806620836 0.040537246 -0.325407714 -0.183196589 0.926771581
134.000000 0.166995645 -0.056451179 0.814802945 0.041568950 -0.331413358 -0.185216591 0.924192667
135.000000 0.169441998 -0.054956637 0.822936535 0.042017803 -0.338246524 -0.187050655 0.921322882
136.000000 0.170729339 -0.055175684 0.831192911 0.041214373 -0.345174879 -0.188743755 0.918439746
137.000000 0.172496855 -0.055223897 0.839786768 0.040480670 -0.351780087 -0.189407676 0.915825784
138.000000 0.171931684 -0.055769861 0.846251845 0.040342912 -0.358794242 -0.189390436 0.913110316
139.000000 0.173349053 -0.054571260 0.855566263 0.040617447 -0.367128342 -0.189135179 0.909832358
140.000000 0.171018481 -0.055180162 0.870917916 0.037969004 -0.382211924 -0.189556256 0.903626442
141.000000 0.173022747 -0.051814940 0.878646851 0.038019087 -0.390649766 -0.188725621 0.900183260
142.000000 0.168920249 -0.051960226 0.885540605 0.036415000 -0.398066103 -0.188071683 0.897132277
143.000000 0.168286949 -0.051879440 0.892059326 0.035307366 -0.405672669 -0.187588006 0.893864572
144.000000 0.164244235 -0.051261593 0.897304177 0.035023831 -0.412309527 -0.187151209 0.890925705
145.000000 0.164206266 -0.050581839 0.902751565 0.035843760 -0.419772953 -0.185929626 0.887657642
146.000000 0.162191331 -0.048681047 0.908895493 0.037271507 -0.427211076 -0.185909569 0.884047031
147.000000 0.157586008 -0.045572568 0.912649810 0.037318800 -0.433458924 -0.186396092 0.880895674
148.000000 0.154347003 -0.046881635 0.919205904 0.036410291 -0.440558076 -0.186941072 0.877288938
149.000000 0.150194526 -0.046586674 0.926232457 0.036023051 -0.447313547 -0.187419876 0.873777270
150.000000 0.147059202 -0.046098098 0.933890164 0.035837121 -0.453912705 -0.187718511 0.870310724
151.000000 0.141680866 -0.044998772 0.938552082 0.035917509 -0.459863514 -0.187585145 0.867206633
152.000000 0.137979805 -0.045816928 0.947193921 0.036399126 -0.467123926 -0.187800333 0.863250494
153.000000 0.133300424 -0.043546863 0.954408646 0.037282608 -0.473531604 -0.187689677 0.859738588
154.000000 0.124715298 -0.044999294 0.960829854 0.037294831 -0.479083389 -0.188326478 0.856517017
155.000000 0.117071390 -0.042087432 0.974708140 0.037306260 -0.489311069 -0.187936679 0.850801229
156.000000 0.111488998 -0.042994600 0.981930375 0.036233101 -0.495038867 -0.188052073 0.847502291
157.000000 0.106710166 -0.040532950 0.989274025 0.036343481 -0.501002252 -0.187883958 0.844023407
158.000000 0.100460380 -0.041220427 0.996003807 0.035529755 -0.506909847 -0.189139664 0.840241730
159.000000 0.095472306 -0.041976590 1.003408551 0.035096072 -0.512772262 -0.189949095 0.836511910
160.000000 0.089671761 -0.041466236 1.010169864 0.035743307 -0.518489242 -0.191237599 0.832658112
161.000000 0.082691789 -0.041744303 1.016148090 0.035568122 -0.523532212 -0.193433762 0.828994811
162.000000 0.077501953 -0.041632332 1.022103310 0.034702826 -0.528666019 -0.194664225 0.825477898
163.000000 0.071235895 -0.042394552 1.027881145 0.034253843 -0.534476817 -0.195686609 0.821503460
164.000000 0.065378934 -0.042217176 1.034709215 0.033779968 -0.540564895 -0.196856618 0.817249000
165.000000 0.059495986 -0.043493740 1.040986300 0.032220330 -0.546310008 -0.197376162 0.813357174
166.000000 0.054341793 -0.044884898 1.049200416 0.031496923 -0.552404165 -0.196963161 0.809359670
167.000000 0.049339056 -0.043372512 1.054515243 0.031856574 -0.557891250 -0.197041288 0.805553973
168.000000 0.043324769 -0.042897616 1.059564710 0.030919299 -0.562795758 -0.198146492 0.801899552
169.000000 0.038373351 -0.042394295 1.064060569 0.030558327 -0.567920685 -0.197935730 0.798344374
170.000000 0.035632074 -0.041061722 1.065937042 0.030599680 -0.572875738 -0.198055029 0.794764876
171.000000 0.032329917 -0.039625313 1.069022655 0.028938541 -0.578077912 -0.198210835 0.791012585
172.000000 0.028618664 -0.038005084 1.072625637 0.026798319 -0.583156645 -0.198080897 0.787384331
173.000000 0.024722993 -0.036671847 1.077350497 0.025069205 -0.588870227 -0.196905494 0.783474028
174.000000 0.021497339 -0.034217719 1.081349134 0.023411522 -0.594952464 -0.195423841 0.779290080
175.000000 0.018117666 -0.033165816 1.083852053 0.021262104 -0.600619972 -0.194237635 0.775290430
176.000000 0.015256643 -0.030327760 1.086953640 0.019578956 -0.606807411 -0.192542046 0.770927310
177.000000 0.012080207 -0.028363455 1.088388085 0.017701430 -0.612947166 -0.191623792 0.766330659
178.000000 0.009771183 -0.026283048 1.092255116 0.016206060 -0.619532764 -0.190591440 0.761308968
179.000000 0.010140583 -0.026746113 1.095800877 0.014721792 -0.626175463 -0.189047113 0.756272912
180.000000 0.007853135 -0.025739394 1.097161055 0.012952567 -0.632342339 -0.187605277 0.751518190
181.000000 0.005797371 -0.025461961 1.099958062 0.011115411 -0.638829470 -0.186123908 0.746412277
182.000000 0.002597183 -0.023056194 1.099811196 0.010315232 -0.645105839 -0.184588030 0.741390109
183.000000 -0.001571819 -0.020610306 1.102169991 0.008390425 -0.658918083 -0.182028815 0.729809582
184.000000 -0.003354609 -0.019072186 1.103242874 0.008899830 -0.666258335 -0.180502683 0.723491132
185.000000 -0.006589226 -0.017245209 1.105778456 0.008891630 -0.672977865 -0.179790750 0.717423916
186.000000 -0.008279599 -0.018434353 1.110128403 0.007928863 -0.679503441 -0.180475712 0.711084187
187.000000 -0.012111381 -0.016151559 1.113257885 0.007317757 -0.685536861 -0.180727214 0.705211520
188.000000 -0.010351989 -0.017673787 1.118698359 0.005685560 -0.691893220 -0.182253152 0.698595107
189.000000 -0.011186279 -0.018455062 1.123387814 0.004499954 -0.697763085 -0.184400111 0.692172706
190.000000 -0.011208775 -0.018876825 1.128175855 0.005638621 -0.704033256 -0.185426876 0.685508668
191.000000 -0.011913657 -0.018297790 1.133351088 0.007191467 -0.710211158 -0.185852513 0.678975105
192.000000 -0.012251850 -0.020655992 1.142626524 0.006436557 -0.716534317 -0.186356902 0.672166824
193.000000 -0.013059694 -0.020364422 1.146396518 0.005972879 -0.721680164 -0.187270656 0.666387081
194.000000 -0.012703896 -0.020852746 1.150312901 0.005691376 -0.727037549 -0.187473640 0.660482883
195.000000 -0.012918502 -0.019632110 1.153834820 0.005374585 -0.732068658 -0.187304780 0.654953063
196.000000 -0.013273962 -0.018775400 1.156553626 0.004560531 -0.736866295 -0.187194169 0.649588823
197.000000 -0.013491504 -0.017348336 1.160141349 0.003845685 -0.741921604 -0.187175781 0.643818915
198.000000 -0.013082981 -0.016625810 1.158861160 0.003673859 -0.746175349 -0.187253654 0.638862133
199.000000 -0.012596965 -0.016439281 1.164088964 0.002746024 -0.751195133 -0.185898542 0.633356273
200.000000 -0.012594551 -0.016367648 1.166998386 0.001279100 -0.755654335 -0.185456008 0.628164768
201.000000 -0.012400776 -0.016088635 1.167949080 0.000328859 -0.760052979 -0.184939876 0.622990072
202.000000 -0.012774840 -0.015973914 1.167288184 0.000080589 -0.764128745 -0.184451729 0.618130147
203.000000 -0.012948439 -0.015701190 1.169641495 -0.000287642 -0.768581212 -0.183228746 0.612951934
204.000000 -0.013370305 -0.016236413 1.171352625 -0.000622851 -0.772712409 -0.182004109 0.608103275
205.000000 -0.014059290 -0.016490340 1.172031522 -0.001144931 -0.776797414 -0.180660516 0.603279591
206.000000 -0.014210165 -0.016954988 1.173116684 -0.001380880 -0.781117260 -0.178437427 0.598342717
207.000000 -0.014657781 -0.017597400 1.173084378 -0.001263743 -0.785152674 -0.176250055 0.593691528
208.000000 -0.015134484 -0.016816415 1.173429608 -0.001971613 -0.789059758 -0.173957616 0.589168549
209.000000 -0.015460789 -0.016340055 1.173856258 -0.003244812 -0.792728961 -0.172594145 0.584620893
210.000000 -0.016230673 -0.017517507 1.173228145 -0.004633996 -0.796073198 -0.171901211 0.580255091
211.000000 -0.017035544 -0.017432034 1.171066165 -0.005710269 -0.799312353 -0.170647442 0.576148033
212.000000 -0.017147034 -0.017624721 1.170207262 -0.006762525 -0.802821398 -0.168902770 0.571755171
213.000000 -0.017640740 -0.017439768 1.168603539 -0.007671233 -0.805902541 -0.167647749 0.567764401
214.000000 -0.018745333 -0.017261662 1.166991949 -0.008320363 -0.808713734 -0.166582763 0.564059556
215.000000 -0.019440234 -0.017607234 1.165272355 -0.008593310 -0.811626673 -0.164908230 0.560351372
216.000000 -0.020275474 -0.018963993 1.163933992 -0.009054776 -0.814714849 -0.163142800 0.556365192
217.000000 -0.021148652 -0.019720547 1.161844611 -0.009414671 -0.817796052 -0.161201701 0.552390218
218.000000 -0.023951858 -0.017517261 1.159179568 -0.008940648 -0.820746124 -0.159124732 0.548612118
219.000000 -0.022460371 -0.025830373 1.157200813 -0.009698736 -0.823672891 -0.158120736 0.544487596
220.000000 -0.022934586 -0.026371665 1.155377865 -0.008791939 -0.826488972 -0.156218797 0.540772080
221.000000 -0.024383813 -0.027233303 1.153600931 -0.007494884 -0.829159498 -0.154533267 0.537175834
222.000000 -0.026101679 -0.028223604 1.151591063 -0.006239474 -0.831584692 -0.152450234 0.534029007
223.000000 -0.027623981 -0.027009323 1.149338603 -0.005535527 -0.833920836 -0.149828076 0.531127989
224.000000 -0.029178679 -0.028293408 1.146879673 -0.005700639 -0.836433947 -0.147537827 0.527805269
225.000000 -0.030714393 -0.029355511 1.144191146 -0.005400816 -0.839208126 -0.145118132 0.524062276
226.000000 -0.032542139 -0.029687487 1.141413689 -0.005190330 -0.841876328 -0.142796457 0.520410061
227.000000 -0.033685833 -0.030225247 1.138459325 -0.004557127 -0.844428062 -0.140251741 0.516962171
228.000000 -0.034015357 -0.031024471 1.136299133 -0.004213813 -0.846640646 -0.137641668 0.514039516
229.000000 -0.035611540 -0.031968594 1.132359624 -0.004383265 -0.848347366 -0.135754138 0.511720896
230.000000 -0.038057894 -0.034602322 1.129117131 -0.004978335 -0.850400746 -0.133657962 0.508850992
231.000000 -0.040448874 -0.034504861 1.126215100 -0.004399627 -0.852405906 -0.131079063 0.506165028
232.000000 -0.043234557 -0.033290021 1.123650312 -0.002899193 -0.854328156 -0.128257483 0.503651619
233.000000 -0.045519918 -0.035389118 1.120144606 -0.001861198 -0.855983198 -0.125591516 0.501513720
234.000000 -0.047614872 -0.035423055 1.116880655 0.000344180 0.857298851 0.123359837 -0.499820888
235.000000 -0.050039291 -0.037807085 1.113177180 -0.001197800 0.858430803 0.121586375 -0.498308986
236.000000 -0.049759090 -0.043783389 1.107225299 -0.001708810 0.859038770 0.120180629 -0.497600317
237.000000 -0.053412765 -0.050394833 1.100441456 -0.004541888 0.861025095 0.116164178 -0.495097041
238.000000 -0.056794912 -0.053727798 1.096609354 -0.006234019 0.862247646 0.113531411 -0.493559211
239.000000 -0.060431063 -0.056683190 1.092363834 -0.008580228 0.863598526 0.110699877 -0.491802305
240.000000 -0.067238867 -0.055062480 1.088153601 -0.011559599 0.865064919 0.106812030 -0.490020603
241.000000 -0.070145488 -0.062369011 1.084773898 -0.013458116 0.866355062 0.103572614 -0.488385648
242.000000 -0.073958457 -0.059199579 1.080040693 -0.016118353 0.867358148 0.099270999 -0.487417012
243.000000 -0.077812642 -0.062722258 1.076417685 -0.017968046 0.868314743 0.095876493 -0.486327469
244.000000 -0.081102103 -0.065619715 1.074194789 -0.018841894 0.869182289 0.092541091 -0.485389858
245.000000 -0.084569544 -0.068440765 1.069217920 -0.018862324 0.870035231 0.089771003 -0.484380126
246.000000 -0.088866919 -0.071459420 1.065701246 -0.019181767 0.871165633 0.086542271 -0.482921213
247.000000 -0.091424912 -0.072759137 1.058904648 -0.020166785 0.872071743 0.082887173 -0.481885821
248.000000 -0.093700856 -0.076859593 1.052630663 -0.021332711 0.872921050 0.079668447 -0.480839580
249.000000 -0.097631186 -0.074820407 1.041929722 -0.022393953 0.873406470 0.075842388 -0.480528444
250.000000 -0.099777997 -0.080833033 1.036321282 -0.023448331 0.874442220 0.072850831 -0.479054987
251.000000 -0.102925032 -0.082420088 1.029605269 -0.025083059 0.875734627 0.068913348 -0.477190375
252.000000 -0.104067445 -0.085122138 1.025716186 -0.027056098 0.877033472 0.065550797 -0.475166678
253.000000 -0.106924891 -0.089099139 1.019743443 -0.029076621 0.878423393 0.062491249 -0.472886592
254.000000 -0.110293061 -0.090168022 1.013833523 -0.031557649 0.879800737 0.058695164 -0.470648140
255.000000 -0.114470690 -0.093999855 1.010991693 -0.033456050 0.881330967 0.055317137 -0.468056023
256.000000 -0.115592420 -0.095876299 1.003046274 -0.035875466 0.882425487 0.051857952 -0.466206998
257.000000 -0.119671136 -0.098109007 0.999871135 -0.037709236 0.883961797 0.049225818 -0.463428915
258.000000 -0.125622392 -0.101169169 0.993511140 -0.038697448 0.885345757 0.047448225 -0.460884005
259.000000 -0.128580242 -0.103676096 0.988290787 -0.039690137 0.886836410 0.044597343 -0.458210588
260.000000 -0.131778806 -0.105664246 0.982515454 -0.041372444 0.888429940 0.041448485 -0.455261022
261.000000 -0.134653747 -0.106409863 0.977497339 -0.043077134 0.889875948 0.038777716 -0.452505738
262.000000 -0.138498545 -0.106331296 0.972374618 -0.044053297 0.891431272 0.036226630 -0.449552298
263.000000 -0.141573399 -0.110541135 0.966630697 -0.044759259 0.893176556 0.034438055 -0.446145982
264.000000 -0.143953323 -0.111422308 0.961942315 -0.046542995 0.894968450 0.031613048 -0.442567259
265.000000 -0.146587700 -0.110313483 0.956482649 -0.048524983 0.896437049 0.029463083 -0.439520061
266.000000 -0.151045054 -0.112272158 0.951922238 -0.049359426 0.897984087 0.028651729 -0.436311036
267.000000 -0.154972434 -0.111911476 0.946513295 -0.050330732 0.899609685 0.026994227 -0.432944030
268.000000 -0.156690329 -0.113188304 0.940433979 -0.051895894 0.900969267 0.025319634 -0.430023432
269.000000 -0.158165783 -0.115273699 0.934323668 -0.053745139 0.902051091 0.023338897 -0.427633673
270.000000 -0.161780596 -0.117104135 0.926883638 -0.054723922 0.903093815 0.021856384 -0.425381154
271.000000 -0.165052593 -0.118319079 0.922526002 -0.054677900 0.904541016 0.020598715 -0.422364175
272.000000 -0.166361094 -0.119021043 0.914716005 -0.054724451 0.905948937 0.018400645 -0.419431925
273.000000 -0.171174496 -0.119478092 0.911174655 -0.055259548 0.907753706 0.016541915 -0.415518880
274.000000 -0.171500087 -0.118940488 0.903018951 -0.055862725 0.908892989 0.015564243 -0.412977815
275.000000 -0.175315350 -0.118254602 0.898106575 -0.056264773 0.910401106 0.014586087 -0.409623444
276.000000 -0.177766591 -0.118176743 0.892391264 -0.056947798 0.911725998 0.013180562 -0.406618774
277.000000 -0.180656880 -0.117853299 0.887023568 -0.058066517 0.912912667 0.011565401 -0.403837770
278.000000 -0.183049858 -0.117705733 0.881716669 -0.059181836 0.913968801 0.010797072 -0.401300311
279.000000 -0.186734945 -0.117992081 0.876853824 -0.059328169 0.915094554 0.010287755 -0.398718327
280.000000 -0.188132942 -0.120273821 0.870381832 -0.059397753 0.916203320 0.009938220 -0.396162331
281.000000 -0.191028982 -0.120641127 0.864992976 -0.059619788 0.917625308 0.009336499 -0.392838538
282.000000 -0.194074094 -0.119563013 0.859248281 -0.059971962 0.919236362 0.008701421 -0.389014304
283.000000 -0.197816581 -0.121028088 0.854787230 -0.059533574 0.921074867 0.008875938 -0.384705096
284.000000 -0.200780958 -0.120712899 0.848230958 -0.059367768 0.922891855 0.009059957 -0.380347222
285.000000 -0.203600526 -0.120383084 0.841960013 -0.059062678 0.924706578 0.009312213 -0.375955701
286.000000 -0.210286140 -0.123334676 0.833533406 -0.057978157 0.926618576 0.010076026 -0.371369034
287.000000 -0.214547873 -0.122692503 0.827554941 -0.056549314 0.928582370 0.010110322 -0.366653383
288.000000 -0.220224321 -0.120791189 0.822772384 -0.054534644 0.930625558 0.010562869 -0.361732662
289.000000 -0.222822636 -0.120542459 0.814927340 -0.052540421 0.932247698 0.011138816 -0.357812226
290.000000 -0.229302645 -0.118816569 0.809934735 -0.050809968 0.934177756 0.010342649 -0.353020132
291.000000 -0.235033005 -0.115145154 0.805500388 -0.049593214 0.935994089 0.010112264 -0.348358005
292.000000 -0.239312023 -0.112527058 0.798929453 -0.048463132 0.937446833 0.011448353 -0.344548464
293.000000 -0.245766938 -0.112533301 0.792251110 -0.046378348 0.938970029 0.012001922 -0.340646833
294.000000 -0.255115151 -0.108851627 0.789092839 -0.045061339 0.940727055 0.011025481 -0.335976988
295.000000 -0.261060655 -0.111204356 0.782692492 -0.043995608 0.942167103 0.011373715 -0.332048416
296.000000 -0.267971396 -0.110368781 0.777341962 -0.043590952 0.943595469 0.011559808 -0.328014880
297.000000 -0.274900317 -0.109683372 0.772049248 -0.043380246 0.944945991 0.012714949 -0.324088782
298.000000 -0.282408088 -0.109968930 0.766575515 -0.042226862 0.946323752 0.014171297 -0.320136577
299.000000 -0.290732563 -0.108402587 0.761912227 -0.040891755 0.947812974 0.014999341 -0.315837711
300.000000 -0.299308956 -0.108833812 0.757395208 -0.039374657 0.949242771 0.016380029 -0.311640114
301.000000 -0.307750463 -0.109641433 0.752479792 -0.037387349 0.950640321 0.017513229 -0.307536125
302.000000 -0.314915061 -0.108838707 0.746167779 -0.036391567 0.951986969 0.018458201 -0.303406984
303.000000 -0.323244810 -0.108309910 0.741087496 -0.036039513 0.953315377 0.019769123 -0.299165636
304.000000 -0.331762910 -0.108737782 0.736196280 -0.035975341 0.954682589 0.021111239 -0.294688284
305.000000 -0.343319714 -0.108652450 0.733489513 -0.036280818 0.956278145 0.021756368 -0.289382994
306.000000 -0.351333857 -0.109285459 0.727751315 -0.036908641 0.957643151 0.022038683 -0.284730911
307.000000 -0.359272867 -0.106754124 0.723690271 -0.038003217 0.958919704 0.022354752 -0.280230254
308.000000 -0.365195781 -0.106258102 0.718614757 -0.038350441 0.960036099 0.023743384 -0.276217699
309.000000 -0.373483777 -0.106583007 0.713432252 -0.038584024 0.961244941 0.025171259 -0.271819532
310.000000 -0.383312702 -0.106647149 0.710308254 -0.038415529 0.962600648 0.025445143 -0.266977161
311.000000 -0.391025424 -0.105047993 0.706287980 -0.038375996 0.963881195 0.025695445 -0.262297839
312.000000 -0.398818791 -0.103608638 0.702352762 -0.037600379 0.965216219 0.026305890 -0.257394284
313.000000 -0.407235563 -0.101938412 0.697955012 -0.036757704 0.966708124 0.026629943 -0.251823574
314.000000 -0.420542359 -0.097458646 0.698846638 -0.035641111 0.968391120 0.026996668 -0.245396689
315.000000 -0.428742707 -0.094763905 0.695671558 -0.035550017 0.969716549 0.028112898 -0.239990875
316.000000 -0.436207563 -0.091920517 0.692865729 -0.035832398 0.970790148 0.029339796 -0.235418200
317.000000 -0.442838669 -0.089156546 0.689973474 -0.035544243 0.971665919 0.031396277 -0.231551915
318.000000 -0.449447036 -0.088745654 0.686116636 -0.034569945 0.972482979 0.033236030 -0.227985069
319.000000 -0.456436366 -0.087616563 0.682024598 -0.033477027 0.973287523 0.033880226 -0.224594980
320.000000 -0.461489826 -0.085011713 0.677511573 -0.032443728 0.973995268 0.034287289 -0.221596628
321.000000 -0.467317104 -0.080704130 0.674655497 -0.031404663 0.974643648 0.035138018 -0.218743712
322.000000 -0.472887576 -0.078987591 0.670195401 -0.030038292 0.975219667 0.036675204 -0.216099948
323.000000 -0.477952421 -0.077845953 0.663279176 -0.029369760 0.975867569 0.037963271 -0.213022903
324.000000 -0.482927978 -0.071777254 0.660052061 -0.028946664 0.976564825 0.038155351 -0.209826946
325.000000 -0.488445282 -0.068263739 0.655758023 -0.028639330 0.977223754 0.039294902 -0.206565708
326.000000 -0.493659854 -0.066321708 0.650122404 -0.028170703 0.977784038 0.040627696 -0.203701049
327.000000 -0.498334289 -0.063870296 0.645126939 -0.027601913 0.978163302 0.041528963 -0.201767206
328.000000 -0.503805161 -0.061726380 0.639525652 -0.026824243 0.978446364 0.042731505 -0.200242937
329.000000 -0.508416295 -0.059427168 0.633764684 -0.025916457 0.978650212 0.043922178 -0.199105218
330.000000 -0.512791991 -0.056537628 0.627387643 -0.025284344 0.978842020 0.044886891 -0.198025748
331.000000 -0.517342329 -0.055022039 0.620840788 -0.024623100 0.979028344 0.046351541 -0.196847156
332.000000 -0.522038698 -0.053317674 0.613974631 -0.024243619 0.979195058 0.047759801 -0.195724919
333.000000 -0.527462840 -0.053427644 0.606334388 -0.024670053 0.979334712 0.049250614 -0.194600284
334.000000 -0.531760573 -0.049074728 0.600253463 -0.025323631 0.979358256 0.050479982 -0.194082022
335.000000 -0.535192788 -0.046790466 0.592466414 -0.025258951 0.979196489 0.053210046 -0.194177583
336.000000 -0.539405048 -0.048858162 0.580836236 -0.025126360 0.979106545 0.055843052 -0.193908721
337.000000 -0.544050872 -0.047464345 0.573197484 -0.025180925 0.979200661 0.057555210 -0.192923382
338.000000 -0.549457848 -0.048352975 0.564499557 -0.025005631 0.979400575 0.059460957 -0.191346988
339.000000 -0.553846776 -0.049106393 0.555784047 -0.024394786 0.979629159 0.060154766 -0.190034255
340.000000 -0.557671189 -0.049783114 0.546342969 -0.023861231 0.979872704 0.060321677 -0.188789278
341.000000 -0.561621189 -0.049041081 0.537650347 -0.024074567 0.980115712 0.060368456 -0.187481359
342.000000 -0.562843204 -0.043735750 0.529370129 -0.025163289 0.980140626 0.060317960 -0.187224150
343.000000 -0.567657351 -0.044051014 0.519738615 -0.024167255 0.980190933 0.061772432 -0.186616659
344.000000 -0.571591854 -0.043728001 0.509787023 -0.023817262 0.980314314 0.062899716 -0.185634539
345.000000 -0.574502945 -0.043945748 0.500374138 -0.023727590 0.980455160 0.063339226 -0.184750631
346.000000 -0.577727795 -0.042754706 0.490625978 -0.023571648 0.980584621 0.063288279 -0.184099868
347.000000 -0.581472516 -0.040271159 0.481841445 -0.023518614 0.980655789 0.063492820 -0.183656573
348.000000 -0.584237933 -0.037668616 0.472666800 -0.022893995 0.980619371 0.064107545 -0.183716565
349.000000 -0.586231291 -0.036707498 0.461777329 -0.021919420 0.980526567 0.065214247 -0.183941051
350.000000 -0.588781714 -0.033983264 0.453338861 -0.020913247 0.980495334 0.066083737 -0.183914378
351.000000 -0.592126250 -0.031506713 0.443448782 -0.019938622 0.980511785 0.067333557 -0.183481023
352.000000 -0.594443321 -0.031304039 0.434518635 -0.019047108 0.980476975 0.068920106 -0.183172375
353.000000 -0.596709132 -0.028644146 0.427189708 -0.018252045 0.980636358 0.069004074 -0.182366729
354.000000 -0.598955572 -0.027097989 0.419454038 -0.017616739 0.980816960 0.068750963 -0.181551695
355.000000 -0.601504207 -0.027208569 0.410846770 -0.016711198 0.981025636 0.068838716 -0.180473432
356.000000 -0.604397893 -0.026718490 0.401970208 -0.015267646 0.981394410 0.068528354 -0.178705812
357.000000 -0.607621431 -0.026849665 0.393927455 -0.014096896 0.981856525 0.067690164 -0.176570415
358.000000 -0.608928621 -0.022406261 0.385565877 -0.013872463 0.982290864 0.066342011 -0.174673826
359.000000 -0.609828651 -0.018698459 0.378774107 -0.013181811 0.982630789 0.066852778 -0.172608390
360.000000 -0.611876905 -0.017452136 0.371070623 -0.011838989 0.983029902 0.068464920 -0.169778183
361.000000 -0.613437414 -0.016908711 0.361763120 -0.011099181 0.983588159 0.069346026 -0.166199550
362.000000 -0.616613090 -0.014066203 0.354602456 -0.010347945 0.984278142 0.069746457 -0.161940843
363.000000 -0.615136683 -0.012987116 0.346731633 -0.010972734 0.984709620 0.071068592 -0.158668876
364.000000 -0.617434561 -0.013698461 0.338003337 -0.010923043 0.985253572 0.071886443 -0.154881805
365.000000 -0.619165003 -0.013584334 0.329340875 -0.011349015 0.985855281 0.071020797 -0.151382193
366.000000 -0.619123518 -0.009250773 0.321752906 -0.012196906 0.986435294 0.070037946 -0.147957116
367.000000 -0.620139956 -0.006839890 0.313427210 -0.012213836 0.986989439 0.071030021 -0.143726885
368.000000 -0.621895790 -0.006098002 0.305560321 -0.012463157 0.987593472 0.072045453 -0.138972074
369.000000 -0.623575449 -0.006584199 0.297844887 -0.012601312 0.988212049 0.072560087 -0.134213194
370.000000 -0.626309574 -0.008096157 0.288821220 -0.012294729 0.988914251 0.072366565 -0.129075259
371.000000 -0.627295673 -0.006904472 0.278558344 -0.012110482 0.989634037 0.071152791 -0.124157347
372.000000 -0.628076971 -0.006814879 0.269816607 -0.011534245 0.990378261 0.069699503 -0.118995152
373.000000 -0.631543696 -0.009923916 0.262845755 -0.010957222 0.991089165 0.068238884 -0.113866434
374.000000 -0.633229792 -0.005166565 0.256429195 -0.010694832 0.991814017 0.065590881 -0.109033532
375.000000 -0.634872556 -0.003317655 0.248435318 -0.009847542 0.992312491 0.064851612 -0.104943566
376.000000 -0.638678610 -0.005372119 0.240123779 -0.008441987 0.992751420 0.064405799 -0.101120070
377.000000 -0.639822602 -0.003240214 0.231187820 -0.007377975 0.993259192 0.062112011 -0.097590089
378.000000 -0.641136289 0.000744116 0.223172009 -0.006940540 0.993726850 0.060640842 -0.093709320
379.000000 -0.643503010 0.000734772 0.213744462 -0.006791797 0.994134307 0.060791750 -0.089192078
380.000000 -0.646508873 0.001332359 0.206661209 -0.006625090 0.994549215 0.060200050 -0.084875904
381.000000 -0.647377610 0.003593140 0.196418181 -0.005888127 0.994846046 0.059642091 -0.081789054
382.000000 -0.651013196 0.003313099 0.189885229 -0.004373448 0.995153189 0.059605476 -0.078090951
383.000000 -0.655964553 0.005855388 0.180121005 -0.003182296 0.995523632 0.058658574 -0.074038565
384.000000 -0.658986986 0.003136978 0.172024310 -0.001984574 0.995790780 0.058278926 -0.070713289
385.000000 -0.661581278 0.003231723 0.162658721 -0.001094624 0.996055603 0.057693627 -0.067405567
386.000000 -0.665068924 0.002247138 0.153623819 -0.000490293 0.996307135 0.057397068 -0.063854747
387.000000 -0.671007276 0.000987303 0.146580189 -0.000005259 0.996618986 0.056280266 -0.059858426
388.000000 -0.673164546 -0.000018328 0.137505308 -0.000141777 0.996862471 0.054855779 -0.057061814
389.000000 -0.678164124 -0.000511323 0.129815087 -0.000414964 0.997096658 0.053630762 -0.054053903
390.000000 -0.683479726 -0.003685722 0.121696532 -0.000122332 0.997271776 0.052838642 -0.051546112
391.000000 -0.686963975 -0.004361946 0.113115385 -0.000304103 0.997471571 0.050933432 -0.049559832
392.000000 -0.689745367 -0.004964393 0.105132833 0.000136312 0.997616172 0.049343117 -0.048240934
393.000000 -0.693850338 -0.006004226 0.097406544 0.000683717 0.997749865 0.048111804 -0.046690259
394.000000 -0.700162590 -0.008144049 0.087469824 0.001687109 0.997887135 0.046858050 -0.044974640
395.000000 -0.703078151 -0.010966226 0.077962697 0.002236794 0.997974217 0.045518059 -0.044390388
396.000000 -0.706898510 -0.010655005 0.071545124 0.002503824 0.998134255 0.043002117 -0.043272391
397.000000 -0.711136103 -0.008789069 0.063389026 0.002384875 0.998303652 0.040629178 -0.041634303
398.000000 -0.714824855 -0.008617681 0.056247354 0.001970278 0.998412728 0.039676521 -0.039923143
399.000000 -0.718505979 -0.011269576 0.047362294 0.001645100 0.998524070 0.039016027 -0.037745852
400.000000 -0.720916271 -0.011375493 0.039701447 0.001512933 0.998691499 0.036934476 -0.035339609
401.000000 -0.725806177 -0.012453910 0.031985585 0.001112931 0.998841763 0.035518765 -0.032438148
402.000000 -0.730302215 -0.015114190 0.024506645 0.001221379 0.998983204 0.033755448 -0.029860057
403.000000 -0.729373097 -0.014538303 0.015714161 0.001393902 0.999133646 0.030671749 -0.028094333
404.000000 -0.734200001 -0.014211220 0.009978497 0.000801590 0.999302030 0.027873011 -0.024856376
405.000000 -0.735029280 -0.017015196 0.001386836 -0.000433503 0.999389589 0.026144469 -0.023165926
406.000000 -0.736301184 -0.017481189 -0.004959647 -0.001158472 0.999487340 0.023453740 -0.021763349
407.000000 -0.741431177 -0.020245519 -0.011726474 -0.001348531 0.999573588 0.021753035 -0.019433478
408.000000 -0.743430257 -0.020152235 -0.018799074 -0.001385526 0.999632239 0.020659057 -0.017509874
409.000000 -0.745306611 -0.023600908 -0.025762951 -0.000797452 0.999680042 0.019931957 -0.015552120
410.000000 -0.746169448 -0.023501340 -0.032047905 -0.000445266 0.999755263 0.017396821 -0.013657629
411.000000 -0.745797098 -0.022661060 -0.038985707 -0.000764404 0.999812722 0.014714113 -0.012545601
412.000000 -0.748229384 -0.023928896 -0.045924135 -0.000696510 0.999850094 0.013311460 -0.011053614
413.000000 -0.749897182 -0.024867596 -0.053521071 -0.000101119 0.999877036 0.012475364 -0.009502547
414.000000 -0.750700057 -0.026935047 -0.061547689 0.001035991 0.999894142 0.012060829 -0.008072867
415.000000 -0.751711190 -0.026799619 -0.068898618 0.002614035 0.999916255 0.010971420 -0.006344577
416.000000 -0.755300403 -0.029188436 -0.077267587 0.004593009 0.999933600 0.009942615 -0.003585062
417.000000 -0.755627453 -0.027389742 -0.084169775 0.005513459 0.999957144 0.007339487 -0.001212514
418.000000 -0.757529616 -0.033033095 -0.094496146 0.005793301 0.999969065 0.005250179 0.000852153
419.000000 -0.757717371 -0.033159997 -0.103467420 0.005270239 0.999980807 0.002290513 0.002328334
420.000000 -0.759459198 -0.034392122 -0.112751447 0.004835803 0.999981880 0.000712412 0.003509518
421.000000 -0.758188784 -0.037770417 -0.122417718 0.004585655 0.999983132 -0.000328900 0.003540981
422.000000 -0.760715544 -0.037092302 -0.130167887 0.004199381 0.999981403 -0.002130315 0.003873809
423.000000 -0.761977017 -0.040219538 -0.140355960 0.004029845 0.999980628 -0.003384069 0.003318139
424.000000 -0.760572016 -0.040756911 -0.150291890 0.003262758 0.999973178 -0.006240573 0.002026575
425.000000 -0.760583937 -0.040166136 -0.159041137 0.001633498 0.999965429 -0.008110308 0.000850959
426.000000 -0.760384321 -0.038945291 -0.168132082 -0.000046651 0.999962747 -0.008596619 -0.000720027
427.000000 -0.754805207 -0.038688667 -0.178811044 -0.001923637 0.999952197 -0.009044089 -0.003175584
428.000000 -0.755833626 -0.045390107 -0.189688250 -0.002771057 0.999953389 -0.008153149 -0.004360338
429.000000 -0.757123888 -0.045780011 -0.199066281 -0.003648402 0.999945223 -0.008449360 -0.004978571
430.000000 -0.756354094 -0.048354965 -0.210724607 -0.003572622 0.999939740 -0.008460776 -0.006013575
431.000000 -0.755438566 -0.049317341 -0.220256284 -0.003234907 0.999927342 -0.009619912 -0.006504885
432.000000 -0.755874276 -0.048149440 -0.230869263 -0.003185388 0.999904871 -0.011519345 -0.006884629
433.000000 -0.754862845 -0.047988769 -0.240438744 -0.002726964 0.999882340 -0.012689156 -0.008178025
434.000000 -0.755378842 -0.052280121 -0.251934260 -0.001725973 0.999874473 -0.013124313 -0.008702497
435.000000 -0.752782226 -0.052514188 -0.262360871 -0.001460163 0.999833524 -0.015578805 -0.009383929
436.000000 -0.751198053 -0.053065129 -0.271598786 -0.002292965 0.999778032 -0.018377045 -0.010047917
437.000000 -0.745892584 -0.052084964 -0.280967683 -0.003662608 0.999715507 -0.020340044 -0.011905716
438.000000 -0.739942968 -0.055177107 -0.291559547 -0.005360514 0.999662817 -0.021622775 -0.013340990
439.000000 -0.737994134 -0.054606739 -0.299880981 -0.006563556 0.999590158 -0.024003182 -0.014149765
440.000000 -0.729907751 -0.053453106 -0.306654036 -0.007821933 0.999478579 -0.026561681 -0.016611533
441.000000 -0.728965044 -0.054536276 -0.314691246 -0.008198841 0.999401391 -0.028500181 -0.017815799
442.000000 -0.728725195 -0.052826364 -0.322163016 -0.008485435 0.999321222 -0.030382967 -0.019024571
443.000000 -0.730935693 -0.050590187 -0.332908779 -0.008573379 0.999253035 -0.032010481 -0.019879265
444.000000 -0.729848742 -0.052661456 -0.340126157 -0.008056724 0.999244153 -0.031661820 -0.021065451
445.000000 -0.729744554 -0.049073510 -0.350428909 -0.008563681 0.999214351 -0.032352589 -0.021227574
446.000000 -0.731276989 -0.051552199 -0.359406918 -0.008494030 0.999266267 -0.030971233 -0.020868184
447.000000 -0.729046941 -0.050362282 -0.367136180 -0.008577554 0.999225378 -0.031792969 -0.021547068
448.000000 -0.726997495 -0.049231887 -0.372985929 -0.008806298 0.999201655 -0.031963427 -0.022289746
449.000000 -0.727180898 -0.048933685 -0.387934655 -0.007378295 0.999197125 -0.032125741 -0.022774028
450.000000 -0.726853192 -0.046435282 -0.396751821 -0.006656143 0.999101043 -0.034765854 -0.023328116
451.000000 -0.730208397 -0.043022249 -0.403556764 -0.006118233 0.999033868 -0.036796965 -0.023235863
452.000000 -0.728512645 -0.039362818 -0.410834521 -0.005283489 0.998902142 -0.039224055 -0.025061650
453.000000 -0.730191171 -0.039842580 -0.419682086 -0.005094044 0.998829722 -0.040579379 -0.025817554
454.000000 -0.732361734 -0.046896644 -0.430157423 -0.003868492 0.998861849 -0.039372802 -0.026642900
455.000000 -0.735273123 -0.050199792 -0.438577175 -0.003542199 0.998859525 -0.039531913 -0.026539030
456.000000 -0.736244619 -0.049287111 -0.447030216 -0.003708659 0.998760700 -0.041456137 -0.027288377
457.000000 -0.739425957 -0.050760720 -0.455661744 -0.003512413 0.998697400 -0.042931184 -0.027351322
458.000000 -0.742036402 -0.050859131 -0.464463979 -0.003256430 0.998578548 -0.045753241 -0.027147522
459.000000 -0.742912829 -0.050524201 -0.473621339 -0.004274262 0.998480260 -0.048031554 -0.026681531
460.000000 -0.746576786 -0.051205244 -0.482698470 -0.004768125 0.998423338 -0.049459424 -0.026112458
461.000000 -0.748421907 -0.049587142 -0.491314560 -0.004695198 0.998271763 -0.052357748 -0.026270619
462.000000 -0.748501122 -0.048186049 -0.500213385 -0.005468362 0.998115540 -0.054882515 -0.026894754
463.000000 -0.751821756 -0.045893617 -0.508399248 -0.006573735 0.997992814 -0.056786522 -0.027246688
464.000000 -0.753425062 -0.047313858 -0.518440306 -0.007604219 0.997867823 -0.058154341 -0.028635714
465.000000 -0.756085932 -0.047832470 -0.528187513 -0.008374873 0.997774363 -0.059269864 -0.029381586
466.000000 -0.760562956 -0.050733887 -0.538314998 -0.008875459 0.997731388 -0.059435800 -0.030343248
467.000000 -0.763399303 -0.053993337 -0.548919320 -0.008648865 0.997662783 -0.059880573 -0.031757616
468.000000 -0.765771210 -0.053912349 -0.557935476 -0.008498110 0.997506559 -0.061772939 -0.033053279
469.000000 -0.771428287 -0.062600769 -0.569914401 -0.008225409 0.997492731 -0.061987963 -0.033138253
470.000000 -0.772098362 -0.061726823 -0.577134967 -0.008942020 0.997224569 -0.065458022 -0.034328301
471.000000 -0.773819685 -0.063921504 -0.586741388 -0.010443027 0.996734500 -0.071369350 -0.036300242
472.000000 -0.778615594 -0.063115560 -0.595874608 -0.012220591 0.996304870 -0.076217942 -0.037657268
473.000000 -0.784603238 -0.063997000 -0.603996277 -0.013377730 0.996099532 -0.078068115 -0.038886510
474.000000 -0.787916422 -0.067580514 -0.613758862 -0.013933949 0.995900512 -0.079540886 -0.040758576
475.000000 -0.791379929 -0.072796904 -0.624259353 -0.014621198 0.995595396 -0.082470074 -0.042126443
476.000000 -0.793252230 -0.077626251 -0.632147074 -0.016029255 0.995382547 -0.084260076 -0.043091644
477.000000 -0.797945797 -0.085695803 -0.642586291 -0.015708705 0.995341301 -0.084611192 -0.043472510
478.000000 -0.802142739 -0.087851562 -0.650509238 -0.015399077 0.995227575 -0.086263560 -0.042935938
479.000000 -0.804485559 -0.090426467 -0.659882188 -0.015359261 0.995069385 -0.088290088 -0.042495888
480.000000 -0.807429254 -0.092248462 -0.667828977 -0.015595409 0.994981408 -0.089767992 -0.041359171
481.000000 -0.811917603 -0.095296688 -0.676349342 -0.015727134 0.994927108 -0.091202259 -0.039431170
482.000000 -0.813628137 -0.092865996 -0.682874978 -0.015390368 0.994687021 -0.094286256 -0.038353119
483.000000 -0.814933777 -0.093295150 -0.689975381 -0.015853293 0.994549572 -0.096024424 -0.037405133
484.000000 -0.817015946 -0.093762040 -0.695415676 -0.016421294 0.994534731 -0.096674740 -0.035846356
485.000000 -0.818056643 -0.095386453 -0.701997280 -0.016268060 0.994535685 -0.097203098 -0.034433804
486.000000 -0.818675220 -0.098049283 -0.709327459 -0.015660403 0.994478941 -0.098279953 -0.033278327
487.000000 -0.821424603 -0.098671325 -0.716515183 -0.015431304 0.994405150 -0.099835932 -0.030871749
488.000000 -0.824491978 -0.099941254 -0.725053847 -0.014749775 0.994313478 -0.101676635 -0.028017143
489.000000 -0.827170670 -0.102156363 -0.733172238 -0.015274277 0.994257212 -0.102908432 -0.025083236
490.000000 -0.829060078 -0.102756664 -0.738995790 -0.014009053 0.994332373 -0.103142515 -0.021644635
491.000000 -0.827706337 -0.104658931 -0.746120751 -0.013639551 0.994367719 -0.103515752 -0.018201718
492.000000 -0.828468919 -0.104638159 -0.753901660 -0.013709292 0.994318902 -0.104628049 -0.013965578
493.000000 -0.828488767 -0.108211353 -0.760449588 -0.013349827 0.994347394 -0.104898259 -0.009559472
494.000000 -0.831264913 -0.105626203 -0.767517626 -0.012894887 0.994189441 -0.106754541 -0.004951912
495.000000 -0.835743666 -0.104886852 -0.776151538 -0.012028743 0.994027197 -0.108467296 -0.000199982
496.000000 -0.835102677 -0.102122411 -0.781749129 -0.011122156 0.993896782 -0.109696731 0.003482014
497.000000 -0.832260966 -0.097258322 -0.785987854 -0.010980599 0.993777514 -0.110672943 0.006095386
498.000000 -0.824727356 -0.094412267 -0.789088249 -0.010720799 0.993778169 -0.110606939 0.007493641
499.000000 -0.827359736 -0.097090393 -0.800875664 -0.011201194 0.993724704 -0.110820845 0.010219989
500.000000 -0.829489112 -0.089593999 -0.808009744 -0.010432727 0.993388772 -0.113551408 0.013264689
501.000000 -0.832115471 -0.086496517 -0.817318320 -0.009537155 0.993021369 -0.116409682 0.016320111
502.000000 -0.830099761 -0.089496158 -0.826762497 -0.010157901 0.992903888 -0.116977699 0.018838393
503.000000 -0.827070355 -0.090509430 -0.834160328 -0.010086272 0.992847562 -0.117069118 0.021138068
504.000000 -0.825802863 -0.093327671 -0.843377054 -0.009461566 0.992828012 -0.116743021 0.023961129
505.000000 -0.827010393 -0.096082717 -0.851796925 -0.008144381 0.992759228 -0.116633222 0.027559849
506.000000 -0.828123450 -0.091315106 -0.859558880 -0.006708068 0.992540538 -0.117584951 0.031496063
507.000000 -0.827656984 -0.092185900 -0.869708002 -0.005439840 0.992383242 -0.117933728 0.035178848
508.000000 -0.831815839 -0.085050032 -0.876002848 -0.005021343 0.992073298 -0.119417690 0.038790792
509.000000 -0.831724405 -0.088691324 -0.884700418 -0.003289327 0.991727293 -0.120940499 0.042890470
510.000000 -0.832168043 -0.089519694 -0.893860340 -0.002058206 0.991495013 -0.121436812 0.046760548
511.000000 -0.829849839 -0.089814611 -0.902015924 -0.000890236 0.991343200 -0.121630840 0.049435258
512.000000 -0.820329428 -0.092511632 -0.909287930 0.001068725 0.991213083 -0.122264072 0.050468009
513.000000 -0.817423582 -0.091388233 -0.919250488 0.002488085 0.990981221 -0.123287477 0.052442387
514.000000 -0.814562738 -0.090299308 -0.929329872 0.003941818 0.990789473 -0.123977020 0.054317541
515.000000 -0.804079175 -0.085984595 -0.936559319 0.006115155 0.990575373 -0.125472426 0.054586813
516.000000 -0.800037742 -0.104358442 -0.920876622 0.007695619 0.991033494 -0.121275000 0.055549368
517.000000 -0.789965749 -0.087040111 -0.951449752 0.009226541 0.990223110 -0.127141938 0.056639414
518.000000 -0.780808210 -0.096434608 -0.963947058 0.011174366 0.990082681 -0.127703130 0.057474487
519.000000 -0.779382408 -0.095442504 -0.972865939 0.011421320 0.989833832 -0.128874645 0.059075560
520.000000 -0.776354969 -0.098922357 -0.980162978 0.012403841 0.989698529 -0.129144654 0.060536362
521.000000 -0.772756159 -0.103556544 -0.987842381 0.014172995 0.989508033 -0.129544064 0.062380169
522.000000 -0.770849347 -0.105412953 -0.993339002 0.014405236 0.989376962 -0.129360586 0.064741924
523.000000 -0.768994093 -0.104436390 -1.001355052 0.014965788 0.989249468 -0.128950536 0.067329340
524.000000 -0.766519606 -0.104257502 -1.008823037 0.015832556 0.989192605 -0.127935037 0.069856532
525.000000 -0.764595032 -0.105444431 -1.015667439 0.016695149 0.989128292 -0.126630172 0.072878607
526.000000 -0.759208202 -0.105284408 -1.020292521 0.019067677 0.989057720 -0.125164524 0.075730704
527.000000 -0.762550354 -0.105550468 -1.029316425 0.019164611 0.988897026 -0.123697460 0.080089599
528.000000 -0.761101902 -0.102281071 -1.035547733 0.021746045 0.988766372 -0.121877946 0.083749279
529.000000 -0.760353208 -0.100539878 -1.041799545 0.023584245 0.988643765 -0.120068759 0.087239109
530.000000 -0.759781122 -0.101307213 -1.048284411 0.024684967 0.988576591 -0.117596455 0.090983368
531.000000 -0.756619334 -0.096638069 -1.053475976 0.025973979 0.988615155 -0.114866458 0.093653992
532.000000 -0.757855415 -0.097272627 -1.057874203 0.026528832 0.988610566 -0.111890554 0.097086832
533.000000 -0.750953913 -0.128467247 -1.035221696 0.029249305 0.989327192 -0.102880366 0.098953418
534.000000 -0.742874563 -0.128048405 -1.035492420 0.030997545 0.989329815 -0.100634173 0.100690007
535.000000 -0.762800395 -0.114766724 -1.060219646 0.031441659 0.988493860 -0.101928122 0.107246868
536.000000 -0.765016615 -0.102804884 -1.075039625 0.030560367 0.988026321 -0.102903195 0.110819854
537.000000 -0.766585469 -0.087726668 -1.089231730 0.030583322 0.987543106 -0.103361823 0.114627883
538.000000 -0.763125658 -0.076448604 -1.098438978 0.030627167 0.987332642 -0.102104247 0.117519811
539.000000 -0.762218833 -0.079889052 -1.094499350 0.031789254 0.987354100 -0.098073699 0.120427877
540.000000 -0.761212945 -0.080113947 -1.098542929 0.032032844 0.987125278 -0.095721498 0.124076478
541.000000 -0.769782484 -0.089926615 -1.094937086 0.032101225 0.986889780 -0.090776309 0.129528776
542.000000 -0.753335357 -0.075539634 -1.103292346 0.033353262 0.986565053 -0.091391847 0.131242052
543.000000 -0.757549465 -0.071375519 -1.107585192 0.033489246 0.985919237 -0.090209961 0.136762127
544.000000 -0.750605702 -0.061546892 -1.109655023 0.035373542 0.985212266 -0.090340666 0.141223222
545.000000 -0.768299818 -0.075998411 -1.104796171 0.033382978 0.984646738 -0.084528886 0.149034485
546.000000 -0.767913818 -0.076497197 -1.105752468 0.033302490 0.984115899 -0.080053791 0.154913500
547.000000 -0.769598365 -0.072828390 -1.110573530 0.032754458 0.983355522 -0.077431053 0.161069974
548.000000 -0.764099121 -0.066174835 -1.102560759 0.037222777 0.982828438 -0.072375372 0.165603369
549.000000 -0.775347114 -0.055610783 -1.113857150 0.036436975 0.981654704 -0.071771897 0.172844306
550.000000 -0.777371883 -0.056165271 -1.118051052 0.037175275 0.980756640 -0.070401698 0.178264067
551.000000 -0.779575765 -0.053113721 -1.120975494 0.037383880 0.979918361 -0.069165595 0.183244452
552.000000 -0.777171791 -0.050453641 -1.121409416 0.039432168 0.979329824 -0.066471294 0.186921760
553.000000 -0.777995586 -0.044553258 -1.127854705 0.039224524 0.978524268 -0.065195054 0.191575855
554.000000 -0.779156327 -0.050973911 -1.130663157 0.038422164 0.977785110 -0.062760331 0.196267918
555.000000 -0.778919697 -0.045886416 -1.136372447 0.039561015 0.976853251 -0.062880307 0.200595960
556.000000 -0.779432595 -0.042032488 -1.137782097 0.040464543 0.975995719 -0.062118132 0.204783574
557.000000 -0.790500641 -0.025948830 -1.174513578 0.037514843 0.974361300 -0.065977104 0.211801186
558.000000 -0.779857397 -0.035632342 -1.146053433 0.038416538 0.974785984 -0.059996206 0.211463749
559.000000 -0.778268695 -0.036651969 -1.145874381 0.037814241 0.974352837 -0.058327753 0.214019969
560.000000 -0.782364428 -0.037388466 -1.150361776 0.036999132 0.973563671 -0.056494713 0.218204364
561.000000 -0.790765643 -0.038816739 -1.158995390 0.035898946 0.972671509 -0.054963041 0.222711548
562.000000 -0.797349572 -0.031966913 -1.169728041 0.034780622 0.971758008 -0.054998331 0.226829976
563.000000 -0.799849212 -0.035067290 -1.169647932 0.033378020 0.971150458 -0.052548852 0.230198488
564.000000 -0.795585155 -0.024691924 -1.167550564 0.033893678 0.970766008 -0.051496457 0.231975645
565.000000 -0.810006976 -0.054358028 -1.184396744 0.032293312 0.969265819 -0.046336766 0.239444762
566.000000 -0.825059235 -0.052202687 -1.195269823 0.030102609 0.968067586 -0.045353159 0.244708180
567.000000 -0.797794819 -0.008210711 -1.169769764 0.031510647 0.968931556 -0.050173841 0.240127891
568.000000 -0.801048219 -0.030345730 -1.151523590 0.033404481 0.968485832 -0.042025916 0.243214473
569.000000 -0.797463775 -0.039309908 -1.123125315 0.037214790 0.968126118 -0.034698468 0.245240495
570.000000 -0.792920530 -0.005198948 -1.145145297 0.037770249 0.967170596 -0.039294351 0.248214394
571.000000 -0.790054977 -0.008783236 -1.178277254 0.037908729 0.965488076 -0.037364688 0.254950106
572.000000 -0.783052564 -0.016244110 -1.181393504 0.039071333 0.964612544 -0.034683499 0.258443743
573.000000 -0.839725733 -0.068398014 -1.216592550 0.034018043 0.961263061 -0.025878198 0.272298425
574.000000 -0.835815072 -0.038747359 -1.239249706 0.033462439 0.960003853 -0.029911727 0.276366055
575.000000 -0.852744877 -0.005863719 -1.189151883 0.037561882 0.959158599 -0.026442362 0.279114127
576.000000 -0.814519048 0.019940864 -1.236444950 0.044168554 0.957207322 -0.028471887 0.284592062
577.000000 -0.801312208 0.035730816 -1.238525510 0.045314841 0.956492960 -0.028190425 0.286832869
578.000000 -0.798297942 0.001904517 -1.215054035 0.042456657 0.956505418 -0.020781035 0.287859231
579.000000 -0.805844665 0.009581737 -1.231368303 0.040264096 0.954941690 -0.020360636 0.293343842
580.000000 -0.803564191 0.010387778 -1.230354190 0.039307177 0.953943968 -0.017845303 0.296862483
581.000000 -0.808179319 0.009602522 -1.231207848 0.039486106 0.952136338 -0.014449758 0.302768052
582.000000 -0.835507154 -0.009149207 -1.248969555 0.035900310 0.949359477 -0.009612867 0.311986178
583.000000 -0.834225953 0.000177005 -1.252788663 0.035443254 0.948142231 -0.008812025 0.315741092
584.000000 -0.804739237 0.022595666 -1.230412006 0.037561297 0.948640406 -0.008332568 0.314008057
585.000000 -0.804894984 0.017141765 -1.242189884 0.036105797 0.947040558 -0.005295756 0.319033593
586.000000 -0.799965858 0.016839761 -1.236302257 0.036596153 0.945972741 -0.002365584 0.322165549
587.000000 -0.797503233 0.018705102 -1.235736132 0.036047984 0.944749415 -0.000193980 0.325805128
588.000000 -0.796764612 0.017714255 -1.239510298 0.035332367 0.943351567 0.002244235 0.329900533
589.000000 -0.795281768 0.019114692 -1.240190148 0.035090864 0.942104638 0.004316973 0.333449870
590.000000 -0.798022866 0.028182194 -1.243734837 0.035425927 0.940698981 0.005380566 0.337344646
591.000000 -0.806909442 0.024405075 -1.249445200 0.034095205 0.938904345 0.008712460 0.342374384
592.000000 -0.802599609 0.030009983 -1.246879697 0.034181956 0.938057005 0.010364163 0.344634920
593.000000 -0.804906607 0.035193793 -1.253482938 0.034073133 0.936558783 0.011339608 0.348666191
594.000000 -0.795578003 0.039801754 -1.235557079 0.033672970 0.936608970 0.012025749 0.348547280
595.000000 -0.801803589 0.034381423 -1.239043713 0.033260122 0.935151815 0.015174860 0.352355719
596.000000 -0.804944277 0.032443199 -1.240330458 0.033139430 0.933932722 0.017206350 0.355493248
597.000000 -0.798465490 0.038297594 -1.240142107 0.033766694 0.932978988 0.018493541 0.357865900
598.000000 -0.792622507 0.044075966 -1.234437108 0.033745579 0.932311773 0.018935561 0.359579682
599.000000 -0.790144444 0.051353317 -1.235390782 0.034118775 0.931055307 0.019364465 0.362762988
600.000000 -0.796625197 0.050259374 -1.239121556 0.034360431 0.929320514 0.021300331 0.367054701
601.000000 -0.795467317 0.053776074 -1.238658547 0.034492861 0.928028226 0.023008116 0.370195210
602.000000 -0.798096597 0.053547338 -1.241228461 0.034627769 0.926447272 0.025943436 0.373929560
603.000000 -0.796248555 0.055438280 -1.237890124 0.034455098 0.925248981 0.027871156 0.376763105
604.000000 -0.795648873 0.059544470 -1.236626744 0.034423538 0.923807859 0.028318696 0.380252779
605.000000 -0.807115376 0.057869077 -1.244991302 0.033220820 0.921774209 0.029014962 0.385210037
606.000000 -0.806409240 0.057806879 -1.244228840 0.032973170 0.920441568 0.029745301 0.388349473
607.000000 -0.805159271 0.060630791 -1.245225430 0.032729644 0.919114888 0.030143708 0.391468912
608.000000 -0.806799769 0.069322810 -1.245586395 0.032596558 0.917906880 0.029970320 0.394317359
609.000000 -0.806931973 0.067019500 -1.245422125 0.032093648 0.916541278 0.031996466 0.397364169
610.000000 -0.806614995 0.069510102 -1.245780468 0.032171145 0.915027618 0.033055156 0.400745302
611.000000 -0.806068182 0.072088175 -1.247846723 0.032385323 0.913301408 0.034131210 0.404557526
612.000000 -0.803148091 0.065268219 -1.250685096 0.032194108 0.911605358 0.036031775 0.408216655
613.000000 -0.800965250 0.067754075 -1.247023821 0.034112342 0.910235226 0.035159048 0.411183625
614.000000 -0.802542090 0.074626692 -1.249586344 0.036527418 0.907759666 0.035281647 0.416405201
615.000000 -0.802834749 0.079202950 -1.247726321 0.037321288 0.905565083 0.036698554 0.420965850
616.000000 -0.801286757 0.079776250 -1.246969461 0.036943678 0.903730989 0.038584821 0.424754798
617.000000 -0.799669862 0.082481414 -1.247942686 0.037016641 0.901929379 0.040256027 0.428406954
618.000000 -0.797271013 0.083141103 -1.249107242 0.036003422 0.899919689 0.042991590 0.432435006
619.000000 -0.795822680 0.080173992 -1.251405954 0.034771118 0.897702873 0.045223277 0.436892897
620.000000 -0.793019056 0.082384363 -1.253124714 0.034482550 0.895576179 0.045331400 0.441247404
621.000000 -0.779516757 0.083945408 -1.255636811 0.035565302 0.893571317 0.046449039 0.445093185
622.000000 -0.776213467 0.084163703 -1.254543543 0.034823373 0.892163396 0.046737827 0.447936833
623.000000 -0.774616241 0.088314570 -1.257189751 0.034275670 0.890286028 0.046815153 0.451690495
624.000000 -0.770091414 0.089532964 -1.253774643 0.033270393 0.889110029 0.047047060 0.454051673
625.000000 -0.765686393 0.086941659 -1.254721880 0.032820106 0.887325943 0.047556229 0.457508445
626.000000 -0.761864960 0.090926372 -1.255228162 0.033585280 0.885301054 0.047287092 0.461387038
627.000000 -0.756437421 0.090589255 -1.255014539 0.033445660 0.883608878 0.048082326 0.464547932
628.000000 -0.751501560 0.079016224 -1.255145431 0.033228643 0.881851852 0.050131593 0.467675149
629.000000 -0.746811986 0.085287638 -1.258457661 0.033439171 0.880136430 0.047623590 0.471140891
630.000000 -0.741279304 0.085504748 -1.255883932 0.032929253 0.878811538 0.046980865 0.473707438
631.000000 -0.735374272 0.087997064 -1.258328915 0.032435812 0.876988590 0.046546657 0.477150261
632.000000 -0.730534196 0.083363019 -1.257300854 0.031770270 0.875198424 0.046475533 0.480477244
633.000000 -0.723537683 0.083446048 -1.255270958 0.032230329 0.873432934 0.045504320 0.483741134
634.000000 -0.716835141 0.085341528 -1.254687309 0.033014163 0.871474087 0.044402711 0.487310410
635.000000 -0.710953534 0.084422894 -1.253886342 0.033029139 0.869537234 0.043487858 0.490838975
636.000000 -0.703301668 0.080861807 -1.249389768 0.032648940 0.867987573 0.042744406 0.493664414
637.000000 -0.698366165 0.086376667 -1.251497030 0.033527508 0.865875483 0.041275453 0.497425318
638.000000 -0.694500268 0.085179776 -1.252905011 0.032725982 0.864056587 0.041057773 0.500649154
639.000000 -0.686405659 0.083929762 -1.252165914 0.032746982 0.862359405 0.040630419 0.503600180
640.000000 -0.676647604 0.082154393 -1.248469114 0.032384895 0.861101329 0.039833840 0.505834937
641.000000 -0.669508278 0.086091504 -1.249566317 0.032949008 0.859293818 0.038417011 0.508972108
642.000000 -0.660539329 0.080572568 -1.246739149 0.032262441 0.858180583 0.038820226 0.510860384
643.000000 -0.652415752 0.081540950 -1.244765997 0.032829728 0.856968105 0.038141355 0.512906551
644.000000 -0.644456506 0.084140874 -1.244101286 0.033384979 0.855705976 0.037854262 0.514995039
645.000000 -0.635794461 0.082614101 -1.241192579 0.032746594 0.854659438 0.038483072 0.516724348
646.000000 -0.628928006 0.080695815 -1.242013454 0.032963801 0.853266835 0.038745042 0.518987358
647.000000 -0.622024238 0.084943749 -1.237459064 0.033182066 0.852515876 0.037323304 0.520310223
648.000000 -0.614126146 0.086390585 -1.236452937 0.032836802 0.851315737 0.037170842 0.522304118
649.000000 -0.604868412 0.085479237 -1.234160900 0.031955503 0.850628853 0.037378237 0.523461819
650.000000 -0.597068191 0.084338374 -1.232546926 0.031150663 0.849921405 0.037144765 0.524674714
651.000000 -0.588614881 0.084155872 -1.231495023 0.030297726 0.849207163 0.036593877 0.525918365
652.000000 -0.581994355 0.084312804 -1.232002020 0.030019805 0.848451674 0.036507390 0.527158201
653.000000 -0.563538969 0.080237232 -1.223714113 0.028965428 0.848897278 0.037001818 0.526464880
654.000000 -0.556702256 0.079316698 -1.220976830 0.029403007 0.848796427 0.037518099 0.526566684
655.000000 -0.548251748 0.075218394 -1.217189789 0.028822673 0.848937392 0.038374390 0.526309788
656.000000 -0.539290547 0.075925544 -1.213622570 0.029206626 0.849090755 0.038428932 0.526037157
657.000000 -0.530015647 0.077522501 -1.209580660 0.029153997 0.848942757 0.038194299 0.526296020
658.000000 -0.521075428 0.078101717 -1.210098028 0.029482037 0.848275900 0.038462508 0.527332485
659.000000 -0.512493193 0.079076931 -1.206378222 0.029813388 0.848076820 0.038434267 0.527636051
660.000000 -0.502727509 0.079503439 -1.200260282 0.029754592 0.848326623 0.038758539 0.527213931
661.000000 -0.495184541 0.078942358 -1.202798724 0.029546805 0.847745955 0.039866257 0.528076231
662.000000 -0.487792730 0.078808524 -1.196403503 0.028690597 0.848232687 0.039842747 0.527343035
663.000000 -0.480431616 0.082017496 -1.193480253 0.027841296 0.848856628 0.040300775 0.526349008
664.000000 -0.473644793 0.087919965 -1.192100763 0.026927805 0.849235535 0.041118141 0.525721610
665.000000 -0.465088964 0.088118792 -1.188064575 0.025170341 0.849659741 0.042984482 0.524973512
666.000000 -0.458235025 0.091177031 -1.189305305 0.024029585 0.849253774 0.044391811 0.525566399
667.000000 -0.450180888 0.093795665 -1.187214613 0.022260727 0.849163651 0.045273840 0.525714636
668.000000 -0.443574578 0.098638617 -1.191423178 0.020807160 0.848575652 0.046142802 0.526647270
669.000000 -0.436524093 0.097936355 -1.190565467 0.017634233 0.848565161 0.047965124 0.526617110
670.000000 -0.428130925 0.098097824 -1.191758037 0.014984701 0.848704219 0.048860397 0.526392698
671.000000 -0.420265675 0.102912463 -1.190818071 0.013463027 0.848955095 0.049043193 0.526012123
672.000000 -0.411372453 0.104626670 -1.188932419 0.011454114 0.849103332 0.050988030 0.525635362
673.000000 -0.403216958 0.103164911 -1.191638947 0.010083965 0.848645329 0.053311631 0.526172280
674.000000 -0.394770503 0.104049720 -1.194688559 0.010034694 0.848120868 0.054170180 0.526930630
675.000000 -0.388160110 0.110038243 -1.196112275 0.010250562 0.847469807 0.054554451 0.527933359
676.000000 -0.379612505 0.108181536 -1.203498960 0.009084474 0.846610963 0.056277275 0.529150367
677.000000 -0.371126294 0.109523669 -1.205875397 0.008862451 0.845968246 0.057211045 0.530081153
678.000000 -0.363352537 0.111511961 -1.209307075 0.008884350 0.844761789 0.058382452 0.531874120
679.000000 -0.354576677 0.110282466 -1.214072943 0.009684728 0.843293428 0.059976004 0.534008682
680.000000 -0.345088422 0.112395801 -1.216821790 0.011409936 0.841846347 0.059980061 0.536252618
681.000000 -0.336792469 0.114135712 -1.222967386 0.013023722 0.839703381 0.060446538 0.539513469
682.000000 -0.327179372 0.115028456 -1.226872683 0.014366209 0.838118494 0.061092317 0.541865885
683.000000 -0.318089545 0.116900399 -1.233192921 0.016049426 0.836747408 0.061191618 0.543922663
684.000000 -0.309846580 0.124221124 -1.237370610 0.017069997 0.836177230 0.060783409 0.544813395
685.000000 -0.301383972 0.125522047 -1.242390156 0.016020359 0.835950315 0.062774681 0.544967771
686.000000 -0.291920960 0.128375784 -1.251772165 0.015007708 0.835625768 0.064338274 0.545311749
687.000000 -0.281586915 0.126667127 -1.255604625 0.013937840 0.836205900 0.066502474 0.544190049
688.000000 -0.272274137 0.127776489 -1.258042812 0.012891383 0.837112069 0.068066850 0.542626977
689.000000 -0.261843711 0.126957849 -1.266544819 0.011809294 0.837230921 0.070079215 0.542211831
690.000000 -0.251715273 0.125310093 -1.275332093 0.011078797 0.837252498 0.070192665 0.542179346
691.000000 -0.241800457 0.125987470 -1.283640265 0.010844847 0.837561786 0.068939656 0.541867137
692.000000 -0.231034219 0.127149552 -1.288915038 0.010225501 0.838312566 0.068338074 0.540793300
693.000000 -0.223695189 0.127603993 -1.297138691 0.008782544 0.838645756 0.068620801 0.540265977
694.000000 -0.213839710 0.130471513 -1.303021908 0.007749880 0.839007735 0.068782367 0.539698839
695.000000 -0.204748243 0.132519364 -1.308231711 0.006715768 0.839137077 0.069641918 0.539401412
696.000000 -0.185984641 0.130113661 -1.321979880 0.005477148 0.839398146 0.070916332 0.538842916
697.000000 -0.178235620 0.133551463 -1.325813532 0.005966345 0.840198874 0.070956312 0.537583113
698.000000 -0.163709998 0.137120724 -1.340322614 0.005057663 0.840864599 0.074024551 0.536135733
699.000000 -0.157120883 0.140398189 -1.347140789 0.004710905 0.841099501 0.074629799 0.535686314
700.000000 -0.150057167 0.144242138 -1.350759268 0.004306932 0.841477454 0.075781368 0.534933984
701.000000 -0.142362535 0.145851552 -1.352283716 0.002983381 0.841746211 0.078204893 0.534170687
702.000000 -0.134804726 0.144332707 -1.355796695 0.002090896 0.842205644 0.081394494 0.532972932
703.000000 -0.126912385 0.144123793 -1.360022306 0.001962853 0.842621624 0.083859935 0.531932771
704.000000 -0.121574283 0.150667042 -1.367838502 0.002523878 0.842796147 0.085128605 0.531452239
705.000000 -0.114573747 0.151445240 -1.370623589 0.001317264 0.843470097 0.087589070 0.529985487
706.000000 -0.107164532 0.146333784 -1.372399569 -0.000351151 0.843950450 0.090191543 0.528784633
707.000000 -0.099391967 0.147234470 -1.378746867 -0.000604296 0.844148695 0.090302356 0.528448880
708.000000 -0.092290729 0.149803877 -1.379597425 -0.000551278 0.844858587 0.090231769 0.527325273
709.000000 -0.084756225 0.151777476 -1.381849051 -0.000847047 0.845549345 0.091576271 0.525984347
710.000000 -0.076629698 0.150550529 -1.385777950 -0.001293301 0.846250296 0.092865802 0.524628162
711.000000 -0.070022881 0.152155608 -1.388664007 -0.001097357 0.847117424 0.093414240 0.523129642
712.000000 -0.061759949 0.155591682 -1.387218237 -0.002467021 0.848866463 0.093603164 0.520248175
713.000000 -0.053650320 0.153948694 -1.389704943 -0.004515459 0.849947572 0.095205247 0.518174350
714.000000 -0.044652700 0.150785968 -1.391707182 -0.005952677 0.851286948 0.095907599 0.515826404
715.000000 -0.036528587 0.147742718 -1.391361594 -0.006158732 0.853031039 0.095731646 0.512967348
716.000000 -0.028381228 0.149897307 -1.393056154 -0.005964903 0.854946613 0.094574265 0.509986520
717.000000 -0.019727349 0.151011229 -1.392371178 -0.005821471 0.857053757 0.094189204 0.506510854
718.000000 -0.010916173 0.150888205 -1.389389277 -0.006012573 0.859152436 0.094533056 0.502876163
719.000000 -0.001521647 0.151670665 -1.387715936 -0.006557018 0.860951900 0.095828041 0.499535590
720.000000 0.008033037 0.147681028 -1.388221741 -0.007202359 0.862670481 0.097822838 0.496163756
721.000000 0.020018041 0.151360899 -1.386609077 -0.005991726 0.864901304 0.096989825 0.492445678
722.000000 0.031523764 0.147134721 -1.381816030 -0.005131273 0.867019415 0.098263435 0.488462150
723.000000 0.041989684 0.146463305 -1.378239632 -0.004934926 0.868954182 0.098523632 0.484961152
724.000000 0.052941024 0.146911770 -1.374677539 -0.005124411 0.870850265 0.098654166 0.481519401
725.000000 0.061978996 0.145033926 -1.369853735 -0.005955400 0.872707367 0.099836767 0.477890104
726.000000 0.073937058 0.142251790 -1.366384864 -0.006583771 0.874533594 0.101568893 0.474163949
727.000000 0.086027086 0.138426870 -1.360540152 -0.006174731 0.876659691 0.102298491 0.470068812
728.000000 0.096357763 0.140468001 -1.356023908 -0.004244824 0.878704309 0.102508694 0.466211021
729.000000 0.106428325 0.141723216 -1.351767540 -0.003088706 0.880610228 0.104393795 0.462188333
730.000000 0.117982268 0.139733374 -1.346607685 -0.002477940 0.882730126 0.106686190 0.457601845
731.000000 0.129845262 0.137385920 -1.344287634 -0.001900855 0.884691656 0.108828187 0.453291774
732.000000 0.138008475 0.141035646 -1.341336727 -0.001683008 0.887054205 0.108800001 0.448658645
733.000000 0.148709178 0.139926910 -1.336174965 -0.001182714 0.889475942 0.109719500 0.443613350
734.000000 0.157011628 0.141702265 -1.334478140 -0.000651186 0.891457677 0.109819777 0.439593405
735.000000 0.167221606 0.140552774 -1.326897621 -0.001025087 0.893910646 0.110422954 0.434430033
736.000000 0.175340891 0.139869779 -1.321781754 -0.001686264 0.896132410 0.111364529 0.429583281
737.000000 0.183780074 0.138334066 -1.318956614 -0.002004108 0.898142397 0.112506963 0.425062776
738.000000 0.191536725 0.141197711 -1.314636588 -0.001628013 0.900327623 0.112396665 0.420445651
739.000000 0.199468017 0.142568260 -1.308883071 -0.002063326 0.902229905 0.113941401 0.415925831
740.000000 0.205442548 0.142724872 -1.306294918 -0.003540687 0.903652191 0.116540179 0.412090510
741.000000 0.213417828 0.142842412 -1.303074360 -0.005320948 0.905303478 0.118167564 0.407962948
742.000000 0.219478130 0.142168283 -1.301450729 -0.007208548 0.906573296 0.119525202 0.404705524
743.000000 0.230839610 0.142329022 -1.299646616 -0.007506020 0.908047497 0.120641209 0.401047528
744.000000 0.237246215 0.141316682 -1.298246622 -0.009060027 0.909057975 0.121289864 0.398522586
745.000000 0.243646204 0.139287263 -1.296903849 -0.009687033 0.909865737 0.120333657 0.396951199
746.000000 0.247705281 0.140699804 -1.294456720 -0.009138660 0.910398245 0.119314402 0.396050036
747.000000 0.260277927 0.139445484 -1.285317659 -0.012287489 0.912037551 0.121418074 0.391528040
748.000000 0.265930772 0.137732700 -1.284188986 -0.013059994 0.912708402 0.121697545 0.389849424
749.000000 0.270844400 0.138131663 -1.282101870 -0.013414725 0.913436770 0.121188648 0.388286799
750.000000 0.277311295 0.135710597 -1.279319048 -0.013762884 0.914244235 0.121174917 0.386373788
751.000000 0.282441914 0.135231882 -1.279098749 -0.013065499 0.915034652 0.119995333 0.384892195
752.000000 0.288554609 0.135469764 -1.275342584 -0.011544911 0.916524291 0.119084492 0.381665856
753.000000 0.295049489 0.133755803 -1.272740602 -0.010872904 0.917863190 0.119483538 0.378328770
754.000000 0.301376969 0.130260289 -1.270989418 -0.010020477 0.919353068 0.119974688 0.374560624
755.000000 0.306580126 0.132781327 -1.266756296 -0.009002232 0.921165586 0.119956471 0.370112628
756.000000 0.311757088 0.136280745 -1.263713121 -0.009351048 0.922780871 0.121470600 0.365558445
757.000000 0.317423433 0.134453759 -1.262138486 -0.010576955 0.924398780 0.125032574 0.360196948
758.000000 0.323988765 0.133398607 -1.260706544 -0.011541123 0.926165879 0.127973586 0.354550898
759.000000 0.330329776 0.133638874 -1.258187652 -0.011393595 0.927830935 0.130280614 0.349323541
760.000000 0.336447895 0.135569870 -1.256461859 -0.010695294 0.929334402 0.132724270 0.344394475
761.000000 0.344295859 0.134606972 -1.253231287 -0.009817245 0.930963099 0.136045069 0.338678420
762.000000 0.351293087 0.134536356 -1.252856851 -0.008375295 0.932549059 0.138801292 0.333191246
763.000000 0.358907223 0.135765210 -1.250237703 -0.006607756 0.934270263 0.141337022 0.327290773
764.000000 0.365169466 0.137164831 -1.249289513 -0.005563800 0.935763180 0.144476637 0.321625382
765.000000 0.374057502 0.138293460 -1.248941660 -0.005570701 0.937449574 0.146695480 0.315654397
766.000000 0.381915390 0.137619197 -1.248721600 -0.004543206 0.939098358 0.148275554 0.309980601
767.000000 0.388742179 0.138956681 -1.247426152 -0.003324575 0.940565944 0.149501652 0.304916173
768.000000 0.393898815 0.139870510 -1.249907732 -0.002130781 0.941498160 0.150993615 0.301293224
769.000000 0.401629388 0.136441305 -1.249359369 -0.000210600 0.942508996 0.152354017 0.297430784
770.000000 0.407714248 0.138562113 -1.248996973 0.002670130 0.943177342 0.152578607 0.295176387
771.000000 0.412653029 0.138706788 -1.249518156 0.005105149 0.943294525 0.154819056 0.293599099
772.000000 0.419621795 0.137770414 -1.250143766 0.007186755 0.943227768 0.156304255 0.292982429
773.000000 0.425912946 0.137278765 -1.250067472 0.008501578 0.943225324 0.156825274 0.292676538
774.000000 0.430441678 0.136289582 -1.251635790 0.008359002 0.943015397 0.157117248 0.293200046
775.000000 0.435602754 0.136806563 -1.252388239 0.007898338 0.942906916 0.155689269 0.294321299
776.000000 0.439961642 0.138181433 -1.253485084 0.006219004 0.942682028 0.154696301 0.295602798
777.000000 0.442542762 0.130980745 -1.257331252 0.003979397 0.942034781 0.155339912 0.297362030
778.000000 0.446683168 0.128803909 -1.259482145 0.002575716 0.941941440 0.152388453 0.299194694
779.000000 0.449839592 0.127985567 -1.260996342 0.001523286 0.941739500 0.148071706 0.301992059
780.000000 0.452950448 0.127050117 -1.262548447 -0.000135392 0.941378415 0.143875733 0.305133551
781.000000 0.455967516 0.126169607 -1.264099836 -0.002242849 0.940976322 0.139488429 0.308385283
782.000000 0.458183974 0.127225474 -1.265608072 -0.003731470 0.940929055 0.134997353 0.310506433
783.000000 0.460246027 0.126973480 -1.266371012 -0.004043431 0.940778792 0.132165685 0.312171668
784.000000 0.462895393 0.128029332 -1.266510963 -0.003968454 0.940515041 0.130676121 0.313591242
785.000000 0.465307862 0.125295624 -1.268527269 -0.004459545 0.940033674 0.130508393 0.315094233
786.000000 0.468508035 0.123243064 -1.269115686 -0.003856113 0.939797163 0.128773496 0.316518188
787.000000 0.471032530 0.120295554 -1.269539475 -0.003020845 0.939626634 0.127124459 0.317698032
788.000000 0.474288642 0.120773092 -1.269993186 -0.002936709 0.939943135 0.123747952 0.318095654
789.000000 0.476593971 0.117169812 -1.270972848 -0.001817834 0.940174580 0.120110050 0.318813533
790.000000 0.480146497 0.117095962 -1.270472765 0.000010680 0.940711796 0.115572259 0.318911165
791.000000 0.482808828 0.115915984 -1.270789504 0.001384308 0.940832675 0.112664819 0.319591284
792.000000 0.485750675 0.114174798 -1.269727349 0.002486910 0.940836012 0.109504245 0.320671588
793.000000 0.488136321 0.110651374 -1.270653009 0.003723454 0.940487206 0.106067725 0.322830677
794.000000 0.490599483 0.108934790 -1.269164085 0.004984590 0.940440357 0.101879589 0.324295580
795.000000 0.494075924 0.105335727 -1.267394423 0.005392748 0.940461755 0.097617321 0.325535715
796.000000 0.496975839 0.102231771 -1.266492963 0.005936714 0.940274835 0.091129184 0.327938229
797.000000 0.497715771 0.102241300 -1.266282558 0.006261368 0.939965963 0.083500154 0.330836087
798.000000 0.500488281 0.099760897 -1.264408946 0.005881793 0.939789951 0.078235924 0.332625091
799.000000 0.502786994 0.098082259 -1.263883471 0.005715831 0.939162254 0.074927263 0.335152954
800.000000 0.508738756 0.090413868 -1.262010574 0.005311242 0.938414097 0.074455135 0.337353170
801.000000 0.506893277 0.092077389 -1.265633583 0.006418428 0.936739981 0.072117969 0.342455864
802.000000 0.514039278 0.087826528 -1.259551764 0.006582677 0.936117113 0.070807718 0.344423711
803.000000 0.516417742 0.086649135 -1.257794499 0.007112047 0.934800029 0.069218211 0.348291695
804.000000 0.517727554 0.086388990 -1.255504370 0.007919378 0.933633745 0.066931501 0.351831704
805.000000 0.520050168 0.084442787 -1.253865361 0.008430482 0.932228446 0.065773711 0.355742693
806.000000 0.522175789 0.087264687 -1.252278090 0.008435814 0.930999458 0.063977510 0.359271228
807.000000 0.524635553 0.083851367 -1.250586748 0.007411697 0.929690003 0.063890554 0.362683833
808.000000 0.526313663 0.084613539 -1.249805808 0.007196308 0.928361475 0.062473323 0.366319835
809.000000 0.528161108 0.087039098 -1.247330904 0.006964831 0.926991642 0.060606848 0.370087534
810.000000 0.532179892 0.085389890 -1.243515849 0.006067949 0.925622642 0.060451999 0.373539150
811.000000 0.537795305 0.083224580 -1.238646030 0.005078751 0.924114585 0.061116599 0.377162039
812.000000 0.541775227 0.083571658 -1.239452839 0.004403541 0.922073841 0.061575111 0.382058769
813.000000 0.544053435 0.083411083 -1.236790299 0.003886242 0.920195758 0.062866822 0.386357933
814.000000 0.547302604 0.084078610 -1.232805967 0.002901493 0.918440938 0.064437799 0.390263587
815.000000 0.548689604 0.084865823 -1.229355335 0.001883374 0.916598380 0.065739363 0.394362986
816.000000 0.550229788 0.083750062 -1.227723598 0.001597570 0.914422810 0.068108164 0.398985714
817.000000 0.552702785 0.085007876 -1.224711537 0.000848133 0.912600219 0.069715120 0.402864724
818.000000 0.555559456 0.084924743 -1.220509887 0.000126428 0.910808146 0.071489990 0.406592816
819.000000 0.556367040 0.084134631 -1.218271971 -0.000788237 0.908682525 0.073854119 0.410902679
820.000000 0.556444168 0.085549191 -1.216790199 -0.001852505 0.906646311 0.075576022 0.415062994
821.000000 0.556484878 0.087429613 -1.213645339 -0.002048394 0.904741943 0.077483833 0.418848604
822.000000 0.556048512 0.087845951 -1.211240053 -0.002244968 0.902546942 0.080724970 0.422950834
823.000000 0.558309436 0.086074069 -1.208196878 -0.003802127 0.900759697 0.084013849 0.426097572
824.000000 0.557058930 0.086588383 -1.206910849 -0.005193489 0.898758829 0.087048367 0.429683805
825.000000 0.557119012 0.087964371 -1.204212546 -0.006818279 0.897032142 0.089393370 0.432776660
826.000000 0.557224870 0.087048464 -1.201307297 -0.008602159 0.895380914 0.092058748 0.435596377
827.000000 0.555280685 0.089193702 -1.198720932 -0.010250867 0.893955350 0.094290011 0.438004762
828.000000 0.553758502 0.088765338 -1.197299838 -0.012358307 0.892299712 0.096924521 0.440742642
829.000000 0.552627444 0.089463323 -1.194000483 -0.013547087 0.891070843 0.098393679 0.442863315
830.000000 0.547498465 0.089278564 -1.191784620 -0.016191075 0.888028264 0.100242376 0.448436320
831.000000 0.548038423 0.088633731 -1.187046766 -0.016960159 0.887139380 0.100789875 0.450041592
832.000000 0.544681668 0.089979649 -1.185222626 -0.017873973 0.885306299 0.101284340 0.453491777
833.000000 0.543237269 0.088970065 -1.182631969 -0.019153213 0.883427978 0.102108277 0.456904858
834.000000 0.541627288 0.090521500 -1.179773569 -0.019845057 0.881535649 0.101487905 0.460653037
835.000000 0.547410131 0.092136964 -1.173986912 -0.020180905 0.879849553 0.102027632 0.463732541
836.000000 0.543823540 0.092665687 -1.171958923 -0.021644386 0.877597809 0.102525070 0.467805773
837.000000 0.541149795 0.090381935 -1.170270920 -0.024000108 0.875629306 0.103537567 0.471144617
838.000000 0.538000822 0.091851443 -1.168605328 -0.026127828 0.874021173 0.103328325 0.474054456
839.000000 0.533648789 0.095293477 -1.165744543 -0.027722713 0.872585297 0.103324428 0.476603061
840.000000 0.525205016 0.100660697 -1.163917303 -0.030258466 0.870586872 0.103750788 0.479998648
841.000000 0.522387683 0.098037347 -1.161462784 -0.033833101 0.868593395 0.106842488 0.482685834
842.000000 0.513223886 0.096917927 -1.160804033 -0.037346616 0.865865827 0.108575501 0.486921966
843.000000 0.509702146 0.100425914 -1.157265663 -0.038648501 0.863722980 0.109134808 0.490488023
844.000000 0.507990837 0.099719599 -1.156185508 -0.040205747 0.861176074 0.111178152 0.494366884
845.000000 0.507833064 0.095810801 -1.150471568 -0.042246558 0.859090865 0.113289557 0.497336507
846.000000 0.502842188 0.093790874 -1.149686337 -0.043440059 0.856129467 0.114301406 0.502086163
847.000000 0.496435016 0.093089461 -1.153080463 -0.043276131 0.852343380 0.114633746 0.508426130
848.000000 0.493674964 0.095453620 -1.147873521 -0.042068679 0.850018799 0.113006555 0.512764812
849.000000 0.492265046 0.098927006 -1.142815948 -0.040665142 0.847019494 0.111452356 0.518153131
850.000000 0.486823648 0.100584738 -1.144521713 -0.040222663 0.842603445 0.109933130 0.525658011
851.000000 0.484695464 0.100527354 -1.143160582 -0.040868625 0.838792503 0.108686127 0.531925023
852.000000 0.480237395 0.094500825 -1.142726183 -0.042957291 0.834692955 0.108962409 0.538116753
853.000000 0.470976293 0.099342875 -1.139509201 -0.044457100 0.830917776 0.106935881 0.544209421
854.000000 0.467201889 0.101436213 -1.135623932 -0.045740079 0.827362061 0.106525160 0.549574614
855.000000 0.462699831 0.104577079 -1.131829858 -0.047871087 0.823796451 0.107436419 0.554549575
856.000000 0.460211843 0.105184175 -1.129366636 -0.050171241 0.820570290 0.108768940 0.558852911
857.000000 0.449725956 0.108849257 -1.130121469 -0.051198363 0.816608369 0.108653612 0.564556420
858.000000 0.447271883 0.111639194 -1.123085618 -0.051356617 0.814006746 0.109351747 0.568152845
859.000000 0.440316737 0.101057485 -1.119406939 -0.053673711 0.810498416 0.112067841 0.572409213
860.000000 0.446280003 0.104260743 -1.112408280 -0.051692549 0.808886409 0.111563981 0.574964404
861.000000 0.445686132 0.109829508 -1.109707236 -0.049928516 0.806722283 0.110439815 0.578367710
862.000000 0.438095152 0.113115013 -1.107120514 -0.049514547 0.804297149 0.109364271 0.581974089
863.000000 0.431882024 0.108952910 -1.102028489 -0.049060933 0.802160323 0.109338500 0.584958851
864.000000 0.426911384 0.107491717 -1.092372417 -0.048171252 0.800824046 0.108664587 0.586985826
865.000000 0.424190521 0.111446276 -1.082645655 -0.046717465 0.799183428 0.107840523 0.589485943
866.000000 0.400052190 0.101204731 -1.086001635 -0.050271496 0.794509649 0.109153926 0.595241725
867.000000 0.393672794 0.098166898 -1.078588724 -0.049349606 0.792891502 0.108392768 0.597610891
868.000000 0.387331247 0.097384185 -1.072517633 -0.048551012 0.791398883 0.106474228 0.599994779
869.000000 0.376005173 0.098012090 -1.067399979 -0.047388624 0.789592147 0.103553414 0.602971971
870.000000 0.368853986 0.098582357 -1.057707191 -0.045605097 0.788577318 0.101527922 0.604779363
871.000000 0.359169483 0.094663337 -1.048256159 -0.046087466 0.786996782 0.102364585 0.606657624
872.000000 0.352392018 0.091304407 -1.040433288 -0.046327028 0.785759151 0.103578977 0.608036041
873.000000 0.345956206 0.088832915 -1.031177402 -0.044443198 0.785433590 0.102267109 0.608818829
874.000000 0.355135500 0.084296837 -1.009570956 -0.041319765 0.787937641 0.101069175 0.605996668
875.000000 0.342104554 0.079376072 -1.005551100 -0.039813925 0.786844134 0.099540524 0.607768774
876.000000 0.333409727 0.076450102 -0.997120380 -0.038710434 0.786572754 0.097614765 0.608503222
877.000000 0.322297633 0.081874408 -0.987334251 -0.036948536 0.786148846 0.094118208 0.609710217
878.000000 0.306044489 0.074044503 -0.984955132 -0.038594659 0.783905268 0.093558945 0.612576246
879.000000 0.299336731 0.070677251 -0.974072397 -0.038085479 0.783339381 0.090817913 0.613743544
880.000000 0.286801308 0.062711701 -0.968828440 -0.038558636 0.781641066 0.088426739 0.616223395
881.000000 0.277928114 0.066337943 -0.961990833 -0.037087001 0.780230463 0.085756287 0.618474603
882.000000 0.265438914 0.067302957 -0.957364023 -0.037614595 0.778009176 0.084127687 0.621457458
883.000000 0.257555306 0.060247201 -0.950259447 -0.038436465 0.776105762 0.083982646 0.623802423
884.000000 0.252442539 0.066495761 -0.948769093 -0.037194531 0.773950338 0.081107765 0.626928270
885.000000 0.248079017 0.060611390 -0.934853196 -0.038651511 0.773182094 0.081182189 0.627777815
886.000000 0.236551702 0.065493487 -0.934700429 -0.037900880 0.770032167 0.079617687 0.631882131
887.000000 0.230848536 0.062214494 -0.924296737 -0.038148638 0.767926991 0.080157213 0.634356081
888.000000 0.219592690 0.069309220 -0.923729599 -0.036779158 0.763733506 0.079194084 0.639598846
889.000000 0.215742186 0.054787807 -0.911715925 -0.038332079 0.760784149 0.081716903 0.642697752
890.000000 0.207909226 0.053148262 -0.908303618 -0.037244447 0.756222308 0.081364587 0.648167074
891.000000 0.200282842 0.049727157 -0.902645886 -0.035792727 0.751592338 0.081512474 0.653592825
892.000000 0.191077590 0.048854087 -0.899076045 -0.033960368 0.746402621 0.080814943 0.659696043
893.000000 0.187439442 0.055626627 -0.891757190 -0.030085372 0.742258847 0.078954749 0.664765239
894.000000 0.183739588 0.052676864 -0.884401619 -0.028988905 0.738454521 0.078360051 0.669107080
895.000000 0.171905935 0.054780863 -0.884570777 -0.027257556 0.733255088 0.077149205 0.675012589
896.000000 0.160033152 0.049817566 -0.880544186 -0.027453279 0.728613436 0.077181645 0.680008650
897.000000 0.153556302 0.048371911 -0.876368284 -0.026576513 0.724215329 0.076251343 0.684829593
898.000000 0.146487713 0.047045305 -0.876030684 -0.024948882 0.719045639 0.075337775 0.690416634
899.000000 0.142682821 0.048084021 -0.870768189 -0.023028854 0.714685559 0.075119689 0.695018888
900.000000 0.137524277 0.053725351 -0.870308518 -0.021918027 0.710115612 0.074619435 0.699776649
901.000000 0.130551934 0.050369732 -0.868974209 -0.022939725 0.705798388 0.074667685 0.704093099
902.000000 0.122974999 0.051411238 -0.867369473 -0.022728566 0.701686323 0.073913336 0.708277166
903.000000 0.111904830 0.051798843 -0.867545962 -0.022218760 0.697620809 0.073575154 0.712332964
904.000000 0.105533995 0.045818955 -0.866002202 -0.023249969 0.693513453 0.073393203 0.716318369
905.000000 0.097646348 0.050287902 -0.865933657 -0.022497345 0.689377010 0.071115620 0.720552444
906.000000 0.087847069 0.050617240 -0.866895556 -0.022350324 0.685405195 0.070011623 0.724443614
907.000000 0.079434410 0.052153323 -0.866041124 -0.022419836 0.681711733 0.069259033 0.727990150
908.000000 0.070321284 0.052683953 -0.864748120 -0.022938970 0.678165317 0.068781026 0.731324017
909.000000 0.062232509 0.052701198 -0.863716483 -0.022924939 0.675190568 0.068077959 0.734137297
910.000000 0.053697560 0.053836588 -0.865196884 -0.022266332 0.671999633 0.067426458 0.737139344
911.000000 0.046516716 0.051363174 -0.865114272 -0.022671832 0.668918431 0.067574292 0.739910662
912.000000 0.039215866 0.049243767 -0.864981949 -0.022860676 0.665934324 0.067086563 0.742636085
913.000000 0.032127924 0.042623516 -0.867123842 -0.023082986 0.662563145 0.067540042 0.745597482
914.000000 0.024719223 0.051509328 -0.868710577 -0.021614950 0.659609556 0.064683273 0.748507917
915.000000 0.017972201 0.054994717 -0.866893172 -0.020561263 0.657090604 0.063633822 0.750839472
916.000000 0.010876752 0.055196304 -0.868167400 -0.020579202 0.654040337 0.063768655 0.753486097
917.000000 0.004116133 0.054374237 -0.870850444 -0.021188563 0.651010931 0.064102352 0.756060004
918.000000 -0.002200559 0.054962330 -0.866341531 -0.020766784 0.649392426 0.063571490 0.757507026
919.000000 -0.008402944 0.055692822 -0.866932452 -0.019855384 0.647001565 0.062929526 0.759627938
920.000000 -0.013097510 0.050408017 -0.870951474 -0.019610537 0.644102931 0.063543126 0.762042761
921.000000 -0.019426718 0.055292204 -0.864832699 -0.017104261 0.643341541 0.061684854 0.762898505
922.000000 -0.024611399 0.054156750 -0.864951670 -0.014874017 0.641593337 0.060836568 0.764483929
923.000000 -0.030212492 0.054114573 -0.863309741 -0.012637491 0.640433729 0.059682671 0.765586674
924.000000 -0.033918023 0.055475183 -0.865168214 -0.010900059 0.638901591 0.059041090 0.766942084
925.000000 -0.037746772 0.055557959 -0.864305258 -0.010455710 0.637659967 0.058425333 0.768027961
926.000000 -0.041145772 0.054348975 -0.865058839 -0.009757706 0.635822713 0.057866491 0.769601047
927.000000 -0.044711083 0.050503179 -0.861630559 -0.008990193 0.634721100 0.056967705 0.770586133
928.000000 -0.047179922 0.049188986 -0.863076150 -0.007595513 0.632871270 0.055219196 0.772248089
929.000000 -0.051125944 0.051752537 -0.858375430 -0.005869508 0.632313848 0.052944481 0.772878766
930.000000 -0.052639678 0.048705347 -0.860979676 -0.005272464 0.630983353 0.051760212 0.774049819
931.000000 -0.054721624 0.048847187 -0.859631896 -0.004071922 0.630770087 0.050426744 0.774318814
932.000000 -0.056861043 0.047688361 -0.860027254 -0.002941543 0.630507171 0.049263429 0.774612963
933.000000 -0.058014512 0.044867307 -0.858100951 -0.001568060 0.630553722 0.048053872 0.774655044
934.000000 -0.058071300 0.040386569 -0.864280879 0.000143935 0.629550219 0.046937153 0.775540769
935.000000 -0.061064944 0.041282676 -0.859264731 0.002201644 0.630664468 0.045304649 0.774729013
936.000000 -0.062217861 0.043333724 -0.856304407 0.003687241 0.631213009 0.043869529 0.774359167
937.000000 -0.062965900 0.042894419 -0.856443524 0.004835190 0.631228089 0.043086763 0.774384439
938.000000 -0.062785774 0.043300942 -0.857342780 0.005601542 0.631283939 0.042239930 0.774380386
939.000000 -0.062436894 0.042528883 -0.859390676 0.005937699 0.631494820 0.041564491 0.774242520
940.000000 -0.064128056 0.041924506 -0.855266333 0.006781630 0.633047402 0.040505268 0.773022890
941.000000 -0.063472062 0.042201892 -0.856415033 0.008063339 0.633737445 0.039170444 0.772513807
942.000000 -0.063026741 0.038959756 -0.858467340 0.008834484 0.634104550 0.038131427 0.772256017
943.000000 -0.062897846 0.037194289 -0.858604372 0.009749865 0.634669960 0.036891066 0.771840692
944.000000 -0.061916679 0.037299499 -0.860650420 0.011295326 0.634849429 0.035562404 0.771734357
945.000000 -0.061025158 0.034391798 -0.862652779 0.012202146 0.635055840 0.034829509 0.771584153
946.000000 -0.061955422 0.035430476 -0.860216916 0.013439105 0.636216521 0.033437584 0.770668507
947.000000 -0.060881868 0.033115909 -0.861914575 0.014317962 0.636744201 0.032618731 0.770251870
948.000000 -0.060857385 0.033577960 -0.861747384 0.015871383 0.637633264 0.031337582 0.769538760
949.000000 -0.059931964 0.031093391 -0.862593293 0.016505389 0.638041615 0.030745255 0.769210756
950.000000 -0.059634790 0.031574629 -0.861962080 0.017493999 0.638413787 0.029909628 0.768913031
951.000000 -0.058776945 0.030799463 -0.862796307 0.018560966 0.638608932 0.028657278 0.768773675
952.000000 -0.057906061 0.030974304 -0.862440646 0.019483121 0.639106989 0.027773103 0.768369257
953.000000 -0.057371125 0.029380023 -0.862480819 0.020036040 0.639527857 0.027703190 0.768007278
954.000000 -0.056456953 0.029032262 -0.864859998 0.021098418 0.639441192 0.027314125 0.768064976
955.000000 -0.055765390 0.028188847 -0.863840520 0.022067945 0.640142739 0.027114652 0.767460167
956.000000 -0.055146322 0.027406484 -0.865804195 0.022829754 0.640277207 0.027076647 0.767327070
957.000000 -0.054510787 0.027476437 -0.865909278 0.023951139 0.640732408 0.027400224 0.766901314
958.000000 -0.053205460 0.025021315 -0.867758334 0.024799855 0.640793264 0.028324649 0.766789913
959.000000 -0.052870691 0.027397450 -0.867746055 0.025869848 0.641252637 0.028346360 0.766369581
960.000000 -0.053219914 0.028935922 -0.864581525 0.026799154 0.642215252 0.028432373 0.765527904
961.000000 -0.051327720 0.026672512 -0.869546294 0.027430149 0.641862333 0.029231369 0.765771449
962.000000 -0.050644666 0.027134880 -0.869423389 0.028484264 0.642463446 0.029566687 0.765215814
963.000000 -0.049516365 0.026826914 -0.868980706 0.029392155 0.643167973 0.029785061 0.764580905
964.000000 -0.049816281 0.027756546 -0.867196918 0.030419245 0.644313991 0.029384620 0.763590634
965.000000 -0.048369288 0.026865218 -0.869138479 0.031004542 0.644806862 0.029350668 0.763152301
