1.30503e+09 0.000000 0.000000 0.000000 0.000000 0.000000 0.000000 1.000000
1305031453.391690 0.001019 0.002298 -0.009006 -0.001664 0.006969 0.010790 0.999916
1305031453.423683 0.006472 0.004570 -0.018115 -0.000556 0.010682 0.020122 0.999740
1305031453.459685 0.013050 0.009595 -0.028729 0.003621 0.015934 0.029056 0.999444
1305031453.491698 0.014825 0.013344 -0.040865 0.007529 0.023086 0.038753 0.998954
1305031453.523684 0.015193 0.018158 -0.053556 0.014334 0.028420 0.047431 0.998367
1305031453.559753 0.016815 0.022921 -0.067381 0.021403 0.030848 0.054020 0.997834
1305031453.591640 0.016453 0.031341 -0.082053 0.029770 0.033650 0.058354 0.997284
1305031453.627706 0.012284 0.036309 -0.096562 0.036370 0.035189 0.061941 0.996796
1305031453.659600 0.006258 0.045019 -0.110973 0.044971 0.031988 0.059919 0.996677
1305031453.691678 0.000753 0.058313 -0.125165 0.053578 0.026830 0.055714 0.996647
1305031453.727652 -0.007723 0.066905 -0.138929 0.058061 0.022307 0.050593 0.996781
1305031453.759694 -0.020115 0.072531 -0.150907 0.062407 0.015128 0.042657 0.997024
1305031453.791716 -0.025882 0.084847 -0.163588 0.068350 0.005155 0.035344 0.997022
1305031453.827773 -0.037226 0.090924 -0.174717 0.070752 -0.001504 0.028686 0.997080
1305031453.859705 -0.052914 0.098731 -0.184723 0.072975 -0.012368 0.021235 0.997031
1305031453.891710 -0.065284 0.107105 -0.193367 0.073156 -0.028179 0.014438 0.996818
1305031453.927723 -0.077193 0.110548 -0.200862 0.069882 -0.046554 0.010199 0.996416
1305031453.959641 -0.081711 0.115395 -0.206831 0.067527 -0.065081 0.002090 0.995590
1305031453.991624 -0.092605 0.114240 -0.211716 0.064649 -0.077267 -0.008906 0.994872
1305031454.027662 -0.104864 0.116239 -0.217075 0.066682 -0.089276 -0.018973 0.993591
1305031454.059654 -0.115274 0.122566 -0.221130 0.068401 -0.101204 -0.030714 0.992036
1305031454.091651 -0.131173 0.121427 -0.223799 0.067722 -0.111710 -0.044467 0.990433
1305031454.127701 -0.147197 0.123415 -0.227377 0.071009 -0.124368 -0.058600 0.987956
1305031454.159672 -0.162385 0.130676 -0.230047 0.072766 -0.138174 -0.071271 0.985157
1305031454.191658 -0.175852 0.132886 -0.230837 0.070524 -0.154247 -0.085606 0.981787
1305031454.227671 -0.188713 0.124463 -0.230790 0.069800 -0.171259 -0.103212 0.977316
1305031454.259627 -0.197760 0.130465 -0.230715 0.076641 -0.184210 -0.119089 0.972631
1305031454.291639 -0.208081 0.137069 -0.231721 0.075912 -0.190752 -0.131086 0.969880
1305031454.327699 -0.222515 0.130005 -0.234802 0.074400 -0.199859 -0.146466 0.965955
1305031454.359636 -0.230667 0.134688 -0.235598 0.081525 -0.211209 -0.161066 0.960626
1305031454.391677 -0.240364 0.142740 -0.238026 0.084020 -0.217846 -0.173065 0.956835
1305031454.427465 -0.251504 0.144942 -0.240633 0.085257 -0.229705 -0.188459 0.951026
1305031454.459913 -0.252636 0.149151 -0.237752 0.088655 -0.241066 -0.203669 0.944747
1305031454.491617 -0.259638 0.155468 -0.239486 0.091070 -0.245185 -0.219993 0.939784
1305031454.527700 -0.264396 0.165711 -0.241248 0.091944 -0.250829 -0.235396 0.934462
1305031454.559575 -0.271174 0.174248 -0.243445 0.089783 -0.255746 -0.248493 0.929938
1305031454.591635 -0.279247 0.180829 -0.246227 0.087362 -0.265159 -0.265869 0.922698
1305031454.627580 -0.282178 0.188143 -0.246917 0.086250 -0.277953 -0.278665 0.915232
1305031454.659528 -0.282166 0.199267 -0.247684 0.081395 -0.290081 -0.285032 0.909937
1305031454.691884 -0.284255 0.205066 -0.248642 0.074650 -0.303792 -0.292525 0.903641
1305031454.727659 -0.281608 0.210127 -0.246568 0.070778 -0.317164 -0.296826 0.897938
1305031454.759732 -0.275573 0.215334 -0.243801 0.064789 -0.324277 -0.292488 0.897272
1305031454.791641 -0.270943 0.221321 -0.243039 0.059714 -0.327580 -0.285398 0.898707
1305031454.827570 -0.263165 0.230427 -0.240636 0.055850 -0.329742 -0.278759 0.900247
1305031454.859620 -0.258697 0.236064 -0.239302 0.049620 -0.327285 -0.271966 0.903580
1305031454.891764 -0.255425 0.244419 -0.240026 0.046075 -0.322193 -0.264925 0.907680
1305031454.927567 -0.253302 0.254655 -0.242294 0.042802 -0.316014 -0.258670 0.911807
1305031454.959648 -0.254804 0.263555 -0.246354 0.039197 -0.309703 -0.252621 0.915822
1305031454.991937 -0.259004 0.272611 -0.252075 0.036262 -0.305395 -0.246829 0.918964
1305031455.027799 -0.259181 0.285396 -0.255236 0.036775 -0.304588 -0.243502 0.920098
1305031455.059636 -0.262937 0.292682 -0.258426 0.035079 -0.301276 -0.241465 0.921790
1305031455.091700 -0.267892 0.301309 -0.263104 0.037205 -0.297429 -0.240657 0.923166
1305031455.127695 -0.273146 0.314394 -0.268396 0.039576 -0.292134 -0.239151 0.925148
1305031455.159720 -0.282849 0.324685 -0.274677 0.038487 -0.286428 -0.235089 0.928014
1305031455.191655 -0.292755 0.333412 -0.279722 0.034904 -0.282024 -0.229637 0.930866
1305031455.227581 -0.302695 0.340316 -0.284206 0.033987 -0.278380 -0.223971 0.933374
1305031455.259631 -0.308543 0.354548 -0.287810 0.033202 -0.274060 -0.217809 0.936135
1305031455.291831 -0.321851 0.358883 -0.293084 0.023786 -0.267259 -0.208951 0.940397
1305031455.327766 -0.334125 0.369038 -0.299466 0.018099 -0.263877 -0.197851 0.943873
1305031455.359630 -0.340205 0.379822 -0.301950 0.011106 -0.262532 -0.191926 0.945578
1305031455.391665 -0.352449 0.380844 -0.305738 -0.000334 -0.254548 -0.184779 0.949243
1305031455.427642 -0.367044 0.384718 -0.313525 -0.008627 -0.246266 -0.174713 0.953286
1305031455.459589 -0.380493 0.383611 -0.319348 -0.015623 -0.242621 -0.165685 0.955740
1305031455.491637 -0.392737 0.389156 -0.327611 -0.019778 -0.238304 -0.155081 0.958525
1305031455.527610 -0.410195 0.387393 -0.336773 -0.026372 -0.233434 -0.142291 0.961544
1305031455.559669 -0.428773 0.389699 -0.348293 -0.028902 -0.232194 -0.128978 0.963647
1305031455.591645 -0.442941 0.396014 -0.358859 -0.030568 -0.232485 -0.114821 0.965315
1305031455.627617 -0.459469 0.391709 -0.367879 -0.037159 -0.229799 -0.102448 0.967117
1305031455.659615 -0.477200 0.388523 -0.378817 -0.035294 -0.226650 -0.096747 0.968517
1305031455.691605 -0.493326 0.390956 -0.391603 -0.030594 -0.223882 -0.097866 0.969207
1305031455.727628 -0.508087 0.388818 -0.403187 -0.028406 -0.219931 -0.102607 0.969688
1305031455.759683 -0.523344 0.387208 -0.416026 -0.026811 -0.213419 -0.105814 0.970844
1305031455.791666 -0.540501 0.378320 -0.428800 -0.026708 -0.206980 -0.105132 0.972313
1305031455.827590 -0.556254 0.378195 -0.444441 -0.022992 -0.202398 -0.104769 0.973411
1305031455.859526 -0.569446 0.373907 -0.457058 -0.022967 -0.199909 -0.105877 0.973806
1305031455.891657 -0.581206 0.370722 -0.469397 -0.022691 -0.196522 -0.105917 0.974498
1305031455.927955 -0.593290 0.365408 -0.480461 -0.023771 -0.192300 -0.106897 0.975207
1305031455.959716 -0.604556 0.365508 -0.492182 -0.022226 -0.187872 -0.109109 0.975861
1305031455.991694 -0.614181 0.363672 -0.501315 -0.023833 -0.182893 -0.111492 0.976500
1305031456.027770 -0.624080 0.369223 -0.511913 -0.026317 -0.175719 -0.115752 0.977257
1305031456.059713 -0.638289 0.360547 -0.518594 -0.036847 -0.169204 -0.123892 0.977069
1305031456.091707 -0.651590 0.350078 -0.523365 -0.043766 -0.163980 -0.129210 0.976985
1305031456.127645 -0.663962 0.343672 -0.528919 -0.045576 -0.158735 -0.130809 0.977556
1305031456.159731 -0.674549 0.333275 -0.532491 -0.047873 -0.152725 -0.131362 0.978329
1305031456.191658 -0.685501 0.324571 -0.535243 -0.043695 -0.144230 -0.128859 0.980145
1305031456.227678 -0.692821 0.332003 -0.541443 -0.037278 -0.133825 -0.125440 0.982327
1305031456.291675 -0.703386 0.321632 -0.538902 -0.038634 -0.119537 -0.120527 0.984729
1305031456.327718 -0.716299 0.313663 -0.539791 -0.035424 -0.107925 -0.114206 0.986942
1305031456.391619 -0.738378 0.308888 -0.532557 -0.030540 -0.082906 -0.104329 0.990611
1305031456.427662 -0.760733 0.312797 -0.531555 -0.022233 -0.068583 -0.098366 0.992535
1305031456.491677 -0.794580 0.331400 -0.538123 -0.021612 -0.058481 -0.088242 0.994146
1305031456.527641 -0.804352 0.334242 -0.516339 -0.028465 -0.062700 -0.080122 0.994404
1305031456.591651 -0.827664 0.330113 -0.506949 -0.033094 -0.056814 -0.070314 0.995356
1305031456.627612 -0.838297 0.352722 -0.492076 -0.039515 -0.051167 -0.063015 0.995916
1305031456.691612 -0.876611 0.333892 -0.473525 -0.055003 -0.036962 -0.049026 0.996597
1305031456.727693 -0.889649 0.353252 -0.461942 -0.055502 -0.035975 -0.037253 0.997115
1305031456.791649 -0.911736 0.345792 -0.450868 -0.064746 -0.036570 -0.028284 0.996830
1305031456.827603 -0.910762 0.366479 -0.440108 -0.061357 -0.044161 -0.017748 0.996981
1305031456.891672 -0.929455 0.363991 -0.428504 -0.070098 -0.039920 -0.008537 0.996704
1305031456.927690 -0.947487 0.364719 -0.409293 -0.068904 -0.032169 -0.000300 0.997104
1305031456.959667 -0.960232 0.381480 -0.404818 -0.066569 -0.025639 0.005022 0.997440
1305031456.991709 -0.974430 0.380092 -0.397619 -0.075383 -0.019759 0.007244 0.996933
1305031457.027648 -0.987685 0.379085 -0.391875 -0.077933 -0.014671 0.010786 0.996792
1305031457.091655 -0.998555 0.390086 -0.390609 -0.078847 -0.009438 0.015742 0.996718
1305031457.127632 -1.015686 0.366943 -0.378970 -0.093232 0.000250 0.019166 0.995460
1305031457.191735 -1.039311 0.371052 -0.383611 -0.089517 0.015102 0.032681 0.995334
1305031457.227543 -1.056441 0.366705 -0.391302 -0.094211 0.024324 0.038114 0.994525
1305031457.291656 -1.071155 0.352339 -0.394684 -0.096403 0.032941 0.045242 0.993768
1305031457.327548 -1.094780 0.367846 -0.420383 -0.083527 0.048174 0.048651 0.994151
1305031457.391684 -1.110120 0.361157 -0.427589 -0.084263 0.060983 0.055136 0.993046
1305031457.427641 -1.144630 0.361402 -0.452024 -0.078105 0.078344 0.060332 0.992029
1305031457.491705 -1.165831 0.355162 -0.459692 -0.077360 0.083542 0.066659 0.991258
1305031457.527638 -1.177191 0.348161 -0.468010 -0.074282 0.086471 0.070173 0.991000
1305031457.559685 -1.191061 0.343324 -0.478619 -0.070588 0.091707 0.074177 0.990507
1305031457.591678 -1.209607 0.341586 -0.490033 -0.066759 0.097599 0.077804 0.989931
1305031457.627526 -1.230204 0.335124 -0.508834 -0.063331 0.101947 0.080543 0.989499
1305031457.659632 -1.247053 0.338718 -0.517908 -0.058004 0.104881 0.084728 0.989170
1305031457.691570 -1.262761 0.332727 -0.524062 -0.063422 0.106185 0.087366 0.988468
1305031457.727669 -1.274162 0.313876 -0.526111 -0.068028 0.107336 0.086390 0.988124
1305031457.759556 -1.288532 0.303036 -0.531586 -0.065791 0.110100 0.084669 0.988120
1305031457.791567 -1.298458 0.286100 -0.535804 -0.060395 0.114458 0.083301 0.988085
1305031457.827699 -1.313827 0.288731 -0.545184 -0.048246 0.122893 0.083378 0.987734
1305031457.859623 -1.329132 0.280411 -0.550116 -0.045793 0.131922 0.083640 0.986663
1305031457.891593 -1.345048 0.258433 -0.549848 -0.041489 0.140408 0.084271 0.985628
1305031457.927633 -1.365681 0.257235 -0.553562 -0.026859 0.146284 0.088226 0.984934
1305031457.991644 -1.393038 0.246530 -0.546923 -0.014527 0.149354 0.092745 0.984317
1305031458.027845 -1.402717 0.234586 -0.542036 -0.007110 0.152516 0.093534 0.983839
1305031458.059689 -1.419723 0.237136 -0.544945 0.002613 0.158057 0.096370 0.982713
1305031458.091690 -1.439825 0.252720 -0.550799 0.011852 0.163225 0.098012 0.981637
1305031458.127605 -1.456713 0.243113 -0.540652 0.009822 0.168522 0.098453 0.980720
1305031458.159638 -1.477865 0.232835 -0.525661 0.010263 0.173946 0.099990 0.979612
1305031458.191646 -1.501948 0.233391 -0.519506 0.011153 0.176568 0.103245 0.978795
1305031458.227611 -1.520207 0.242555 -0.513970 0.011480 0.174712 0.104025 0.979042
1305031458.259934 -1.530761 0.216034 -0.481794 0.005031 0.173413 0.101136 0.979630
1305031458.291664 -1.549808 0.184016 -0.458207 -0.001110 0.173261 0.101731 0.979607
1305031458.327628 -1.571308 0.185818 -0.451425 0.004809 0.169874 0.101474 0.980216
1305031458.359590 -1.580043 0.168842 -0.422422 0.009484 0.166548 0.101549 0.980744
1305031458.391626 -1.591052 0.158263 -0.406333 0.016876 0.164617 0.105096 0.980597
1305031458.427598 -1.596890 0.156373 -0.394056 0.025232 0.164075 0.113424 0.979580
1305031458.459637 -1.605386 0.153633 -0.375187 0.034927 0.167080 0.122366 0.977697
1305031458.491696 -1.590395 0.139393 -0.353516 0.049853 0.171429 0.125684 0.975874
1305031458.527737 -1.602314 0.148979 -0.344729 0.070067 0.182001 0.124340 0.972885
1305031458.559628 -1.609467 0.152327 -0.325756 0.077627 0.191719 0.121658 0.970782
1305031458.591641 -1.622196 0.156298 -0.300603 0.087943 0.199877 0.115040 0.969062
1305031458.627659 -1.631082 0.164522 -0.290609 0.091455 0.200248 0.110779 0.969157
1305031458.659623 -1.642751 0.187423 -0.264139 0.098110 0.200557 0.106615 0.968909
1305031458.691674 -1.643965 0.190908 -0.239708 0.092507 0.185178 0.100769 0.973138
1305031458.727650 -1.635823 0.195850 -0.195003 0.093499 0.171436 0.089751 0.976633
1305031458.759945 -1.638383 0.203823 -0.174445 0.100759 0.156543 0.078202 0.979401
1305031458.791632 -1.633685 0.218565 -0.158683 0.101885 0.139533 0.069124 0.982533
1305031458.827564 -1.627775 0.214943 -0.147089 0.094081 0.129413 0.066946 0.984845
1305031458.891665 -1.620848 0.208266 -0.128765 0.100075 0.124370 0.056804 0.985541
1305031458.927621 -1.631100 0.211846 -0.125290 0.099085 0.131994 0.063172 0.984261
1305031458.959617 -1.636589 0.203798 -0.117660 0.090846 0.137852 0.076645 0.983295
1305031458.991647 -1.649359 0.186037 -0.092621 0.091138 0.145594 0.077073 0.982118
1305031459.027665 -1.678417 0.173962 -0.075554 0.099266 0.150241 0.078374 0.980526
1305031459.059631 -1.701307 0.159631 -0.068280 0.105656 0.144850 0.088331 0.979823
1305031459.127618 -1.754563 0.136275 -0.038923 0.118720 0.133649 0.101222 0.978671
1305031459.159639 -1.767408 0.131712 -0.031552 0.127021 0.109035 0.103052 0.980488
1305031459.191674 -1.779934 0.130471 -0.025176 0.132744 0.090682 0.109235 0.980930
1305031459.227607 -1.786054 0.133002 -0.016078 0.136023 0.076583 0.119814 0.980447
1305031459.259760 -1.785499 0.139515 -0.005178 0.137084 0.071742 0.129562 0.979426
1305031459.327632 -1.787272 0.148067 0.000545 0.135270 0.083996 0.144558 0.976601
1305031459.359651 -1.797848 0.158826 0.017959 0.142912 0.109690 0.163601 0.969938
1305031459.391667 -1.809940 0.187728 0.027836 0.146119 0.135552 0.187020 0.961924
1305031459.427646 -1.808085 0.196418 0.024339 0.134797 0.165347 0.224067 0.950939
1305031459.459679 -1.822539 0.200991 0.027925 0.135508 0.200335 0.260457 0.934701
1305031459.527594 -1.835998 0.232472 0.026271 0.135502 0.226575 0.292856 0.918988
1305031459.559647 -1.835839 0.249138 0.037529 0.135908 0.236049 0.309661 0.910999
1305031459.591695 -1.856994 0.253276 0.046717 0.136196 0.244593 0.326227 0.902885
1305031459.627608 -1.868408 0.252433 0.055003 0.133739 0.246696 0.335900 0.899125
1305031459.659641 -1.878162 0.255324 0.063040 0.134800 0.253352 0.336351 0.896945
1305031459.691604 -1.897040 0.254224 0.063307 0.130183 0.264267 0.342091 0.892294
1305031459.727551 -1.912337 0.241954 0.076350 0.124496 0.276370 0.343558 0.888869
1305031459.791650 -1.939994 0.222806 0.091674 0.126047 0.287136 0.336468 0.887950
1305031459.827664 -1.957846 0.212407 0.096704 0.124858 0.288503 0.334328 0.888483
1305031459.859660 -1.976205 0.202028 0.099978 0.120464 0.287605 0.333097 0.889841
1305031459.891596 -1.988275 0.187284 0.106938 0.114657 0.284119 0.336017 0.890630
1305031459.927607 -1.997740 0.173203 0.113255 0.113320 0.281425 0.339275 0.890422
1305031459.991725 -2.020780 0.148827 0.128075 0.108569 0.279933 0.347141 0.888450
1305031460.027565 -2.024392 0.134668 0.136244 0.106926 0.279410 0.350338 0.887558
1305031460.059659 -2.034408 0.121319 0.144623 0.107559 0.280672 0.351820 0.886497
1305031460.091717 -2.049248 0.103255 0.156334 0.108728 0.279727 0.357299 0.884459
1305031460.127690 -2.056254 0.084400 0.168401 0.112234 0.273106 0.365850 0.882593
1305031460.159678 -2.063938 0.073787 0.175551 0.118825 0.265185 0.373471 0.880952
1305031460.191559 -2.070411 0.063538 0.176085 0.119533 0.256701 0.382863 0.879336
1305031460.227761 -2.061218 0.051317 0.179173 0.118468 0.253459 0.388250 0.878058
1305031460.291689 -2.058349 0.035127 0.186335 0.120803 0.266199 0.387292 0.874385
1305031460.327512 -2.062698 0.022011 0.190958 0.121568 0.275915 0.388866 0.870560
1305031460.391611 -2.061366 0.009891 0.193438 0.119011 0.289806 0.394828 0.863690
1305031460.427477 -2.061091 -0.000967 0.199430 0.117962 0.300170 0.399650 0.858057
1305031460.459620 -2.061692 -0.008747 0.201146 0.116114 0.311749 0.404498 0.851887
1305031460.491504 -2.068978 -0.017053 0.202323 0.110658 0.325594 0.411485 0.844052
1305031460.527570 -2.070363 -0.029527 0.208804 0.103720 0.337210 0.421361 0.835455
1305031460.559647 -2.064478 -0.038383 0.213393 0.097788 0.345066 0.425679 0.830761
1305031460.591855 -2.065512 -0.047251 0.220249 0.094527 0.354599 0.426408 0.826741
1305031460.627625 -2.065462 -0.058098 0.226191 0.091647 0.363227 0.428794 0.822072
1305031460.659764 -2.068652 -0.067236 0.234253 0.090506 0.371933 0.428181 0.818618
1305031460.691671 -2.076947 -0.079155 0.243476 0.087594 0.378490 0.429342 0.815315
1305031460.727675 -2.078039 -0.090164 0.250685 0.082434 0.381315 0.430217 0.814074
1305031460.759667 -2.076450 -0.101087 0.258174 0.079009 0.386701 0.429011 0.812508
1305031460.791660 -2.080707 -0.113893 0.268849 0.076023 0.392655 0.428135 0.810397
1305031460.827660 -2.082531 -0.124078 0.277400 0.071045 0.395022 0.426300 0.810666
1305031460.859714 -2.081336 -0.132320 0.283218 0.064603 0.398280 0.424505 0.810553
1305031460.891774 -2.079612 -0.143990 0.292084 0.057079 0.403473 0.422402 0.809647
1305031460.927562 -2.078948 -0.163282 0.311859 0.047811 0.410797 0.422047 0.806745
1305031460.991668 -2.073406 -0.179411 0.320263 0.044021 0.411915 0.425297 0.804680
1305031461.027620 -2.069994 -0.195027 0.326340 0.043795 0.414012 0.426888 0.802772
1305031461.091728 -2.067863 -0.212095 0.343108 0.046063 0.413911 0.426171 0.803078
1305031461.127586 -2.057663 -0.220679 0.348437 0.043677 0.413134 0.424646 0.804418
1305031461.159720 -2.049242 -0.233729 0.357673 0.043262 0.415343 0.422639 0.804360
1305031461.192013 -2.045792 -0.240569 0.362658 0.045309 0.415769 0.418600 0.806138
1305031461.227607 -2.042591 -0.248097 0.367783 0.045035 0.417242 0.416313 0.806576
1305031461.259642 -2.036541 -0.256654 0.375322 0.045633 0.418270 0.412981 0.807722
1305031461.291656 -2.031955 -0.260545 0.379702 0.047226 0.418502 0.407140 0.810471
1305031461.327751 -2.026967 -0.262736 0.382479 0.048091 0.420303 0.402595 0.811757
1305031461.359709 -2.029701 -0.260802 0.386530 0.046009 0.423588 0.398874 0.812008
1305031461.391708 -2.019348 -0.271689 0.393055 0.036857 0.423652 0.400929 0.811429
1305031461.427624 -2.011092 -0.275520 0.396962 0.035831 0.424404 0.399341 0.811865
1305031461.459781 -2.010216 -0.271853 0.397359 0.033956 0.423224 0.401326 0.811582
1305031461.491677 -1.995782 -0.278943 0.400973 0.029483 0.423501 0.402821 0.810872
1305031461.527705 -1.982673 -0.287882 0.400326 0.027354 0.423224 0.403312 0.810847
1305031461.559677 -1.976828 -0.283799 0.390552 0.026438 0.422331 0.400684 0.812644
1305031461.591690 -1.971462 -0.279748 0.386760 0.026566 0.428822 0.397003 0.811046
1305031461.627541 -1.970576 -0.277426 0.384924 0.023932 0.434984 0.396621 0.808027
1305031461.659622 -1.967178 -0.274414 0.383186 0.021537 0.439549 0.396383 0.805738
1305031461.691563 -1.966107 -0.270952 0.380851 0.019467 0.442813 0.398901 0.802755
1305031461.727602 -1.959356 -0.267310 0.376468 0.016663 0.442455 0.405139 0.799886
1305031461.759684 -1.958061 -0.256879 0.372230 0.017307 0.444023 0.407418 0.797843
1305031461.791612 -1.956185 -0.247412 0.363642 0.014020 0.444361 0.412450 0.795130
1305031461.827615 -1.951538 -0.237910 0.359993 0.012325 0.448432 0.416778 0.790603
1305031461.859767 -1.955582 -0.226543 0.355111 0.012104 0.452359 0.422846 0.785128
1305031461.891723 -1.960253 -0.219468 0.352651 0.007635 0.454330 0.434532 0.777630
1305031461.927758 -1.958569 -0.208148 0.348510 0.003056 0.451852 0.445097 0.773117
1305031461.959703 -1.952313 -0.189489 0.339906 -0.000555 0.453160 0.448042 0.770652
1305031461.991590 -1.960472 -0.173705 0.330737 -0.006036 0.456878 0.452613 0.765747
1305031462.027675 -1.960880 -0.174287 0.333236 -0.017902 0.456904 0.464661 0.758293
1305031462.059837 -1.960687 -0.169343 0.338618 -0.022525 0.453730 0.476638 0.752620
1305031462.091777 -1.961732 -0.159070 0.337285 -0.022922 0.447493 0.488786 0.748540
1305031462.127739 -1.963612 -0.146914 0.331586 -0.024076 0.441829 0.498615 0.745379
1305031462.159646 -1.966165 -0.139654 0.331711 -0.026377 0.439745 0.506163 0.741436
1305031462.191641 -1.970447 -0.128651 0.330219 -0.028934 0.438261 0.506172 0.742213
1305031462.227633 -1.977878 -0.118441 0.325353 -0.033655 0.436505 0.507086 0.742424
1305031462.259765 -1.983030 -0.113243 0.326663 -0.040864 0.435365 0.506589 0.743071
1305031462.291629 -1.989058 -0.106071 0.327937 -0.047777 0.432468 0.503500 0.746443
1305031462.327540 -1.995584 -0.096763 0.326863 -0.054668 0.429162 0.499764 0.750378
1305031462.359732 -2.003320 -0.087224 0.327393 -0.062046 0.427162 0.494154 0.754649
1305031462.391695 -2.015300 -0.079084 0.329406 -0.070820 0.423393 0.489101 0.759278
1305031462.427635 -2.024294 -0.071420 0.334093 -0.079526 0.418499 0.485400 0.763493
1305031462.459897 -2.033548 -0.063780 0.338439 -0.087471 0.411798 0.481200 0.768907
1305031462.492008 -2.047138 -0.050570 0.338548 -0.094324 0.404693 0.475582 0.775338
1305031462.527670 -2.050911 -0.052347 0.345774 -0.105059 0.398196 0.475353 0.777459
1305031462.559862 -2.054833 -0.051370 0.347628 -0.112318 0.389688 0.471876 0.782854
1305031462.591862 -2.053082 -0.043256 0.340933 -0.118299 0.380411 0.462832 0.791883
1305031462.627851 -2.055602 -0.036812 0.333523 -0.123624 0.374135 0.452374 0.800061
1305031462.659660 -2.058509 -0.033731 0.330109 -0.126584 0.371002 0.443724 0.805880
1305031462.692548 -2.060241 -0.029215 0.322199 -0.128405 0.366196 0.432638 0.813780
1305031462.727652 -2.075799 -0.023913 0.315935 -0.127435 0.363826 0.422813 0.820134
1305031462.759782 -2.084195 -0.016362 0.306384 -0.128898 0.356541 0.411710 0.828709
1305031462.791943 -2.089546 -0.008096 0.295449 -0.130618 0.350005 0.403531 0.835224
1305031462.827816 -2.097734 0.001199 0.283652 -0.131708 0.344859 0.397728 0.839963
1305031462.859782 -2.105606 0.011478 0.270715 -0.133889 0.339848 0.393708 0.843547
1305031462.891847 -2.096835 0.021576 0.254663 -0.137796 0.333494 0.389667 0.847321
1305031462.927607 -2.095600 0.028227 0.241477 -0.139105 0.332010 0.388392 0.848275
1305031462.959676 -2.096401 0.034123 0.230097 -0.138372 0.330094 0.387146 0.849711
1305031462.995550 -2.088013 0.038935 0.217013 -0.137385 0.323674 0.383723 0.853883
1305031463.027667 -2.076164 0.045533 0.200343 -0.134070 0.315600 0.376950 0.860425
1305031463.059810 -2.079430 0.056449 0.181295 -0.127497 0.309578 0.367512 0.867664
1305031463.095809 -2.086929 0.073314 0.161224 -0.120787 0.303935 0.358521 0.874355
1305031463.127550 -2.072615 0.078715 0.147298 -0.120241 0.297417 0.349854 0.880163
1305031463.159787 -2.067696 0.082777 0.131845 -0.117563 0.294024 0.340810 0.885199
1305031463.195657 -2.080453 0.098099 0.112043 -0.111419 0.294295 0.333366 0.888731
1305031463.227784 -2.083987 0.105312 0.101735 -0.110444 0.294901 0.329403 0.890129
1305031463.260034 -2.060194 0.099984 0.093314 -0.113555 0.290667 0.327006 0.892012
1305031463.295737 -2.061043 0.114500 0.072647 -0.107249 0.288347 0.320455 0.895914
1305031463.327739 -2.065542 0.120462 0.060728 -0.106424 0.287698 0.317348 0.897326
1305031463.359750 -2.047293 0.116551 0.058314 -0.106734 0.283311 0.316123 0.899116
1305031463.395630 -2.041282 0.125431 0.041941 -0.101488 0.277122 0.313569 0.902540
1305031463.427716 -2.038144 0.142584 0.023804 -0.096609 0.272344 0.309346 0.905981
1305031463.459756 -2.026944 0.151702 0.013276 -0.095282 0.270641 0.307845 0.907142
1305031463.495629 -2.016572 0.164232 -0.003225 -0.094546 0.269608 0.305874 0.908192
1305031463.527670 -1.996614 0.171673 -0.013035 -0.094448 0.270850 0.303606 0.908594
1305031463.559751 -1.985366 0.174407 -0.022207 -0.092867 0.274170 0.303779 0.907703
1305031463.595600 -1.977344 0.178072 -0.040732 -0.093909 0.270813 0.304247 0.908447
1305031463.627588 -1.963722 0.178170 -0.046683 -0.093334 0.269496 0.305358 0.908525
1305031463.659766 -1.952059 0.163993 -0.048905 -0.093695 0.271843 0.311206 0.905800
1305031463.695640 -1.935746 0.175953 -0.080169 -0.088224 0.265075 0.305215 0.910382
1305031463.727588 -1.921032 0.187616 -0.103171 -0.085100 0.261026 0.299963 0.913589
1305031463.759674 -1.903465 0.178247 -0.104837 -0.083148 0.265952 0.298210 0.912922
1305031463.795647 -1.882466 0.176067 -0.127916 -0.080368 0.263843 0.289773 0.916493
1305031463.827761 -1.864805 0.174631 -0.153168 -0.081465 0.260556 0.279225 0.920602
1305031463.859910 -1.850113 0.167553 -0.165501 -0.081237 0.262352 0.270673 0.922664
1305031463.895648 -1.835003 0.162220 -0.184525 -0.079378 0.262548 0.261489 0.925414
1305031463.927664 -1.822969 0.156909 -0.204601 -0.079385 0.259720 0.255556 0.927866
1305031463.959680 -1.809307 0.148747 -0.219469 -0.078997 0.255423 0.249818 0.930650
1305031463.995821 -1.795584 0.143080 -0.236315 -0.075376 0.251281 0.243612 0.933718
1305031464.027703 -1.784474 0.140734 -0.259037 -0.072867 0.246107 0.235920 0.937264
1305031464.059652 -1.769504 0.133280 -0.275881 -0.072853 0.243549 0.227618 0.939982
1305031464.095634 -1.759845 0.123806 -0.290570 -0.070856 0.244735 0.218849 0.941907
1305031464.127681 -1.759180 0.115221 -0.305603 -0.068292 0.245523 0.213393 0.943143
1305031464.159817 -1.753899 0.100423 -0.314948 -0.065651 0.242885 0.211371 0.944468
1305031464.195585 -1.748843 0.088927 -0.325339 -0.057094 0.236823 0.207466 0.947424
1305031464.227624 -1.749238 0.086077 -0.342441 -0.045409 0.227379 0.204310 0.951049
1305031464.259644 -1.750285 0.086028 -0.359958 -0.036815 0.213275 0.202801 0.955003
1305031464.295667 -1.740305 0.084182 -0.375549 -0.033323 0.194758 0.199058 0.959862
1305031464.327866 -1.722717 0.084030 -0.390528 -0.030464 0.178252 0.194171 0.964155
1305031464.359684 -1.705238 0.078771 -0.402054 -0.027043 0.166899 0.189541 0.967206
1305031464.395611 -1.683877 0.080908 -0.420416 -0.021541 0.157433 0.182665 0.970250
1305031464.427634 -1.668507 0.081432 -0.439172 -0.019417 0.154080 0.173752 0.972467
1305031464.459689 -1.659798 0.075413 -0.450474 -0.017872 0.152297 0.164649 0.974360
1305031464.495633 -1.642732 0.073787 -0.469755 -0.015709 0.147850 0.158495 0.976101
1305031464.527574 -1.630195 0.073201 -0.489001 -0.014026 0.146268 0.151123 0.977533
1305031464.559703 -1.612626 0.067705 -0.509133 -0.017085 0.141770 0.139931 0.979810
1305031464.595698 -1.585267 0.051053 -0.517032 -0.018061 0.143526 0.130144 0.980886
1305031464.627672 -1.570711 0.044978 -0.534510 -0.008968 0.154534 0.120818 0.980531
1305031464.659749 -1.559409 0.036502 -0.554205 -0.001014 0.165687 0.107831 0.980265
1305031464.695663 -1.549920 0.018656 -0.561376 0.008739 0.176911 0.090753 0.979995
1305031464.727652 -1.549833 0.008461 -0.569118 0.024825 0.184563 0.073636 0.979744
1305031464.759740 -1.541723 0.010030 -0.585727 0.037785 0.181986 0.056166 0.980968
1305031464.796021 -1.541146 -0.003874 -0.588924 0.042583 0.177540 0.038365 0.982443
1305031464.827759 -1.546474 -0.009956 -0.587067 0.052541 0.167615 0.024257 0.984152
1305031464.859654 -1.535543 -0.008274 -0.597536 0.059675 0.148861 0.010322 0.987002
1305031464.895817 -1.512665 -0.005880 -0.605638 0.058971 0.128670 -0.007234 0.989906
1305031464.927799 -1.488298 -0.022695 -0.596726 0.054007 0.113401 -0.027635 0.991695
1305031464.959763 -1.468004 -0.036103 -0.587395 0.055540 0.105862 -0.045809 0.991771
1305031464.995687 -1.445174 -0.034998 -0.583334 0.062080 0.101142 -0.063947 0.990872
1305031465.027823 -1.434617 -0.038359 -0.574563 0.064886 0.100006 -0.085154 0.989211
1305031465.059749 -1.437117 -0.026225 -0.562473 0.071900 0.096215 -0.104139 0.987283
1305031465.095700 -1.427948 -0.016840 -0.546462 0.075848 0.087626 -0.121097 0.985852
1305031465.127664 -1.409799 -0.003984 -0.534037 0.059553 0.073732 -0.135853 0.986185
1305031465.159842 -1.399936 -0.000768 -0.511207 0.041329 0.063150 -0.145892 0.986418
1305031465.195564 -1.385786 0.002362 -0.489828 0.027430 0.052569 -0.153912 0.986304
1305031465.227907 -1.367195 0.015440 -0.474367 0.016345 0.042897 -0.159404 0.986146
1305031465.259807 -1.358071 0.018471 -0.451645 0.003311 0.035684 -0.161327 0.986250
1305031465.295623 -1.345210 0.030894 -0.435197 -0.001306 0.027289 -0.152971 0.987853
1305031465.327674 -1.328631 0.045098 -0.424315 -0.007280 0.014785 -0.140005 0.990014
1305031465.359948 -1.316853 0.049462 -0.406517 -0.012911 0.000349 -0.128253 0.991657
1305031465.395586 -1.292251 0.058068 -0.394486 -0.011598 -0.018435 -0.116563 0.992944
1305031465.427697 -1.261768 0.068715 -0.388122 -0.008277 -0.034737 -0.104643 0.993869
1305031465.460125 -1.234594 0.084726 -0.386179 -0.004040 -0.047922 -0.090618 0.994724
1305031465.495703 -1.204177 0.101832 -0.388456 -0.004331 -0.061105 -0.080224 0.994893
1305031465.527622 -1.180807 0.102272 -0.380793 -0.007787 -0.072287 -0.075863 0.994464
1305031465.559812 -1.160173 0.102131 -0.375012 -0.006936 -0.081049 -0.071248 0.994136
1305031465.595599 -1.129116 0.117073 -0.378724 -0.000506 -0.088644 -0.061606 0.994156
1305031465.627688 -1.110188 0.132419 -0.383231 0.004660 -0.092892 -0.051707 0.994322
1305031465.660060 -1.087628 0.146073 -0.386205 0.009130 -0.103622 -0.042915 0.993649
1305031465.695668 -1.051098 0.160265 -0.385991 0.015197 -0.115651 -0.034784 0.992564
1305031465.727682 -1.025675 0.176879 -0.387919 0.022916 -0.120489 -0.024932 0.992137
1305031465.759766 -0.998184 0.196793 -0.391257 0.030760 -0.126954 -0.015160 0.991316
1305031465.795937 -0.967565 0.213093 -0.391894 0.036136 -0.132930 -0.007820 0.990436
1305031465.827996 -0.943365 0.225659 -0.389187 0.044123 -0.137369 -0.001591 0.989535
1305031465.859861 -0.912318 0.252086 -0.392178 0.056656 -0.142066 0.004636 0.988224
1305031465.895494 -0.864494 0.279035 -0.392152 0.062862 -0.147244 0.009696 0.987053
1305031465.927495 -0.841396 0.290594 -0.386295 0.067905 -0.141153 0.011569 0.987588
1305031465.959710 -0.818569 0.312504 -0.386552 0.080116 -0.134370 0.011697 0.987618
1305031465.995753 -0.803361 0.335706 -0.393336 0.088988 -0.126723 0.008406 0.987903
1305031466.027644 -0.787412 0.360818 -0.397187 0.096632 -0.123952 0.007309 0.987545
1305031466.059757 -0.770900 0.389189 -0.402978 0.097965 -0.122097 0.008304 0.987637
1305031466.095840 -0.758653 0.407058 -0.407130 0.093515 -0.122779 0.008284 0.987984
1305031466.127640 -0.742754 0.424623 -0.411497 0.088265 -0.127463 0.007680 0.987878
1305031466.160428 -0.730182 0.441101 -0.418050 0.083234 -0.131969 0.009115 0.987711
1305031466.195833 -0.717328 0.459440 -0.428264 0.076279 -0.139851 0.009197 0.987187
1305031466.227951 -0.697238 0.468777 -0.436166 0.064927 -0.149851 0.003997 0.986566
1305031466.259815 -0.672126 0.467578 -0.436006 0.060415 -0.155674 -0.003791 0.985952
1305031466.295737 -0.647759 0.477313 -0.444506 0.064017 -0.152794 -0.014822 0.986071
1305031466.327702 -0.629910 0.488359 -0.459414 0.065658 -0.142660 -0.024153 0.987296
1305031466.359829 -0.615122 0.494206 -0.473144 0.060097 -0.133089 -0.030348 0.988815
1305031466.395784 -0.601753 0.489213 -0.478829 0.058199 -0.129986 -0.035461 0.989171
1305031466.427819 -0.588323 0.502350 -0.491253 0.066537 -0.131486 -0.039218 0.988305
1305031466.459790 -0.568754 0.516209 -0.504414 0.068542 -0.136778 -0.043696 0.987261
1305031466.495809 -0.544797 0.520893 -0.509860 0.063774 -0.142142 -0.044873 0.986770
1305031466.527538 -0.517889 0.522292 -0.509206 0.060987 -0.142987 -0.045204 0.986809
1305031466.560353 -0.497943 0.533052 -0.516408 0.060172 -0.139182 -0.046714 0.987333
1305031466.595936 -0.478861 0.543121 -0.522223 0.053430 -0.137858 -0.050617 0.987714
1305031466.627549 -0.450841 0.535446 -0.512061 0.045276 -0.139054 -0.055037 0.987717
1305031466.659688 -0.429587 0.525196 -0.507261 0.044281 -0.138284 -0.058080 0.987696
1305031466.695822 -0.411725 0.539920 -0.519784 0.047902 -0.137628 -0.065525 0.987153
1305031466.728074 -0.389074 0.540798 -0.520969 0.041782 -0.140862 -0.075486 0.986263
1305031466.759637 -0.366541 0.533509 -0.512710 0.042404 -0.143283 -0.082503 0.985325
1305031466.795604 -0.351348 0.545101 -0.517199 0.051590 -0.143438 -0.088178 0.984372
1305031466.827879 -0.334084 0.558539 -0.525241 0.053698 -0.146113 -0.092905 0.983431
1305031466.859665 -0.322784 0.554183 -0.523666 0.049846 -0.150980 -0.092565 0.982930
1305031466.895694 -0.310171 0.559448 -0.525988 0.054211 -0.161433 -0.093146 0.980981
1305031466.927756 -0.290809 0.561497 -0.529355 0.054658 -0.176337 -0.095856 0.978126
1305031466.959728 -0.265979 0.559183 -0.526353 0.054726 -0.189761 -0.096845 0.975508
1305031466.995712 -0.244709 0.560047 -0.526150 0.055888 -0.196371 -0.099542 0.973862
1305031467.027843 -0.227256 0.559925 -0.526860 0.056507 -0.200869 -0.103911 0.972451
1305031467.059700 -0.207033 0.561258 -0.525955 0.057343 -0.204854 -0.106839 0.971253
1305031467.095687 -0.190834 0.561483 -0.528046 0.055467 -0.205858 -0.112157 0.970550
1305031467.128974 -0.177253 0.558737 -0.525795 0.056015 -0.208908 -0.122444 0.968621
1305031467.159660 -0.163435 0.559705 -0.525488 0.058909 -0.211737 -0.130438 0.966790
1305031467.195663 -0.152769 0.561732 -0.527779 0.060790 -0.215111 -0.134946 0.965309
1305031467.227704 -0.138162 0.562134 -0.527609 0.062084 -0.222217 -0.140407 0.962835
1305031467.259694 -0.122353 0.561350 -0.526375 0.064037 -0.228478 -0.144916 0.960571
1305031467.295846 -0.107690 0.563030 -0.527343 0.067169 -0.233886 -0.151019 0.958112
1305031467.328008 -0.092911 0.566204 -0.529219 0.069783 -0.239318 -0.156050 0.955775
1305031467.359654 -0.077603 0.572542 -0.534616 0.068910 -0.244603 -0.158933 0.954024
1305031467.395756 -0.061633 0.570777 -0.535978 0.062816 -0.252108 -0.164300 0.951578
1305031467.427783 -0.048004 0.567610 -0.533094 0.060529 -0.258387 -0.168263 0.949347
1305031467.459692 -0.033478 0.570593 -0.534516 0.061595 -0.264751 -0.170166 0.947183
1305031467.496058 -0.011640 0.575785 -0.537389 0.059433 -0.272866 -0.174823 0.944166
1305031467.527663 0.007202 0.568961 -0.534595 0.053058 -0.277851 -0.181750 0.941781
1305031467.559763 0.019693 0.564811 -0.529942 0.053009 -0.279260 -0.184606 0.940810
1305031467.595989 0.031519 0.564597 -0.531128 0.053045 -0.279885 -0.183585 0.940823
1305031467.627532 0.035759 0.553676 -0.527956 0.051441 -0.283047 -0.182538 0.940169
1305031467.659626 0.047769 0.546842 -0.522174 0.056783 -0.289659 -0.178507 0.938621
1305031467.695886 0.066369 0.543532 -0.519206 0.060584 -0.295432 -0.179102 0.936468
1305031467.727535 0.075030 0.530970 -0.510239 0.063237 -0.298409 -0.183339 0.934527
1305031467.759907 0.082324 0.523333 -0.502544 0.069478 -0.300642 -0.185060 0.933027
1305031467.796075 0.090745 0.517225 -0.495578 0.073967 -0.303677 -0.187544 0.931202
1305031467.827800 0.092491 0.502834 -0.483773 0.077046 -0.306247 -0.188672 0.929882
1305031467.859729 0.094031 0.494819 -0.471378 0.084159 -0.310499 -0.185067 0.928578
1305031467.895947 0.100063 0.489620 -0.462341 0.089499 -0.317943 -0.184023 0.925763
1305031467.927754 0.104633 0.475457 -0.445448 0.091375 -0.326791 -0.186739 0.921947
1305031467.959826 0.108502 0.462133 -0.425652 0.097308 -0.333701 -0.186876 0.918832
1305031467.995754 0.119459 0.459138 -0.413386 0.102004 -0.337082 -0.188382 0.916779
1305031468.028107 0.119119 0.440193 -0.395748 0.098368 -0.338202 -0.192082 0.915995
1305031468.059850 0.115212 0.425323 -0.378509 0.102810 -0.340412 -0.194359 0.914207
1305031468.095867 0.121291 0.418333 -0.365691 0.106040 -0.344218 -0.196186 0.912020
1305031468.127816 0.122475 0.399616 -0.347113 0.103088 -0.347501 -0.197721 0.910781
1305031468.159864 0.124448 0.385753 -0.329396 0.105028 -0.350319 -0.200271 0.908921
1305031468.195985 0.129654 0.370287 -0.312820 0.104410 -0.352231 -0.203863 0.907454
1305031468.228158 0.130453 0.349178 -0.296070 0.101211 -0.352330 -0.204492 0.907636
1305031468.259754 0.134176 0.330462 -0.279776 0.099899 -0.352010 -0.203239 0.908187
1305031468.295830 0.135280 0.311308 -0.266329 0.098120 -0.350097 -0.203810 0.908992
1305031468.327847 0.134003 0.285972 -0.252248 0.096997 -0.348605 -0.202063 0.910075
1305031468.359787 0.138625 0.271152 -0.243233 0.099852 -0.346490 -0.197380 0.911601
1305031468.395860 0.141049 0.256811 -0.236819 0.097306 -0.344708 -0.198089 0.912397
1305031468.428025 0.138661 0.231100 -0.228007 0.090740 -0.344623 -0.198954 0.912918
1305031468.459759 0.140873 0.211855 -0.220061 0.088688 -0.345775 -0.196855 0.913139
1305031468.495809 0.143604 0.191402 -0.212619 0.084905 -0.344981 -0.197987 0.913554
1305031468.527756 0.137135 0.167560 -0.206591 0.083407 -0.342903 -0.202946 0.913386
1305031468.559739 0.131361 0.147710 -0.204583 0.089560 -0.342572 -0.210251 0.911273
1305031468.595768 0.130073 0.133791 -0.207845 0.093079 -0.342278 -0.216739 0.909509
1305031468.627626 0.123320 0.114228 -0.207550 0.085584 -0.342525 -0.219310 0.909536
1305031468.659579 0.112547 0.095271 -0.206215 0.082473 -0.344705 -0.220261 0.908769
1305031468.695835 0.103927 0.076613 -0.205772 0.085922 -0.350479 -0.223136 0.905534
1305031468.727785 0.098503 0.062468 -0.204049 0.089740 -0.356705 -0.223793 0.902566
1305031468.759628 0.093106 0.046114 -0.201900 0.089907 -0.361290 -0.224271 0.900605
1305031468.795796 0.084849 0.024667 -0.197957 0.092225 -0.364085 -0.228168 0.898263
1305031468.829247 0.077804 0.012392 -0.197200 0.101127 -0.365902 -0.232951 0.895334
1305031468.859659 0.077924 0.005752 -0.191684 0.105156 -0.366400 -0.236730 0.893673
1305031468.895873 0.072133 -0.006828 -0.188327 0.102549 -0.361551 -0.239163 0.895302
1305031468.928141 0.066177 -0.015564 -0.185995 0.098541 -0.355750 -0.236942 0.898660
1305031468.959594 0.062441 -0.016873 -0.187030 0.092947 -0.349279 -0.234537 0.902418
1305031468.995711 0.057215 -0.014604 -0.186803 0.082214 -0.344788 -0.237911 0.904301
1305031469.027699 0.048842 -0.026171 -0.179425 0.062861 -0.341182 -0.246581 0.904898
1305031469.059832 0.037650 -0.034661 -0.174078 0.049996 -0.338707 -0.255188 0.904244
1305031469.095723 0.038019 -0.040443 -0.163364 0.040135 -0.338588 -0.266442 0.901530
1305031469.127679 0.034550 -0.051038 -0.149932 0.028154 -0.332479 -0.278008 0.900764
1305031469.159703 0.026983 -0.057500 -0.139313 0.019055 -0.323097 -0.286856 0.901642
1305031469.195540 0.014736 -0.064780 -0.130220 0.011341 -0.312366 -0.293760 0.903329
1305031469.227754 0.001670 -0.065074 -0.124710 0.007907 -0.304195 -0.297864 0.904809
1305031469.259586 -0.002892 -0.066518 -0.115353 0.003621 -0.301217 -0.302265 0.904373
1305031469.296754 -0.010427 -0.068637 -0.104673 -0.001303 -0.295952 -0.305357 0.905079
1305031469.327618 -0.016085 -0.065451 -0.095829 -0.005701 -0.291958 -0.307627 0.905590
1305031469.359592 -0.015527 -0.068865 -0.079396 -0.012501 -0.288803 -0.312628 0.904821
1305031469.395695 -0.021353 -0.070391 -0.063212 -0.013417 -0.278141 -0.318458 0.906114
1305031469.427651 -0.025128 -0.065950 -0.052237 -0.010958 -0.266494 -0.324816 0.907389
1305031469.459668 -0.032497 -0.061023 -0.042486 -0.010314 -0.256074 -0.332310 0.907684
1305031469.495744 -0.045727 -0.052706 -0.035199 -0.010372 -0.247910 -0.336490 0.908409
1305031469.527622 -0.050566 -0.041948 -0.027138 -0.012527 -0.246728 -0.337667 0.908267
1305031469.559645 -0.052405 -0.034455 -0.014272 -0.018698 -0.247705 -0.338816 0.907467
1305031469.595755 -0.054807 -0.024594 -0.002155 -0.026253 -0.247579 -0.338904 0.907281
1305031469.627752 -0.056054 -0.015518 0.011775 -0.035501 -0.246435 -0.338979 0.907250
1305031469.659590 -0.063026 -0.008032 0.026662 -0.042232 -0.242462 -0.339637 0.907786
1305031469.695613 -0.066202 0.003497 0.038311 -0.046102 -0.238766 -0.339029 0.908804
1305031469.727679 -0.071192 0.014577 0.049823 -0.051479 -0.233801 -0.338390 0.910044
1305031469.759599 -0.077019 0.029070 0.058655 -0.056723 -0.228558 -0.336484 0.911769
1305031469.795621 -0.086108 0.042760 0.067346 -0.063736 -0.225394 -0.335631 0.912407
1305031469.827526 -0.095253 0.057085 0.074983 -0.069995 -0.225180 -0.334090 0.912567
1305031469.859574 -0.100564 0.072849 0.082163 -0.076310 -0.226492 -0.333052 0.912116
1305031469.895755 -0.109002 0.085965 0.089593 -0.083659 -0.227545 -0.331662 0.911715
1305031469.927854 -0.117913 0.100337 0.096088 -0.088763 -0.228793 -0.330562 0.911320
1305031469.959805 -0.128501 0.116036 0.100874 -0.092126 -0.231292 -0.328582 0.911071
1305031469.995551 -0.137644 0.133532 0.103290 -0.094111 -0.232931 -0.326379 0.911243
1305031470.027694 -0.146980 0.152437 0.104350 -0.095504 -0.234582 -0.324964 0.911180
1305031470.059638 -0.156428 0.169209 0.105493 -0.097751 -0.235574 -0.324646 0.910799
1305031470.095944 -0.169128 0.183654 0.103755 -0.101091 -0.234204 -0.323462 0.911209
1305031470.127633 -0.176222 0.204588 0.098303 -0.102741 -0.233795 -0.320709 0.912102
1305031470.159626 -0.187668 0.221803 0.094707 -0.106697 -0.233040 -0.319106 0.912403
1305031470.196092 -0.202535 0.236559 0.090183 -0.110646 -0.232328 -0.316507 0.913019
1305031470.227618 -0.212152 0.253029 0.082808 -0.114413 -0.231662 -0.313168 0.913875
1305031470.259965 -0.220635 0.268271 0.077119 -0.119143 -0.230563 -0.310903 0.914322
1305031470.295718 -0.225348 0.287151 0.069894 -0.122621 -0.229157 -0.308180 0.915137
1305031470.327644 -0.236979 0.303351 0.063396 -0.128583 -0.226514 -0.303990 0.916378
1305031470.359624 -0.251337 0.315238 0.058972 -0.135813 -0.224984 -0.299246 0.917273
1305031470.395823 -0.264249 0.324426 0.056360 -0.141831 -0.224744 -0.295189 0.917735
1305031470.427641 -0.281028 0.329810 0.055598 -0.146457 -0.224362 -0.294837 0.917215
1305031470.459721 -0.296582 0.336954 0.051953 -0.148251 -0.224004 -0.293977 0.917290
1305031470.495686 -0.308902 0.348574 0.043888 -0.147620 -0.224453 -0.292531 0.917744
1305031470.527689 -0.315726 0.356359 0.038543 -0.148206 -0.223665 -0.290844 0.918379
1305031470.559677 -0.323149 0.363559 0.034325 -0.149235 -0.221860 -0.288337 0.919440
1305031470.595760 -0.328319 0.369766 0.030857 -0.150603 -0.220169 -0.284046 0.920957
1305031470.627729 -0.334999 0.378117 0.025766 -0.152584 -0.218311 -0.278082 0.922891
1305031470.659690 -0.344647 0.383442 0.022582 -0.156051 -0.216452 -0.273654 0.924072
1305031470.695630 -0.338790 0.383923 0.027903 -0.157850 -0.218337 -0.272909 0.923544
1305031470.727654 -0.347292 0.380534 0.033753 -0.161798 -0.216093 -0.268395 0.924711
1305031470.759682 -0.345469 0.383392 0.033421 -0.162123 -0.215986 -0.268468 0.924657
1305031470.795615 -0.347939 0.384615 0.034098 -0.163427 -0.214360 -0.266887 0.925264
1305031470.827831 -0.347775 0.384646 0.034087 -0.163402 -0.214391 -0.266805 0.925285
1305031470.859645 -0.346553 0.384192 0.033338 -0.162400 -0.214983 -0.266395 0.925442
1305031470.895722 -0.344534 0.383852 0.032416 -0.161188 -0.215739 -0.265722 0.925671
1305031470.927684 -0.339344 0.381167 0.032844 -0.160650 -0.216944 -0.262522 0.926396
1305031470.959647 -0.334984 0.375825 0.031755 -0.158045 -0.219175 -0.260153 0.926987
1305031470.995996 -0.326190 0.374226 0.026528 -0.152583 -0.224783 -0.263786 0.925531
1305031471.027644 -0.324658 0.373380 0.018829 -0.148506 -0.226189 -0.265531 0.925353
1305031471.059636 -0.323741 0.378896 0.001912 -0.142862 -0.224195 -0.262987 0.927451
1305031471.095777 -0.307746 0.385343 -0.013039 -0.135545 -0.227914 -0.261376 0.928098
1305031471.127663 -0.287069 0.382437 -0.015355 -0.131419 -0.233757 -0.260005 0.927623
1305031471.159649 -0.269545 0.380044 -0.018872 -0.127531 -0.239337 -0.259245 0.926955
1305031471.195703 -0.276311 0.384842 -0.028569 -0.123821 -0.236173 -0.251854 0.930301
1305031471.227569 -0.283893 0.385964 -0.033024 -0.122652 -0.233036 -0.247453 0.932426
1305031471.259722 -0.289507 0.384160 -0.034827 -0.123999 -0.231463 -0.246050 0.933010
1305031471.296068 -0.294833 0.377909 -0.033120 -0.125844 -0.230704 -0.244598 0.933333
1305031471.327642 -0.303061 0.370847 -0.032970 -0.126619 -0.227510 -0.241592 0.934794
1305031471.359615 -0.300432 0.376289 -0.038352 -0.121656 -0.224991 -0.241443 0.936100
1305031471.395730 -0.304382 0.377384 -0.041654 -0.120696 -0.218085 -0.237512 0.938861
1305031471.427704 -0.314404 0.371375 -0.044956 -0.121475 -0.214231 -0.231454 0.941158
1305031471.459647 -0.315162 0.374656 -0.051512 -0.118294 -0.214095 -0.226783 0.942730
1305031471.496491 -0.317201 0.376053 -0.054882 -0.118589 -0.213453 -0.223118 0.943712
1305031471.527624 -0.322813 0.375024 -0.057596 -0.120412 -0.211907 -0.218703 0.944862
1305031471.559671 -0.322852 0.375293 -0.059168 -0.120285 -0.211427 -0.216547 0.945483
1305031471.595702 -0.321296 0.373928 -0.059999 -0.120641 -0.209127 -0.214918 0.946320
1305031471.627621 -0.321574 0.373964 -0.062159 -0.119667 -0.205396 -0.213111 0.947669
1305031471.659642 -0.322919 0.372307 -0.064583 -0.119043 -0.201092 -0.210914 0.949161
1305031471.695609 -0.323954 0.371979 -0.067974 -0.117256 -0.197050 -0.206705 0.951155
1305031471.727501 -0.318890 0.377246 -0.071957 -0.114055 -0.194949 -0.203254 0.952719
1305031471.759702 -0.318693 0.376669 -0.074037 -0.116137 -0.190755 -0.198088 0.954404
1305031471.795801 -0.316884 0.374262 -0.073100 -0.117033 -0.186238 -0.191390 0.956550
1305031471.827639 -0.307236 0.384845 -0.075875 -0.113032 -0.183637 -0.186776 0.958445
1305031471.859665 -0.305331 0.389041 -0.076488 -0.115679 -0.180607 -0.181757 0.959669
1305031471.895604 -0.304267 0.392696 -0.077137 -0.118482 -0.176922 -0.175652 0.961149
1305031471.927651 -0.301044 0.401847 -0.078545 -0.119968 -0.172905 -0.171699 0.962409
1305031471.959643 -0.304878 0.401474 -0.080142 -0.126721 -0.165728 -0.170222 0.963068
1305031471.995573 -0.304113 0.403706 -0.079810 -0.125247 -0.159774 -0.168593 0.964553
1305031472.027638 -0.303678 0.419481 -0.082041 -0.120599 -0.152989 -0.162484 0.967290
1305031472.059668 -0.306284 0.418875 -0.079101 -0.125407 -0.149127 -0.162235 0.967323
1305031472.095601 -0.306628 0.420023 -0.078996 -0.125811 -0.147182 -0.161389 0.967710
1305031472.127594 -0.306163 0.433148 -0.084229 -0.124327 -0.143469 -0.156835 0.969207
1305031472.159645 -0.309896 0.433292 -0.081242 -0.128569 -0.141847 -0.155124 0.969168
1305031472.195682 -0.314290 0.424243 -0.077226 -0.131183 -0.140876 -0.152573 0.969364
1305031472.227626 -0.312034 0.425902 -0.079438 -0.128860 -0.141262 -0.151117 0.969847
1305031472.263840 -0.311945 0.424829 -0.080114 -0.127818 -0.141223 -0.150319 0.970115
1305031472.295671 -0.315571 0.415617 -0.077653 -0.126247 -0.139506 -0.148125 0.970906
1305031472.327678 -0.316408 0.415567 -0.080881 -0.120469 -0.138621 -0.145287 0.972195
1305031472.363577 -0.314216 0.422662 -0.086769 -0.115926 -0.139370 -0.143929 0.972842
1305031472.395599 -0.314476 0.421747 -0.087928 -0.116753 -0.140582 -0.142600 0.972765
1305031472.427686 -0.319508 0.414865 -0.087161 -0.118816 -0.141791 -0.141539 0.972494
1305031472.463603 -0.323081 0.410666 -0.086906 -0.118797 -0.142077 -0.141863 0.972408
1305031472.495626 -0.321569 0.410376 -0.087673 -0.117523 -0.141947 -0.141962 0.972567
1305031472.527625 -0.320078 0.406310 -0.086713 -0.118081 -0.140921 -0.141866 0.972662
1305031472.563587 -0.323360 0.395660 -0.084593 -0.118598 -0.140466 -0.139616 0.972991
1305031472.595675 -0.324968 0.391621 -0.086192 -0.114857 -0.141584 -0.135972 0.973793
1305031472.627701 -0.325325 0.393706 -0.089216 -0.112292 -0.142026 -0.132536 0.974501
1305031472.663575 -0.325735 0.388284 -0.087329 -0.113767 -0.142347 -0.130763 0.974523
1305031472.695755 -0.326531 0.381990 -0.085883 -0.114552 -0.142685 -0.129004 0.974616
1305031472.727628 -0.326837 0.377047 -0.083963 -0.113421 -0.143880 -0.128682 0.974615
1305031472.763578 -0.326725 0.371892 -0.083325 -0.112602 -0.144503 -0.129109 0.974562
1305031472.795640 -0.325882 0.366871 -0.081536 -0.111841 -0.144313 -0.130338 0.974514
1305031472.827627 -0.327287 0.362642 -0.080015 -0.110357 -0.143242 -0.130419 0.974830
1305031472.863598 -0.329233 0.360673 -0.080111 -0.108521 -0.142577 -0.129853 0.975209
1305031472.895713 -0.330079 0.365037 -0.080713 -0.105523 -0.142986 -0.127930 0.975732
1305031472.927685 -0.328612 0.364373 -0.078903 -0.106051 -0.144756 -0.126197 0.975640
1305031472.963756 -0.327346 0.358519 -0.076488 -0.108464 -0.145668 -0.124857 0.975411
1305031472.995704 -0.325153 0.362752 -0.075650 -0.106601 -0.146906 -0.124678 0.975454
1305031473.027638 -0.325062 0.361233 -0.074118 -0.107880 -0.148377 -0.124949 0.975056
1305031473.063684 -0.324462 0.358629 -0.073025 -0.109762 -0.149607 -0.125927 0.974532
1305031473.095695 -0.323886 0.354533 -0.071296 -0.111345 -0.149959 -0.127233 0.974128
1305031473.127744 -0.323317 0.356806 -0.071387 -0.109662 -0.149031 -0.129021 0.974227
1305031473.167060 -0.325866 0.355962 -0.070821 -0.109177 -0.148269 -0.129586 0.974322
1305031473.196069 -0.327163 0.354333 -0.071205 -0.108954 -0.148546 -0.129306 0.974342
