1.34184e+09 0.000000 0.000000 0.000000 0.000000 0.000000 0.000000 1.000000
1341836537.687415 -0.002121 0.005482 -0.000597 -0.000305 0.000081 0.000190 1.000000
1341836537.723576 -0.000623 0.007812 -0.001198 -0.000602 0.000213 -0.001034 0.999999
1341836537.755501 0.002439 0.010172 -0.002098 -0.001267 0.000649 -0.001461 0.999998
1341836537.787367 0.005381 0.011886 -0.002961 -0.001996 0.001055 -0.001151 0.999997
1341836537.823375 0.006525 0.013904 -0.003617 -0.002299 0.001072 -0.001034 0.999996
1341836537.855421 0.007316 0.014938 -0.004289 -0.002946 0.001299 -0.003667 0.999988
1341836537.887593 0.012369 0.010962 -0.005196 -0.003578 0.001902 -0.006707 0.999969
1341836537.923463 0.017542 0.007102 -0.006094 -0.002701 0.002895 -0.005159 0.999979
1341836537.955620 0.023701 0.006818 -0.006509 -0.001983 0.003276 -0.001532 0.999991
1341836537.987525 0.030191 0.007244 -0.006998 -0.002291 0.003711 -0.001841 0.999989
1341836538.023300 0.038681 0.006438 -0.007471 -0.002628 0.004621 -0.004253 0.999977
1341836538.055509 0.041952 0.005476 -0.008161 -0.002368 0.005069 -0.005191 0.999971
1341836538.087628 0.036292 0.007052 -0.008590 -0.001697 0.004421 -0.006135 0.999970
1341836538.123334 0.031722 0.007694 -0.008833 -0.001927 0.004395 -0.008766 0.999950
1341836538.155344 0.034112 0.004820 -0.009298 -0.002112 0.004678 -0.010591 0.999931
1341836538.191519 0.031479 0.004879 -0.009584 -0.001552 0.004548 -0.009153 0.999947
1341836538.223356 0.028768 0.005961 -0.009789 -0.001647 0.004560 -0.007748 0.999958
1341836538.255568 0.028720 0.002472 -0.010409 -0.001387 0.004965 -0.007921 0.999955
1341836538.291700 0.026565 0.003100 -0.010719 -0.000629 0.005065 -0.007607 0.999958
1341836538.323323 0.023693 0.002851 -0.011064 -0.000780 0.005108 -0.005707 0.999970
1341836538.355402 0.023144 0.000644 -0.011457 -0.000061 0.005170 -0.003757 0.999980
1341836538.391298 0.021247 0.001600 -0.011698 0.000513 0.005320 -0.002366 0.999983
1341836538.423501 0.021859 0.005618 -0.012033 0.000378 0.005676 -0.001174 0.999983
1341836538.456232 0.020084 0.007430 -0.012456 0.000055 0.005836 0.001279 0.999982
1341836538.491425 0.016129 0.009207 -0.012752 -0.000061 0.005890 0.002733 0.999979
1341836538.523417 0.015319 0.009276 -0.012902 -0.000216 0.006474 0.002949 0.999975
1341836538.556411 0.011652 0.010022 -0.013029 -0.000426 0.006612 0.003764 0.999971
1341836538.591453 0.003432 0.009396 -0.013137 -0.000045 0.006372 0.003141 0.999975
1341836538.623386 0.003231 0.006833 -0.012865 -0.000042 0.006902 0.003455 0.999970
1341836538.659232 0.003599 0.009067 -0.012833 -0.000043 0.007130 0.005872 0.999957
1341836538.691411 0.000740 0.010880 -0.012749 -0.000155 0.007237 0.008283 0.999939
1341836538.723365 0.002655 0.011974 -0.012532 -0.000630 0.007887 0.011214 0.999906
1341836538.759383 0.005607 0.012667 -0.012446 -0.001427 0.009100 0.015074 0.999844
1341836538.791663 0.003515 0.012289 -0.012262 -0.001173 0.009193 0.017532 0.999803
1341836538.824233 -0.004818 0.014422 -0.011875 -0.001007 0.009501 0.018760 0.999778
1341836538.859625 -0.005896 0.016148 -0.011409 -0.001878 0.010215 0.020042 0.999745
1341836538.891338 -0.009466 0.017417 -0.010968 -0.001668 0.010307 0.022903 0.999683
1341836538.924362 -0.023459 0.019457 -0.010581 -0.000582 0.008209 0.023265 0.999695
1341836538.959281 -0.026943 0.014409 -0.009517 -0.001240 0.008592 0.021024 0.999741
1341836538.992295 -0.032175 0.012604 -0.008093 -0.001504 0.014759 0.023282 0.999619
1341836539.028701 -0.031760 0.010304 -0.007462 -0.000490 0.015332 0.028477 0.999477
1341836539.059493 -0.034342 0.007780 -0.005824 0.000486 0.015705 0.029537 0.999440
1341836539.092314 -0.038324 0.003715 -0.003303 0.001284 0.018640 0.027489 0.999447
1341836539.127236 -0.040350 0.002225 -0.000985 0.002719 0.018980 0.027060 0.999450
1341836539.159608 -0.053358 0.005046 0.001247 0.003737 0.018212 0.026212 0.999484
1341836539.195388 -0.066042 0.005364 0.003143 0.002768 0.018395 0.022020 0.999584
1341836539.227456 -0.071583 0.004418 0.005298 0.000798 0.019832 0.018444 0.999633
1341836539.260399 -0.077597 0.002604 0.006615 -0.001523 0.021762 0.019764 0.999567
1341836539.295519 -0.086054 0.004750 0.007298 -0.002065 0.021868 0.021650 0.999524
1341836539.327434 -0.093802 0.003026 0.008127 -0.002922 0.022214 0.019902 0.999551
1341836539.363371 -0.096592 0.001096 0.008967 -0.003211 0.023043 0.018373 0.999560
1341836539.395523 -0.103227 0.004083 0.010005 -0.003489 0.023413 0.019418 0.999531
1341836539.427397 -0.111831 0.004978 0.011031 -0.003617 0.023539 0.019065 0.999535
1341836539.463424 -0.115167 0.002334 0.012364 -0.004899 0.024883 0.017329 0.999528
1341836539.495503 -0.115685 0.000690 0.013190 -0.005002 0.026259 0.017437 0.999491
1341836539.531399 -0.122248 0.002533 0.014064 -0.004806 0.026262 0.019086 0.999461
1341836539.563358 -0.125355 0.001737 0.014774 -0.005408 0.026588 0.019844 0.999435
1341836539.628437 -0.125649 -0.001892 0.015405 -0.004288 0.027879 0.019889 0.999404
1341836539.692462 -0.132917 -0.004728 0.016831 -0.003919 0.028257 0.021285 0.999366
1341836539.728498 -0.137367 -0.006423 0.017378 -0.003889 0.028296 0.019930 0.999393
1341836539.760370 -0.137818 -0.007024 0.017782 -0.004311 0.029001 0.017694 0.999413
1341836539.796542 -0.138718 -0.006173 0.017979 -0.004394 0.029184 0.017399 0.999413
1341836539.828612 -0.140927 -0.006036 0.018427 -0.005116 0.029517 0.017224 0.999403
1341836539.860428 -0.141222 -0.005082 0.018928 -0.005298 0.029763 0.016553 0.999406
1341836539.896538 -0.140948 -0.007019 0.019076 -0.005345 0.030242 0.015197 0.999413
1341836539.928277 -0.141215 -0.007539 0.019484 -0.005064 0.030346 0.015787 0.999402
1341836539.967421 -0.143337 -0.008326 0.019997 -0.004912 0.030323 0.017707 0.999371
1341836540.028550 -0.149989 -0.010029 0.021386 -0.005211 0.030832 0.019019 0.999330
1341836540.064319 -0.154704 -0.008705 0.022072 -0.005609 0.031108 0.019551 0.999309
1341836540.096659 -0.158984 -0.006550 0.023178 -0.005854 0.031282 0.020260 0.999288
1341836540.128316 -0.164005 -0.005527 0.024247 -0.006386 0.031642 0.020636 0.999266
1341836540.164722 -0.169604 -0.001598 0.025882 -0.006890 0.031633 0.020600 0.999263
1341836540.196409 -0.173895 0.000476 0.027271 -0.007432 0.031609 0.020744 0.999257
1341836540.232442 -0.176445 0.000335 0.028533 -0.008049 0.032233 0.023113 0.999181
1341836540.264342 -0.180246 0.002386 0.030296 -0.008584 0.032647 0.026847 0.999069
1341836540.296462 -0.185972 0.003986 0.031799 -0.008877 0.032751 0.029513 0.998988
1341836540.332431 -0.187980 -0.001714 0.032934 -0.008379 0.032956 0.029981 0.998972
1341836540.364486 -0.190988 -0.005003 0.034432 -0.007375 0.033019 0.032538 0.998898
1341836540.396559 -0.200069 -0.003973 0.036500 -0.006814 0.032429 0.035057 0.998836
1341836540.432557 -0.207206 -0.005731 0.037875 -0.006565 0.032046 0.033865 0.998891
1341836540.464302 -0.213384 -0.008989 0.038843 -0.006123 0.031877 0.031854 0.998965
1341836540.500473 -0.222454 -0.008736 0.040290 -0.006311 0.031116 0.030693 0.999024
1341836540.532753 -0.231732 -0.007179 0.041685 -0.007029 0.030521 0.028342 0.999107
1341836540.564528 -0.235159 -0.006151 0.042584 -0.008138 0.030716 0.025508 0.999169
1341836540.600372 -0.236600 -0.005279 0.042728 -0.008711 0.030859 0.025371 0.999164
1341836540.632355 -0.238684 -0.003771 0.043164 -0.009135 0.030950 0.025847 0.999145
1341836540.664373 -0.239220 -0.001187 0.043317 -0.009331 0.031176 0.025136 0.999154
1341836540.700377 -0.236916 -0.000364 0.043187 -0.009353 0.031482 0.023364 0.999187
1341836540.732431 -0.237134 0.000281 0.043136 -0.009247 0.031533 0.023556 0.999182
1341836540.768334 -0.242003 0.001794 0.043235 -0.009409 0.031314 0.024307 0.999170
1341836540.800341 -0.243446 0.003833 0.043027 -0.009575 0.031525 0.023605 0.999178
1341836540.832332 -0.242090 0.004479 0.042482 -0.009495 0.032003 0.024041 0.999153
1341836540.868402 -0.247712 0.005155 0.042605 -0.009290 0.031816 0.024088 0.999160
1341836540.900301 -0.254608 0.005889 0.042751 -0.009577 0.031764 0.021267 0.999223
1341836540.932326 -0.257012 0.009038 0.042495 -0.009892 0.032051 0.020024 0.999237
1341836540.968285 -0.258494 0.012602 0.041922 -0.009971 0.032220 0.020839 0.999214
1341836541.000321 -0.260296 0.013998 0.041301 -0.010043 0.032620 0.022459 0.999165
1341836541.036246 -0.269847 0.010543 0.038259 -0.009249 0.034241 0.022341 0.999121
1341836541.071359 -0.273942 0.008831 0.037577 -0.008856 0.034644 0.022202 0.999114
1341836541.103403 -0.276007 0.008305 0.036270 -0.008456 0.035851 0.023630 0.999042
1341836541.139243 -0.277121 0.010984 0.034695 -0.009017 0.036796 0.024911 0.998972
1341836541.171340 -0.279084 0.009501 0.032001 -0.010065 0.038301 0.023623 0.998936
1341836541.204384 -0.282685 0.010617 0.029605 -0.008979 0.039676 0.024979 0.998860
1341836541.239253 -0.288121 0.012217 0.028425 -0.008819 0.039944 0.026922 0.998800
1341836541.271362 -0.292337 0.011954 0.026488 -0.009907 0.041026 0.026698 0.998752
1341836541.304263 -0.295936 0.012296 0.024026 -0.010508 0.042331 0.025660 0.998719
1341836541.339433 -0.301680 0.013843 0.022138 -0.011256 0.043305 0.024961 0.998687
1341836541.371310 -0.305013 0.014227 0.019634 -0.012671 0.044698 0.025518 0.998594
1341836541.407187 -0.308881 0.015705 0.016401 -0.013956 0.046348 0.026175 0.998485
1341836541.439348 -0.315535 0.014804 0.013742 -0.014752 0.047494 0.024943 0.998451
1341836541.472293 -0.322329 0.015420 0.011708 -0.015019 0.048633 0.023860 0.998419
1341836541.536336 -0.328701 0.015320 0.008929 -0.016147 0.050157 0.024022 0.998322
1341836541.572445 -0.333877 0.015140 0.005585 -0.016962 0.052096 0.024661 0.998193
1341836541.604378 -0.337386 0.017693 0.003245 -0.017444 0.053356 0.025373 0.998101
1341836541.636347 -0.344582 0.020042 0.000707 -0.017726 0.055275 0.025739 0.997982
1341836541.707556 -0.357333 0.022584 -0.004378 -0.018343 0.058858 0.027602 0.997716
1341836541.772337 -0.369965 0.028749 -0.009380 -0.019668 0.062293 0.029565 0.997426
1341836541.804378 -0.378922 0.028618 -0.011114 -0.020201 0.062366 0.030503 0.997383
1341836541.840291 -0.390624 0.028393 -0.012151 -0.019815 0.063183 0.029444 0.997371
1341836541.872463 -0.398511 0.030617 -0.013398 -0.020726 0.063979 0.027263 0.997363
1341836541.904436 -0.406740 0.030189 -0.016703 -0.021469 0.066162 0.024287 0.997282
1341836541.940356 -0.415939 0.025854 -0.019774 -0.019350 0.068552 0.024177 0.997167
1341836541.972296 -0.424196 0.024088 -0.021652 -0.016878 0.070215 0.024715 0.997083
1341836542.008370 -0.432074 0.023325 -0.022694 -0.015572 0.071264 0.025923 0.996999
1341836542.040580 -0.440232 0.023995 -0.022969 -0.014657 0.071540 0.027160 0.996960
1341836542.108713 -0.458771 0.021213 -0.026209 -0.011800 0.073673 0.025242 0.996893
1341836542.140542 -0.467252 0.020169 -0.026340 -0.010563 0.074175 0.026269 0.996843
1341836542.172392 -0.477971 0.018380 -0.025679 -0.010255 0.074277 0.027171 0.996815
1341836542.208374 -0.485639 0.016615 -0.025410 -0.009794 0.074673 0.027279 0.996787
1341836542.276490 -0.503853 0.017282 -0.025478 -0.008697 0.075323 0.028526 0.996713
1341836542.308326 -0.509167 0.015943 -0.025485 -0.008494 0.075785 0.029381 0.996655
1341836542.340362 -0.517234 0.013929 -0.025106 -0.008015 0.076189 0.028820 0.996645
1341836542.376345 -0.521258 0.013256 -0.025272 -0.008247 0.076702 0.027737 0.996634
1341836542.408921 -0.523854 0.013182 -0.027120 -0.007141 0.079316 0.027202 0.996453
1341836542.444516 -0.525670 0.012174 -0.027979 -0.005666 0.080724 0.027357 0.996345
1341836542.476425 -0.532053 0.016363 -0.027194 -0.005878 0.080781 0.028532 0.996306
1341836542.508460 -0.536000 0.019378 -0.027308 -0.007033 0.081260 0.026504 0.996316
1341836542.544563 -0.537415 0.023153 -0.027453 -0.007174 0.081714 0.025924 0.996293
1341836542.576562 -0.543781 0.025395 -0.026667 -0.007395 0.081859 0.027710 0.996231
1341836542.608657 -0.544948 0.025952 -0.026645 -0.007504 0.082208 0.028863 0.996169
1341836542.644314 -0.543561 0.026038 -0.027276 -0.007040 0.083210 0.031995 0.995993
1341836542.676494 -0.550173 0.024648 -0.025948 -0.006705 0.083006 0.033083 0.995977
1341836542.712387 -0.560055 0.024164 -0.023701 -0.007204 0.082448 0.031648 0.996067
1341836542.744408 -0.566093 0.024045 -0.022254 -0.007202 0.082359 0.031472 0.996080
1341836542.776383 -0.574722 0.023537 -0.020020 -0.007205 0.081761 0.031617 0.996124
1341836542.812247 -0.582970 0.022124 -0.017953 -0.007449 0.081306 0.031534 0.996162
1341836542.844426 -0.583914 0.020749 -0.017444 -0.007177 0.081620 0.032757 0.996099
1341836542.876340 -0.587677 0.021164 -0.016102 -0.006663 0.081420 0.035834 0.996013
1341836542.912372 -0.594049 0.019927 -0.014172 -0.006932 0.080938 0.035268 0.996071
1341836542.944447 -0.599795 0.019880 -0.012485 -0.006669 0.080548 0.035189 0.996107
1341836542.980341 -0.605258 0.020810 -0.010528 -0.005981 0.079938 0.035425 0.996152
1341836543.012422 -0.612133 0.019872 -0.008744 -0.006189 0.079672 0.034842 0.996193
1341836543.044312 -0.616342 0.021798 -0.007691 -0.006495 0.079967 0.035178 0.996155
1341836543.080484 -0.618892 0.024826 -0.006987 -0.006700 0.080049 0.036787 0.996089
1341836543.112482 -0.623117 0.027392 -0.006176 -0.007315 0.080186 0.038038 0.996027
1341836543.151803 -0.632473 0.031736 -0.004424 -0.007675 0.081463 0.037852 0.995928
1341836543.212330 -0.634712 0.033559 -0.004189 -0.008024 0.081813 0.037794 0.995899
1341836543.248396 -0.634603 0.034248 -0.004807 -0.008040 0.082837 0.040030 0.995726
1341836543.280522 -0.637548 0.036503 -0.004596 -0.007784 0.083236 0.043712 0.995540
1341836543.312360 -0.646880 0.036460 -0.003323 -0.008258 0.083186 0.042598 0.995589
1341836543.348486 -0.651233 0.036957 -0.002866 -0.008690 0.083611 0.038598 0.995713
1341836543.380347 -0.652665 0.039369 -0.002712 -0.008928 0.083956 0.038858 0.995671
1341836543.416470 -0.664485 0.036755 -0.000234 -0.009642 0.087521 0.043759 0.995154
1341836543.451421 -0.668701 0.034571 0.000436 -0.009315 0.087733 0.043784 0.995138
1341836543.483494 -0.673291 0.031367 0.001226 -0.009121 0.088181 0.041863 0.995183
1341836543.519290 -0.674879 0.031908 0.001491 -0.008773 0.088943 0.044102 0.995021
1341836543.551512 -0.678654 0.032502 0.002378 -0.008959 0.089020 0.045106 0.994968
1341836543.583524 -0.680350 0.031561 0.002665 -0.009434 0.090370 0.044060 0.994888
1341836543.619354 -0.680511 0.033569 0.002436 -0.009951 0.091786 0.045952 0.994668
1341836543.652624 -0.686428 0.034952 0.003820 -0.010015 0.091692 0.046392 0.994656
1341836543.684407 -0.688814 0.035503 0.004303 -0.010494 0.092046 0.044788 0.994692
1341836543.719296 -0.691445 0.036503 0.004634 -0.011247 0.093968 0.045538 0.994470
1341836543.751406 -0.693936 0.037298 0.005318 -0.011210 0.094082 0.048159 0.994336
1341836543.787380 -0.697990 0.035844 0.006484 -0.011049 0.094203 0.049471 0.994262
1341836543.819690 -0.700455 0.035285 0.007287 -0.010831 0.094577 0.048649 0.994269
1341836543.851349 -0.705014 0.035271 0.008445 -0.010665 0.094958 0.049241 0.994206
1341836543.887421 -0.712589 0.034831 0.010756 -0.010478 0.094270 0.050820 0.994194
1341836543.919383 -0.719367 0.034033 0.012837 -0.010995 0.093735 0.049588 0.994301
1341836543.952337 -0.720683 0.033636 0.013426 -0.011423 0.094051 0.048636 0.994313
1341836543.987350 -0.722449 0.033705 0.014088 -0.011134 0.094365 0.051023 0.994167
1341836544.019495 -0.725540 0.034198 0.015132 -0.010888 0.094393 0.053103 0.994058
1341836544.052246 -0.725421 0.033520 0.015070 -0.011467 0.095241 0.052776 0.993988
1341836544.087492 -0.727554 0.032189 0.015366 -0.010848 0.096087 0.053150 0.993894
1341836544.119369 -0.734187 0.031299 0.017361 -0.010308 0.095574 0.054350 0.993884
1341836544.155476 -0.737604 0.033126 0.018382 -0.011118 0.095500 0.051187 0.994050
1341836544.187341 -0.739273 0.033519 0.018186 -0.012187 0.097384 0.048402 0.993995
1341836544.220394 -0.742288 0.035275 0.018916 -0.011841 0.097371 0.050066 0.993918
1341836544.255287 -0.748170 0.036831 0.020274 -0.012514 0.097139 0.051134 0.993878
1341836544.287478 -0.748392 0.039133 0.019914 -0.013381 0.097922 0.050140 0.993840
1341836544.323292 -0.748743 0.038048 0.019556 -0.013568 0.098543 0.048287 0.993868
1341836544.355325 -0.754216 0.036363 0.020726 -0.013349 0.098585 0.047982 0.993882
1341836544.387392 -0.761754 0.033143 0.022335 -0.013435 0.098268 0.047815 0.993920
1341836544.423303 -0.765397 0.029162 0.022932 -0.013013 0.098739 0.045357 0.993994
1341836544.455424 -0.769900 0.027958 0.024150 -0.012628 0.098661 0.044445 0.994048
1341836544.491390 -0.776542 0.026467 0.025752 -0.013064 0.098068 0.042033 0.994206
1341836544.523560 -0.781263 0.024761 0.026727 -0.012911 0.098186 0.041209 0.994231
1341836544.555305 -0.787463 0.023956 0.028336 -0.012880 0.097719 0.039427 0.994349
1341836544.591370 -0.794183 0.024637 0.029787 -0.013484 0.097502 0.034925 0.994531
1341836544.623377 -0.799367 0.025578 0.030619 -0.014250 0.097492 0.031790 0.994626
1341836544.659348 -0.806324 0.024048 0.031853 -0.014034 0.097495 0.031001 0.994654
1341836544.691325 -0.810452 0.024515 0.032268 -0.013970 0.098063 0.032384 0.994555
1341836544.727518 -0.814994 0.024947 0.032784 -0.013914 0.098254 0.033579 0.994497
1341836544.759494 -0.822243 0.024752 0.033955 -0.013751 0.098243 0.033325 0.994509
1341836544.791668 -0.830932 0.024608 0.035558 -0.013263 0.098045 0.032447 0.994564
1341836544.827466 -0.839265 0.023590 0.036976 -0.013724 0.098052 0.032046 0.994571
1341836544.859305 -0.847201 0.022164 0.038343 -0.013843 0.097845 0.030686 0.994632
1341836544.895467 -0.854865 0.020321 0.039549 -0.013805 0.098051 0.028343 0.994682
1341836544.927304 -0.858466 0.021085 0.039341 -0.014019 0.099187 0.028096 0.994573
1341836544.959325 -0.862032 0.020416 0.039032 -0.013620 0.100219 0.030858 0.994393
1341836544.995539 -0.868220 0.018055 0.039696 -0.012679 0.100878 0.032588 0.994284
1341836545.027344 -0.873570 0.016924 0.039600 -0.013096 0.101971 0.032741 0.994162
1341836545.059375 -0.879517 0.016454 0.039838 -0.013421 0.102803 0.032902 0.994067
1341836545.095388 -0.888477 0.016365 0.040767 -0.013446 0.103158 0.035267 0.993949
1341836545.127468 -0.894885 0.015848 0.040208 -0.013491 0.104604 0.036408 0.993756
1341836545.163386 -0.899573 0.018855 0.039872 -0.012961 0.105788 0.039261 0.993529
1341836545.195497 -0.907829 0.022373 0.040844 -0.013369 0.105898 0.040900 0.993446
1341836545.227397 -0.913172 0.022528 0.040917 -0.014352 0.106904 0.037471 0.993459
1341836545.263290 -0.917057 0.022421 0.040036 -0.014819 0.109557 0.036184 0.993211
1341836545.295536 -0.921080 0.021722 0.040145 -0.014396 0.110355 0.039554 0.993000
1341836545.327474 -0.928334 0.019115 0.041298 -0.013616 0.110812 0.041438 0.992884
1341836545.363462 -0.932792 0.019458 0.041108 -0.013661 0.112036 0.042896 0.992684
1341836545.395566 -0.939465 0.023275 0.041861 -0.013374 0.112448 0.046478 0.992480
1341836545.427508 -0.947925 0.028246 0.042353 -0.014900 0.113039 0.050003 0.992220
1341836545.463411 -0.955772 0.029878 0.040721 -0.018154 0.117152 0.051418 0.991616
1341836545.495417 -0.961894 0.033356 0.038498 -0.019317 0.119829 0.054491 0.991110
1341836545.531468 -0.971191 0.034238 0.039273 -0.019440 0.120307 0.055581 0.990989
1341836545.563294 -0.979199 0.035866 0.039327 -0.019661 0.121773 0.056201 0.990771
1341836545.595508 -0.987221 0.039473 0.039182 -0.020147 0.122793 0.057409 0.990566
1341836545.631269 -0.998546 0.038174 0.040326 -0.020247 0.122689 0.058045 0.990539
1341836545.663475 -1.009245 0.040065 0.041879 -0.020154 0.122614 0.058356 0.990532
1341836545.695896 -1.019392 0.042850 0.042551 -0.021543 0.122695 0.056838 0.990581
1341836545.731477 -1.028905 0.043262 0.043092 -0.023057 0.122502 0.053867 0.990737
1341836545.763607 -1.037436 0.043728 0.043765 -0.023714 0.122938 0.053215 0.990703
1341836545.795383 -1.043668 0.044866 0.043238 -0.024225 0.124178 0.054583 0.990461
1341836545.831377 -1.050944 0.042816 0.041922 -0.024093 0.126425 0.054063 0.990209
1341836545.863348 -1.056427 0.042851 0.041414 -0.023122 0.128008 0.052759 0.990099
1341836545.896341 -1.062434 0.044605 0.041992 -0.023255 0.128312 0.051542 0.990121
1341836545.931585 -1.069193 0.044374 0.042217 -0.024301 0.128814 0.048559 0.990181
1341836545.963501 -1.074593 0.044811 0.041980 -0.024325 0.129992 0.046372 0.990131
1341836545.999215 -1.080393 0.046365 0.042090 -0.024817 0.130744 0.046758 0.990002
1341836546.031467 -1.085940 0.047091 0.041405 -0.025431 0.132343 0.046878 0.989768
1341836546.063373 -1.091796 0.047212 0.039720 -0.025603 0.135045 0.046967 0.989395
1341836546.099306 -1.095049 0.050229 0.038509 -0.025679 0.136456 0.047954 0.989152
1341836546.131834 -1.099387 0.052346 0.037931 -0.025816 0.137680 0.049108 0.988922
1341836546.164355 -1.105248 0.052845 0.037309 -0.025301 0.139585 0.050187 0.988614
1341836546.199264 -1.109595 0.052707 0.037171 -0.024835 0.140862 0.051363 0.988384
1341836546.231493 -1.113483 0.053146 0.036980 -0.024148 0.142040 0.053074 0.988142
1341836546.264287 -1.119385 0.053352 0.038077 -0.023720 0.142272 0.053998 0.988069
1341836546.299427 -1.126213 0.053073 0.039506 -0.023934 0.142303 0.052485 0.988141
1341836546.331292 -1.131318 0.051956 0.040261 -0.024476 0.142683 0.050535 0.988174
1341836546.367416 -1.137280 0.050342 0.041583 -0.024174 0.142891 0.048935 0.988232
1341836546.399555 -1.143885 0.049413 0.043058 -0.024464 0.142834 0.047349 0.988311
1341836546.432297 -1.148701 0.049760 0.043757 -0.025190 0.143075 0.044966 0.988369
1341836546.467482 -1.152354 0.048219 0.044313 -0.025360 0.143439 0.042365 0.988427
1341836546.499225 -1.153975 0.048455 0.044452 -0.025093 0.143826 0.042603 0.988367
1341836546.535507 -1.155354 0.048783 0.043657 -0.024844 0.145638 0.045007 0.988001
1341836546.567385 -1.156844 0.049191 0.043360 -0.024349 0.146708 0.047281 0.987749
1341836546.599295 -1.163135 0.047476 0.045313 -0.024129 0.146522 0.044809 0.987897
1341836546.635406 -1.167201 0.045222 0.046382 -0.024801 0.146941 0.040711 0.987996
1341836546.668046 -1.168627 0.043040 0.046789 -0.024795 0.147253 0.041013 0.987937
1341836546.703485 -1.172433 0.041012 0.048080 -0.024449 0.147244 0.041876 0.987911
1341836546.738692 -1.177520 0.038315 0.049488 -0.024439 0.147785 0.040070 0.987905
1341836546.803475 -1.179585 0.037199 0.049960 -0.024356 0.148391 0.038780 0.987868
1341836546.868495 -1.194178 0.034668 0.054634 -0.024111 0.148376 0.038164 0.987900
1341836546.900379 -1.196618 0.034620 0.055240 -0.024065 0.149061 0.038294 0.987793
1341836546.932517 -1.203190 0.036573 0.057211 -0.023280 0.149349 0.041599 0.987635
1341836546.971295 -1.215006 0.037293 0.060983 -0.023027 0.148856 0.043119 0.987650
1341836547.032580 -1.235991 0.040221 0.066722 -0.024994 0.148873 0.041154 0.987683
1341836547.068622 -1.245809 0.043263 0.069322 -0.024984 0.149069 0.042907 0.987579
1341836547.100577 -1.254254 0.041744 0.071669 -0.025411 0.149675 0.042462 0.987496
1341836547.136348 -1.262636 0.038541 0.072824 -0.026223 0.153086 0.042651 0.986944
1341836547.168609 -1.268843 0.038797 0.073462 -0.026663 0.156289 0.046937 0.986235
1341836547.200315 -1.275251 0.041887 0.074561 -0.026886 0.158557 0.051341 0.985648
1341836547.236411 -1.283366 0.044621 0.075357 -0.027097 0.162748 0.055071 0.984757
1341836547.269507 -1.288131 0.046178 0.075548 -0.026609 0.164463 0.057821 0.984328
1341836547.300389 -1.297901 0.046222 0.078231 -0.027151 0.164584 0.057037 0.984338
1341836547.336435 -1.306403 0.045476 0.080232 -0.028330 0.165324 0.056483 0.984213
1341836547.368600 -1.313356 0.047023 0.081707 -0.029098 0.166014 0.056695 0.984062
1341836547.404507 -1.318568 0.050187 0.082505 -0.029441 0.166766 0.058253 0.983834
1341836547.436484 -1.324182 0.053185 0.083479 -0.029243 0.167283 0.058969 0.983709
1341836547.475394 -1.331497 0.049966 0.085277 -0.029962 0.167784 0.057727 0.983676
1341836547.536533 -1.348423 0.048699 0.089897 -0.029804 0.167226 0.057477 0.983790
1341836547.568431 -1.356144 0.044760 0.092616 -0.030099 0.167441 0.056882 0.983779
1341836547.604254 -1.360977 0.043819 0.094214 -0.029851 0.167826 0.057597 0.983680
1341836547.636420 -1.369404 0.044527 0.097122 -0.029541 0.167333 0.057516 0.983778
1341836547.672322 -1.378840 0.041355 0.100409 -0.029566 0.167253 0.056544 0.983847
1341836547.704389 -1.385157 0.038163 0.102738 -0.029496 0.167278 0.056561 0.983844
1341836547.736516 -1.393245 0.037113 0.105628 -0.029003 0.167207 0.057875 0.983794
1341836547.772413 -1.400141 0.035394 0.107980 -0.028852 0.167113 0.058632 0.983770
1341836547.804409 -1.406272 0.034948 0.110038 -0.028688 0.166767 0.059116 0.983804
1341836547.840336 -1.414846 0.034887 0.113011 -0.028307 0.166444 0.058541 0.983905
1341836547.872370 -1.421231 0.033756 0.115185 -0.028125 0.166373 0.058957 0.983897
1341836547.904524 -1.428393 0.031792 0.117633 -0.028076 0.166040 0.060579 0.983856
1341836547.940212 -1.437138 0.032100 0.120680 -0.027441 0.165392 0.060877 0.983965
1341836547.972282 -1.442958 0.027916 0.122881 -0.027709 0.165160 0.060784 0.984002
1341836548.004382 -1.449030 0.026031 0.124989 -0.027964 0.165127 0.062017 0.983923
1341836548.040419 -1.453097 0.028282 0.126403 -0.027759 0.165133 0.062816 0.983877
1341836548.072298 -1.456267 0.028387 0.127618 -0.027592 0.165101 0.063019 0.983874
1341836548.108439 -1.460828 0.026346 0.129377 -0.027458 0.164545 0.062803 0.983985
1341836548.140411 -1.468138 0.024831 0.132227 -0.027251 0.164123 0.061711 0.984131
1341836548.172332 -1.473667 0.023253 0.134405 -0.027203 0.163867 0.061061 0.984215
1341836548.208477 -1.478906 0.023152 0.136424 -0.027168 0.163516 0.060202 0.984327
1341836548.240362 -1.485006 0.022295 0.138772 -0.027390 0.163320 0.058530 0.984454
1341836548.272973 -1.489755 0.021135 0.140739 -0.027853 0.163487 0.056746 0.984518
1341836548.308412 -1.493337 0.019629 0.142077 -0.028350 0.163612 0.056755 0.984483
1341836548.340462 -1.496931 0.018745 0.143483 -0.028597 0.163768 0.056814 0.984446
1341836548.376493 -1.506168 0.018983 0.148107 -0.028673 0.167262 0.058942 0.983731
1341836548.411379 -1.507309 0.018408 0.148901 -0.028282 0.167882 0.061847 0.983459
1341836548.443599 -1.513375 0.019193 0.151272 -0.027516 0.167760 0.061685 0.983511
1341836548.479367 -1.516960 0.019289 0.153208 -0.027601 0.168918 0.061065 0.983349
1341836548.511578 -1.519107 0.018795 0.154156 -0.027417 0.169436 0.063484 0.983112
1341836548.543463 -1.524542 0.015058 0.156306 -0.026852 0.169293 0.063142 0.983174
1341836548.579379 -1.527762 0.014511 0.157841 -0.026582 0.170266 0.062734 0.983040
1341836548.611299 -1.532092 0.015218 0.159028 -0.026755 0.170550 0.063713 0.982923
1341836548.644283 -1.536742 0.012071 0.160467 -0.026738 0.171276 0.063980 0.982780
1341836548.679357 -1.543537 0.011906 0.161816 -0.026071 0.174668 0.066512 0.982032
1341836548.711385 -1.548496 0.009425 0.161844 -0.026468 0.177095 0.069002 0.981415
1341836548.744381 -1.552640 0.007145 0.162067 -0.025910 0.178290 0.069778 0.981159
1341836548.779339 -1.560129 0.006174 0.162782 -0.026328 0.180463 0.069896 0.980742
1341836548.811351 -1.567958 0.004656 0.162900 -0.026884 0.183639 0.071967 0.979987
1341836548.847326 -1.571813 0.002999 0.162948 -0.026483 0.184757 0.075444 0.979526
1341836548.879497 -1.580374 -0.000688 0.163672 -0.026497 0.187045 0.075523 0.979085
1341836548.912408 -1.586201 -0.004078 0.163993 -0.026662 0.188700 0.075262 0.978784
1341836548.947401 -1.590999 -0.004584 0.164638 -0.026706 0.188577 0.076389 0.978719
1341836549.015475 -1.595583 -0.003757 0.165076 -0.026800 0.189584 0.075374 0.978600
1341836549.080349 -1.618431 -0.004331 0.162851 -0.026754 0.196869 0.079205 0.976859
1341836549.115351 -1.621768 -0.005226 0.161731 -0.027802 0.195684 0.078795 0.977101
1341836549.147492 -1.628274 -0.004759 0.162479 -0.028363 0.194859 0.074007 0.977624
1341836549.183418 -1.633375 -0.002626 0.163358 -0.028482 0.195377 0.074765 0.977459
1341836549.215378 -1.637161 -0.002823 0.163482 -0.028705 0.195225 0.077706 0.977254
1341836549.247531 -1.640507 -0.004526 0.163827 -0.029466 0.195611 0.075845 0.977300
1341836549.283330 -1.643513 -0.006763 0.164186 -0.029598 0.195439 0.073725 0.977493
1341836549.315584 -1.649383 -0.007565 0.164648 -0.029724 0.193919 0.074210 0.977755
1341836549.348171 -1.655613 -0.007619 0.165940 -0.030487 0.193627 0.073193 0.977866
1341836549.383316 -1.659203 -0.010141 0.166118 -0.031243 0.192959 0.069534 0.978241
1341836549.415365 -1.664902 -0.011450 0.167030 -0.030616 0.191874 0.067205 0.978637
1341836549.451370 -1.670082 -0.013585 0.168170 -0.030456 0.191558 0.066900 0.978725
1341836549.483381 -1.673258 -0.016388 0.168625 -0.030649 0.191891 0.066584 0.978675
1341836549.515395 -1.675881 -0.018690 0.168754 -0.030433 0.191705 0.065677 0.978780
1341836549.551462 -1.679507 -0.020538 0.169347 -0.029881 0.191685 0.064379 0.978887
1341836549.583462 -1.683230 -0.022310 0.170165 -0.029449 0.191889 0.065081 0.978814
1341836549.619282 -1.686842 -0.025317 0.170848 -0.029422 0.191495 0.065259 0.978880
1341836549.651473 -1.689813 -0.027756 0.171276 -0.029403 0.191308 0.064826 0.978945
1341836549.683367 -1.692471 -0.030725 0.171715 -0.029492 0.191153 0.064676 0.978983
1341836549.719230 -1.696762 -0.032727 0.172392 -0.028631 0.190417 0.064352 0.979173
1341836549.751414 -1.702134 -0.033957 0.174073 -0.027779 0.190220 0.064160 0.979249
1341836549.787507 -1.707865 -0.034781 0.175768 -0.027711 0.189969 0.064649 0.979267
1341836549.819340 -1.714977 -0.034612 0.177141 -0.027537 0.188405 0.063109 0.979675
1341836549.851680 -1.723133 -0.033234 0.179189 -0.027800 0.187570 0.061381 0.979937
1341836549.887374 -1.730453 -0.032965 0.180709 -0.028439 0.186726 0.061102 0.980097
1341836549.919465 -1.738480 -0.035189 0.181984 -0.028909 0.185164 0.061291 0.980368
1341836549.955410 -1.744024 -0.035871 0.183778 -0.028844 0.184887 0.060288 0.980485
1341836549.987370 -1.749430 -0.038481 0.185385 -0.028889 0.184221 0.058815 0.980698
1341836550.019353 -1.756310 -0.036926 0.187762 -0.028634 0.183912 0.058110 0.980806
1341836550.055341 -1.761107 -0.033352 0.189192 -0.028922 0.184014 0.059224 0.980711
1341836550.087353 -1.767151 -0.033038 0.190973 -0.029612 0.183604 0.058530 0.980809
1341836550.119416 -1.771635 -0.033576 0.192864 -0.029371 0.183598 0.057269 0.980892
1341836550.155369 -1.776694 -0.032678 0.194765 -0.029416 0.183517 0.057475 0.980894
1341836550.187297 -1.783695 -0.030613 0.197354 -0.029221 0.183407 0.058022 0.980888
1341836550.223427 -1.786087 -0.028929 0.198649 -0.029124 0.183927 0.058984 0.980736
1341836550.255383 -1.789524 -0.030149 0.200192 -0.029274 0.183951 0.059243 0.980712
1341836550.320516 -1.798523 -0.030829 0.203485 -0.028904 0.182702 0.059019 0.980970
1341836550.352459 -1.806215 -0.031637 0.206794 -0.028697 0.182314 0.056391 0.981202
1341836550.384560 -1.812487 -0.033739 0.209750 -0.029008 0.182333 0.053693 0.981341
1341836550.420444 -1.818127 -0.031909 0.212618 -0.028630 0.182733 0.055304 0.981188
1341836550.452358 -1.822816 -0.030265 0.215084 -0.028125 0.183077 0.058326 0.980964
1341836550.484436 -1.827794 -0.031010 0.217780 -0.028236 0.183682 0.058916 0.980812
1341836550.520427 -1.832756 -0.031451 0.220390 -0.028352 0.184263 0.059822 0.980645
1341836550.552434 -1.840681 -0.030330 0.223871 -0.028034 0.184226 0.061108 0.980582
1341836550.588509 -1.847699 -0.028465 0.227360 -0.027205 0.184530 0.061283 0.980537
1341836550.620438 -1.852588 -0.030236 0.230072 -0.027430 0.185060 0.061684 0.980406
1341836550.652656 -1.860765 -0.029939 0.233723 -0.027129 0.185117 0.063143 0.980311
1341836550.688439 -1.866055 -0.026974 0.236304 -0.026691 0.185536 0.064229 0.980173
1341836550.720423 -1.867957 -0.027714 0.238418 -0.026899 0.187025 0.065798 0.979780
1341836550.752434 -1.870321 -0.029342 0.239970 -0.026818 0.187591 0.067744 0.979541
1341836550.788573 -1.876742 -0.029744 0.242650 -0.026476 0.187545 0.067835 0.979553
1341836550.820368 -1.883757 -0.030804 0.245685 -0.026749 0.187520 0.066270 0.979658
1341836550.856414 -1.886199 -0.028265 0.248033 -0.026757 0.188718 0.066083 0.979440
1341836550.888343 -1.887313 -0.028806 0.248838 -0.026773 0.189115 0.066371 0.979343
1341836550.920432 -1.891990 -0.031143 0.250941 -0.026786 0.189162 0.065058 0.979422
1341836550.956331 -1.893413 -0.032290 0.252158 -0.027355 0.190199 0.064363 0.979251
1341836550.988524 -1.894413 -0.032672 0.253208 -0.027378 0.191406 0.065812 0.978919
1341836551.020555 -1.894823 -0.033083 0.253593 -0.027006 0.191940 0.067779 0.978691
1341836551.056360 -1.895150 -0.036041 0.253905 -0.027087 0.192161 0.067574 0.978659
1341836551.088410 -1.896931 -0.037689 0.254697 -0.027172 0.192396 0.066061 0.978714
1341836551.124405 -1.897100 -0.036874 0.254811 -0.027152 0.193064 0.067003 0.978519
1341836551.156413 -1.898079 -0.037614 0.255083 -0.026936 0.193269 0.067773 0.978432
1341836551.188336 -1.900909 -0.038794 0.255974 -0.027162 0.193406 0.065939 0.978524
1341836551.224358 -1.900502 -0.038580 0.255688 -0.027268 0.194150 0.065862 0.978378
1341836551.256305 -1.900809 -0.037260 0.255449 -0.026722 0.194526 0.068689 0.978124
1341836551.292276 -1.901634 -0.036595 0.255402 -0.026374 0.194871 0.069757 0.977990
1341836551.326846 -1.902877 -0.037913 0.255552 -0.026978 0.196210 0.069859 0.977698
1341836551.356394 -1.904255 -0.037878 0.255714 -0.026764 0.196530 0.071242 0.977540
1341836551.392345 -1.906943 -0.037975 0.256369 -0.026382 0.196578 0.073102 0.977403
1341836551.424392 -1.908029 -0.037276 0.256588 -0.026109 0.196785 0.072860 0.977387
1341836551.456321 -1.907074 -0.036876 0.256235 -0.025857 0.197342 0.073173 0.977258
1341836551.492455 -1.909231 -0.038933 0.257057 -0.024950 0.197388 0.075404 0.977103
1341836551.524730 -1.911515 -0.043291 0.258043 -0.024206 0.197462 0.075174 0.977124
1341836551.560490 -1.911527 -0.047956 0.258385 -0.023797 0.197637 0.074964 0.977115
1341836551.592523 -1.915308 -0.050735 0.259629 -0.024115 0.197433 0.074109 0.977214
1341836551.624484 -1.918955 -0.050252 0.260810 -0.024278 0.197282 0.073318 0.977300
1341836551.660534 -1.920841 -0.046572 0.261260 -0.024244 0.197448 0.074259 0.977196
1341836551.692452 -1.924876 -0.045270 0.262375 -0.024496 0.197225 0.072990 0.977330
1341836551.724354 -1.928395 -0.046379 0.263481 -0.024983 0.197082 0.070762 0.977511
1341836551.760297 -1.932098 -0.045027 0.264544 -0.025439 0.196997 0.070919 0.977505
1341836551.792285 -1.936557 -0.042732 0.266051 -0.025627 0.196972 0.070523 0.977534
1341836551.828378 -1.935818 -0.040351 0.265780 -0.026059 0.197505 0.070364 0.977426
1341836551.860476 -1.937102 -0.038495 0.266109 -0.026143 0.197644 0.070597 0.977379
1341836551.892485 -1.941275 -0.037955 0.267934 -0.025799 0.197541 0.070180 0.977439
1341836551.928290 -1.941961 -0.039784 0.268672 -0.025546 0.197675 0.069945 0.977435
1341836551.960486 -1.942235 -0.042713 0.269128 -0.025489 0.197810 0.069838 0.977417
1341836551.992344 -1.945650 -0.044720 0.270743 -0.025319 0.197896 0.070946 0.977324
1341836552.028600 -1.949989 -0.045983 0.272670 -0.025013 0.197720 0.071618 0.977319
1341836552.060303 -1.954149 -0.048814 0.274432 -0.025410 0.197685 0.070322 0.977410
1341836552.096567 -1.961197 -0.048703 0.277367 -0.025448 0.197935 0.071204 0.977294
1341836552.131524 -1.964904 -0.051903 0.278906 -0.025406 0.197714 0.071168 0.977343
1341836552.163502 -1.965812 -0.052457 0.279489 -0.025229 0.197924 0.069991 0.977390
1341836552.199321 -1.965548 -0.051611 0.279459 -0.025238 0.198721 0.070858 0.977165
1341836552.231433 -1.966645 -0.050814 0.279856 -0.025041 0.199053 0.072581 0.976976
1341836552.264218 -1.966141 -0.051019 0.279573 -0.025341 0.199597 0.072809 0.976841
1341836552.299306 -1.965663 -0.051906 0.279564 -0.025354 0.201096 0.073833 0.976456
1341836552.331302 -1.967428 -0.050059 0.280167 -0.025059 0.201451 0.075893 0.976232
1341836552.364350 -1.972208 -0.047371 0.281151 -0.026671 0.201747 0.074851 0.976209
1341836552.399343 -1.972170 -0.047324 0.280469 -0.027578 0.202513 0.072177 0.976227
1341836552.431418 -1.972690 -0.048138 0.280640 -0.026703 0.202849 0.074305 0.976021
1341836552.467415 -1.975003 -0.046686 0.281268 -0.026427 0.203465 0.078140 0.975601
1341836552.499249 -1.976019 -0.047938 0.281416 -0.026815 0.205148 0.078983 0.975170
1341836552.532418 -1.975261 -0.049631 0.281177 -0.026817 0.205650 0.079368 0.975033
1341836552.567368 -1.979358 -0.051981 0.282757 -0.026059 0.205595 0.080924 0.974937
1341836552.599391 -1.984584 -0.054163 0.284795 -0.026022 0.205538 0.082104 0.974852
1341836552.635473 -1.990254 -0.056963 0.286745 -0.026416 0.205208 0.079767 0.975105
1341836552.667375 -1.993819 -0.055539 0.287862 -0.025580 0.205290 0.079849 0.975103
1341836552.699343 -1.996218 -0.055066 0.288455 -0.025025 0.205701 0.084450 0.974643
1341836552.735425 -1.999681 -0.058896 0.289615 -0.025045 0.205485 0.084873 0.974651
1341836552.768247 -2.001002 -0.060702 0.289928 -0.024895 0.205652 0.082567 0.974818
1341836552.803477 -2.001470 -0.062030 0.289753 -0.024671 0.205995 0.083765 0.974649
1341836552.864617 -2.004116 -0.063426 0.290259 -0.023952 0.205898 0.085256 0.974558
1341836552.900505 -2.004709 -0.065512 0.289735 -0.024072 0.206679 0.084417 0.974463
1341836552.932361 -2.003655 -0.065998 0.288766 -0.024201 0.207175 0.084643 0.974335
1341836552.964441 -2.005248 -0.065860 0.288617 -0.024468 0.207290 0.086108 0.974175
1341836553.001338 -2.006756 -0.063293 0.288503 -0.024444 0.207527 0.086182 0.974119
1341836553.032376 -2.007120 -0.063623 0.287885 -0.025085 0.207717 0.085288 0.974141
1341836553.068569 -2.010218 -0.063395 0.288352 -0.025119 0.207284 0.084754 0.974279
1341836553.100441 -2.013079 -0.063337 0.288307 -0.024825 0.206675 0.083415 0.974531
1341836553.132383 -2.014948 -0.063794 0.288456 -0.025302 0.206803 0.081904 0.974620
1341836553.168938 -2.016236 -0.061841 0.288787 -0.024495 0.206990 0.082235 0.974573
1341836553.200403 -2.017299 -0.061515 0.288999 -0.023966 0.207128 0.082424 0.974541
1341836553.232423 -2.018172 -0.061801 0.289104 -0.024015 0.207288 0.082046 0.974538
1341836553.269564 -2.018904 -0.060901 0.289341 -0.023613 0.207527 0.081972 0.974503
1341836553.300359 -2.019081 -0.063559 0.289423 -0.023528 0.207602 0.081947 0.974491
1341836553.336411 -2.021802 -0.066040 0.290531 -0.023277 0.207538 0.081980 0.974508
1341836553.368474 -2.022733 -0.066260 0.290947 -0.022743 0.207778 0.082665 0.974411
1341836553.400445 -2.022940 -0.068095 0.290972 -0.022478 0.207920 0.083929 0.974279
1341836553.436421 -2.026570 -0.069417 0.292135 -0.022085 0.207588 0.084569 0.974304
1341836553.468477 -2.029558 -0.070415 0.293082 -0.021970 0.207463 0.083359 0.974437
1341836553.504461 -2.030326 -0.070703 0.293328 -0.022050 0.207547 0.083197 0.974431
1341836553.536341 -2.034540 -0.069909 0.294579 -0.021819 0.207274 0.084636 0.974371
1341836553.568459 -2.038283 -0.069069 0.295742 -0.021345 0.206994 0.084843 0.974423
1341836553.604432 -2.037420 -0.069567 0.295466 -0.021029 0.207278 0.085549 0.974307
1341836553.636456 -2.039637 -0.073204 0.296440 -0.021017 0.207237 0.085677 0.974305
1341836553.668714 -2.043808 -0.073554 0.296891 -0.020195 0.206003 0.084355 0.974699
1341836553.704420 -2.046008 -0.074823 0.297868 -0.020497 0.206076 0.082564 0.974831
1341836553.736432 -2.047274 -0.072316 0.298311 -0.020614 0.206270 0.083185 0.974735
1341836553.772413 -2.053507 -0.072379 0.300343 -0.021000 0.205870 0.084307 0.974715
1341836553.805308 -2.056191 -0.076046 0.301768 -0.020016 0.205718 0.083619 0.974827
1341836553.836430 -2.057912 -0.081638 0.303367 -0.019000 0.205901 0.085390 0.974655
1341836553.872431 -2.059795 -0.087303 0.305075 -0.017802 0.205918 0.088001 0.974442
1341836553.904605 -2.061762 -0.093407 0.306920 -0.017241 0.205853 0.087863 0.974478
1341836553.936434 -2.065021 -0.099419 0.308975 -0.017450 0.205790 0.085494 0.974698
1341836553.972533 -2.071026 -0.104322 0.312175 -0.016825 0.205224 0.083567 0.974996
1341836554.004482 -2.074027 -0.107905 0.313374 -0.015790 0.204338 0.081653 0.975361
1341836554.040423 -2.074603 -0.110718 0.314375 -0.015227 0.204520 0.080218 0.975451
1341836554.075305 -2.072961 -0.113382 0.314823 -0.014717 0.205272 0.082079 0.975146
1341836554.140435 -2.080498 -0.120908 0.318420 -0.013767 0.204553 0.083120 0.975223
1341836554.172892 -2.082447 -0.121982 0.319715 -0.013638 0.204684 0.081948 0.975296
1341836554.209182 -2.091337 -0.128791 0.324248 -0.012830 0.204446 0.084256 0.975161
1341836554.243518 -2.091787 -0.130043 0.325022 -0.012265 0.204641 0.082862 0.975246
1341836554.278265 -2.092139 -0.128909 0.326547 -0.012749 0.207140 0.085211 0.974510
1341836554.343525 -2.090941 -0.130842 0.326432 -0.012021 0.207836 0.089915 0.973948
1341836554.408617 -2.096332 -0.137379 0.331192 -0.012063 0.210208 0.089663 0.973462
1341836554.476388 -2.103167 -0.135628 0.333989 -0.013705 0.210482 0.085260 0.973776
1341836554.511752 -2.102857 -0.135643 0.333901 -0.013836 0.210731 0.082995 0.973916
1341836554.545324 -2.101681 -0.132282 0.333541 -0.014409 0.211949 0.083416 0.973608
1341836554.576365 -2.105371 -0.133281 0.334565 -0.015709 0.215184 0.086542 0.972604
1341836554.611474 -2.106711 -0.135002 0.334602 -0.016440 0.217289 0.089238 0.971881
1341836554.643517 -2.106829 -0.135531 0.334190 -0.016514 0.218642 0.089984 0.971507
1341836554.679301 -2.106413 -0.133806 0.333600 -0.017000 0.219256 0.090279 0.971333
1341836554.711387 -2.104801 -0.134070 0.332785 -0.016635 0.220081 0.091268 0.971060
1341836554.744294 -2.105368 -0.132950 0.333188 -0.016703 0.221490 0.093217 0.970553
1341836554.779243 -2.107006 -0.133363 0.333745 -0.017865 0.222253 0.093754 0.970306
1341836554.811465 -2.106717 -0.134688 0.333447 -0.018367 0.222550 0.091897 0.970407
1341836554.844421 -2.106454 -0.132747 0.333091 -0.018250 0.223118 0.092905 0.970182
1341836554.879285 -2.109153 -0.133199 0.334030 -0.018491 0.223297 0.094624 0.969971
1341836554.911347 -2.112951 -0.135491 0.335580 -0.018594 0.223115 0.093243 0.970144
1341836554.947423 -2.113053 -0.135017 0.335124 -0.018184 0.223084 0.091907 0.970287
1341836554.979379 -2.113343 -0.132621 0.335005 -0.017845 0.223631 0.094542 0.969914
1341836555.012388 -2.116247 -0.132847 0.336251 -0.017694 0.223860 0.096835 0.969637
1341836555.047398 -2.117499 -0.131943 0.336508 -0.018088 0.223899 0.095289 0.969774
1341836555.079410 -2.117653 -0.133805 0.336493 -0.018299 0.224086 0.093936 0.969859
1341836555.115333 -2.119420 -0.134918 0.337204 -0.017605 0.224032 0.095286 0.969753
1341836555.147403 -2.119167 -0.135512 0.336996 -0.017208 0.224279 0.097062 0.969527
1341836555.179327 -2.118021 -0.138163 0.336724 -0.017932 0.224877 0.095444 0.969536
1341836555.215254 -2.120282 -0.139417 0.337783 -0.018358 0.224754 0.093471 0.969748
1341836555.247478 -2.122416 -0.138821 0.338454 -0.018496 0.224568 0.093154 0.969819
1341836555.283336 -2.121333 -0.138875 0.338424 -0.018229 0.225248 0.093923 0.969593
1341836555.315509 -2.123692 -0.138254 0.339683 -0.018526 0.225568 0.095354 0.969373
1341836555.347557 -2.126102 -0.138648 0.340693 -0.018950 0.225561 0.095037 0.969397
1341836555.383389 -2.126091 -0.140991 0.340972 -0.019029 0.225692 0.094852 0.969383
1341836555.415569 -2.128473 -0.143644 0.342428 -0.018817 0.225601 0.095167 0.969378
1341836555.451666 -2.127750 -0.144718 0.342321 -0.018748 0.225519 0.094292 0.969484
1341836555.483306 -2.126531 -0.142405 0.342433 -0.018305 0.226355 0.096036 0.969126
1341836555.515620 -2.128278 -0.143033 0.343964 -0.018647 0.227126 0.099631 0.968576
1341836555.551593 -2.127626 -0.143447 0.344064 -0.018498 0.227424 0.099536 0.968519
1341836555.583395 -2.127099 -0.144730 0.345444 -0.018735 0.228996 0.098946 0.968204
1341836555.619267 -2.126934 -0.148896 0.346205 -0.018530 0.228994 0.099364 0.968166
1341836555.651764 -2.128370 -0.150077 0.347372 -0.017577 0.228773 0.100781 0.968089
1341836555.683433 -2.125450 -0.152569 0.347097 -0.017306 0.229889 0.101480 0.967757
1341836555.719341 -2.123863 -0.156506 0.347321 -0.017208 0.230470 0.102069 0.967558
1341836555.751564 -2.126430 -0.157276 0.348993 -0.016768 0.230303 0.102753 0.967533
1341836555.787315 -2.124887 -0.156428 0.348581 -0.017209 0.230751 0.101924 0.967507
1341836555.819769 -2.123135 -0.155682 0.348756 -0.017560 0.232850 0.103178 0.966864
1341836555.851679 -2.121292 -0.157800 0.348180 -0.017317 0.233445 0.105770 0.966445
1341836555.887393 -2.119297 -0.159127 0.348186 -0.016011 0.234363 0.106707 0.966143
1341836555.919578 -2.122104 -0.160063 0.350119 -0.015804 0.239382 0.109091 0.964648
1341836555.955380 -2.124133 -0.163560 0.352336 -0.015615 0.242597 0.111510 0.963571
1341836555.989240 -2.122876 -0.162405 0.352261 -0.015000 0.245266 0.114338 0.962573
1341836556.019400 -2.127887 -0.164274 0.354250 -0.015241 0.251333 0.116570 0.960735
1341836556.055601 -2.132860 -0.165499 0.357795 -0.014939 0.255141 0.117603 0.959609
1341836556.087385 -2.137473 -0.164893 0.359645 -0.015805 0.259944 0.118763 0.958162
1341836556.119395 -2.144257 -0.166190 0.360876 -0.016842 0.267230 0.120698 0.955896
1341836556.155460 -2.149147 -0.166818 0.362604 -0.016339 0.271091 0.123803 0.954419
1341836556.187386 -2.157975 -0.165383 0.365145 -0.016590 0.278234 0.126808 0.951961
1341836556.219549 -2.171689 -0.169093 0.371271 -0.018826 0.285754 0.128107 0.949515
1341836556.255513 -2.170579 -0.167535 0.369371 -0.019950 0.286624 0.127775 0.949275
1341836556.287550 -2.172843 -0.166332 0.368708 -0.022029 0.290170 0.125413 0.948466
1341836556.319460 -2.177595 -0.166366 0.367993 -0.023592 0.296024 0.125846 0.946560
1341836556.355470 -2.177056 -0.167011 0.366717 -0.023789 0.297114 0.127292 0.946020
1341836556.387408 -2.173915 -0.165485 0.363273 -0.024493 0.298234 0.125132 0.945938
1341836556.423470 -2.171819 -0.163306 0.360181 -0.026006 0.299942 0.122532 0.945698
1341836556.455541 -2.171819 -0.160449 0.359001 -0.026551 0.300448 0.122635 0.945509
1341836556.487492 -2.171657 -0.158454 0.357750 -0.027080 0.301050 0.123184 0.945231
1341836556.523491 -2.170396 -0.158110 0.355511 -0.027623 0.302560 0.122050 0.944880
1341836556.555480 -2.171015 -0.157694 0.355534 -0.027460 0.302772 0.122146 0.944805
1341836556.587472 -2.173059 -0.155676 0.356431 -0.027411 0.302655 0.122533 0.944793
1341836556.623447 -2.174376 -0.152944 0.356411 -0.027867 0.302881 0.122211 0.944749
1341836556.655577 -2.178499 -0.147741 0.357927 -0.028351 0.302827 0.121918 0.944790
1341836556.688390 -2.183414 -0.145503 0.360508 -0.029130 0.301764 0.121816 0.945120
1341836556.723474 -2.186310 -0.146169 0.362399 -0.029712 0.301167 0.120928 0.945406
1341836556.755589 -2.189430 -0.147468 0.364791 -0.029897 0.300301 0.119170 0.945898
1341836556.791502 -2.193357 -0.146391 0.367560 -0.029837 0.298868 0.117471 0.946566
1341836556.823299 -2.195111 -0.146766 0.368869 -0.030198 0.298694 0.117090 0.946657
1341836556.855500 -2.196679 -0.148607 0.370474 -0.029747 0.298779 0.117824 0.946554
1341836556.891411 -2.199783 -0.150159 0.372915 -0.029482 0.298555 0.118339 0.946568
1341836556.923356 -2.200498 -0.153432 0.374132 -0.029508 0.298257 0.117193 0.946804
1341836556.956491 -2.201321 -0.157091 0.375524 -0.029115 0.298351 0.116983 0.946813
1341836556.991578 -2.204317 -0.160614 0.378270 -0.029125 0.297764 0.116053 0.947112
1341836557.023423 -2.203775 -0.162312 0.378446 -0.029374 0.297418 0.113505 0.947521
1341836557.056479 -2.203528 -0.164894 0.378748 -0.029333 0.297643 0.112863 0.947528
1341836557.091401 -2.206168 -0.167548 0.380993 -0.029121 0.296853 0.111956 0.947890
1341836557.123977 -2.205720 -0.168795 0.380989 -0.029548 0.296664 0.109851 0.948182
1341836557.159693 -2.204215 -0.170902 0.380398 -0.029333 0.297318 0.109310 0.948047
1341836557.191367 -2.206057 -0.171618 0.381793 -0.028925 0.297015 0.109724 0.948106
1341836557.224237 -2.206521 -0.173663 0.382328 -0.028944 0.296579 0.108806 0.948348
1341836557.259428 -2.205583 -0.175699 0.381863 -0.029007 0.296970 0.107762 0.948343
1341836557.291320 -2.207090 -0.177170 0.382969 -0.028655 0.297051 0.108461 0.948249
1341836557.327336 -2.209954 -0.178625 0.384818 -0.028857 0.296458 0.106953 0.948600
1341836557.359367 -2.209349 -0.180001 0.384318 -0.028880 0.296593 0.106328 0.948627
1341836557.391466 -2.211905 -0.179891 0.385640 -0.028994 0.296446 0.106728 0.948625
1341836557.427430 -2.215077 -0.178104 0.386733 -0.028541 0.295778 0.107829 0.948722
1341836557.459285 -2.218001 -0.178817 0.388056 -0.028090 0.295685 0.110080 0.948506
1341836557.495372 -2.221088 -0.181292 0.387925 -0.027695 0.293249 0.109181 0.949377
1341836557.527351 -2.222498 -0.177028 0.386855 -0.026734 0.291472 0.107783 0.950111
1341836557.559823 -2.226859 -0.174979 0.388227 -0.026947 0.290765 0.109210 0.950159
1341836557.595345 -2.231919 -0.177620 0.388947 -0.027358 0.288059 0.109257 0.950966
1341836557.627527 -2.235376 -0.176195 0.389995 -0.027366 0.286972 0.107454 0.951500
1341836557.663458 -2.240839 -0.176318 0.392851 -0.027398 0.286363 0.106523 0.951787
1341836557.695389 -2.244186 -0.175576 0.393640 -0.026251 0.284965 0.107012 0.952184
1341836557.727634 -2.247415 -0.177906 0.395227 -0.026139 0.284492 0.106638 0.952370
1341836557.763370 -2.252505 -0.181574 0.397949 -0.026234 0.283721 0.103960 0.952894
1341836557.795557 -2.256318 -0.182205 0.399706 -0.025288 0.282579 0.103412 0.953318
1341836557.831402 -2.263827 -0.185061 0.403759 -0.025310 0.281711 0.103863 0.953525
1341836557.863496 -2.266132 -0.187796 0.405057 -0.025390 0.281046 0.101342 0.953991
1341836557.895559 -2.266657 -0.189420 0.405358 -0.024901 0.281279 0.101961 0.953869
1341836557.931492 -2.270032 -0.191567 0.407193 -0.024216 0.281041 0.104288 0.953705
1341836557.963497 -2.274989 -0.194168 0.410078 -0.024076 0.280277 0.102481 0.954129
1341836557.999327 -2.276375 -0.197594 0.411179 -0.024589 0.280278 0.099478 0.954434
1341836558.031507 -2.280037 -0.200346 0.413647 -0.024333 0.280010 0.099220 0.954546
1341836558.063409 -2.288256 -0.202766 0.418221 -0.023121 0.278844 0.101914 0.954633
1341836558.099336 -2.292161 -0.207045 0.420793 -0.022974 0.278253 0.100424 0.954967
1341836558.131450 -2.293740 -0.209703 0.421834 -0.022770 0.278343 0.099118 0.955082
1341836558.167388 -2.299779 -0.209445 0.425260 -0.021803 0.278266 0.102315 0.954790
1341836558.199275 -2.306461 -0.210077 0.428913 -0.021543 0.277747 0.103722 0.954795
1341836558.231310 -2.306578 -0.212966 0.428953 -0.021754 0.277904 0.101625 0.954970
1341836558.267380 -2.309050 -0.214541 0.430303 -0.021364 0.278029 0.101250 0.954983
1341836558.299370 -2.315540 -0.215877 0.434021 -0.020516 0.277594 0.103116 0.954928
1341836558.331340 -2.318341 -0.216877 0.435599 -0.020068 0.277561 0.103599 0.954895
1341836558.367521 -2.319234 -0.218081 0.435965 -0.020012 0.277961 0.103132 0.954830
1341836558.399507 -2.322661 -0.216712 0.437901 -0.019685 0.278022 0.104392 0.954683
1341836558.431424 -2.326508 -0.212885 0.439676 -0.019552 0.278170 0.107199 0.954331
1341836558.467334 -2.328758 -0.213496 0.440984 -0.020160 0.278321 0.105539 0.954459
1341836558.499235 -2.334541 -0.214877 0.444796 -0.020374 0.277887 0.103167 0.954841
1341836558.531456 -2.339228 -0.215197 0.447804 -0.020428 0.277271 0.103543 0.954978
1341836558.567430 -2.341616 -0.218147 0.449731 -0.020255 0.277090 0.103651 0.955022
1341836558.599261 -2.343503 -0.220450 0.451422 -0.019983 0.277081 0.103315 0.955067
1341836558.635428 -2.345307 -0.218674 0.452826 -0.020142 0.277061 0.103422 0.955058
1341836558.667315 -2.347189 -0.218025 0.454263 -0.020288 0.277460 0.104156 0.954859
1341836558.699299 -2.350567 -0.218600 0.456759 -0.020685 0.277332 0.103234 0.954988
1341836558.735276 -2.354262 -0.218796 0.459550 -0.021368 0.276720 0.100750 0.955415
1341836558.767234 -2.353473 -0.216644 0.459452 -0.021495 0.277205 0.101502 0.955192
1341836558.799388 -2.357198 -0.216010 0.462220 -0.020994 0.277572 0.104943 0.954725
1341836558.835519 -2.359211 -0.216824 0.463870 -0.021286 0.277453 0.105010 0.954746
1341836558.867451 -2.357409 -0.217913 0.464065 -0.021564 0.278986 0.104607 0.954337
1341836558.900348 -2.358426 -0.218182 0.466363 -0.020775 0.280884 0.107882 0.953433
1341836558.935724 -2.359964 -0.221228 0.468401 -0.019475 0.281411 0.111411 0.952899
1341836558.967478 -2.358546 -0.222915 0.468839 -0.018822 0.281893 0.111825 0.952721
1341836559.000224 -2.359623 -0.221869 0.471989 -0.018732 0.283913 0.111093 0.952208
1341836559.035306 -2.362370 -0.221375 0.475957 -0.018633 0.285631 0.114155 0.951334
1341836559.067396 -2.365306 -0.222090 0.479532 -0.018604 0.286651 0.117858 0.950576
1341836559.100310 -2.366910 -0.222258 0.482747 -0.019303 0.287856 0.117652 0.950223
1341836559.135300 -2.368672 -0.223276 0.486238 -0.020169 0.289255 0.117944 0.949744
1341836559.168365 -2.370121 -0.226049 0.489017 -0.019968 0.290527 0.119984 0.949104
1341836559.203378 -2.372632 -0.227203 0.491770 -0.019043 0.291081 0.122601 0.948619
1341836559.235370 -2.374782 -0.227128 0.494007 -0.019622 0.291338 0.122405 0.948554
1341836559.268241 -2.374699 -0.227942 0.495735 -0.020867 0.293091 0.121026 0.948164
1341836559.303359 -2.378217 -0.227256 0.498643 -0.020915 0.293908 0.123899 0.947539
1341836559.335518 -2.383398 -0.227274 0.502419 -0.021647 0.293328 0.124350 0.947643
1341836559.371796 -2.382655 -0.227340 0.502899 -0.022683 0.294792 0.123818 0.947234
1341836559.408276 -2.386281 -0.229425 0.506310 -0.023355 0.296644 0.126135 0.946333
1341836559.439280 -2.392894 -0.230170 0.511035 -0.023289 0.296338 0.127034 0.946311
1341836559.471768 -2.392288 -0.230503 0.510908 -0.024087 0.296289 0.125090 0.946565
1341836559.503696 -2.393327 -0.233715 0.512884 -0.024262 0.298339 0.125146 0.945909
1341836559.539299 -2.397240 -0.236041 0.516200 -0.023758 0.298341 0.126295 0.945768
1341836559.571414 -2.397437 -0.237624 0.516984 -0.023728 0.298395 0.126756 0.945690
1341836559.603414 -2.397885 -0.239747 0.518738 -0.024312 0.299747 0.125843 0.945370
1341836559.639412 -2.403683 -0.238320 0.523131 -0.024747 0.299389 0.125976 0.945454
1341836559.672296 -2.404971 -0.237879 0.524321 -0.024917 0.299496 0.127135 0.945261
1341836559.707411 -2.404894 -0.241106 0.526284 -0.024614 0.301545 0.127554 0.944560
1341836559.739469 -2.405365 -0.243193 0.527650 -0.023927 0.302141 0.128997 0.944192
1341836559.771384 -2.409055 -0.245358 0.530931 -0.023627 0.302137 0.129910 0.944075
1341836559.807349 -2.410930 -0.246438 0.532975 -0.024106 0.302008 0.127569 0.944424
1341836559.839315 -2.411014 -0.244124 0.533893 -0.024820 0.302762 0.128097 0.944092
1341836559.875410 -2.413197 -0.244487 0.536644 -0.025701 0.304933 0.132237 0.942798
1341836559.907310 -2.414683 -0.245873 0.538280 -0.025527 0.305458 0.133834 0.942408
1341836559.939497 -2.413744 -0.248432 0.538742 -0.025805 0.305576 0.131745 0.942656
1341836559.975374 -2.413647 -0.248493 0.539651 -0.025638 0.306242 0.131778 0.942440
1341836560.007502 -2.414577 -0.249681 0.540809 -0.025296 0.306588 0.133570 0.942084
1341836560.043829 -2.412843 -0.251688 0.540390 -0.025495 0.307292 0.133360 0.941879
1341836560.104647 -2.413774 -0.253862 0.542214 -0.026413 0.310090 0.134398 0.940789
1341836560.140480 -2.413449 -0.253959 0.542223 -0.026312 0.310691 0.136703 0.940261
1341836560.172477 -2.402961 -0.253155 0.535167 -0.025517 0.311920 0.141350 0.939188
1341836560.204360 -2.410798 -0.256462 0.540544 -0.024244 0.316724 0.145963 0.936906
1341836560.240546 -2.420528 -0.260852 0.547610 -0.022049 0.320443 0.148962 0.935222
1341836560.272387 -2.418821 -0.263687 0.547142 -0.021331 0.321231 0.149653 0.934858
1341836560.304441 -2.413671 -0.264567 0.543844 -0.020780 0.323633 0.150219 0.933951
1341836560.340364 -2.426007 -0.266063 0.551835 -0.019886 0.328642 0.152926 0.931779
1341836560.372350 -2.427698 -0.265861 0.553003 -0.020045 0.330371 0.154316 0.930935
1341836560.408404 -2.427985 -0.266138 0.552572 -0.021193 0.331490 0.152892 0.930747
1341836560.440483 -2.431346 -0.266582 0.554426 -0.022301 0.332210 0.150661 0.930828
1341836560.472298 -2.428721 -0.263745 0.551700 -0.023020 0.332390 0.149331 0.930960
1341836560.508310 -2.428512 -0.260405 0.550277 -0.023564 0.333346 0.149357 0.930601
1341836560.540317 -2.430144 -0.258460 0.550773 -0.024073 0.333898 0.148961 0.930453
1341836560.573502 -2.431751 -0.255879 0.551174 -0.024600 0.334297 0.148667 0.930343
1341836560.608340 -2.433831 -0.253081 0.552150 -0.025024 0.334240 0.147981 0.930462
1341836560.640422 -2.434152 -0.251378 0.551825 -0.025831 0.334276 0.146668 0.930635
1341836560.676330 -2.437474 -0.249489 0.553815 -0.026037 0.334257 0.146621 0.930643
1341836560.708409 -2.444526 -0.247989 0.558439 -0.027078 0.333718 0.144999 0.931061
1341836560.740520 -2.446827 -0.243869 0.559093 -0.028244 0.333299 0.143422 0.931420
1341836560.776254 -2.447033 -0.239257 0.557885 -0.028639 0.333270 0.143586 0.931393
1341836560.808326 -2.448103 -0.236266 0.557254 -0.029116 0.333801 0.143909 0.931139
1341836560.840419 -2.450646 -0.231639 0.557598 -0.029555 0.334562 0.145244 0.930644
1341836560.876325 -2.451788 -0.228703 0.557181 -0.029769 0.335180 0.146868 0.930160
1341836560.908357 -2.453038 -0.229309 0.557529 -0.029547 0.335529 0.146684 0.930071
1341836560.944404 -2.455880 -0.231059 0.559595 -0.029539 0.335141 0.145630 0.930376
1341836560.976295 -2.454275 -0.231689 0.558497 -0.029382 0.334897 0.144706 0.930613
1341836561.008556 -2.453320 -0.235316 0.557859 -0.029702 0.335318 0.142892 0.930732
1341836561.044416 -2.456811 -0.238535 0.560555 -0.029564 0.335530 0.142176 0.930769
1341836561.076367 -2.457208 -0.239668 0.560788 -0.029960 0.335221 0.140541 0.931116
1341836561.112398 -2.455539 -0.240342 0.559129 -0.031167 0.335488 0.137483 0.931437
1341836561.144333 -2.456752 -0.238958 0.559300 -0.031792 0.336182 0.136519 0.931307
1341836561.176591 -2.460244 -0.236316 0.561171 -0.031077 0.336551 0.139410 0.930770
1341836561.212363 -2.461685 -0.235812 0.561995 -0.031121 0.336800 0.140402 0.930529
1341836561.244392 -2.464755 -0.238886 0.564736 -0.031659 0.337105 0.138862 0.930632
1341836561.276337 -2.470780 -0.240964 0.569669 -0.032073 0.336828 0.138213 0.930814
1341836561.312402 -2.472958 -0.240124 0.571515 -0.031746 0.336513 0.139399 0.930763
1341836561.344495 -2.474755 -0.241727 0.573332 -0.032231 0.336548 0.137791 0.930973
1341836561.380447 -2.479751 -0.245922 0.577992 -0.032977 0.336406 0.134709 0.931449
1341836561.412463 -2.483963 -0.249201 0.582078 -0.032958 0.335776 0.132866 0.931941
1341836561.444383 -2.484421 -0.251470 0.583169 -0.033443 0.335530 0.131270 0.932239
1341836561.480494 -2.484579 -0.253441 0.583765 -0.034112 0.335848 0.129724 0.932316
1341836561.512334 -2.486264 -0.254340 0.585016 -0.034273 0.336284 0.129706 0.932156
1341836561.544433 -2.487354 -0.253960 0.585779 -0.033733 0.336430 0.130558 0.932004
1341836561.580361 -2.485942 -0.255719 0.585048 -0.033967 0.336734 0.129679 0.932008
1341836561.612391 -2.484949 -0.259699 0.584631 -0.034587 0.337536 0.127401 0.932010
1341836561.648336 -2.484714 -0.261237 0.584491 -0.034316 0.338232 0.128401 0.931630
1341836561.680331 -2.482416 -0.261520 0.582726 -0.033852 0.339146 0.129776 0.931124
1341836561.712414 -2.490443 -0.265819 0.587347 -0.034172 0.343565 0.129357 0.929549
1341836561.748511 -2.496844 -0.268697 0.591351 -0.033603 0.345000 0.129495 0.929019
1341836561.780401 -2.494538 -0.270328 0.589786 -0.033017 0.345447 0.130799 0.928691
1341836561.812700 -2.493925 -0.272731 0.589295 -0.032669 0.346610 0.130897 0.928256
1341836561.848579 -2.500806 -0.275663 0.593510 -0.032277 0.348394 0.130198 0.927701
1341836561.880265 -2.499980 -0.275863 0.592716 -0.032213 0.349133 0.130624 0.927365
1341836561.916312 -2.505420 -0.278660 0.595027 -0.032289 0.352120 0.131426 0.926119
1341836561.951295 -2.506448 -0.281557 0.595686 -0.031179 0.352977 0.132897 0.925620
1341836562.019341 -2.507559 -0.283197 0.596835 -0.030522 0.352529 0.132475 0.925874
1341836562.080581 -2.508808 -0.285922 0.597091 -0.031036 0.353776 0.130055 0.925724
1341836562.116439 -2.508199 -0.283982 0.595802 -0.030453 0.354811 0.132203 0.925043
1341836562.148367 -2.509920 -0.282980 0.595857 -0.030647 0.356077 0.132012 0.924577
1341836562.184511 -2.516056 -0.282938 0.597509 -0.031015 0.357873 0.133044 0.923723
1341836562.219290 -2.517913 -0.281769 0.598028 -0.030717 0.358538 0.134364 0.923284
1341836562.251425 -2.518016 -0.281005 0.597151 -0.031314 0.359281 0.132683 0.923218
1341836562.287390 -2.519868 -0.278718 0.597051 -0.031215 0.360668 0.134918 0.922356
1341836562.319250 -2.521347 -0.277676 0.597034 -0.030175 0.361658 0.138875 0.921415
1341836562.352232 -2.522795 -0.278159 0.596983 -0.029810 0.363610 0.140404 0.920427
1341836562.387730 -2.524216 -0.278022 0.597673 -0.030017 0.364174 0.139735 0.920299
1341836562.419326 -2.528355 -0.276841 0.600940 -0.030286 0.363247 0.137605 0.920977
1341836562.455394 -2.529102 -0.274429 0.601036 -0.030942 0.363177 0.137426 0.921010
1341836562.487315 -2.531197 -0.274551 0.602069 -0.031937 0.364753 0.138114 0.920250
1341836562.519469 -2.533392 -0.273374 0.603901 -0.031695 0.364517 0.138792 0.920250
1341836562.555498 -2.536338 -0.274765 0.607317 -0.032608 0.363343 0.136345 0.921048
1341836562.587360 -2.535564 -0.276557 0.607372 -0.033586 0.363608 0.134053 0.921244
1341836562.623388 -2.537050 -0.275762 0.608817 -0.032993 0.364457 0.136504 0.920570
1341836562.656832 -2.537723 -0.276468 0.610082 -0.033025 0.365470 0.139027 0.919789
1341836562.687414 -2.539566 -0.279125 0.613029 -0.033809 0.368645 0.139785 0.918378
1341836562.723392 -2.540973 -0.279988 0.614909 -0.033251 0.370016 0.140729 0.917702
1341836562.755310 -2.541458 -0.281059 0.616212 -0.033316 0.370624 0.141343 0.917360
1341836562.787756 -2.542281 -0.282806 0.618548 -0.034472 0.372272 0.140982 0.916706
1341836562.823473 -2.543693 -0.285505 0.621478 -0.034997 0.374812 0.141052 0.915640
1341836562.855234 -2.546141 -0.286543 0.625077 -0.034136 0.376851 0.142727 0.914575
1341836562.891396 -2.547816 -0.287717 0.627814 -0.033820 0.377287 0.143427 0.914297
1341836562.923404 -2.547714 -0.291649 0.629993 -0.034495 0.378107 0.141309 0.914263
1341836562.955395 -2.550709 -0.292145 0.635739 -0.034212 0.380172 0.141531 0.913383
1341836562.991509 -2.553230 -0.293704 0.640849 -0.033916 0.381258 0.144185 0.912526
1341836563.023489 -2.555216 -0.296603 0.645941 -0.034303 0.382924 0.144557 0.911754
1341836563.059412 -2.557722 -0.297717 0.651434 -0.034497 0.384631 0.144261 0.911075
1341836563.091490 -2.559840 -0.300379 0.656194 -0.035113 0.386292 0.145744 0.910112
1341836563.123526 -2.562171 -0.302723 0.660665 -0.035192 0.388915 0.148652 0.908520
1341836563.159903 -2.564700 -0.305641 0.664906 -0.034863 0.390872 0.150245 0.907431
1341836563.192322 -2.565486 -0.308047 0.667588 -0.034807 0.391140 0.149595 0.907424
1341836563.227384 -2.567235 -0.310921 0.671648 -0.034795 0.392627 0.150425 0.906645
1341836563.259586 -2.570002 -0.313386 0.676335 -0.034252 0.394011 0.151829 0.905831
1341836563.291784 -2.570459 -0.316559 0.679227 -0.033957 0.394152 0.151614 0.905817
1341836563.327381 -2.570884 -0.320177 0.682110 -0.034010 0.395136 0.151192 0.905457
1341836563.359432 -2.570556 -0.326185 0.684247 -0.033797 0.395377 0.150187 0.905527
1341836563.395723 -2.572276 -0.328697 0.687949 -0.033390 0.395364 0.148847 0.905769
1341836563.427417 -2.572610 -0.330856 0.690084 -0.033999 0.395060 0.148537 0.905930
1341836563.459328 -2.574650 -0.333237 0.693284 -0.034306 0.396910 0.148925 0.905045
1341836563.495414 -2.576362 -0.334077 0.695456 -0.033360 0.397965 0.151942 0.904115
1341836563.527734 -2.577651 -0.335195 0.697565 -0.033586 0.397981 0.151769 0.904129
1341836563.563330 -2.577281 -0.338273 0.698339 -0.034615 0.398152 0.149395 0.904410
1341836563.595336 -2.578393 -0.339630 0.700318 -0.034455 0.398342 0.149713 0.904280
1341836563.627267 -2.580092 -0.339001 0.702405 -0.034145 0.398489 0.150904 0.904029
1341836563.663448 -2.581011 -0.340342 0.703736 -0.035056 0.399156 0.150458 0.903774
1341836563.695359 -2.580514 -0.342239 0.703826 -0.035581 0.399333 0.149115 0.903898
1341836563.727466 -2.582230 -0.341305 0.705875 -0.035425 0.399251 0.149761 0.903833
1341836563.763461 -2.583636 -0.340265 0.707083 -0.035874 0.399940 0.150714 0.903353
1341836563.795366 -2.585208 -0.342226 0.708787 -0.037078 0.402363 0.150387 0.902282
1341836563.827447 -2.586986 -0.341516 0.710367 -0.036353 0.402910 0.152269 0.901752
1341836563.863324 -2.588590 -0.341161 0.712266 -0.036274 0.402883 0.153460 0.901565
1341836563.895278 -2.588089 -0.343430 0.712119 -0.036612 0.403515 0.153586 0.901247
1341836563.927597 -2.588855 -0.344234 0.713141 -0.036074 0.404002 0.154795 0.900844
1341836563.963416 -2.590744 -0.345766 0.715540 -0.034950 0.404363 0.157377 0.900278
1341836563.995418 -2.591174 -0.347726 0.717065 -0.035132 0.404157 0.156386 0.900537
1341836564.031385 -2.591092 -0.350199 0.717899 -0.035836 0.404502 0.154770 0.900633
1341836564.063489 -2.592583 -0.350348 0.719531 -0.035288 0.405055 0.156577 0.900094
1341836564.095401 -2.594331 -0.349275 0.721058 -0.034853 0.405794 0.159711 0.899227
1341836564.131464 -2.596411 -0.350428 0.722763 -0.035429 0.407803 0.160766 0.898107
1341836564.163332 -2.597101 -0.351014 0.723225 -0.035264 0.408648 0.161292 0.897635
1341836564.195307 -2.598694 -0.351084 0.724987 -0.034384 0.409049 0.163549 0.897078
1341836564.231400 -2.599717 -0.351639 0.726785 -0.034686 0.408738 0.163341 0.897246
1341836564.263512 -2.599551 -0.353826 0.727205 -0.035253 0.409455 0.162445 0.897059
1341836564.295354 -2.600333 -0.354530 0.728278 -0.034657 0.409772 0.163283 0.896786
1341836564.331382 -2.600379 -0.355999 0.729814 -0.034677 0.408630 0.162103 0.897520
1341836564.363288 -2.599628 -0.357345 0.729711 -0.035174 0.408675 0.160811 0.897712
1341836564.396337 -2.600505 -0.356092 0.730181 -0.034886 0.409355 0.162133 0.897176
1341836564.431406 -2.601479 -0.355201 0.730880 -0.034693 0.409914 0.163364 0.896704
1341836564.463308 -2.602173 -0.355469 0.731449 -0.035320 0.410421 0.163051 0.896505
1341836564.499232 -2.601158 -0.357197 0.730941 -0.035983 0.410255 0.161535 0.896829
1341836564.531509 -2.600992 -0.358431 0.731557 -0.036096 0.409911 0.160630 0.897144
1341836564.564458 -2.600443 -0.358838 0.731185 -0.035761 0.410045 0.161764 0.896893
1341836564.599215 -2.600318 -0.360431 0.730877 -0.036221 0.411165 0.160783 0.896538
1341836564.631361 -2.600759 -0.359967 0.731209 -0.036232 0.411446 0.160560 0.896449
1341836564.664403 -2.601107 -0.359562 0.731877 -0.036470 0.410733 0.160012 0.896864
1341836564.699246 -2.599616 -0.361727 0.730778 -0.037429 0.410840 0.158086 0.897117
1341836564.731521 -2.599677 -0.361683 0.730232 -0.037032 0.411512 0.158657 0.896724
1341836564.767617 -2.601100 -0.360190 0.731522 -0.036393 0.411162 0.160190 0.896638
1341836564.799280 -2.600416 -0.361325 0.731649 -0.037350 0.410353 0.157846 0.897385
1341836564.832295 -2.599355 -0.361989 0.730415 -0.037742 0.410797 0.156654 0.897375
1341836564.867842 -2.600804 -0.360329 0.731511 -0.037170 0.410668 0.157772 0.897261
1341836564.899297 -2.601186 -0.359416 0.732202 -0.037414 0.410138 0.157287 0.897579
1341836564.935266 -2.600993 -0.360003 0.732057 -0.038632 0.410026 0.154930 0.897988
1341836564.967281 -2.600438 -0.361083 0.732004 -0.038977 0.409546 0.153545 0.898430
1341836564.999531 -2.600102 -0.360959 0.731939 -0.038395 0.409191 0.154272 0.898492
1341836565.035467 -2.599909 -0.361300 0.731309 -0.038193 0.409709 0.154874 0.898162
