1.34184e+09 0.000000 0.000000 0.000000 0.000000 0.000000 0.000000 1.000000
1341839113.693575 -0.001790 -0.002442 -0.000996 -0.001430 0.000795 0.001468 0.999998
1341839113.725606 -0.000954 0.001687 -0.000678 -0.001038 0.001361 0.004135 0.999990
1341839113.793718 -0.001010 0.001254 -0.001417 -0.002300 0.002457 0.005461 0.999979
1341839113.861553 -0.003561 0.004880 -0.001838 -0.001272 0.001110 0.003098 0.999994
1341839113.894400 -0.003873 0.003480 -0.002065 -0.002911 0.002038 0.003850 0.999986
1341839113.925550 -0.003878 0.003741 -0.001322 -0.003291 0.001869 0.006189 0.999974
1341839113.961614 -0.005184 0.004546 -0.001466 -0.003593 0.001610 0.006075 0.999974
1341839113.993616 -0.007443 0.004535 -0.000632 -0.004271 0.001557 0.004184 0.999981
1341839114.025642 -0.010174 0.003928 -0.000720 -0.003976 0.000966 0.003820 0.999984
1341839114.061534 -0.010532 0.005450 -0.001545 -0.004878 0.000617 0.003432 0.999982
1341839114.093617 -0.010615 0.004558 -0.002029 -0.008137 0.000979 0.004124 0.999958
1341839114.129556 -0.013066 0.005404 -0.001288 -0.009213 0.000327 0.004195 0.999949
1341839114.161678 -0.014016 0.007134 -0.001767 -0.008170 -0.000284 0.001714 0.999965
1341839114.229673 -0.019411 0.008607 -0.000857 -0.010257 -0.000714 -0.000244 0.999947
1341839114.261690 -0.018110 0.010737 -0.001594 -0.009138 -0.000243 0.000769 0.999958
1341839114.293564 -0.019387 0.009874 -0.002707 -0.010745 0.000540 0.001080 0.999942
1341839114.329671 -0.024781 0.010016 -0.002416 -0.011592 -0.000198 0.001041 0.999932
1341839114.361622 -0.028959 0.012785 -0.001808 -0.010354 -0.000797 0.000029 0.999946
1341839114.397666 -0.030577 0.014026 -0.002657 -0.010354 -0.000631 -0.000586 0.999946
1341839114.429583 -0.035209 0.016110 -0.002708 -0.011793 0.000227 0.000505 0.999930
1341839114.461610 -0.036137 0.018741 -0.002404 -0.012428 0.000209 0.003120 0.999918
1341839114.497561 -0.035517 0.023178 -0.002129 -0.012156 0.000415 0.003404 0.999920
1341839114.529492 -0.036670 0.023865 -0.002141 -0.012350 0.000277 0.002995 0.999919
1341839114.565482 -0.039712 0.026077 -0.002757 -0.012271 0.000097 0.002549 0.999921
1341839114.597648 -0.039205 0.030383 -0.002824 -0.012912 0.000341 0.002953 0.999912
1341839114.629596 -0.037904 0.032710 -0.002315 -0.013374 0.001247 0.003574 0.999903
1341839114.665607 -0.038791 0.033986 -0.003425 -0.013642 0.001221 0.002827 0.999902
1341839114.697721 -0.039331 0.034815 -0.003398 -0.013843 0.001230 0.000386 0.999903
1341839114.730054 -0.043550 0.036252 -0.005292 -0.013006 0.003314 -0.000017 0.999910
1341839114.765560 -0.045441 0.036903 -0.008137 -0.014175 0.004069 0.001276 0.999890
1341839114.797510 -0.045568 0.038797 -0.008047 -0.014414 0.004674 0.001783 0.999884
1341839114.833570 -0.049637 0.042374 -0.012087 -0.012810 0.006192 0.002488 0.999896
1341839114.865530 -0.052378 0.040693 -0.014489 -0.014412 0.006323 0.002539 0.999873
1341839114.897742 -0.053652 0.041047 -0.015434 -0.014690 0.007011 0.002640 0.999864
1341839114.933721 -0.055671 0.042873 -0.017165 -0.013706 0.007924 0.003047 0.999870
1341839114.965565 -0.062449 0.043280 -0.021591 -0.013790 0.009033 0.004604 0.999854
1341839114.997678 -0.066851 0.046165 -0.023783 -0.014403 0.009245 0.004543 0.999843
1341839115.033675 -0.067072 0.048849 -0.024866 -0.014168 0.011279 0.004556 0.999826
1341839115.065634 -0.075140 0.047533 -0.031069 -0.014770 0.014737 0.008694 0.999745
1341839115.101577 -0.078547 0.049515 -0.034546 -0.015289 0.013951 0.010706 0.999728
1341839115.133455 -0.081078 0.054762 -0.035172 -0.014190 0.014056 0.007847 0.999770
1341839115.165699 -0.087676 0.053271 -0.039003 -0.013840 0.016249 0.007550 0.999744
1341839115.201542 -0.094064 0.052512 -0.042682 -0.014665 0.016850 0.009887 0.999702
1341839115.233600 -0.096535 0.057845 -0.043989 -0.016928 0.016086 0.010187 0.999675
1341839115.265499 -0.102046 0.058871 -0.044389 -0.016955 0.017404 0.009412 0.999660
1341839115.301699 -0.109686 0.060216 -0.049490 -0.017248 0.017924 0.009136 0.999649
1341839115.333616 -0.112761 0.061848 -0.052524 -0.020597 0.016480 0.007971 0.999620
1341839115.369483 -0.113658 0.067169 -0.052747 -0.020859 0.016611 0.006408 0.999624
1341839115.401613 -0.119132 0.067210 -0.056045 -0.020622 0.018177 0.007235 0.999596
1341839115.469819 -0.124100 0.068607 -0.058689 -0.025430 0.018516 0.007790 0.999475
1341839115.533671 -0.137523 0.071375 -0.065439 -0.025403 0.021666 0.011921 0.999371
1341839115.569633 -0.140817 0.075414 -0.065355 -0.026727 0.021666 0.010165 0.999356
1341839115.601623 -0.145488 0.077926 -0.064514 -0.024708 0.023286 0.008925 0.999384
1341839115.637954 -0.154093 0.079874 -0.068038 -0.022903 0.025935 0.010909 0.999342
1341839115.669467 -0.156765 0.080368 -0.069611 -0.024634 0.026318 0.013501 0.999259
1341839115.701635 -0.155930 0.085059 -0.069194 -0.025219 0.026508 0.013519 0.999239
1341839115.737552 -0.158404 0.084018 -0.068892 -0.023417 0.027402 0.014290 0.999248
1341839115.769579 -0.164781 0.078250 -0.069566 -0.023494 0.028110 0.014450 0.999224
1341839115.805533 -0.169856 0.075193 -0.067263 -0.026521 0.029184 0.014326 0.999119
1341839115.837641 -0.174743 0.076153 -0.065215 -0.025115 0.030938 0.016446 0.999070
1341839115.869594 -0.178885 0.074469 -0.066501 -0.025474 0.031960 0.018723 0.998989
1341839115.905464 -0.185732 0.072759 -0.065083 -0.028325 0.033281 0.020020 0.998844
1341839115.937926 -0.186481 0.076593 -0.064605 -0.027324 0.034363 0.021387 0.998807
1341839115.976772 -0.196618 0.081009 -0.068305 -0.024243 0.038090 0.024106 0.998689
1341839116.037844 -0.212826 0.073121 -0.070191 -0.029401 0.042520 0.030005 0.998212
1341839116.073614 -0.219086 0.073539 -0.069030 -0.027256 0.043781 0.030394 0.998207
1341839116.105551 -0.230367 0.073535 -0.072360 -0.025489 0.046406 0.030868 0.998120
1341839116.137629 -0.239455 0.070346 -0.073681 -0.027313 0.048001 0.032349 0.997950
1341839116.173741 -0.244294 0.071884 -0.072231 -0.026749 0.048791 0.032997 0.997905
1341839116.205705 -0.251899 0.075476 -0.073607 -0.023856 0.051559 0.032979 0.997840
1341839116.237744 -0.262907 0.074948 -0.077148 -0.024004 0.054606 0.034545 0.997621
1341839116.273644 -0.269195 0.076366 -0.077710 -0.024208 0.055874 0.036849 0.997464
1341839116.305590 -0.269507 0.078972 -0.078371 -0.024470 0.057184 0.037443 0.997361
1341839116.341693 -0.280078 0.077639 -0.077259 -0.024763 0.061339 0.039438 0.997030
1341839116.374159 -0.293499 0.079406 -0.080869 -0.024110 0.064249 0.043830 0.996679
1341839116.405626 -0.297100 0.081178 -0.080614 -0.024179 0.064682 0.046509 0.996528
1341839116.441448 -0.303653 0.081550 -0.079845 -0.023412 0.066543 0.048461 0.996331
1341839116.473792 -0.313872 0.081512 -0.081141 -0.022608 0.067516 0.050319 0.996192
1341839116.505559 -0.317339 0.083054 -0.081050 -0.021696 0.067098 0.050020 0.996256
1341839116.541530 -0.322056 0.081906 -0.083101 -0.022737 0.068279 0.051940 0.996054
1341839116.573449 -0.327536 0.081444 -0.083092 -0.024452 0.068131 0.053317 0.995951
1341839116.609629 -0.328697 0.081590 -0.081743 -0.023901 0.067255 0.050455 0.996173
1341839116.642092 -0.336394 0.082617 -0.083285 -0.022765 0.069042 0.048108 0.996193
1341839116.673494 -0.344192 0.080143 -0.086336 -0.024135 0.069842 0.049100 0.996057
1341839116.709491 -0.345958 0.080099 -0.085675 -0.025767 0.068805 0.047564 0.996162
1341839116.741798 -0.347107 0.079156 -0.084216 -0.025581 0.069610 0.043577 0.996294
1341839116.777780 -0.359848 0.078403 -0.086447 -0.025032 0.071689 0.041584 0.996245
1341839116.809493 -0.364977 0.079999 -0.089408 -0.026027 0.070548 0.041194 0.996318
1341839116.841577 -0.363666 0.080294 -0.088284 -0.027012 0.069981 0.039124 0.996415
1341839116.877541 -0.368430 0.078620 -0.088284 -0.025111 0.071446 0.038048 0.996402
1341839116.909607 -0.374921 0.073935 -0.090583 -0.025027 0.072556 0.038595 0.996303
1341839116.941574 -0.378948 0.075822 -0.092291 -0.027211 0.072977 0.038573 0.996216
1341839116.977669 -0.381873 0.081016 -0.091824 -0.027119 0.073399 0.037752 0.996219
1341839117.009692 -0.391041 0.090166 -0.095769 -0.023017 0.074568 0.035496 0.996318
1341839117.045446 -0.395903 0.086549 -0.096587 -0.024202 0.075100 0.034016 0.996302
1341839117.077581 -0.397723 0.089943 -0.096605 -0.025721 0.075892 0.033964 0.996205
1341839117.109633 -0.403562 0.093819 -0.096910 -0.024181 0.077769 0.034913 0.996066
1341839117.145451 -0.409067 0.096511 -0.100447 -0.023397 0.079599 0.034084 0.995969
1341839117.177591 -0.422216 0.096472 -0.103048 -0.023809 0.082331 0.034294 0.995730
1341839117.209585 -0.429162 0.095022 -0.102136 -0.023808 0.082705 0.035060 0.995673
1341839117.245753 -0.434390 0.101601 -0.104312 -0.020743 0.084433 0.035238 0.995590
1341839117.278976 -0.447994 0.101304 -0.109614 -0.020903 0.087981 0.037052 0.995213
1341839117.313580 -0.460985 0.100967 -0.111142 -0.020855 0.089501 0.039739 0.994975
1341839117.345623 -0.470506 0.105285 -0.115546 -0.019834 0.090942 0.041398 0.994798
1341839117.377641 -0.482780 0.103546 -0.120720 -0.022309 0.092492 0.041890 0.994582
1341839117.413568 -0.493917 0.103690 -0.120772 -0.023478 0.093094 0.041727 0.994505
1341839117.445717 -0.507859 0.107920 -0.124450 -0.023674 0.094856 0.042722 0.994292
1341839117.477601 -0.516944 0.106264 -0.127729 -0.028123 0.096195 0.043914 0.993996
1341839117.513635 -0.526533 0.114412 -0.127671 -0.027609 0.097807 0.045960 0.993760
1341839117.545603 -0.540499 0.120130 -0.134269 -0.026659 0.099145 0.047516 0.993580
1341839117.581707 -0.551915 0.118361 -0.136424 -0.029106 0.099716 0.047796 0.993441
1341839117.613653 -0.561056 0.119693 -0.136911 -0.029414 0.100290 0.048666 0.993332
1341839117.645887 -0.575195 0.123082 -0.140302 -0.028979 0.102004 0.050108 0.993098
1341839117.681569 -0.587644 0.123346 -0.144501 -0.030345 0.102690 0.050790 0.992952
1341839117.713639 -0.594624 0.123480 -0.143863 -0.031310 0.101928 0.048998 0.993091
1341839117.745712 -0.606609 0.125762 -0.143693 -0.029780 0.103065 0.047783 0.993080
1341839117.781725 -0.620750 0.126010 -0.146490 -0.029420 0.104964 0.048551 0.992854
1341839117.813499 -0.630855 0.124630 -0.150386 -0.032509 0.105943 0.050979 0.992532
1341839117.849617 -0.641186 0.127389 -0.148059 -0.033402 0.105988 0.052233 0.992433
1341839117.881610 -0.652108 0.132574 -0.149519 -0.030756 0.105748 0.049987 0.992659
1341839117.913581 -0.664039 0.128853 -0.152634 -0.031904 0.105462 0.048268 0.992739
1341839117.949521 -0.670654 0.126154 -0.152915 -0.035575 0.104529 0.047544 0.992748
1341839117.981586 -0.678392 0.131548 -0.152583 -0.035230 0.104544 0.048553 0.992709
1341839118.017504 -0.682621 0.132588 -0.155231 -0.036906 0.104059 0.047460 0.992752
1341839118.049478 -0.687620 0.132067 -0.153607 -0.038062 0.104540 0.045551 0.992748
1341839118.081566 -0.701179 0.134243 -0.153264 -0.037033 0.106134 0.045705 0.992610
1341839118.117532 -0.708041 0.131946 -0.154467 -0.038743 0.106148 0.046611 0.992501
1341839118.149476 -0.711680 0.132170 -0.151934 -0.038885 0.105898 0.046486 0.992528
1341839118.182394 -0.717503 0.135380 -0.152358 -0.036314 0.105918 0.045499 0.992669
1341839118.217697 -0.725317 0.133521 -0.153142 -0.036941 0.106756 0.044525 0.992601
1341839118.249595 -0.730015 0.131241 -0.150653 -0.037527 0.107983 0.045567 0.992399
1341839118.285581 -0.734487 0.131274 -0.148463 -0.035555 0.108336 0.046704 0.992380
1341839118.317574 -0.739782 0.129901 -0.147656 -0.034502 0.108954 0.046575 0.992356
1341839118.349685 -0.744070 0.126964 -0.145518 -0.033734 0.109476 0.046816 0.992313
1341839118.385618 -0.751615 0.128703 -0.144623 -0.031487 0.110427 0.047976 0.992226
1341839118.417611 -0.758619 0.128977 -0.144890 -0.031184 0.111036 0.049788 0.992078
1341839118.449697 -0.762029 0.125735 -0.142683 -0.031892 0.110860 0.050782 0.992025
1341839118.485493 -0.767894 0.126005 -0.139641 -0.030885 0.111477 0.049685 0.992044
1341839118.517623 -0.775416 0.128376 -0.138403 -0.029155 0.112526 0.049661 0.991979
1341839118.554050 -0.783563 0.127939 -0.139261 -0.030168 0.113179 0.051009 0.991806
1341839118.585668 -0.786272 0.123089 -0.134552 -0.033218 0.111836 0.051687 0.991825
1341839118.617700 -0.790869 0.127572 -0.129377 -0.030903 0.112421 0.049585 0.991941
1341839118.653714 -0.800178 0.122936 -0.128651 -0.031113 0.113481 0.049574 0.991815
1341839118.717504 -0.808781 0.120818 -0.120017 -0.035174 0.114055 0.051362 0.991522
1341839118.753742 -0.818227 0.127395 -0.121445 -0.031796 0.115598 0.050965 0.991478
1341839118.785566 -0.824812 0.121787 -0.121816 -0.033844 0.116741 0.052135 0.991215
1341839118.821695 -0.834204 0.120310 -0.119885 -0.036628 0.117356 0.055232 0.990876
1341839118.853833 -0.835472 0.121734 -0.117051 -0.037171 0.117054 0.054413 0.990937
1341839118.921740 -0.865110 0.122504 -0.116136 -0.034751 0.121222 0.052934 0.990604
1341839118.953665 -0.864534 0.120117 -0.114865 -0.036647 0.120703 0.054027 0.990540
1341839118.989622 -0.870631 0.121377 -0.110975 -0.035503 0.122869 0.055153 0.990253
1341839119.021687 -0.882477 0.126095 -0.111605 -0.032692 0.124978 0.055583 0.990062
1341839119.054550 -0.887706 0.126061 -0.113239 -0.032981 0.126196 0.056565 0.989842
1341839119.089581 -0.899156 0.124822 -0.113049 -0.034477 0.128636 0.059673 0.989294
1341839119.121679 -0.903987 0.123545 -0.111946 -0.035723 0.128758 0.061973 0.989093
1341839119.153810 -0.907161 0.123733 -0.110950 -0.035465 0.129037 0.061309 0.989107
1341839119.190466 -0.919978 0.122398 -0.111112 -0.035887 0.130788 0.061211 0.988868
1341839119.221601 -0.926062 0.123624 -0.112602 -0.037486 0.131042 0.062336 0.988705
1341839119.257728 -0.930188 0.121099 -0.108976 -0.039219 0.132448 0.063639 0.988367
1341839119.289455 -0.939013 0.122125 -0.106595 -0.038460 0.134447 0.063723 0.988121
1341839119.321569 -0.947862 0.121228 -0.105481 -0.038284 0.135525 0.065277 0.987880
1341839119.357502 -0.955093 0.120471 -0.102922 -0.037379 0.136396 0.068183 0.987598
1341839119.389594 -0.961392 0.122464 -0.103650 -0.036786 0.136798 0.069641 0.987463
1341839119.421517 -0.971167 0.118688 -0.101049 -0.038193 0.137229 0.069393 0.987367
1341839119.457571 -0.976282 0.121555 -0.099448 -0.037001 0.135555 0.068491 0.987707
1341839119.489537 -0.978647 0.123465 -0.099804 -0.037069 0.135524 0.068147 0.987732
1341839119.525734 -0.986628 0.123102 -0.100224 -0.038269 0.137226 0.069757 0.987339
1341839119.557461 -0.993259 0.123983 -0.102350 -0.040395 0.136879 0.071482 0.987179
1341839119.589618 -0.990079 0.123671 -0.100121 -0.042842 0.135374 0.069219 0.987445
1341839119.625979 -0.995584 0.130231 -0.096999 -0.040591 0.136319 0.065903 0.987637
1341839119.657625 -1.004432 0.125609 -0.097954 -0.040874 0.137181 0.065379 0.987540
1341839119.689899 -1.006549 0.122167 -0.099712 -0.044219 0.136361 0.066193 0.987456
1341839119.725735 -1.008813 0.132428 -0.097697 -0.043249 0.136246 0.063596 0.987685
1341839119.757807 -1.017443 0.138140 -0.098877 -0.040681 0.137581 0.061431 0.987746
1341839119.793744 -1.021890 0.132543 -0.100348 -0.042827 0.137217 0.061091 0.987727
1341839119.825500 -1.020739 0.134246 -0.097833 -0.043597 0.135970 0.060270 0.987916
1341839119.857554 -1.024639 0.137499 -0.094761 -0.041027 0.137371 0.060233 0.987835
1341839119.893748 -1.034043 0.135751 -0.097388 -0.040258 0.139300 0.061790 0.987500
1341839119.925601 -1.037303 0.131601 -0.099972 -0.043033 0.139052 0.063717 0.987296
1341839119.957678 -1.040147 0.137797 -0.097531 -0.042618 0.139963 0.063179 0.987219
1341839119.993679 -1.052016 0.141212 -0.095610 -0.039274 0.141584 0.063598 0.987100
1341839120.025666 -1.056236 0.138287 -0.097141 -0.039220 0.141214 0.063337 0.987172
1341839120.061576 -1.065595 0.139002 -0.095578 -0.038521 0.143197 0.064050 0.986868
1341839120.093515 -1.072318 0.138147 -0.093905 -0.038398 0.145017 0.066799 0.986425
1341839120.125657 -1.077008 0.138096 -0.093288 -0.037869 0.146277 0.069905 0.986044
1341839120.161703 -1.081629 0.135177 -0.090837 -0.037500 0.147130 0.070908 0.985859
1341839120.193590 -1.089444 0.135866 -0.088291 -0.034715 0.148448 0.071021 0.985755
1341839120.229713 -1.097409 0.136638 -0.088732 -0.032306 0.150520 0.072781 0.985395
1341839120.261506 -1.109257 0.134834 -0.090218 -0.032589 0.154158 0.076988 0.984503
1341839120.293457 -1.117515 0.132343 -0.088287 -0.032807 0.155627 0.081089 0.983935
1341839120.329588 -1.121921 0.137559 -0.088017 -0.030573 0.156129 0.080745 0.983956
1341839120.361629 -1.135806 0.135858 -0.089728 -0.031137 0.158642 0.080873 0.983526
1341839120.393790 -1.148919 0.132601 -0.090363 -0.033514 0.159543 0.083388 0.983092
1341839120.429559 -1.152190 0.135136 -0.089703 -0.034416 0.159151 0.084575 0.983023
1341839120.461550 -1.161516 0.133180 -0.088027 -0.035778 0.160258 0.084638 0.982789
1341839120.497665 -1.173946 0.130276 -0.085673 -0.036385 0.160848 0.084889 0.982648
1341839120.561630 -1.188291 0.131300 -0.087444 -0.037799 0.162069 0.087188 0.982193
1341839120.597681 -1.197910 0.131339 -0.085740 -0.038118 0.163529 0.089094 0.981768
1341839120.629503 -1.204702 0.134314 -0.086872 -0.037961 0.163304 0.089374 0.981786
1341839120.661993 -1.208376 0.137770 -0.088545 -0.038671 0.163445 0.088882 0.981779
1341839120.697745 -1.216748 0.136350 -0.089122 -0.040694 0.165107 0.089619 0.981352
1341839120.729566 -1.227785 0.137821 -0.087874 -0.041330 0.166252 0.090155 0.981083
1341839120.765550 -1.230889 0.138544 -0.087159 -0.042532 0.166222 0.089031 0.981139
1341839120.797761 -1.238720 0.139213 -0.083433 -0.041954 0.167766 0.087820 0.981011
1341839120.829557 -1.248512 0.142585 -0.084625 -0.040891 0.168976 0.087875 0.980843
1341839120.865525 -1.252306 0.141292 -0.084963 -0.041979 0.170366 0.089404 0.980418
1341839120.897669 -1.257800 0.139899 -0.082042 -0.041695 0.172505 0.091157 0.979895
1341839120.929785 -1.267728 0.139887 -0.080775 -0.039663 0.173734 0.091928 0.979690
1341839120.965555 -1.276682 0.139023 -0.080073 -0.038027 0.173779 0.090855 0.979847
1341839120.997581 -1.284039 0.139027 -0.078661 -0.036630 0.174079 0.090205 0.979907
1341839121.033744 -1.296971 0.137322 -0.075656 -0.035832 0.175266 0.091817 0.979575
1341839121.065604 -1.301921 0.132944 -0.072789 -0.035497 0.174523 0.094028 0.979510
1341839121.097656 -1.306886 0.134399 -0.071261 -0.033593 0.174233 0.094037 0.979628
1341839121.133691 -1.322741 0.133610 -0.068881 -0.033124 0.174742 0.093794 0.979577
1341839121.165530 -1.329996 0.132873 -0.063482 -0.032420 0.172724 0.093964 0.979942
1341839121.201575 -1.333536 0.133825 -0.062023 -0.031147 0.171444 0.092826 0.980316
1341839121.233546 -1.344438 0.131010 -0.058626 -0.030892 0.171671 0.093071 0.980261
1341839121.265498 -1.352745 0.129392 -0.057758 -0.030981 0.170046 0.094129 0.980441
1341839121.301532 -1.353147 0.127184 -0.056125 -0.031688 0.168000 0.094013 0.980782
1341839121.333608 -1.357590 0.125341 -0.051945 -0.031056 0.167361 0.092503 0.981055
1341839121.365570 -1.367111 0.126963 -0.049864 -0.029659 0.167908 0.091057 0.981140
1341839121.401586 -1.373743 0.123499 -0.045649 -0.029062 0.168424 0.092141 0.980968
1341839121.433568 -1.377227 0.125979 -0.046336 -0.027255 0.167917 0.092662 0.981058
1341839121.470470 -1.380677 0.118245 -0.044907 -0.029641 0.167935 0.091914 0.981056
1341839121.501558 -1.383484 0.119908 -0.042048 -0.028619 0.167954 0.088909 0.981360
1341839121.533669 -1.391503 0.119928 -0.038953 -0.023887 0.169186 0.087128 0.981435
1341839121.569551 -1.397809 0.112797 -0.038064 -0.023707 0.170129 0.087456 0.981247
1341839121.601594 -1.400425 0.109512 -0.033456 -0.021916 0.169990 0.087103 0.981344
1341839121.633518 -1.404913 0.108578 -0.031703 -0.019250 0.170626 0.086928 0.981305
1341839121.676759 -1.407715 0.100531 -0.030863 -0.020139 0.170881 0.087234 0.981216
1341839121.737794 -1.419124 0.095008 -0.021072 -0.015067 0.169733 0.086114 0.981605
1341839121.769806 -1.420864 0.090460 -0.018466 -0.014187 0.168507 0.082805 0.982114
1341839121.801610 -1.432777 0.088125 -0.012957 -0.012751 0.169757 0.080590 0.982102
1341839121.837558 -1.439288 0.083625 -0.010494 -0.012818 0.168953 0.080729 0.982229
1341839121.869640 -1.439873 0.078673 -0.004810 -0.012780 0.168424 0.079644 0.982409
1341839121.901603 -1.450085 0.078782 0.000446 -0.010297 0.168752 0.078989 0.982434
1341839121.937642 -1.455784 0.075824 0.003123 -0.009590 0.167890 0.078238 0.982649
1341839121.969593 -1.459058 0.075763 0.004516 -0.008964 0.168259 0.078438 0.982576
1341839122.005447 -1.468630 0.072782 0.006469 -0.009266 0.169487 0.081100 0.982146
1341839122.037577 -1.473668 0.070032 0.008167 -0.010182 0.168293 0.082022 0.982266
1341839122.069508 -1.475875 0.067094 0.011518 -0.011119 0.167302 0.079798 0.982608
1341839122.105677 -1.482340 0.066400 0.015369 -0.010408 0.167788 0.078433 0.982643
1341839122.137560 -1.491524 0.068065 0.017552 -0.009522 0.168565 0.078333 0.982527
1341839122.169506 -1.494126 0.069295 0.016516 -0.010915 0.168321 0.078742 0.982521
1341839122.205699 -1.499149 0.066997 0.022559 -0.012274 0.169788 0.078347 0.982285
1341839122.237714 -1.504381 0.068339 0.025889 -0.010525 0.170615 0.078163 0.982176
1341839122.273692 -1.509541 0.068352 0.026171 -0.010055 0.171893 0.078378 0.981941
1341839122.305536 -1.515952 0.064181 0.029099 -0.011538 0.173966 0.079529 0.981467
1341839122.337539 -1.525727 0.061717 0.034989 -0.011495 0.175815 0.081472 0.980979
1341839122.373595 -1.529509 0.059275 0.035887 -0.012306 0.175614 0.081922 0.980967
1341839122.405534 -1.531618 0.058856 0.039635 -0.011943 0.176087 0.081257 0.980942
1341839122.441566 -1.542762 0.060217 0.045710 -0.009046 0.177966 0.081524 0.980612
1341839122.476666 -1.552024 0.056280 0.047420 -0.008720 0.178530 0.083551 0.980342
1341839122.541642 -1.562036 0.054662 0.058037 -0.005660 0.178880 0.085706 0.980115
1341839122.605781 -1.579951 0.045450 0.063923 -0.003763 0.179843 0.087261 0.979810
1341839122.641573 -1.586703 0.040360 0.068573 -0.004315 0.180002 0.089386 0.979587
1341839122.673585 -1.591830 0.042275 0.073302 -0.002218 0.178966 0.089209 0.979800
1341839122.709612 -1.598955 0.042488 0.076953 -0.001087 0.178247 0.087098 0.980123
1341839122.744481 -1.607293 0.042501 0.080169 -0.000543 0.177653 0.085199 0.980398
1341839122.809572 -1.614517 0.034053 0.082838 -0.004980 0.176785 0.088522 0.980248
1341839122.841637 -1.613843 0.041454 0.085909 -0.005342 0.175746 0.087049 0.980565
1341839122.873612 -1.617653 0.046741 0.089568 -0.003954 0.176410 0.083197 0.980787
1341839122.909624 -1.623752 0.045612 0.090095 -0.004376 0.177048 0.083409 0.980652
1341839122.941543 -1.624761 0.040546 0.090502 -0.006775 0.175935 0.085215 0.980683
1341839122.977575 -1.623665 0.046007 0.093170 -0.005903 0.175648 0.083895 0.980854
1341839123.009572 -1.629168 0.050977 0.097498 -0.002146 0.176841 0.081864 0.980827
1341839123.041702 -1.633884 0.043059 0.096910 -0.002962 0.177193 0.082781 0.980684
1341839123.077583 -1.635960 0.040209 0.094683 -0.006210 0.177017 0.085630 0.980456
1341839123.109751 -1.637197 0.049646 0.099544 -0.005843 0.177294 0.085234 0.980443
1341839123.141926 -1.642702 0.057420 0.103649 -0.002220 0.178637 0.083184 0.980390
1341839123.177759 -1.644292 0.049023 0.101761 -0.003825 0.179053 0.084356 0.980209
1341839123.209570 -1.646741 0.045217 0.102817 -0.008260 0.180047 0.087957 0.979683
1341839123.245725 -1.645557 0.049749 0.105086 -0.009030 0.180659 0.089930 0.979384
1341839123.277647 -1.643166 0.051237 0.107877 -0.008831 0.181726 0.087927 0.979370
1341839123.309620 -1.654063 0.053672 0.109588 -0.007594 0.184719 0.086697 0.978931
1341839123.345630 -1.657760 0.053499 0.109915 -0.007653 0.185689 0.089664 0.978479
1341839123.378204 -1.652734 0.052150 0.108454 -0.008040 0.186258 0.092055 0.978146
1341839123.413605 -1.655618 0.049983 0.109618 -0.008006 0.188853 0.091891 0.977664
1341839123.445605 -1.663010 0.048876 0.110010 -0.007664 0.190080 0.090966 0.977515
1341839123.477524 -1.663710 0.048022 0.110788 -0.007789 0.190573 0.089711 0.977534
1341839123.513569 -1.661308 0.048511 0.110821 -0.007234 0.191816 0.088441 0.977411
1341839123.545681 -1.671813 0.045963 0.113998 -0.007017 0.195798 0.089546 0.976522
1341839123.577643 -1.674725 0.042507 0.116069 -0.007032 0.196741 0.090244 0.976268
1341839123.613598 -1.673506 0.044873 0.116864 -0.004872 0.197417 0.087614 0.976384
1341839123.645669 -1.682097 0.040960 0.116236 -0.005227 0.199813 0.086361 0.976007
1341839123.681751 -1.689384 0.035823 0.120809 -0.006245 0.201221 0.087237 0.975634
1341839123.713662 -1.692314 0.037808 0.122445 -0.004591 0.202121 0.087844 0.975402
1341839123.745702 -1.694615 0.032812 0.122927 -0.005042 0.203288 0.087262 0.975210
1341839123.781632 -1.706545 0.030831 0.128098 -0.003966 0.205855 0.086468 0.974747
1341839123.813710 -1.720322 0.031472 0.131009 -0.002205 0.207334 0.086927 0.974398
1341839123.845656 -1.728769 0.025032 0.130031 -0.004895 0.206959 0.088445 0.974331
1341839123.881576 -1.731533 0.024102 0.132701 -0.007243 0.206886 0.086929 0.974468
1341839123.913827 -1.741257 0.026340 0.136286 -0.007619 0.208173 0.085049 0.974357
1341839123.949667 -1.756440 0.026950 0.139331 -0.008660 0.209022 0.084936 0.974177
1341839123.981668 -1.764929 0.020202 0.145091 -0.011681 0.207621 0.084892 0.974449
1341839124.013726 -1.773143 0.020386 0.150105 -0.011039 0.206466 0.083870 0.974790
1341839124.049634 -1.785357 0.020953 0.153003 -0.010045 0.205850 0.083687 0.974947
1341839124.081682 -1.798082 0.019363 0.156391 -0.010239 0.204923 0.084439 0.975075
1341839124.113596 -1.806623 0.017871 0.158738 -0.010731 0.203428 0.084278 0.975397
1341839124.149548 -1.811922 0.016117 0.162612 -0.010965 0.202497 0.082535 0.975737
1341839124.181547 -1.822954 0.019760 0.163924 -0.009202 0.202280 0.081877 0.975856
1341839124.217783 -1.831718 0.018435 0.161536 -0.010827 0.201259 0.082100 0.976031
1341839124.256572 -1.837770 0.016969 0.165874 -0.012142 0.201258 0.081176 0.976093
1341839124.317542 -1.858323 0.020302 0.166421 -0.009383 0.201991 0.082338 0.975875
1341839124.349622 -1.868119 0.021343 0.169271 -0.009253 0.202896 0.084005 0.975546
1341839124.417782 -1.875677 0.019982 0.169106 -0.010727 0.202836 0.086884 0.975292
1341839124.449587 -1.886210 0.022431 0.173112 -0.008703 0.204669 0.086315 0.974979
1341839124.485711 -1.896825 0.015439 0.172369 -0.010023 0.205327 0.087229 0.974747
1341839124.549607 -1.908126 0.015517 0.174442 -0.011861 0.208585 0.089463 0.973832
1341839124.585623 -1.914047 0.017187 0.173616 -0.011707 0.209066 0.089965 0.973684
1341839124.617614 -1.916466 0.015367 0.172096 -0.013297 0.209036 0.089483 0.973714
1341839124.653561 -1.920844 0.016898 0.175735 -0.012433 0.210456 0.089381 0.973429
1341839124.685611 -1.929062 0.014387 0.174736 -0.012410 0.211581 0.091271 0.973010
1341839124.717580 -1.930772 0.009775 0.173616 -0.015726 0.211888 0.091604 0.972864
1341839124.753621 -1.933052 0.015688 0.178466 -0.014332 0.212512 0.090129 0.972887
1341839124.785678 -1.941532 0.017141 0.179638 -0.012894 0.213410 0.090399 0.972686
1341839124.817558 -1.941045 0.013421 0.175113 -0.014700 0.213167 0.091775 0.972585
1341839124.885712 -1.954830 0.021949 0.182777 -0.012104 0.218194 0.090607 0.971615
1341839124.921721 -1.960991 0.015399 0.180907 -0.011982 0.216297 0.091955 0.971914
1341839124.953580 -1.947200 0.013859 0.175447 -0.013653 0.214193 0.089267 0.972608
1341839124.985862 -1.961390 0.017553 0.184033 -0.011243 0.219422 0.087014 0.971677
1341839125.021660 -1.978862 0.011656 0.187241 -0.009485 0.221728 0.090421 0.970861
1341839125.053606 -1.977790 0.003064 0.183497 -0.011651 0.219739 0.093837 0.970965
1341839125.086082 -1.976905 0.008298 0.185699 -0.012013 0.220391 0.091002 0.971083
1341839125.121616 -1.992700 0.007742 0.193953 -0.010492 0.223644 0.087372 0.970690
1341839125.153540 -2.002126 -0.005619 0.197740 -0.011026 0.222779 0.088736 0.970759
1341839125.189545 -1.975124 0.000871 0.184788 -0.014280 0.216528 0.086993 0.972288
1341839125.221519 -1.970566 0.011527 0.181628 -0.015832 0.217516 0.080587 0.972595
1341839125.253620 -1.981584 0.015942 0.182007 -0.012543 0.221273 0.079189 0.971910
1341839125.289646 -1.988287 0.006137 0.179949 -0.015618 0.222311 0.081147 0.971467
1341839125.321651 -1.990340 0.011540 0.184004 -0.016231 0.222598 0.078099 0.971641
1341839125.353612 -1.986193 0.010289 0.182538 -0.015779 0.223061 0.073854 0.971875
1341839125.389732 -1.984996 -0.002250 0.179583 -0.017188 0.224813 0.075405 0.971328
1341839125.421568 -1.984272 -0.007720 0.180683 -0.021743 0.228519 0.076666 0.970273
1341839125.457605 -1.984667 -0.009807 0.187298 -0.022462 0.231222 0.077304 0.969565
1341839125.489491 -1.984421 -0.008618 0.189564 -0.021052 0.233900 0.076973 0.968980
1341839125.521521 -1.992130 -0.012566 0.188912 -0.021076 0.236451 0.079001 0.968197
1341839125.557578 -1.990433 -0.019931 0.188645 -0.024477 0.235649 0.080504 0.968189
1341839125.596685 -1.989703 -0.011503 0.192321 -0.023093 0.236827 0.078646 0.968088
1341839125.657655 -1.998757 -0.017358 0.193772 -0.023515 0.240315 0.081629 0.966971
1341839125.689599 -1.996461 -0.022943 0.195026 -0.026895 0.239665 0.084068 0.966835
1341839125.725674 -1.997525 -0.012495 0.199779 -0.025529 0.239987 0.082297 0.966945
1341839125.757650 -2.012579 -0.009860 0.208316 -0.022431 0.241226 0.081349 0.966793
1341839125.789697 -2.017112 -0.019672 0.209085 -0.024841 0.240582 0.083284 0.966730
1341839125.825554 -2.018809 -0.023628 0.217015 -0.027779 0.242422 0.086474 0.965910
1341839125.857601 -2.023328 -0.020833 0.225881 -0.027119 0.243349 0.088610 0.965502
1341839125.893542 -2.022811 -0.022225 0.228659 -0.026886 0.241755 0.087877 0.965976
1341839125.925748 -2.029534 -0.022730 0.236446 -0.025817 0.242460 0.085140 0.966073
1341839125.957565 -2.038843 -0.026457 0.241156 -0.025150 0.242821 0.086777 0.965855
1341839125.993528 -2.040202 -0.032543 0.242336 -0.026956 0.240842 0.090462 0.965963
1341839126.025584 -2.035615 -0.030221 0.247286 -0.026974 0.239820 0.090053 0.966255
1341839126.057677 -2.046569 -0.028560 0.258097 -0.024169 0.241178 0.089168 0.966074
1341839126.093586 -2.057537 -0.036245 0.261780 -0.025007 0.240608 0.089996 0.966118
1341839126.125584 -2.048110 -0.040953 0.266793 -0.027011 0.238800 0.089439 0.966564
1341839126.161675 -2.052884 -0.035105 0.274476 -0.023455 0.239998 0.088555 0.966441
1341839126.193566 -2.060939 -0.042348 0.277030 -0.023288 0.240496 0.091014 0.966093
1341839126.225494 -2.056824 -0.047622 0.279793 -0.024656 0.240745 0.091871 0.965916
1341839126.262252 -2.066629 -0.046089 0.290273 -0.022440 0.244702 0.093957 0.964774
1341839126.293564 -2.073927 -0.051921 0.296604 -0.022055 0.245953 0.097255 0.964138
1341839126.325643 -2.077940 -0.054090 0.300660 -0.021788 0.245263 0.097124 0.964333
1341839126.361562 -2.080386 -0.056585 0.305240 -0.022298 0.244740 0.094257 0.964739
1341839126.393475 -2.082276 -0.055069 0.306186 -0.022224 0.245210 0.092092 0.964830
1341839126.429534 -2.089884 -0.058394 0.310171 -0.023896 0.247936 0.093267 0.963980
1341839126.461585 -2.100361 -0.064423 0.320693 -0.025639 0.249576 0.096754 0.963168
1341839126.493573 -2.102125 -0.060979 0.326135 -0.024699 0.249352 0.096737 0.963253
1341839126.529589 -2.104020 -0.058834 0.330584 -0.022246 0.251098 0.092514 0.963274
1341839126.561488 -2.110965 -0.062597 0.334042 -0.021015 0.252951 0.092742 0.962794
1341839126.593549 -2.112273 -0.065003 0.332853 -0.021614 0.253330 0.096750 0.962287
1341839126.629751 -2.108477 -0.066419 0.336017 -0.022881 0.254445 0.098548 0.961781
1341839126.661503 -2.110707 -0.062791 0.341335 -0.020346 0.256832 0.096836 0.961377
1341839126.697561 -2.115900 -0.071445 0.342013 -0.019476 0.258591 0.097542 0.960852
1341839126.729517 -2.114011 -0.077565 0.341028 -0.021888 0.260167 0.098945 0.960231
1341839126.761554 -2.114118 -0.071920 0.345945 -0.019714 0.262964 0.098106 0.959602
1341839126.797734 -2.121789 -0.074077 0.347206 -0.017618 0.265830 0.097186 0.958947
1341839126.829608 -2.118782 -0.076833 0.345270 -0.018601 0.267615 0.096202 0.958531
1341839126.865650 -2.129302 -0.079021 0.353451 -0.018104 0.272850 0.097655 0.956916
1341839126.897640 -2.129893 -0.083220 0.356528 -0.018117 0.274406 0.098773 0.956356
1341839126.929680 -2.130552 -0.081988 0.360960 -0.015177 0.276959 0.098609 0.955688
1341839126.965564 -2.136558 -0.090125 0.362230 -0.015402 0.278542 0.099545 0.955127
1341839126.997665 -2.135912 -0.099422 0.364859 -0.019797 0.277947 0.100252 0.955146
1341839127.029597 -2.137422 -0.093488 0.367098 -0.018899 0.278178 0.098873 0.955240
1341839127.065594 -2.142712 -0.098441 0.369870 -0.015916 0.278645 0.096537 0.955398
1341839127.097689 -2.141084 -0.103141 0.367942 -0.015255 0.279045 0.094256 0.955519
1341839127.133571 -2.145147 -0.105325 0.367590 -0.014366 0.281650 0.095186 0.954676
1341839127.165684 -2.143855 -0.111656 0.368471 -0.014662 0.283775 0.098427 0.953713
1341839127.197636 -2.144577 -0.113608 0.371135 -0.013645 0.286176 0.098816 0.952970
1341839127.233596 -2.145172 -0.118516 0.375192 -0.012697 0.288484 0.097098 0.952464
1341839127.265755 -2.153631 -0.119118 0.377926 -0.009956 0.291600 0.096737 0.951584
1341839127.297673 -2.156027 -0.125443 0.375676 -0.011207 0.293681 0.098698 0.950729
1341839127.333679 -2.156066 -0.125932 0.377409 -0.012095 0.296078 0.098727 0.949971
1341839127.372174 -2.159577 -0.130378 0.383143 -0.013357 0.299405 0.096932 0.949095
1341839127.401871 -2.167371 -0.128407 0.389945 -0.010741 0.302729 0.096140 0.948154
1341839127.434153 -2.173893 -0.135419 0.390819 -0.011474 0.304985 0.097376 0.947296
1341839127.465725 -2.179995 -0.140041 0.398165 -0.012221 0.309162 0.099213 0.945741
1341839127.502087 -2.188213 -0.138175 0.400914 -0.010342 0.311527 0.101343 0.944761
1341839127.533614 -2.192027 -0.143578 0.399982 -0.012811 0.313296 0.102104 0.944064
1341839127.565666 -2.204620 -0.148226 0.409098 -0.016533 0.319501 0.104211 0.941693
1341839127.601497 -2.207789 -0.143829 0.418109 -0.015570 0.321987 0.107341 0.940510
1341839127.633641 -2.207536 -0.142731 0.420773 -0.012770 0.321807 0.109095 0.940413
1341839127.669721 -2.212070 -0.143061 0.424981 -0.010810 0.322719 0.107990 0.940252
1341839127.701590 -2.225672 -0.145808 0.433724 -0.009507 0.324217 0.108269 0.939718
1341839127.733628 -2.231456 -0.149389 0.437006 -0.009650 0.323988 0.110559 0.939529
1341839127.769756 -2.231247 -0.151579 0.438751 -0.010446 0.323405 0.110712 0.939704
1341839127.801629 -2.234162 -0.153130 0.444126 -0.010554 0.323984 0.108309 0.939783
1341839127.837525 -2.239156 -0.152339 0.449023 -0.008489 0.324950 0.107603 0.939552
1341839127.869904 -2.242825 -0.155177 0.448980 -0.008051 0.326326 0.109791 0.938825
1341839127.901787 -2.246213 -0.161070 0.455811 -0.008746 0.328049 0.112846 0.937856
1341839127.937458 -2.244294 -0.159795 0.457403 -0.007169 0.328496 0.112645 0.937737
1341839127.970000 -2.248989 -0.160817 0.462740 -0.005865 0.331281 0.112775 0.936750
1341839128.001556 -2.259357 -0.166357 0.472017 -0.005219 0.333202 0.114379 0.935877
1341839128.037646 -2.258915 -0.173177 0.473798 -0.005379 0.331855 0.115304 0.936241
1341839128.069528 -2.259327 -0.173882 0.473893 -0.005451 0.331563 0.113153 0.936607
1341839128.105485 -2.260187 -0.175631 0.474355 -0.006822 0.331832 0.112070 0.936633
1341839128.137556 -2.273969 -0.183626 0.484420 -0.010423 0.337274 0.120751 0.933572
1341839128.169766 -2.282796 -0.182042 0.493553 -0.011076 0.340600 0.128390 0.931335
1341839128.205769 -2.283944 -0.172576 0.496594 -0.009389 0.340767 0.126619 0.931535
1341839128.237693 -2.296083 -0.169575 0.505688 -0.006820 0.344042 0.123532 0.930768
1341839128.269778 -2.296842 -0.178728 0.505104 -0.008501 0.343789 0.124071 0.930776
1341839128.305489 -2.290663 -0.179679 0.505293 -0.010694 0.343163 0.126804 0.930616
1341839128.337488 -2.289455 -0.170587 0.508592 -0.007424 0.344283 0.126872 0.930225
1341839128.373648 -2.294453 -0.170367 0.511043 -0.006091 0.345010 0.126397 0.930030
1341839128.405628 -2.293257 -0.171959 0.509685 -0.007020 0.344882 0.126295 0.930084
1341839128.438499 -2.290630 -0.171907 0.508896 -0.007407 0.345781 0.126937 0.929660
1341839128.473696 -2.294253 -0.172963 0.513875 -0.006402 0.347974 0.129661 0.928472
1341839128.505546 -2.288902 -0.176860 0.512304 -0.007792 0.347717 0.129722 0.928550
1341839128.537583 -2.287446 -0.177716 0.513678 -0.008663 0.348727 0.127283 0.928501
1341839128.573515 -2.291433 -0.179383 0.520207 -0.008403 0.352028 0.126249 0.927398
1341839128.605707 -2.298950 -0.182956 0.524643 -0.007625 0.355160 0.130111 0.925675
1341839128.641615 -2.297183 -0.190268 0.527808 -0.010726 0.354835 0.133992 0.925215
1341839128.674297 -2.298698 -0.178496 0.533107 -0.007897 0.355895 0.134902 0.924704
1341839128.705724 -2.307111 -0.178578 0.540695 -0.005155 0.359021 0.136313 0.923307
1341839128.741577 -2.314255 -0.185667 0.547403 -0.006166 0.360176 0.140163 0.922274
1341839128.773449 -2.309721 -0.186378 0.552964 -0.006997 0.358888 0.141307 0.922596
1341839128.805626 -2.308319 -0.181913 0.556566 -0.005366 0.358552 0.138720 0.923130
1341839128.841524 -2.310891 -0.186601 0.559214 -0.006120 0.359509 0.138275 0.922820
1341839128.873613 -2.325490 -0.193327 0.573058 -0.007197 0.364215 0.145934 0.919782
1341839128.909718 -2.332928 -0.195546 0.582682 -0.007982 0.366161 0.152357 0.917960
1341839128.941487 -2.337329 -0.186723 0.590165 -0.006614 0.366299 0.150281 0.918257
1341839128.973556 -2.344280 -0.187830 0.595961 -0.004944 0.368353 0.146224 0.918101
1341839129.009679 -2.347379 -0.192853 0.599891 -0.006543 0.368868 0.144256 0.918196
1341839129.041584 -2.348235 -0.187555 0.604978 -0.008569 0.368144 0.147114 0.918016
1341839129.077533 -2.349793 -0.187833 0.606666 -0.008463 0.368673 0.147970 0.917667
1341839129.109520 -2.358537 -0.199047 0.616102 -0.009842 0.372737 0.148113 0.915987
1341839129.141619 -2.360330 -0.205132 0.622725 -0.013845 0.371205 0.150847 0.916111
1341839129.177574 -2.360914 -0.196950 0.624275 -0.012673 0.370403 0.152081 0.916249
1341839129.209655 -2.376473 -0.198428 0.635539 -0.010739 0.376225 0.153738 0.913621
1341839129.241510 -2.388081 -0.207218 0.648873 -0.012311 0.379852 0.156936 0.911555
1341839129.277541 -2.387832 -0.200960 0.653736 -0.011286 0.379952 0.159060 0.911158
1341839129.309548 -2.389012 -0.198545 0.660760 -0.008446 0.382567 0.158298 0.910227
1341839129.345615 -2.397180 -0.208730 0.670851 -0.008819 0.385255 0.158831 0.908996
1341839129.377515 -2.395438 -0.216029 0.673115 -0.011487 0.383089 0.160113 0.909656
1341839129.409635 -2.392420 -0.208338 0.674659 -0.010008 0.382228 0.160072 0.910043
1341839129.445518 -2.400739 -0.209060 0.684022 -0.007666 0.385453 0.161453 0.908460
1341839129.477523 -2.409390 -0.215294 0.696532 -0.008762 0.387994 0.163187 0.907058
1341839129.509566 -2.404567 -0.211730 0.702890 -0.009467 0.387334 0.163172 0.907335
1341839129.545536 -2.409533 -0.205348 0.709385 -0.006590 0.389773 0.163569 0.906244
1341839129.577541 -2.414761 -0.214963 0.717131 -0.009250 0.392084 0.165956 0.904789
1341839129.613707 -2.413778 -0.209905 0.724197 -0.009232 0.393109 0.167921 0.903982
1341839129.645497 -2.414833 -0.205227 0.730092 -0.007240 0.394609 0.165629 0.903769
1341839129.677529 -2.419492 -0.210164 0.737458 -0.008020 0.396180 0.163325 0.903495
1341839129.713807 -2.425690 -0.215015 0.746947 -0.007313 0.397601 0.164869 0.902595
1341839129.745656 -2.421318 -0.217591 0.745162 -0.007400 0.395882 0.165715 0.903195
1341839129.777553 -2.416679 -0.217331 0.742909 -0.007310 0.395740 0.165099 0.903371
1341839129.813668 -2.425748 -0.215756 0.756233 -0.003105 0.400511 0.166016 0.901122
1341839129.845557 -2.429764 -0.226532 0.763452 -0.003041 0.402694 0.167965 0.899787
1341839129.881595 -2.424461 -0.225334 0.763243 -0.003489 0.401165 0.167380 0.900577
1341839129.913656 -2.423603 -0.228876 0.764414 -0.003027 0.401772 0.165351 0.900682
1341839129.945668 -2.422511 -0.244895 0.765138 -0.004616 0.403372 0.163997 0.900208
1341839129.981581 -2.420541 -0.254874 0.766554 -0.009369 0.403223 0.165641 0.899937
1341839130.013837 -2.422539 -0.248050 0.769252 -0.008252 0.403704 0.166741 0.899529
1341839130.049672 -2.426399 -0.248659 0.774322 -0.004122 0.405401 0.164615 0.899186
1341839130.081470 -2.427634 -0.255732 0.778501 -0.004949 0.406101 0.162718 0.899211
1341839130.113580 -2.428379 -0.248393 0.784246 -0.004494 0.406490 0.163881 0.898826
1341839130.149498 -2.428315 -0.246964 0.786446 -0.001896 0.406924 0.164773 0.898476
1341839130.181614 -2.428925 -0.258604 0.788192 -0.002253 0.407356 0.165663 0.898116
1341839130.213597 -2.433767 -0.266479 0.795297 -0.005629 0.408718 0.168010 0.897045
1341839130.249495 -2.436206 -0.257864 0.799543 -0.003949 0.409502 0.169127 0.896487
1341839130.281707 -2.442329 -0.253007 0.802187 -0.000045 0.412254 0.170855 0.894905
1341839130.317659 -2.449213 -0.261887 0.809347 -0.002201 0.415001 0.174180 0.892990
1341839130.349604 -2.451750 -0.253866 0.815725 0.000257 0.416151 0.176361 0.892029
1341839130.382034 -2.453392 -0.250430 0.815324 0.004295 0.416990 0.177215 0.891457
1341839130.417728 -2.462445 -0.255169 0.819867 0.003816 0.420907 0.177334 0.889593
1341839130.481948 -2.474218 -0.265687 0.835674 0.000415 0.424133 0.183928 0.886725
1341839130.517772 -2.474185 -0.261622 0.835717 0.001322 0.424129 0.185088 0.886485
1341839130.549519 -2.481008 -0.268934 0.842996 0.001379 0.426810 0.186286 0.884946
1341839130.585696 -2.485912 -0.270628 0.849345 0.001641 0.426901 0.189032 0.884319
1341839130.617684 -2.488815 -0.266414 0.853367 0.002397 0.425819 0.188392 0.884975
1341839130.649566 -2.504953 -0.269077 0.864913 0.003027 0.430590 0.186408 0.883083
1341839130.685466 -2.513565 -0.276490 0.874429 0.002699 0.432178 0.188804 0.881798
1341839130.717517 -2.514621 -0.279649 0.873240 0.001535 0.430891 0.190401 0.882087
1341839130.749572 -2.514315 -0.279482 0.875267 -0.000342 0.431162 0.188092 0.882452
1341839130.785686 -2.523178 -0.277811 0.885486 0.001756 0.434313 0.186445 0.881253
1341839130.817796 -2.526780 -0.287378 0.888769 0.001407 0.435490 0.188811 0.880169
1341839130.854788 -2.528175 -0.292852 0.892067 -0.001259 0.434291 0.191904 0.880092
1341839130.885541 -2.532320 -0.288059 0.897181 -0.000079 0.433941 0.192399 0.880158
1341839130.917632 -2.539771 -0.288929 0.902531 0.004153 0.435808 0.189746 0.879802
1341839130.953712 -2.541223 -0.300122 0.906014 0.002796 0.436839 0.189116 0.879431
1341839130.985630 -2.545899 -0.303375 0.914267 0.000943 0.437880 0.192731 0.878132
1341839131.017560 -2.548901 -0.300614 0.918044 0.003428 0.437792 0.195419 0.877575
1341839131.053526 -2.554208 -0.308113 0.923711 0.004889 0.437896 0.194240 0.877778
1341839131.085681 -2.561530 -0.313656 0.931950 0.003233 0.437943 0.192839 0.878071
1341839131.121737 -2.568411 -0.316251 0.940313 0.003177 0.438271 0.193910 0.877672
1341839131.153629 -2.573858 -0.317430 0.945709 0.003176 0.438096 0.195774 0.877345
1341839131.185722 -2.578061 -0.319959 0.949141 0.000444 0.437386 0.195724 0.877716
1341839131.221649 -2.579153 -0.319248 0.953886 -0.001154 0.438310 0.194924 0.877432
1341839131.253615 -2.585230 -0.318694 0.960236 0.000040 0.439119 0.197182 0.876524
1341839131.289544 -2.589660 -0.322331 0.962644 -0.002083 0.437823 0.199744 0.876589
1341839131.321742 -2.591880 -0.317790 0.967132 -0.003468 0.437487 0.198924 0.876939
1341839131.353559 -2.597155 -0.312653 0.973468 -0.000291 0.438734 0.198071 0.876516
1341839131.389563 -2.598737 -0.319276 0.976778 -0.001341 0.438995 0.199295 0.876107
1341839131.422027 -2.598466 -0.319362 0.981711 -0.002838 0.438094 0.200865 0.876196
1341839131.453618 -2.599507 -0.315213 0.984996 -0.000670 0.437544 0.200162 0.876636
1341839131.489531 -2.602906 -0.320620 0.988845 -0.000158 0.438666 0.197984 0.876570
1341839131.521613 -2.607723 -0.329602 0.995815 -0.001397 0.439802 0.199136 0.875738
1341839131.557577 -2.605235 -0.332976 0.999406 -0.001863 0.438642 0.201133 0.875863
1341839131.589573 -2.603624 -0.331327 1.001084 0.000584 0.437898 0.199796 0.876542
1341839131.621822 -2.610829 -0.336153 1.009102 0.001264 0.438733 0.198739 0.876364
1341839131.657680 -2.613463 -0.339821 1.015405 0.001899 0.438132 0.199667 0.876453
1341839131.689554 -2.612375 -0.342447 1.018656 0.003206 0.437733 0.200605 0.876434
1341839131.721592 -2.614455 -0.344276 1.023744 0.004763 0.437889 0.200474 0.876379
1341839131.757613 -2.620255 -0.347676 1.031258 0.005346 0.438271 0.200719 0.876129
1341839131.789523 -2.623315 -0.351866 1.035654 0.004863 0.438434 0.201595 0.875849
1341839131.825565 -2.624921 -0.353668 1.038247 0.004270 0.438442 0.202573 0.875622
1341839131.857572 -2.626449 -0.355446 1.043141 0.004341 0.439009 0.203554 0.875110
1341839131.889513 -2.628828 -0.355600 1.045971 0.004168 0.439230 0.202391 0.875270
1341839131.925750 -2.631950 -0.355353 1.050583 0.004708 0.440759 0.201950 0.874600
1341839131.964633 -2.638390 -0.357733 1.055872 0.004673 0.442105 0.203621 0.873533
1341839132.025660 -2.643296 -0.353202 1.063669 0.006053 0.442312 0.204235 0.873276
1341839132.057881 -2.645913 -0.361078 1.066556 0.006294 0.443409 0.202861 0.873038
1341839132.093669 -2.648624 -0.368695 1.069643 0.003356 0.444590 0.204069 0.872172
1341839132.125565 -2.647288 -0.365370 1.068608 0.004039 0.445595 0.206220 0.871150
1341839132.157636 -2.653903 -0.366105 1.073025 0.005080 0.448456 0.209647 0.868855
1341839132.193673 -2.652425 -0.373111 1.079494 0.002618 0.448851 0.210717 0.868403
1341839132.225804 -2.653742 -0.373562 1.083856 0.003880 0.450051 0.210189 0.867905
1341839132.261812 -2.657827 -0.379834 1.088130 0.004940 0.451273 0.212700 0.866653
1341839132.293590 -2.656974 -0.387124 1.090892 0.003048 0.450539 0.215009 0.866474
1341839132.325554 -2.656951 -0.383255 1.090825 0.004784 0.450631 0.215546 0.866285
1341839132.361528 -2.660991 -0.387835 1.093400 0.004665 0.452870 0.216676 0.864834
1341839132.393650 -2.663690 -0.392006 1.099952 0.003551 0.454195 0.220789 0.863103
1341839132.425622 -2.662757 -0.392174 1.102496 0.003798 0.454604 0.221868 0.862610
1341839132.461663 -2.664522 -0.390452 1.103508 0.004610 0.456128 0.221706 0.861842
1341839132.493798 -2.669048 -0.396271 1.110865 0.003236 0.457864 0.222710 0.860669
1341839132.529690 -2.666588 -0.403403 1.115190 -0.000803 0.456576 0.222971 0.861291
1341839132.561519 -2.668420 -0.398801 1.116182 0.000249 0.456492 0.223133 0.861294
1341839132.593700 -2.673572 -0.403051 1.121825 0.002106 0.458274 0.225194 0.859807
1341839132.629507 -2.676733 -0.405735 1.128182 0.002055 0.458628 0.227117 0.859112
1341839132.661576 -2.677869 -0.400382 1.132877 0.002057 0.456976 0.226617 0.860124
1341839132.693571 -2.681706 -0.397252 1.139803 0.005635 0.457163 0.223319 0.860871
1341839132.729515 -2.684571 -0.410124 1.146723 0.004576 0.456388 0.221117 0.861856
1341839132.761625 -2.684829 -0.417291 1.150588 0.001499 0.453623 0.221229 0.863297
1341839132.797547 -2.687953 -0.413473 1.155028 0.002858 0.452545 0.219811 0.864221
1341839132.829637 -2.695031 -0.414203 1.158979 0.006922 0.452567 0.222482 0.863503
1341839132.861592 -2.698792 -0.420756 1.162417 0.006692 0.451420 0.227588 0.862774
1341839132.897486 -2.700217 -0.418373 1.165863 0.008389 0.450328 0.231096 0.862397
1341839132.929713 -2.701949 -0.418522 1.166711 0.009867 0.450044 0.231680 0.862373
1341839132.961705 -2.703452 -0.421692 1.170809 0.011466 0.450093 0.232826 0.862019
1341839132.997927 -2.705251 -0.424032 1.170771 0.012987 0.449710 0.234146 0.861840
1341839133.029816 -2.704858 -0.428897 1.168854 0.010799 0.449883 0.234273 0.861745
1341839133.065602 -2.706793 -0.427204 1.172247 0.012239 0.450069 0.232889 0.862004
1341839133.097540 -2.706684 -0.431118 1.169123 0.012223 0.449684 0.230320 0.862895
1341839133.129508 -2.708941 -0.433124 1.168299 0.010297 0.450475 0.229630 0.862691
1341839133.165630 -2.708147 -0.433544 1.168594 0.009585 0.450318 0.227415 0.863368
1341839133.197576 -2.711409 -0.435363 1.169424 0.007994 0.451118 0.224748 0.863665
1341839133.229574 -2.715175 -0.436490 1.173572 0.006535 0.451264 0.223363 0.863960
1341839133.265549 -2.715442 -0.437011 1.173688 0.006003 0.450964 0.221895 0.864499
1341839133.297600 -2.723684 -0.434776 1.174662 0.007584 0.453593 0.223046 0.862813
1341839133.333601 -2.728878 -0.435938 1.181441 0.008024 0.454325 0.225572 0.861767
1341839133.365789 -2.730906 -0.436515 1.181388 0.006998 0.453681 0.226993 0.861742
1341839133.397692 -2.735028 -0.434832 1.183005 0.004972 0.453870 0.228812 0.861175
1341839133.433673 -2.737364 -0.431782 1.186227 0.004697 0.454543 0.227483 0.861174
1341839133.465589 -2.741856 -0.433701 1.189553 0.003529 0.455084 0.226443 0.861168
1341839133.501571 -2.745942 -0.438127 1.192222 -0.001004 0.455118 0.227762 0.860808
1341839133.533533 -2.748862 -0.433634 1.194259 -0.000700 0.456010 0.229476 0.859881
1341839133.565553 -2.754244 -0.431144 1.195055 -0.000354 0.457344 0.231251 0.858696
1341839133.633642 -2.764680 -0.430197 1.203893 -0.002723 0.461380 0.235026 0.855502
1341839133.672597 -2.772245 -0.423337 1.207612 0.000782 0.462597 0.237067 0.854285
1341839133.708834 -2.776374 -0.423062 1.208859 -0.002345 0.462388 0.237389 0.854306
1341839133.740662 -2.779513 -0.427740 1.212384 -0.003446 0.463142 0.239090 0.853419
1341839133.776632 -2.785344 -0.427609 1.217745 -0.001544 0.462096 0.240867 0.853491
1341839133.808566 -2.787464 -0.430553 1.221211 -0.003034 0.461695 0.239900 0.853977
1341839133.842375 -2.789877 -0.433576 1.225988 -0.002760 0.462592 0.239239 0.853678
1341839133.876620 -2.797675 -0.429136 1.233657 0.001499 0.462255 0.241321 0.853277
1341839133.908528 -2.800851 -0.430576 1.235952 0.000767 0.459926 0.242884 0.854093
1341839133.940713 -2.802841 -0.436491 1.241010 -0.002397 0.460112 0.241342 0.854427
1341839133.976740 -2.807713 -0.437803 1.248544 -0.002031 0.460690 0.240498 0.854355
1341839134.008547 -2.814587 -0.434929 1.254582 -0.001012 0.459736 0.240215 0.854950
1341839134.040599 -2.815183 -0.443592 1.260099 -0.004357 0.458176 0.238141 0.856356
1341839134.076583 -2.818383 -0.449009 1.268277 -0.004928 0.457741 0.234796 0.857508
1341839134.108666 -2.825507 -0.445107 1.275436 -0.003372 0.457095 0.233166 0.858305
1341839134.145583 -2.831298 -0.446734 1.281449 -0.005139 0.455528 0.233309 0.859090
1341839134.177037 -2.830698 -0.459043 1.286067 -0.009241 0.454264 0.231465 0.860223
1341839134.208585 -2.831061 -0.467031 1.291712 -0.008246 0.455725 0.229983 0.859857
1341839134.245077 -2.838803 -0.464201 1.300815 -0.000944 0.457192 0.233937 0.858049
1341839134.276660 -2.846995 -0.464426 1.309056 0.001765 0.455050 0.237292 0.858265
1341839134.344596 -2.852507 -0.468997 1.324940 0.004487 0.453794 0.233005 0.860093
1341839134.405658 -2.859954 -0.494126 1.343468 -0.000671 0.448136 0.234516 0.862656
1341839134.437582 -2.865540 -0.483576 1.343594 0.003021 0.446975 0.231773 0.863994
1341839134.473570 -2.871660 -0.494245 1.351441 0.003746 0.446738 0.231250 0.864254
1341839134.505576 -2.874078 -0.505145 1.358270 0.000091 0.443226 0.233099 0.865573
1341839134.537527 -2.881301 -0.496493 1.362456 0.002565 0.442391 0.231642 0.866387
1341839134.573575 -2.891311 -0.495973 1.372536 0.007532 0.443641 0.228849 0.866461
1341839134.605581 -2.898256 -0.503172 1.378790 0.010044 0.444275 0.228776 0.866130
1341839134.637613 -2.903381 -0.509892 1.381561 0.009180 0.444582 0.230266 0.865587
1341839134.673530 -2.906289 -0.510126 1.386119 0.010207 0.445167 0.230225 0.865285
1341839134.705768 -2.914040 -0.508422 1.390609 0.018877 0.447586 0.228760 0.864279
1341839134.741672 -2.914261 -0.516865 1.395877 0.022168 0.448116 0.228885 0.863894
1341839134.773479 -2.918422 -0.512797 1.400552 0.022148 0.448131 0.229850 0.863630
1341839134.805757 -2.919023 -0.516689 1.398884 0.023384 0.448783 0.230169 0.863174
1341839134.841632 -2.921166 -0.529510 1.402663 0.025840 0.450732 0.232280 0.861521
1341839134.873616 -2.924541 -0.538712 1.409243 0.023838 0.450522 0.234052 0.861210
1341839134.905696 -2.925996 -0.538368 1.412735 0.023542 0.450649 0.232257 0.861637
1341839134.941552 -2.928067 -0.541769 1.416853 0.023924 0.452313 0.229089 0.861603
1341839134.974666 -2.932695 -0.544940 1.418684 0.025393 0.454615 0.229775 0.860165
1341839135.009601 -2.936227 -0.548958 1.424895 0.025204 0.455124 0.232433 0.859187
1341839135.042135 -2.937183 -0.546971 1.427365 0.023696 0.455011 0.231742 0.859476
1341839135.073504 -2.936383 -0.539923 1.422465 0.024747 0.456465 0.229287 0.859334
1341839135.109696 -2.940783 -0.548785 1.434547 0.022868 0.459366 0.230665 0.857469
1341839135.141720 -2.938477 -0.553680 1.441326 0.020611 0.458040 0.232046 0.857863
1341839135.173566 -2.935973 -0.548171 1.435815 0.021310 0.458319 0.229796 0.858302
1341839135.209553 -2.944083 -0.549250 1.443119 0.023236 0.463036 0.229267 0.855859
1341839135.241688 -2.948508 -0.561056 1.457732 0.023111 0.464530 0.232930 0.854062
1341839135.277641 -2.944541 -0.567889 1.459820 0.018916 0.463008 0.234026 0.854692
1341839135.309842 -2.943501 -0.560321 1.455665 0.018595 0.463302 0.232235 0.855028
1341839135.341555 -2.950149 -0.561363 1.464183 0.023671 0.468305 0.231861 0.852274
1341839135.377558 -2.951488 -0.568435 1.479549 0.025583 0.470701 0.233833 0.850358
1341839135.409554 -2.952432 -0.561533 1.482210 0.023668 0.470987 0.233313 0.850398
1341839135.441588 -2.949867 -0.564741 1.479388 0.023461 0.472416 0.231297 0.850161
1341839135.477530 -2.949117 -0.575121 1.492209 0.025637 0.476232 0.231349 0.847953
1341839135.509758 -2.944302 -0.584588 1.498525 0.017911 0.475835 0.233551 0.847770
1341839135.545510 -2.945121 -0.577461 1.495809 0.016645 0.476124 0.233994 0.847511
1341839135.577577 -2.949832 -0.578288 1.497878 0.020637 0.481947 0.232356 0.844578
1341839135.609596 -2.950740 -0.583209 1.511094 0.022714 0.485581 0.233620 0.842091
1341839135.645470 -2.949597 -0.581716 1.517651 0.020947 0.486137 0.237086 0.840846
1341839135.677567 -2.947379 -0.584322 1.514799 0.021472 0.486629 0.238339 0.840194
1341839135.713508 -2.946902 -0.595313 1.521335 0.024466 0.489509 0.235995 0.839100
1341839135.745626 -2.945262 -0.604485 1.523893 0.021927 0.490397 0.237071 0.838348
1341839135.777556 -2.944570 -0.602746 1.525777 0.022016 0.492086 0.238010 0.837089
1341839135.813582 -2.946183 -0.600680 1.529458 0.026983 0.495444 0.237899 0.834992
1341839135.845539 -2.945683 -0.612674 1.537194 0.026256 0.497948 0.239540 0.833054
1341839135.877786 -2.943972 -0.616073 1.543075 0.023967 0.499090 0.240238 0.832238
1341839135.913620 -2.942780 -0.618021 1.543400 0.025411 0.499769 0.239781 0.831920
1341839135.945920 -2.942550 -0.625059 1.545927 0.025129 0.501282 0.238432 0.831406
1341839135.981913 -2.944461 -0.627888 1.551750 0.024837 0.502780 0.241119 0.829733
1341839136.014297 -2.945299 -0.629352 1.557692 0.026069 0.503300 0.244141 0.828495
1341839136.059226 -2.941906 -0.637982 1.559280 0.025942 0.503588 0.244293 0.828280
1341839136.120606 -2.946446 -0.639776 1.568212 0.026634 0.504982 0.243447 0.827658
1341839136.181673 -2.946098 -0.640142 1.569012 0.025456 0.504877 0.242811 0.827946
1341839136.214507 -2.947718 -0.639179 1.573502 0.028598 0.506163 0.244890 0.826444
1341839136.249624 -2.953798 -0.647836 1.587601 0.030910 0.505827 0.248660 0.825440
1341839136.281495 -2.951143 -0.649664 1.589413 0.029620 0.503495 0.247923 0.827133
1341839136.314066 -2.950490 -0.647681 1.586821 0.031234 0.503727 0.244466 0.827961
1341839136.349787 -2.951879 -0.655721 1.590450 0.033069 0.504715 0.244346 0.827323
1341839136.388618 -2.954846 -0.658799 1.598971 0.032043 0.504572 0.246163 0.826913
1341839136.449733 -2.957222 -0.652652 1.602546 0.032685 0.504844 0.245165 0.827017
1341839136.481697 -2.960636 -0.658085 1.610395 0.033134 0.504612 0.245173 0.827139
1341839136.517624 -2.959118 -0.664841 1.611984 0.030456 0.502895 0.246460 0.827905
1341839136.549505 -2.960097 -0.661886 1.613092 0.030829 0.503508 0.245735 0.827734
1341839136.581632 -2.963030 -0.663864 1.618246 0.032503 0.504050 0.246103 0.827231
1341839136.617613 -2.966685 -0.668391 1.624187 0.031327 0.503059 0.247094 0.827584
1341839136.649571 -2.967725 -0.665439 1.625618 0.030789 0.502919 0.246357 0.827909
1341839136.685554 -2.970691 -0.666023 1.631030 0.032437 0.503566 0.245773 0.827626
1341839136.717527 -2.973721 -0.671567 1.637205 0.032382 0.503009 0.246117 0.827865
1341839136.749496 -2.974943 -0.674876 1.639736 0.029783 0.501532 0.246553 0.828728
1341839136.785674 -2.975559 -0.674814 1.641575 0.028518 0.501150 0.245055 0.829448
1341839136.817542 -2.979981 -0.675347 1.645576 0.030064 0.502362 0.244907 0.828703
1341839136.849615 -2.984734 -0.676150 1.652452 0.030355 0.502367 0.246690 0.828161
1341839136.892657 -2.985554 -0.675505 1.654740 0.029873 0.501403 0.247449 0.828536
1341839136.953615 -2.995085 -0.677196 1.660920 0.035656 0.504287 0.247219 0.826624
1341839136.985942 -2.996839 -0.680762 1.666043 0.033573 0.503825 0.248380 0.826644
1341839137.017616 -2.998079 -0.679621 1.666970 0.033578 0.504454 0.247758 0.826447
1341839137.053572 -3.002557 -0.680808 1.669461 0.035436 0.506570 0.246716 0.825386
1341839137.085843 -3.007572 -0.683754 1.675333 0.035212 0.507919 0.248862 0.823921
1341839137.117537 -3.010869 -0.683011 1.680895 0.036182 0.508081 0.251605 0.822946
1341839137.153707 -3.010937 -0.683204 1.680774 0.037034 0.508800 0.250895 0.822680
1341839137.186296 -3.018453 -0.684003 1.684595 0.038923 0.512890 0.250598 0.820140
1341839137.221759 -3.024623 -0.689054 1.693631 0.040329 0.515106 0.253637 0.817746
1341839137.253565 -3.027446 -0.693483 1.698708 0.038961 0.515288 0.256694 0.816743
1341839137.285736 -3.029723 -0.689453 1.695027 0.039838 0.517229 0.257075 0.815352
1341839137.321642 -3.041453 -0.690442 1.704127 0.044392 0.521890 0.257651 0.811958
1341839137.353692 -3.047240 -0.697588 1.712267 0.043289 0.523750 0.260195 0.810006
1341839137.386256 -3.049405 -0.694756 1.711498 0.042682 0.525366 0.261592 0.808541
1341839137.421671 -3.057150 -0.694120 1.715524 0.044901 0.529422 0.260918 0.805989
1341839137.453657 -3.064558 -0.697919 1.722450 0.045264 0.532188 0.261961 0.803806
1341839137.489830 -3.066349 -0.701723 1.724707 0.043036 0.533455 0.262683 0.802852
1341839137.521652 -3.068595 -0.704593 1.727259 0.041221 0.535787 0.260885 0.801981
1341839137.553558 -3.074643 -0.704550 1.732161 0.041865 0.537890 0.259738 0.800911
1341839137.592577 -3.081097 -0.705828 1.735012 0.040484 0.539555 0.259295 0.800005
1341839137.628551 -3.086338 -0.702685 1.739290 0.039389 0.541347 0.259412 0.798810
1341839137.660598 -3.090833 -0.703898 1.745692 0.038784 0.542463 0.260282 0.797799
1341839137.692612 -3.095486 -0.706604 1.751236 0.037711 0.543421 0.261239 0.796885
1341839137.728532 -3.100634 -0.706870 1.756945 0.036664 0.543445 0.262472 0.796512
1341839137.760497 -3.103853 -0.709409 1.762111 0.034939 0.543399 0.263898 0.796150
1341839137.796681 -3.106967 -0.712385 1.767582 0.034525 0.543762 0.264266 0.795798
1341839137.828611 -3.114202 -0.708495 1.776651 0.034863 0.543873 0.264315 0.795691
1341839137.860523 -3.116851 -0.712468 1.782058 0.032400 0.543178 0.264965 0.796053
1341839137.896603 -3.120869 -0.714694 1.789752 0.033146 0.544693 0.265193 0.794911
1341839137.928510 -3.126932 -0.711841 1.798962 0.034670 0.544603 0.266362 0.794517
1341839137.964534 -3.129057 -0.717796 1.804089 0.030816 0.543049 0.267298 0.795424
1341839137.996524 -3.129430 -0.724297 1.808045 0.030787 0.543902 0.266022 0.795270
1341839138.028640 -3.136236 -0.720392 1.817808 0.033721 0.543868 0.264521 0.795675
1341839138.064541 -3.139963 -0.721624 1.824134 0.031654 0.542598 0.264553 0.796616
1341839138.096479 -3.140503 -0.726445 1.827764 0.031741 0.542931 0.265874 0.795946
1341839138.132550 -3.145978 -0.726247 1.837260 0.035303 0.543361 0.267404 0.794989
1341839138.164623 -3.149981 -0.730490 1.845353 0.033937 0.541683 0.268307 0.795889
1341839138.196431 -3.149930 -0.735802 1.848993 0.033473 0.541483 0.268048 0.796132
1341839138.232704 -3.154793 -0.734921 1.857336 0.037876 0.542633 0.269612 0.794622
1341839138.264578 -3.158959 -0.735888 1.864901 0.039117 0.541882 0.272471 0.794099
1341839138.300697 -3.159711 -0.741982 1.870731 0.037155 0.541446 0.272931 0.794332
1341839138.332541 -3.161404 -0.745737 1.876005 0.036014 0.541419 0.270995 0.795066
1341839138.364517 -3.162405 -0.748886 1.879147 0.032155 0.541283 0.267617 0.796467
1341839138.400834 -3.163374 -0.751170 1.884576 0.030386 0.541561 0.264407 0.797419
1341839138.432562 -3.165550 -0.752072 1.889462 0.030585 0.541993 0.263728 0.797343
1341839138.469017 -3.167138 -0.750561 1.891576 0.030756 0.542437 0.266335 0.796167
1341839138.500623 -3.165159 -0.754097 1.893278 0.029053 0.543119 0.268578 0.795012
1341839138.532584 -3.164721 -0.757120 1.899055 0.028527 0.544770 0.269518 0.793582
1341839138.568521 -3.163981 -0.757884 1.899928 0.028604 0.545351 0.269405 0.793218
1341839138.600559 -3.164285 -0.757778 1.901631 0.028803 0.546166 0.269134 0.792742
1341839138.637679 -3.163536 -0.760152 1.904471 0.027571 0.546778 0.268231 0.792670
1341839138.668579 -3.161656 -0.763223 1.905797 0.026059 0.547933 0.267238 0.792259
1341839138.700570 -3.163483 -0.757998 1.907462 0.026458 0.549291 0.266275 0.791629
1341839138.736618 -3.162847 -0.757708 1.911384 0.025948 0.550725 0.267718 0.790162
1341839138.768580 -3.161910 -0.757233 1.913573 0.025225 0.551672 0.269054 0.789070
1341839138.800591 -3.159975 -0.758190 1.916755 0.023139 0.553099 0.268516 0.788318
1341839138.836668 -3.160886 -0.755038 1.920687 0.021875 0.554917 0.267823 0.787311
1341839138.868631 -3.159093 -0.756659 1.926651 0.019883 0.556364 0.268516 0.786106
1341839138.900591 -3.155380 -0.759328 1.930082 0.018941 0.558005 0.268244 0.785059
1341839138.936751 -3.154821 -0.759479 1.931990 0.017778 0.559870 0.268378 0.783711
1341839138.968925 -3.154259 -0.758812 1.936553 0.017512 0.561870 0.270749 0.781467
1341839139.004685 -3.153261 -0.762405 1.937884 0.015014 0.563268 0.272728 0.779822
1341839139.036835 -3.151657 -0.764499 1.942411 0.012035 0.565948 0.273195 0.777768
1341839139.069010 -3.150937 -0.766092 1.946714 0.009817 0.567764 0.273629 0.776322
1341839139.105164 -3.151265 -0.765754 1.951465 0.008533 0.569538 0.275357 0.774424
1341839139.137964 -3.148870 -0.771860 1.955417 0.006971 0.570338 0.278023 0.772896
1341839139.168993 -3.146262 -0.773929 1.958153 0.007439 0.572109 0.277762 0.771676
1341839139.208632 -3.146187 -0.773782 1.960225 0.007664 0.573796 0.276655 0.770819
1341839139.237233 -3.146289 -0.777145 1.966104 0.007742 0.575133 0.276681 0.769811
1341839139.269740 -3.146135 -0.777876 1.965759 0.007815 0.575968 0.277308 0.768960
1341839139.305090 -3.145986 -0.779755 1.968692 0.005547 0.578614 0.277716 0.766843
1341839139.336872 -3.145542 -0.784043 1.973882 0.005007 0.580079 0.278801 0.765345
1341839139.404779 -3.141725 -0.793269 1.978419 0.003229 0.581341 0.277650 0.764816
1341839139.436967 -3.142020 -0.793916 1.981743 0.003528 0.584106 0.276769 0.763024
1341839139.479384 -3.144802 -0.791446 1.986787 0.005584 0.584178 0.279174 0.762081
1341839139.504961 -3.141621 -0.799490 1.987386 0.001956 0.584592 0.279959 0.761493
1341839139.572716 -3.146170 -0.798397 1.992690 0.002268 0.589875 0.277802 0.758200
1341839139.633776 -3.144044 -0.801114 2.000774 -0.000901 0.591263 0.279856 0.756365
1341839139.665625 -3.144405 -0.803291 2.005647 -0.002336 0.593467 0.280036 0.754567
1341839139.701587 -3.145737 -0.804719 2.012499 -0.002862 0.594942 0.281479 0.752865
1341839139.733553 -3.146452 -0.805815 2.016502 -0.003754 0.595912 0.282720 0.751628
1341839139.765553 -3.147305 -0.804429 2.021139 -0.003921 0.597859 0.284519 0.749399
1341839139.801543 -3.149865 -0.803456 2.028296 -0.002698 0.598227 0.286965 0.748177
1341839139.833756 -3.148323 -0.806921 2.030715 -0.004673 0.596907 0.287249 0.749111
1341839139.865591 -3.147204 -0.805806 2.032087 -0.005739 0.597846 0.286007 0.748830
1341839139.901631 -3.150128 -0.808064 2.037810 -0.004659 0.599503 0.287664 0.746876
1341839139.933716 -3.152549 -0.815307 2.045832 -0.005862 0.598121 0.289712 0.747184
1341839139.969603 -3.149635 -0.810060 2.043067 -0.006100 0.595933 0.288293 0.749476
1341839140.001567 -3.149153 -0.809268 2.043481 -0.005905 0.597881 0.285911 0.748838
1341839140.033569 -3.149718 -0.816790 2.047629 -0.006644 0.599473 0.287108 0.747099
1341839140.069602 -3.150283 -0.820741 2.050086 -0.007943 0.597858 0.290291 0.747151
1341839140.101607 -3.151124 -0.814620 2.050048 -0.007720 0.597681 0.290479 0.747222
1341839140.137593 -3.154355 -0.809191 2.052540 -0.004201 0.601001 0.287890 0.745587
1341839140.169583 -3.156205 -0.819284 2.062453 -0.005516 0.603175 0.286658 0.744296
1341839140.201678 -3.152074 -0.823839 2.064977 -0.010619 0.602576 0.288316 0.744085
1341839140.237641 -3.152750 -0.818651 2.062194 -0.010059 0.602767 0.289739 0.743386
1341839140.269632 -3.157851 -0.819474 2.068628 -0.007310 0.604309 0.289018 0.742446
1341839140.301538 -3.158154 -0.826981 2.074121 -0.010690 0.604274 0.288759 0.742534
1341839140.337608 -3.157580 -0.828330 2.078714 -0.012426 0.605601 0.288921 0.741362
1341839140.369503 -3.161552 -0.828035 2.085105 -0.010601 0.606850 0.289904 0.739984
1341839140.405652 -3.162922 -0.832846 2.088696 -0.011724 0.606601 0.291295 0.739625
1341839140.437622 -3.163344 -0.833775 2.091479 -0.012564 0.607397 0.291748 0.738779
1341839140.469802 -3.166301 -0.833183 2.096826 -0.010624 0.608848 0.292560 0.737293
1341839140.505600 -3.170459 -0.836507 2.103147 -0.010064 0.608517 0.293463 0.737215
1341839140.537508 -3.169845 -0.835506 2.102533 -0.010636 0.608421 0.292392 0.737711
1341839140.569631 -3.174126 -0.836019 2.108269 -0.009375 0.611892 0.292084 0.734974
1341839140.605614 -3.178599 -0.844895 2.118302 -0.009743 0.614062 0.294679 0.732118
1341839140.637520 -3.180267 -0.849718 2.124558 -0.012567 0.613531 0.296723 0.731694
1341839140.673589 -3.182254 -0.844796 2.126170 -0.012485 0.614107 0.295921 0.731537
1341839140.705526 -3.190116 -0.847082 2.135316 -0.011795 0.616626 0.294860 0.729857
1341839140.737690 -3.193384 -0.852534 2.144549 -0.014021 0.617712 0.295272 0.728732
1341839140.780691 -3.195691 -0.850182 2.149297 -0.014356 0.618187 0.298206 0.727126
1341839140.837561 -3.207111 -0.852499 2.161770 -0.010684 0.619384 0.297351 0.726520
1341839140.873616 -3.208050 -0.857123 2.167977 -0.012993 0.620215 0.296667 0.726053
1341839140.905496 -3.211185 -0.860230 2.176916 -0.012936 0.621519 0.297438 0.724622
1341839140.941764 -3.213019 -0.864927 2.183599 -0.013068 0.622083 0.299454 0.723304
1341839140.973483 -3.214636 -0.867341 2.188728 -0.013514 0.622911 0.299851 0.722418
1341839141.005687 -3.216248 -0.869359 2.196338 -0.014520 0.623376 0.298462 0.722573
1341839141.041564 -3.216464 -0.874347 2.204981 -0.014255 0.623977 0.297378 0.722506
1341839141.074063 -3.219519 -0.879303 2.211607 -0.012428 0.624085 0.297466 0.722411
1341839141.110271 -3.219846 -0.884154 2.217427 -0.012186 0.624101 0.297407 0.722426
1341839141.141854 -3.218796 -0.889069 2.223739 -0.012005 0.624466 0.296463 0.722501
1341839141.176858 -3.222164 -0.891812 2.231330 -0.009749 0.625683 0.295308 0.721955
1341839141.209658 -3.223845 -0.900505 2.238722 -0.010733 0.625704 0.295814 0.721715
1341839141.241623 -3.223111 -0.902215 2.242256 -0.011998 0.625921 0.294731 0.721950
1341839141.273659 -3.224856 -0.904291 2.246868 -0.010316 0.627815 0.294411 0.720461
1341839141.309576 -3.226816 -0.912656 2.255356 -0.010515 0.628833 0.296320 0.718786
1341839141.341687 -3.227667 -0.914061 2.262821 -0.012136 0.628227 0.296373 0.719268
1341839141.378026 -3.228578 -0.914884 2.267966 -0.012236 0.628990 0.293732 0.719682
1341839141.409623 -3.230585 -0.921500 2.273761 -0.013643 0.630249 0.293207 0.718769
1341839141.441571 -3.232935 -0.925180 2.280750 -0.014382 0.630760 0.295736 0.717269
1341839141.477635 -3.234323 -0.924824 2.287330 -0.014046 0.630919 0.296734 0.716724
1341839141.509696 -3.233808 -0.924325 2.287734 -0.012860 0.631768 0.295728 0.716414
1341839141.541659 -3.238554 -0.926413 2.295440 -0.010624 0.633797 0.293942 0.715393
1341839141.577526 -3.239340 -0.933497 2.300259 -0.011299 0.634561 0.293943 0.714704
1341839141.645706 -3.241229 -0.937773 2.312398 -0.008334 0.636592 0.297980 0.711259
1341839141.677487 -3.244993 -0.938363 2.314092 -0.007626 0.635096 0.296090 0.713390
1341839141.709572 -3.242670 -0.941440 2.316148 -0.011386 0.634308 0.292036 0.715708
1341839141.745638 -3.242868 -0.943876 2.321081 -0.010458 0.635998 0.290276 0.714939
1341839141.777895 -3.242516 -0.951804 2.327378 -0.010118 0.636685 0.291311 0.713911
1341839141.809561 -3.242907 -0.949722 2.333520 -0.010590 0.636130 0.291722 0.714230
1341839141.845701 -3.242236 -0.951069 2.333450 -0.010737 0.635889 0.291306 0.714613
1341839141.877530 -3.242349 -0.961133 2.338809 -0.010242 0.636238 0.291189 0.714357
1341839141.913569 -3.241551 -0.966722 2.345510 -0.013772 0.635265 0.291392 0.715080
1341839141.945636 -3.239932 -0.964427 2.344857 -0.015456 0.635099 0.290118 0.715711
1341839141.977668 -3.240269 -0.969442 2.348298 -0.015574 0.636541 0.289417 0.714710
1341839142.013466 -3.239442 -0.975207 2.352718 -0.017248 0.637010 0.290616 0.713767
1341839142.048866 -3.234973 -0.978017 2.357983 -0.021412 0.638695 0.289945 0.712420
1341839142.116693 -3.236852 -0.977993 2.367485 -0.018732 0.643561 0.290210 0.707994
1341839142.181588 -3.230033 -0.981497 2.377333 -0.021190 0.646288 0.291417 0.704939
1341839142.213523 -3.229673 -0.980057 2.382475 -0.017374 0.649184 0.291529 0.702331
1341839142.245657 -3.228932 -0.986319 2.390827 -0.016463 0.650493 0.293567 0.700290
1341839142.281484 -3.226396 -0.984256 2.398417 -0.016545 0.651096 0.292528 0.700163
1341839142.313501 -3.220192 -0.987466 2.394556 -0.016648 0.653364 0.290023 0.699089
1341839142.349595 -3.219541 -0.995130 2.407446 -0.017292 0.658428 0.288010 0.695142
1341839142.413736 -3.216436 -0.993300 2.417182 -0.016410 0.661785 0.293840 0.689514
1341839142.449600 -3.216460 -0.993723 2.422678 -0.015603 0.666120 0.291253 0.686449
1341839142.481586 -3.218243 -0.999855 2.430393 -0.015748 0.668044 0.291433 0.684497
1341839142.513495 -3.216826 -1.004166 2.436002 -0.017192 0.668025 0.292790 0.683901
1341839142.549621 -3.214526 -1.002271 2.437354 -0.017033 0.668952 0.292692 0.683041
1341839142.581646 -3.216345 -1.002463 2.441933 -0.015472 0.672230 0.291298 0.680450
1341839142.617733 -3.220272 -1.008801 2.457988 -0.016951 0.674798 0.290342 0.678279
1341839142.649501 -3.217827 -1.009422 2.460348 -0.018313 0.675114 0.291208 0.677557
1341839142.681490 -3.217929 -1.009120 2.463429 -0.016325 0.677969 0.290819 0.674920
1341839142.717648 -3.218499 -1.014053 2.467743 -0.016180 0.678903 0.290958 0.673924
1341839142.749655 -3.215910 -1.018182 2.467525 -0.016497 0.679340 0.291212 0.673365
1341839142.781698 -3.215929 -1.019757 2.471162 -0.014753 0.681543 0.292082 0.670798
1341839142.817748 -3.214934 -1.023387 2.475562 -0.014549 0.682174 0.293162 0.669689
1341839142.849646 -3.213949 -1.024610 2.476941 -0.014097 0.682434 0.292160 0.669872
1341839142.885615 -3.212285 -1.029180 2.480858 -0.015597 0.683923 0.291734 0.668504
1341839142.917485 -3.211221 -1.032493 2.486012 -0.016341 0.685612 0.293210 0.666106
1341839142.949726 -3.211611 -1.032381 2.490254 -0.015401 0.685837 0.294153 0.665481
1341839142.985900 -3.210328 -1.034601 2.491378 -0.016221 0.686625 0.293761 0.664821
1341839143.025376 -3.211536 -1.036298 2.496852 -0.016530 0.689481 0.293648 0.661902
1341839143.056750 -3.213318 -1.033378 2.502138 -0.014639 0.689686 0.295435 0.660936
1341839143.092610 -3.210541 -1.037849 2.506549 -0.016795 0.689175 0.295597 0.661346
1341839143.124560 -3.208492 -1.041172 2.509385 -0.017871 0.690120 0.293292 0.661358
1341839143.160701 -3.209955 -1.041096 2.513977 -0.017354 0.691135 0.290911 0.661364
1341839143.224815 -3.211034 -1.047065 2.523053 -0.019850 0.691062 0.291818 0.660970
1341839143.285789 -3.213562 -1.050657 2.532858 -0.021995 0.691031 0.293776 0.660067
1341839143.321671 -3.213635 -1.050108 2.538367 -0.022187 0.690049 0.293452 0.661231
1341839143.353517 -3.213501 -1.051656 2.542433 -0.023109 0.690701 0.290904 0.661644
1341839143.385603 -3.212833 -1.057541 2.548027 -0.025275 0.691420 0.290587 0.660953
1341839143.421529 -3.213224 -1.059912 2.554838 -0.025885 0.691002 0.293172 0.660224
1341839143.453645 -3.213049 -1.058457 2.557339 -0.025552 0.691066 0.293012 0.660242
1341839143.485734 -3.214259 -1.059368 2.562759 -0.026502 0.692380 0.291230 0.659615
1341839143.521668 -3.216098 -1.061268 2.569999 -0.028353 0.693263 0.290809 0.658796
1341839143.553630 -3.216643 -1.062556 2.576470 -0.028911 0.693819 0.292011 0.657655
1341839143.590154 -3.215945 -1.063928 2.580195 -0.029566 0.694755 0.292687 0.656335
1341839143.621854 -3.217413 -1.065386 2.585338 -0.029954 0.696021 0.293024 0.654824
1341839143.653546 -3.218636 -1.069281 2.592668 -0.032791 0.696246 0.294432 0.653817
1341839143.689669 -3.219216 -1.064419 2.593136 -0.032724 0.697019 0.294190 0.653105
1341839143.721563 -3.217947 -1.070759 2.596117 -0.035627 0.700188 0.295349 0.649027
1341839143.753557 -3.223419 -1.073886 2.614460 -0.037822 0.703090 0.298537 0.644290
1341839143.789597 -3.228109 -1.074035 2.620415 -0.036926 0.701872 0.304233 0.643005
1341839143.821488 -3.225962 -1.075980 2.614264 -0.036405 0.701661 0.303695 0.643518
1341839143.857691 -3.224602 -1.083125 2.623466 -0.040010 0.705087 0.299981 0.641298
1341839143.889668 -3.224720 -1.086360 2.632105 -0.039405 0.705004 0.302933 0.640038
1341839143.921613 -3.222092 -1.085031 2.630990 -0.037886 0.705030 0.304178 0.639510
1341839143.957679 -3.222567 -1.086378 2.636184 -0.036804 0.706476 0.304926 0.637619
1341839143.989692 -3.224283 -1.088117 2.643161 -0.037092 0.705778 0.305080 0.638301
1341839144.021612 -3.221366 -1.087726 2.644037 -0.037545 0.705500 0.304354 0.638928
1341839144.057581 -3.220474 -1.091417 2.649449 -0.037283 0.706428 0.305235 0.637496
1341839144.089682 -3.219568 -1.092537 2.654553 -0.036226 0.706264 0.306262 0.637246
1341839144.125588 -3.218124 -1.092942 2.657940 -0.035734 0.706255 0.305980 0.637419
1341839144.157579 -3.216242 -1.093645 2.660639 -0.035165 0.706911 0.305006 0.637191
1341839144.189633 -3.215542 -1.095009 2.664531 -0.034398 0.707807 0.304177 0.636634
1341839144.225642 -3.213698 -1.100011 2.667722 -0.035259 0.707495 0.305531 0.636285
1341839144.257760 -3.209876 -1.098432 2.670199 -0.035087 0.708271 0.305192 0.635594
1341839144.289779 -3.209109 -1.100835 2.671045 -0.034297 0.709557 0.305334 0.634132
1341839144.325641 -3.209116 -1.103474 2.678812 -0.034689 0.711011 0.306169 0.632076
1341839144.357603 -3.208367 -1.100136 2.680919 -0.034243 0.711114 0.307118 0.631524
1341839144.393630 -3.208985 -1.098136 2.681787 -0.032891 0.711391 0.305643 0.632000
1341839144.425526 -3.208666 -1.101359 2.686682 -0.033140 0.711222 0.305161 0.632410
1341839144.457696 -3.205790 -1.104338 2.691553 -0.033465 0.710705 0.305787 0.632672
1341839144.493799 -3.201545 -1.106473 2.693039 -0.033679 0.710783 0.305637 0.632645
1341839144.525996 -3.200601 -1.109666 2.696663 -0.032716 0.711170 0.305969 0.632099
1341839144.561696 -3.199559 -1.113630 2.702021 -0.033638 0.710002 0.307047 0.632841
1341839144.593602 -3.194394 -1.109932 2.699429 -0.033134 0.709404 0.306712 0.633700
1341839144.627771 -3.192981 -1.113450 2.699102 -0.031037 0.709830 0.307713 0.632843
1341839144.661818 -3.192995 -1.116041 2.702370 -0.031263 0.708417 0.307815 0.634364
1341839144.732548 -3.188952 -1.119859 2.704335 -0.031027 0.709351 0.303013 0.635643
1341839144.793602 -3.183656 -1.123833 2.705996 -0.031930 0.709967 0.304046 0.634416
1341839144.829602 -3.183470 -1.126158 2.704702 -0.031212 0.709764 0.303920 0.634739
1341839144.861614 -3.182081 -1.126201 2.704515 -0.031963 0.709930 0.302354 0.635264
1341839144.893704 -3.181634 -1.126108 2.704139 -0.030768 0.710306 0.300596 0.635737
1341839144.929498 -3.180193 -1.131658 2.707558 -0.031779 0.710608 0.300818 0.635244
1341839144.961563 -3.176297 -1.130158 2.708642 -0.032659 0.710881 0.301247 0.634690
1341839144.993581 -3.176388 -1.128240 2.709797 -0.031510 0.711627 0.300568 0.634234
1341839145.029623 -3.177448 -1.131118 2.711393 -0.031575 0.711421 0.300817 0.634344
1341839145.061626 -3.176423 -1.129482 2.711220 -0.032342 0.711122 0.299773 0.635134
1341839145.097529 -3.175829 -1.129986 2.712040 -0.032994 0.711589 0.297966 0.635428
1341839145.129540 -3.175930 -1.133599 2.714764 -0.033723 0.711396 0.298414 0.635396
1341839145.161548 -3.174938 -1.133848 2.715064 -0.035087 0.710877 0.298772 0.635734
1341839145.197472 -3.174879 -1.131766 2.713844 -0.036113 0.711136 0.297517 0.635976
1341839145.229600 -3.177305 -1.128543 2.714144 -0.035890 0.711495 0.296571 0.636028
1341839145.262518 -3.177411 -1.129472 2.714431 -0.037142 0.710894 0.297329 0.636275
1341839145.297552 -3.174619 -1.129479 2.714518 -0.038196 0.711625 0.297635 0.635251
1341839145.329591 -3.176967 -1.128509 2.714470 -0.036784 0.712058 0.298156 0.634605
