4519.53 0.000000 0.000000 0.000000 0.000000 0.000000 0.000000 1.000000
4519.562686 0.019948 -0.000524 0.001554 -0.002199 -0.007188 0.003173 0.999967
4519.599550 0.040688 -0.001630 0.003554 -0.004393 -0.014609 0.005217 0.999870
4519.636413 0.061077 -0.000769 0.005451 -0.006191 -0.020814 0.006741 0.999741
4519.673276 0.083422 -0.001518 0.007787 -0.009490 -0.025847 0.008412 0.999585
4519.710140 0.104290 -0.002406 0.010154 -0.013537 -0.027973 0.009415 0.999473
4519.747004 0.125194 -0.003804 0.012804 -0.016769 -0.028164 0.011037 0.999402
4519.783867 0.146456 -0.003877 0.015096 -0.018759 -0.026020 0.011683 0.999417
4519.820730 0.167756 -0.004262 0.017614 -0.019610 -0.022320 0.012316 0.999483
4519.857594 0.188268 -0.002343 0.020500 -0.018659 -0.017015 0.013167 0.999594
4519.894457 0.207489 -0.003547 0.022823 -0.019096 -0.010941 0.012732 0.999677
4519.931321 0.226381 -0.004515 0.026021 -0.020141 -0.005219 0.011576 0.999717
4519.968184 0.242975 -0.005217 0.029157 -0.020522 -0.000176 0.009979 0.999740
4520.005048 0.260970 -0.006714 0.033131 -0.020228 0.003819 0.008765 0.999750
4520.041911 0.229787 -0.015447 0.033621 -0.020756 0.019567 0.013448 0.999503
4520.078774 0.246245 -0.016416 0.038124 -0.017677 0.021531 0.012575 0.999533
4520.115638 0.261450 -0.017025 0.043167 -0.014341 0.023458 0.012314 0.999546
4520.152501 0.277573 -0.019214 0.049264 -0.013296 0.025298 0.012328 0.999516
4520.189365 0.289977 -0.024364 0.055054 -0.013941 0.026307 0.012811 0.999475
4520.226228 0.304597 -0.029160 0.064017 -0.013151 0.023801 0.013021 0.999545
4520.263092 0.319878 -0.034805 0.074553 -0.011683 0.018987 0.012387 0.999675
4520.299955 0.334092 -0.040211 0.085234 -0.009582 0.013934 0.011285 0.999793
4520.336818 0.349407 -0.048491 0.098136 -0.009113 0.010146 0.010128 0.999856
4520.373682 0.364797 -0.053655 0.109629 -0.009459 0.008154 0.011116 0.999860
4520.410546 0.381270 -0.062014 0.121810 -0.010745 0.006420 0.012308 0.999846
4520.447409 0.397426 -0.069562 0.133811 -0.010814 0.005239 0.012139 0.999854
4520.484272 0.414669 -0.078342 0.145682 -0.009862 0.005138 0.011179 0.999876
4520.521136 0.433622 -0.085337 0.156928 -0.008641 0.006222 0.011102 0.999882
4520.557999 0.451236 -0.091666 0.168343 -0.007097 0.008460 0.011598 0.999872
4520.594863 0.469261 -0.097013 0.179043 -0.005497 0.010226 0.009966 0.999883
4520.631726 0.484006 -0.108720 0.189950 -0.004819 0.012058 0.005749 0.999899
4520.668590 0.499785 -0.116816 0.201808 -0.001900 0.014708 0.001959 0.999888
4520.705453 0.513938 -0.122928 0.213417 0.001653 0.019860 0.000413 0.999801
4520.742316 0.527563 -0.128168 0.225350 0.004591 0.026278 0.000701 0.999644
4520.779180 0.542211 -0.135520 0.237142 0.005558 0.031911 0.001814 0.999474
4520.816043 0.556113 -0.144838 0.249516 0.005406 0.034914 0.002407 0.999373
4520.852907 0.569173 -0.150702 0.262072 0.006575 0.034052 0.002775 0.999395
4520.889771 0.581862 -0.156661 0.275043 0.008435 0.030135 0.003394 0.999504
4520.926634 0.593303 -0.161949 0.288365 0.010664 0.024580 0.003988 0.999633
4520.963497 0.604510 -0.171935 0.302260 0.011653 0.018517 0.002874 0.999757
4521.000361 0.617201 -0.179293 0.315655 0.013766 0.013526 -0.000139 0.999814
4521.037224 0.628234 -0.186023 0.329042 0.016921 0.011225 -0.003014 0.999789
4521.074088 0.638026 -0.189855 0.342470 0.021373 0.010773 -0.004999 0.999701
4521.110951 0.648460 -0.196767 0.356080 0.025718 0.010217 -0.008384 0.999582
4521.147814 0.660070 -0.202637 0.370223 0.030984 0.008933 -0.012933 0.999396
4521.184678 0.672649 -0.208050 0.384747 0.035714 0.006805 -0.017923 0.999178
4521.221541 0.682777 -0.215915 0.397819 0.039451 0.003409 -0.023455 0.998940
4521.258405 0.693245 -0.223026 0.412957 0.043838 -0.002021 -0.029368 0.998605
4521.295268 0.704689 -0.229734 0.429625 0.047659 -0.008924 -0.036480 0.998157
4521.332132 0.715527 -0.237867 0.443385 0.049241 -0.015738 -0.042977 0.997738
4521.368995 0.725018 -0.245957 0.460115 0.051090 -0.023274 -0.049237 0.997208
4521.405859 0.735749 -0.254200 0.477575 0.052884 -0.032182 -0.054454 0.996595
4521.442722 0.743656 -0.262038 0.493012 0.052350 -0.041643 -0.060111 0.995948
4521.479586 0.752841 -0.269330 0.508319 0.049732 -0.052540 -0.065434 0.995231
4521.516449 0.761800 -0.276676 0.524463 0.046385 -0.064676 -0.070341 0.994343
4521.553312 0.770016 -0.284589 0.541911 0.042419 -0.077108 -0.074994 0.993293
4521.590176 0.777506 -0.290050 0.559010 0.038291 -0.088391 -0.077575 0.992322
4521.627039 0.785543 -0.293678 0.574754 0.034249 -0.097761 -0.078341 0.991530
4521.663903 0.791796 -0.296096 0.591897 0.031738 -0.103796 -0.078623 0.990978
4521.700766 0.800556 -0.297519 0.608012 0.029588 -0.107898 -0.080040 0.990493
4521.737629 0.809284 -0.301540 0.625148 0.028254 -0.111520 -0.083961 0.989806
4521.774493 0.816151 -0.305802 0.642918 0.028970 -0.114677 -0.088890 0.988994
4521.811357 0.825728 -0.309383 0.659918 0.029320 -0.117999 -0.093897 0.988130
4521.848220 0.832108 -0.310536 0.676365 0.029683 -0.121404 -0.097862 0.987321
4521.885083 0.840412 -0.314098 0.694413 0.028205 -0.127478 -0.101182 0.986264
4521.921947 0.849100 -0.318238 0.714103 0.026119 -0.137231 -0.105154 0.984595
4521.958810 0.854808 -0.321423 0.731954 0.024197 -0.148637 -0.109485 0.982514
4521.995674 0.862070 -0.327291 0.751602 0.021910 -0.160641 -0.114109 0.980150
4522.032537 0.870094 -0.331655 0.770873 0.018740 -0.169696 -0.117765 0.978255
4522.069401 0.880070 -0.334890 0.786850 0.012764 -0.174471 -0.121075 0.977107
4522.106264 0.891061 -0.337119 0.803701 0.007078 -0.176041 -0.124473 0.976456
4522.143128 0.902763 -0.341842 0.819608 0.002098 -0.175445 -0.130980 0.975735
4522.179991 0.914746 -0.346912 0.834241 0.000568 -0.173582 -0.141158 0.974650
4522.216854 0.927355 -0.352323 0.850202 0.001785 -0.170274 -0.150338 0.973860
4522.253718 0.938605 -0.356504 0.864249 0.003256 -0.165215 -0.155786 0.973871
4522.290581 0.950186 -0.361314 0.877514 0.003057 -0.160109 -0.157338 0.974475
4522.327445 0.960869 -0.365724 0.890789 0.003007 -0.157297 -0.157092 0.974972
4522.364308 0.968319 -0.370916 0.902136 0.002166 -0.158079 -0.158019 0.974698
4522.401171 0.977532 -0.374145 0.915986 0.002203 -0.164157 -0.158947 0.973542
4522.438035 0.987037 -0.378322 0.930938 0.002874 -0.174514 -0.161466 0.971322
4522.474899 0.995825 -0.382684 0.943833 0.003658 -0.185382 -0.165304 0.968656
4522.511762 1.006683 -0.387197 0.957662 0.005177 -0.195848 -0.169796 0.965808
4522.548625 1.017183 -0.391312 0.970600 0.007146 -0.203984 -0.174455 0.963278
4522.585489 1.028509 -0.395133 0.982481 0.009694 -0.210922 -0.179408 0.960849
4522.622352 1.041087 -0.398878 0.996011 0.014343 -0.218234 -0.184577 0.958175
4522.659216 1.053641 -0.401473 1.008282 0.018989 -0.225503 -0.189305 0.955485
4522.696079 1.065245 -0.404778 1.020054 0.022414 -0.233271 -0.194695 0.952458
4522.732943 1.078734 -0.408148 1.033098 0.024753 -0.242192 -0.200174 0.949031
4522.769806 1.091331 -0.410873 1.044538 0.024126 -0.251996 -0.205220 0.945411
4522.806669 1.103067 -0.413242 1.054460 0.020263 -0.261672 -0.209664 0.941891
4522.843533 1.115618 -0.416453 1.063746 0.012529 -0.271822 -0.211825 0.938662
4522.880396 1.128786 -0.418586 1.073337 0.003824 -0.283966 -0.212072 0.935080
4522.917260 1.141463 -0.420088 1.081901 -0.004126 -0.297826 -0.211765 0.930827
4522.954123 1.154811 -0.421285 1.090753 -0.009993 -0.312210 -0.210468 0.926352
4522.990987 1.168610 -0.420901 1.097379 -0.015858 -0.323850 -0.207800 0.922870
4523.027850 1.184684 -0.421642 1.103824 -0.021631 -0.331588 -0.204891 0.920653
4523.064714 1.201250 -0.423166 1.110792 -0.024246 -0.335466 -0.201078 0.920023
4523.101577 1.217866 -0.424361 1.115355 -0.026128 -0.335538 -0.196980 0.920831
4523.138441 1.236471 -0.425820 1.119671 -0.028432 -0.334180 -0.193528 0.921988
4523.175304 1.257299 -0.424059 1.121865 -0.030997 -0.332729 -0.190068 0.923150
4523.212167 1.278581 -0.423696 1.125428 -0.032797 -0.332625 -0.187852 0.923578
4523.249031 1.299475 -0.424148 1.128032 -0.032977 -0.333333 -0.188246 0.923236
4523.285894 1.321537 -0.424824 1.129799 -0.032389 -0.333320 -0.190165 0.922868
4523.322758 1.345807 -0.425603 1.132931 -0.030814 -0.332403 -0.192595 0.922749
4523.359621 1.370530 -0.422546 1.133414 -0.028812 -0.329969 -0.193502 0.923497
4523.396485 1.395813 -0.420599 1.132465 -0.028726 -0.326984 -0.193720 0.924515
4523.433348 1.422512 -0.418511 1.133420 -0.028435 -0.326280 -0.192779 0.924970
4523.470212 1.447342 -0.418965 1.134089 -0.027345 -0.328070 -0.192942 0.924335
4523.507075 1.472816 -0.421246 1.134884 -0.026942 -0.330784 -0.194053 0.923147
4523.543938 1.497781 -0.422902 1.134835 -0.026436 -0.332822 -0.195909 0.922036
4523.580802 1.522245 -0.424860 1.133985 -0.026484 -0.333120 -0.197091 0.921675
4523.617665 1.548649 -0.427165 1.136123 -0.025882 -0.333649 -0.197665 0.921378
4523.654529 1.572194 -0.429816 1.136047 -0.025100 -0.334242 -0.196715 0.921388
4523.691392 1.596749 -0.434314 1.139105 -0.024259 -0.336653 -0.194509 0.921001
4523.728256 1.620642 -0.438559 1.143781 -0.022120 -0.341076 -0.192354 0.919879
4523.765119 1.643915 -0.442070 1.148119 -0.019104 -0.346551 -0.189742 0.918442
4523.801983 1.665905 -0.447102 1.154350 -0.014623 -0.352328 -0.187186 0.916849
4523.838846 1.688348 -0.451704 1.161487 -0.010376 -0.356531 -0.184571 0.915812
4523.875710 1.709751 -0.457382 1.169247 -0.007100 -0.359475 -0.182128 0.915181
4523.912573 1.730989 -0.463604 1.178394 -0.004179 -0.362090 -0.180853 0.914421
4523.949436 1.751542 -0.469116 1.186373 -0.002014 -0.365566 -0.179381 0.913335
4523.986300 1.772409 -0.471844 1.196698 0.002645 -0.371399 -0.178908 0.911070
4524.023163 1.792022 -0.478310 1.208284 0.006742 -0.379079 -0.180201 0.907624
4524.060027 1.813158 -0.482501 1.219681 0.009348 -0.385910 -0.184022 0.903948
4524.096890 1.834496 -0.485628 1.230224 0.009059 -0.390847 -0.188848 0.900829
4524.133754 1.853741 -0.490908 1.240063 0.007377 -0.394794 -0.194563 0.897902
4524.170617 1.872102 -0.492744 1.248586 0.005976 -0.397910 -0.199897 0.895362
4524.207481 1.890562 -0.496603 1.257593 0.002351 -0.400222 -0.205030 0.893185
4524.244344 1.910251 -0.499356 1.265998 -0.002143 -0.402418 -0.209436 0.891175
4524.281207 1.927953 -0.503525 1.272280 -0.005055 -0.405708 -0.213813 0.888628
4524.318071 1.946213 -0.506470 1.281499 -0.004999 -0.410930 -0.215445 0.885830
4524.354934 1.963666 -0.508749 1.289343 -0.003818 -0.416044 -0.216099 0.883286
4524.391798 1.982078 -0.508409 1.294985 -0.003843 -0.419312 -0.215898 0.881788
4524.428661 2.001308 -0.512970 1.301881 -0.007245 -0.421417 -0.215878 0.880768
4524.465524 2.022662 -0.511731 1.309425 -0.010070 -0.423907 -0.215369 0.879669
4524.502388 2.041021 -0.514000 1.315185 -0.012719 -0.427158 -0.215938 0.877921
4524.539252 2.062485 -0.515138 1.321447 -0.014519 -0.431566 -0.217255 0.875409
4524.576115 2.084668 -0.513108 1.327132 -0.015474 -0.435500 -0.218153 0.873218
4524.612978 2.107978 -0.510222 1.332075 -0.015699 -0.438801 -0.218686 0.871426
4524.649842 2.131374 -0.510423 1.338451 -0.015877 -0.441781 -0.219816 0.869631
4524.686705 2.154521 -0.511103 1.346752 -0.016868 -0.444002 -0.220095 0.868410
4524.723569 2.178762 -0.510795 1.354239 -0.019350 -0.444620 -0.221115 0.867783
4524.760432 2.201783 -0.513191 1.361316 -0.023655 -0.445276 -0.222869 0.866891
4524.797296 2.223705 -0.517152 1.367246 -0.027670 -0.447020 -0.225517 0.865188
4524.834159 2.245409 -0.521325 1.374130 -0.031219 -0.449629 -0.227526 0.863187
4524.871022 2.267320 -0.523101 1.381486 -0.033530 -0.451451 -0.229130 0.861723
4524.907886 2.288490 -0.526267 1.389145 -0.035916 -0.451509 -0.228852 0.861671
4524.944749 2.310171 -0.531371 1.397071 -0.036405 -0.450756 -0.228466 0.862147
4524.981613 2.330863 -0.537888 1.405418 -0.035328 -0.448866 -0.227126 0.863531
4525.018476 2.351039 -0.543938 1.415633 -0.032003 -0.447360 -0.225136 0.864962
4525.055340 2.370210 -0.552080 1.426476 -0.029141 -0.446219 -0.222464 0.866342
4525.092203 2.388018 -0.558656 1.436958 -0.026746 -0.446230 -0.219003 0.867295
4525.129067 2.405288 -0.565574 1.448334 -0.024899 -0.448473 -0.216053 0.866933
4525.165930 2.420092 -0.572657 1.456827 -0.023832 -0.452139 -0.214269 0.865500
4525.202794 2.435831 -0.577286 1.467534 -0.021417 -0.458087 -0.213541 0.862611
4525.239657 2.451016 -0.585407 1.479987 -0.018989 -0.464856 -0.214146 0.858889
4525.276520 2.465980 -0.592893 1.493655 -0.016040 -0.471729 -0.215158 0.854940
4525.313384 2.479831 -0.600113 1.505992 -0.012757 -0.477509 -0.216090 0.851544
4525.350247 2.494764 -0.608461 1.520193 -0.009553 -0.482102 -0.216527 0.848883
4525.387111 2.509738 -0.616111 1.537747 -0.006527 -0.486238 -0.215315 0.846859
4525.423974 2.521908 -0.626920 1.554230 -0.004315 -0.489609 -0.215090 0.844985
4525.460838 2.535257 -0.636239 1.574024 -0.003925 -0.492489 -0.216335 0.842994
4525.497701 2.548417 -0.643680 1.591209 -0.006258 -0.494173 -0.219186 0.841256
4525.534564 2.559155 -0.649643 1.608390 -0.008471 -0.496150 -0.222178 0.839285
4525.571428 2.569846 -0.656398 1.626635 -0.010048 -0.498786 -0.224336 0.837129
4525.608291 2.577489 -0.662756 1.645064 -0.010721 -0.501264 -0.224856 0.835500
4525.645155 2.584938 -0.668603 1.663686 -0.011101 -0.503276 -0.224098 0.834488
4525.682018 2.590457 -0.674792 1.681087 -0.013087 -0.503761 -0.222952 0.834473
4525.718882 2.597736 -0.681846 1.698632 -0.016134 -0.503624 -0.222873 0.834524
4525.755745 2.602398 -0.689529 1.716229 -0.019276 -0.504017 -0.222449 0.834333
4525.792609 2.606843 -0.693903 1.732540 -0.021076 -0.505390 -0.221360 0.833748
4525.829472 2.611765 -0.699315 1.752805 -0.022149 -0.508066 -0.219810 0.832503
4525.866336 2.614290 -0.704107 1.770845 -0.022569 -0.509478 -0.218821 0.831890
4525.903199 2.617109 -0.711774 1.790105 -0.024032 -0.509969 -0.218972 0.831508
4525.940063 2.619244 -0.720684 1.809504 -0.026914 -0.509530 -0.219733 0.831488
4525.976926 2.620382 -0.728236 1.829814 -0.029377 -0.509115 -0.220860 0.831360
4526.013789 2.622678 -0.734219 1.851092 -0.031020 -0.509258 -0.222801 0.830695
4526.050653 2.623666 -0.742063 1.874871 -0.032949 -0.509423 -0.224756 0.829993
4526.087516 2.624125 -0.749619 1.898017 -0.035121 -0.508231 -0.226051 0.830282
4526.124380 2.621225 -0.758970 1.919199 -0.037685 -0.505683 -0.227273 0.831391
4526.161243 2.620228 -0.767331 1.943010 -0.039135 -0.504283 -0.229204 0.831644
4526.198107 2.619614 -0.775688 1.966730 -0.040394 -0.503125 -0.230257 0.831995
4526.234970 2.620129 -0.783421 1.991095 -0.042658 -0.502234 -0.230020 0.832486
4526.271834 2.619823 -0.790197 2.013413 -0.047418 -0.500319 -0.228792 0.833718
4526.308697 2.619178 -0.799097 2.034567 -0.053784 -0.499759 -0.227897 0.833913
4526.345560 2.617105 -0.807334 2.055886 -0.058337 -0.501649 -0.226691 0.832800
4526.382424 2.616338 -0.814607 2.076099 -0.061470 -0.504499 -0.225814 0.831089
4526.419287 2.615843 -0.821308 2.097027 -0.064190 -0.507037 -0.224048 0.829817
4526.456151 2.617696 -0.826561 2.118126 -0.066956 -0.508140 -0.222791 0.829262
4526.493014 2.619149 -0.831180 2.137513 -0.069972 -0.506955 -0.221950 0.829963
4526.529877 2.622594 -0.835439 2.157157 -0.072368 -0.505725 -0.222115 0.830463
4526.566741 2.625075 -0.841347 2.177004 -0.074319 -0.504171 -0.222151 0.831227
4526.603605 2.628248 -0.847047 2.198113 -0.074631 -0.503611 -0.222567 0.831426
4526.640468 2.631070 -0.853140 2.218671 -0.075154 -0.503213 -0.223675 0.831323
4526.677331 2.635116 -0.859749 2.239609 -0.076069 -0.503694 -0.225820 0.830368
4526.714195 2.639584 -0.866398 2.260160 -0.076110 -0.505687 -0.228028 0.828547
4526.751058 2.644045 -0.873923 2.280618 -0.075312 -0.508818 -0.230071 0.826136
4526.787922 2.649702 -0.882084 2.302006 -0.073565 -0.511988 -0.232070 0.823772
4526.824785 2.656499 -0.890407 2.323006 -0.071135 -0.513884 -0.233869 0.822294
4526.861649 2.664280 -0.899736 2.344963 -0.067931 -0.515405 -0.235768 0.821070
4526.898512 2.672544 -0.909739 2.366433 -0.064993 -0.515881 -0.238217 0.820302
4526.935375 2.681338 -0.920829 2.387659 -0.063704 -0.515360 -0.241680 0.819718
4526.972239 2.690053 -0.931898 2.408822 -0.061965 -0.515520 -0.245373 0.818652
4527.009102 2.698743 -0.942759 2.430104 -0.059259 -0.516092 -0.249614 0.817209
4527.045966 2.707127 -0.953371 2.451072 -0.057798 -0.515745 -0.253599 0.816305
4527.082829 2.715850 -0.963750 2.471382 -0.057040 -0.514745 -0.257441 0.815787
4527.119693 2.723658 -0.973996 2.491199 -0.055475 -0.514582 -0.260639 0.814982
4527.156556 2.730623 -0.983694 2.510726 -0.052613 -0.515025 -0.263111 0.814097
4527.193420 2.736736 -0.993128 2.529803 -0.049701 -0.515189 -0.264077 0.813863
4527.230283 2.742924 -1.002321 2.548256 -0.048611 -0.513899 -0.264737 0.814530
4527.267147 2.748608 -1.011183 2.567428 -0.047773 -0.513111 -0.265092 0.814961
4527.304010 2.752720 -1.019993 2.585778 -0.045910 -0.513229 -0.265052 0.815007
4527.340873 2.756387 -1.027756 2.604254 -0.043609 -0.514525 -0.263943 0.814675
4527.377737 2.759433 -1.034417 2.622714 -0.041156 -0.516241 -0.262655 0.814134
4527.414600 2.761716 -1.041205 2.642270 -0.039034 -0.517527 -0.261860 0.813678
4527.451464 2.763463 -1.048318 2.662140 -0.038738 -0.517402 -0.260903 0.814079
4527.488327 2.764490 -1.055423 2.682427 -0.040217 -0.516341 -0.260283 0.814879
4527.525191 2.764320 -1.062857 2.703562 -0.041730 -0.516285 -0.259825 0.814984
4527.562054 2.763060 -1.070336 2.724855 -0.042580 -0.517928 -0.259457 0.814014
4527.598917 2.761399 -1.078382 2.747491 -0.042685 -0.521578 -0.260515 0.811336
4527.635781 2.758909 -1.086319 2.769218 -0.042467 -0.524689 -0.261901 0.808892
4527.672644 2.757243 -1.095034 2.791145 -0.043089 -0.526040 -0.263387 0.807497
4527.709508 2.756082 -1.103359 2.812239 -0.043987 -0.525085 -0.264834 0.807598
4527.746372 2.755013 -1.112219 2.832812 -0.044504 -0.522507 -0.267592 0.808332
4527.783235 2.755285 -1.121244 2.854350 -0.044511 -0.519532 -0.272592 0.808578
4527.820098 2.755323 -1.129468 2.875006 -0.043206 -0.516535 -0.278256 0.808640
4527.856962 2.754968 -1.137755 2.894941 -0.042326 -0.513847 -0.283968 0.808414
4527.893825 2.754838 -1.144787 2.914079 -0.042391 -0.511937 -0.287644 0.808322
4527.930689 2.754435 -1.150582 2.932668 -0.044260 -0.511158 -0.288926 0.808258
4527.967552 2.754235 -1.156289 2.950490 -0.047689 -0.512240 -0.289777 0.807072
4528.004415 2.753838 -1.160732 2.968206 -0.050036 -0.516604 -0.290335 0.803942
4528.041279 2.753010 -1.165428 2.985535 -0.051553 -0.523273 -0.291808 0.798984
4528.078142 2.752207 -1.170270 3.003671 -0.051913 -0.530592 -0.293682 0.793428
4528.115006 2.752159 -1.174851 3.021407 -0.051619 -0.536200 -0.295839 0.788863
4528.151869 2.752553 -1.179606 3.038674 -0.049702 -0.540010 -0.297921 0.785597
4528.188733 2.752996 -1.185714 3.055836 -0.045572 -0.542799 -0.301699 0.782477
4528.225596 2.754334 -1.192405 3.073638 -0.040164 -0.545673 -0.306622 0.778852
4528.262460 2.755798 -1.199895 3.091089 -0.034676 -0.549174 -0.311560 0.774684
4528.299323 2.757695 -1.207698 3.108772 -0.030269 -0.554144 -0.315497 0.769720
4528.336187 2.760234 -1.215511 3.126314 -0.028064 -0.559482 -0.319346 0.764336
4528.373050 2.763060 -1.223705 3.143329 -0.028006 -0.564169 -0.323383 0.759179
4528.409913 2.765509 -1.231962 3.160601 -0.027368 -0.570275 -0.325470 0.753729
4528.446777 2.767039 -1.240122 3.177449 -0.025820 -0.577619 -0.327273 0.747383
4528.483640 2.768234 -1.248286 3.193786 -0.025996 -0.583800 -0.330201 0.741262
4528.520504 2.768958 -1.256442 3.209745 -0.028358 -0.588388 -0.333203 0.736187
4528.557367 2.768033 -1.264452 3.224107 -0.031508 -0.592703 -0.334802 0.731860
4528.594230 2.766342 -1.271836 3.237778 -0.033694 -0.597903 -0.335167 0.727351
4528.631094 2.763492 -1.279356 3.252473 -0.035703 -0.603719 -0.335163 0.722436
4528.667958 2.759757 -1.286654 3.266566 -0.038074 -0.609045 -0.335330 0.717752
4528.704821 2.755511 -1.293601 3.281074 -0.039895 -0.614605 -0.334775 0.713159
4528.741684 2.750714 -1.299776 3.294525 -0.041053 -0.620115 -0.333254 0.709023
4528.778548 2.744866 -1.305955 3.307005 -0.041373 -0.625368 -0.331386 0.705257
4528.815411 2.737824 -1.311881 3.320007 -0.039730 -0.630816 -0.329251 0.701489
4528.852275 2.729576 -1.317888 3.333023 -0.037243 -0.635381 -0.328143 0.698016
4528.889138 2.720511 -1.323630 3.345277 -0.035133 -0.638602 -0.327976 0.695259
4528.926002 2.709753 -1.329575 3.358187 -0.033256 -0.641917 -0.328727 0.691936
4528.962865 2.697668 -1.335477 3.370663 -0.031311 -0.646039 -0.329835 0.687650
4528.999729 2.684615 -1.341487 3.383351 -0.029318 -0.651173 -0.331287 0.682175
4529.036592 2.670731 -1.348240 3.395755 -0.028180 -0.655873 -0.333421 0.676659
4529.073455 2.657457 -1.354547 3.407505 -0.028587 -0.659356 -0.336654 0.671637
4529.110319 2.644419 -1.361228 3.419597 -0.029492 -0.662894 -0.340639 0.666084
4529.147182 2.631682 -1.367368 3.430365 -0.029221 -0.666724 -0.343577 0.660742
4529.184046 2.618811 -1.374611 3.442016 -0.028167 -0.670489 -0.347692 0.654798
4529.220909 2.606493 -1.381503 3.452454 -0.026753 -0.673123 -0.352371 0.649634
4529.257773 2.594721 -1.388221 3.463061 -0.025374 -0.675202 -0.355863 0.645615
4529.294636 2.582811 -1.394955 3.473738 -0.023877 -0.677455 -0.357327 0.642496
4529.331500 2.570896 -1.401579 3.484169 -0.024061 -0.679156 -0.357730 0.640466
4529.368363 2.560330 -1.407228 3.495066 -0.025790 -0.680939 -0.357661 0.638542
4529.405226 2.549450 -1.412660 3.506635 -0.028107 -0.684063 -0.357340 0.635276
4529.442090 2.538978 -1.417588 3.518785 -0.029922 -0.688736 -0.356963 0.630336
4529.478953 2.528235 -1.422221 3.529639 -0.030080 -0.694245 -0.357452 0.623977
4529.515817 2.517099 -1.427106 3.541074 -0.029632 -0.698914 -0.358673 0.618057
4529.552680 2.506532 -1.431687 3.553045 -0.028898 -0.702188 -0.359670 0.613787
4529.589544 2.496368 -1.436766 3.565908 -0.027781 -0.704962 -0.360532 0.610142
4529.626407 2.486638 -1.442455 3.579098 -0.025089 -0.708517 -0.361610 0.605486
4529.663270 2.477126 -1.448324 3.592663 -0.021091 -0.713598 -0.361865 0.599488
4529.700134 2.468543 -1.454682 3.605766 -0.018079 -0.718058 -0.362965 0.593567
4529.736997 2.459933 -1.461752 3.619792 -0.016266 -0.722311 -0.364981 0.587189
4529.773861 2.451384 -1.468701 3.633151 -0.015270 -0.726536 -0.366710 0.580893
4529.810724 2.442596 -1.476351 3.646406 -0.014435 -0.731208 -0.369255 0.573390
4529.847588 2.434070 -1.483768 3.658861 -0.012671 -0.736488 -0.372208 0.564700
4529.884451 2.425716 -1.491724 3.670873 -0.010950 -0.741052 -0.376240 0.556026
4529.921315 2.417530 -1.499734 3.683259 -0.009608 -0.744728 -0.380456 0.548217
4529.958178 2.409909 -1.507411 3.695140 -0.008353 -0.747288 -0.384012 0.542242
4529.995042 2.401841 -1.514738 3.706343 -0.006818 -0.749676 -0.386095 0.537466
4530.031905 2.393764 -1.522167 3.717107 -0.005706 -0.751924 -0.387807 0.533088
4530.068768 2.385818 -1.529036 3.727166 -0.004501 -0.754548 -0.388972 0.528525
4530.105632 2.376527 -1.535715 3.736708 -0.003760 -0.757919 -0.388669 0.523910
4530.142495 2.366706 -1.542099 3.745578 -0.003791 -0.761488 -0.387405 0.519652
4530.179359 2.356451 -1.548367 3.753538 -0.004021 -0.765662 -0.385577 0.514855
4530.216222 2.344960 -1.554692 3.762017 -0.004611 -0.770309 -0.383490 0.509449
4530.253086 2.332623 -1.560507 3.770235 -0.004556 -0.775247 -0.380868 0.503895
4530.289949 2.319341 -1.566319 3.777270 -0.003151 -0.779549 -0.378541 0.498999
4530.326813 2.304845 -1.572248 3.784283 -0.000908 -0.782663 -0.376147 0.495936
4530.363676 2.289767 -1.577878 3.792000 0.001591 -0.784232 -0.373725 0.495285
4530.400540 2.273408 -1.583033 3.799180 0.004624 -0.784955 -0.371363 0.495896
4530.437403 2.256714 -1.587939 3.806562 0.007468 -0.785458 -0.369777 0.496251
4530.474266 2.238314 -1.592855 3.812787 0.011171 -0.787076 -0.368090 0.494870
4530.511130 2.219059 -1.597932 3.818839 0.014982 -0.789725 -0.365903 0.492163
4530.547993 2.199718 -1.602857 3.824274 0.016770 -0.792085 -0.364110 0.489636
4530.584857 2.179985 -1.607701 3.829530 0.016366 -0.794367 -0.362770 0.486940
4530.621720 2.159840 -1.612259 3.834458 0.015731 -0.797590 -0.361060 0.482948
4530.658584 2.140061 -1.616852 3.837955 0.015207 -0.800784 -0.359903 0.478522
4530.695447 2.121001 -1.620978 3.842050 0.014924 -0.802807 -0.360112 0.474971
4530.732311 2.102406 -1.625008 3.844159 0.016969 -0.803821 -0.362200 0.471587
4530.769174 2.083413 -1.628033 3.847014 0.020091 -0.804462 -0.363655 0.469247
4530.806037 2.065113 -1.630226 3.849477 0.024235 -0.804337 -0.365141 0.468110
4530.842901 2.047463 -1.631266 3.853295 0.027542 -0.803483 -0.365837 0.468849
4530.879764 2.029561 -1.631547 3.856260 0.028672 -0.801959 -0.366062 0.471210
4530.916628 2.012376 -1.630721 3.859575 0.028046 -0.800306 -0.367216 0.473157
4530.953491 1.995164 -1.629728 3.862487 0.026690 -0.799681 -0.370050 0.472082
4530.990355 1.976996 -1.627954 3.865198 0.025256 -0.801145 -0.372826 0.467471
4531.027218 1.958618 -1.626017 3.867587 0.023231 -0.803646 -0.375814 0.460845
4531.064082 1.939180 -1.624448 3.870054 0.020861 -0.806789 -0.378893 0.452876
4531.100945 1.919519 -1.623106 3.873104 0.018989 -0.809807 -0.381505 0.445316
4531.137808 1.900071 -1.621638 3.876428 0.018502 -0.812408 -0.383600 0.438751
4531.174672 1.880243 -1.620682 3.880410 0.018066 -0.814235 -0.385624 0.433577
4531.211535 1.860538 -1.620308 3.885012 0.017136 -0.815237 -0.388028 0.429570
4531.248399 1.840744 -1.620224 3.890393 0.016115 -0.816147 -0.390267 0.425837
4531.285262 1.820863 -1.620141 3.896039 0.015269 -0.817805 -0.391723 0.421326
4531.322125 1.800453 -1.620479 3.901766 0.015960 -0.820501 -0.392572 0.415223
4531.358989 1.779742 -1.621492 3.907237 0.017517 -0.823314 -0.393898 0.408278
4531.395853 1.759786 -1.622963 3.911512 0.019004 -0.825142 -0.396063 0.402385
4531.432716 1.738809 -1.625308 3.916391 0.020663 -0.826474 -0.398609 0.397019
4531.469579 1.718647 -1.627507 3.918777 0.023307 -0.827295 -0.401362 0.392362
4531.506443 1.698723 -1.629640 3.920772 0.025038 -0.828057 -0.403600 0.388332
4531.543306 1.679558 -1.630969 3.921175 0.025744 -0.828809 -0.406001 0.384157
4531.580170 1.660420 -1.631736 3.920890 0.025319 -0.830465 -0.408063 0.378380
4531.617033 1.641233 -1.631693 3.920277 0.024757 -0.833087 -0.410033 0.370441
4531.653897 1.621459 -1.630768 3.919649 0.023206 -0.836039 -0.411690 0.361955
4531.690760 1.602415 -1.628696 3.918509 0.020483 -0.838388 -0.413138 0.354971
4531.727623 1.583142 -1.625878 3.916785 0.017214 -0.839855 -0.414814 0.349682
4531.764487 1.563473 -1.622585 3.914639 0.014869 -0.840972 -0.416913 0.344571
4531.801350 1.543362 -1.618916 3.910949 0.012561 -0.841442 -0.419590 0.340238
4531.838214 1.522831 -1.614345 3.907851 0.011219 -0.842049 -0.421699 0.336151
4531.875077 1.501873 -1.609283 3.903590 0.010519 -0.842505 -0.423657 0.332549
4531.911941 1.480708 -1.603813 3.899445 0.009256 -0.842769 -0.425662 0.329344
4531.948804 1.459144 -1.597861 3.894256 0.008453 -0.843601 -0.427391 0.324964
4531.985668 1.437932 -1.592488 3.888058 0.007640 -0.844447 -0.429569 0.319877
4532.022531 1.416862 -1.586850 3.881087 0.006675 -0.846059 -0.430312 0.314596
4532.059395 1.396563 -1.581977 3.874550 0.004781 -0.847180 -0.430872 0.310826
4532.096258 1.376430 -1.577867 3.867134 0.002096 -0.847055 -0.432239 0.309293
4532.133121 1.357417 -1.574997 3.859718 -0.000197 -0.845976 -0.435479 0.307706
4532.169985 1.339019 -1.571913 3.852816 -0.000733 -0.845602 -0.438623 0.304249
4532.206848 1.321110 -1.569267 3.845468 0.000568 -0.846506 -0.440285 0.299292
4532.243712 1.303243 -1.566391 3.838911 0.002544 -0.848356 -0.439955 0.294490
4532.280575 1.285493 -1.564231 3.833329 0.004641 -0.849431 -0.440051 0.291205
4532.317439 1.267564 -1.562560 3.828030 0.006629 -0.849004 -0.441571 0.290109
4532.354302 1.249836 -1.560676 3.823971 0.007986 -0.847944 -0.443298 0.290541
4532.391165 1.232018 -1.558529 3.819801 0.008915 -0.847275 -0.444589 0.290494
4532.428029 1.213036 -1.556528 3.816434 0.009267 -0.847509 -0.445761 0.287991
4532.464893 1.194532 -1.554156 3.812432 0.008925 -0.848157 -0.447068 0.284043
4532.501756 1.175253 -1.552052 3.808520 0.007605 -0.849068 -0.448653 0.278812
4532.538620 1.155836 -1.550095 3.805176 0.006279 -0.850649 -0.449851 0.272014
4532.575483 1.135948 -1.548374 3.801283 0.004849 -0.852656 -0.450088 0.265282
4532.612346 1.115166 -1.547831 3.797922 0.003273 -0.854839 -0.449790 0.258704
4532.649210 1.095221 -1.547726 3.795294 0.002803 -0.857312 -0.448663 0.252408
4532.686073 1.073914 -1.548445 3.791981 0.002846 -0.859806 -0.447477 0.245945
4532.722937 1.053282 -1.549923 3.789846 0.002821 -0.861516 -0.447411 0.240012
4532.759800 1.033023 -1.552411 3.788832 0.002010 -0.862690 -0.448304 0.234064
4532.796664 1.013604 -1.554586 3.787422 0.001840 -0.864799 -0.447974 0.226802
4532.833527 0.994196 -1.556605 3.785530 0.002623 -0.867609 -0.446504 0.218820
4532.870390 0.976183 -1.558512 3.783289 0.003215 -0.869145 -0.446191 0.213285
4532.907254 0.959507 -1.560504 3.782682 0.003526 -0.869674 -0.446895 0.209618
4532.944117 0.943556 -1.562117 3.780579 0.004760 -0.869924 -0.447783 0.206642
4532.980981 0.928135 -1.563286 3.778086 0.007673 -0.870905 -0.447681 0.202600
4533.017844 0.913127 -1.564421 3.775166 0.010591 -0.871836 -0.447662 0.198466
4533.054708 0.899751 -1.564583 3.772203 0.012683 -0.872712 -0.447132 0.195668
4533.091571 0.886206 -1.564587 3.767997 0.013830 -0.873140 -0.447085 0.193780
4533.128435 0.872920 -1.564383 3.763484 0.014157 -0.873468 -0.447008 0.192448
4533.165298 0.860005 -1.563410 3.758036 0.014629 -0.874033 -0.446436 0.191172
4533.202161 0.847323 -1.562147 3.751574 0.014835 -0.874656 -0.445781 0.189831
4533.239025 0.834925 -1.559873 3.744567 0.014627 -0.875399 -0.444682 0.188998
4533.275888 0.822344 -1.557722 3.736762 0.015105 -0.876074 -0.443589 0.188400
4533.312752 0.810522 -1.555306 3.728197 0.016879 -0.876270 -0.442672 0.189493
4533.349615 0.798265 -1.553367 3.718892 0.019523 -0.876224 -0.441678 0.191757
4533.386478 0.787886 -1.550919 3.709667 0.023246 -0.875834 -0.440924 0.194837
4533.423342 0.776985 -1.548297 3.699365 0.027982 -0.875410 -0.440569 0.196912
4533.460206 0.768150 -1.545201 3.689612 0.033264 -0.874900 -0.440427 0.198665
4533.497069 0.759315 -1.541610 3.679604 0.038115 -0.874278 -0.440377 0.200634
4533.533932 0.750878 -1.537819 3.670453 0.042884 -0.873602 -0.440222 0.202940
4533.570796 0.742260 -1.534258 3.660585 0.048527 -0.872671 -0.440634 0.204773
4533.607659 0.733321 -1.530653 3.650527 0.054466 -0.871936 -0.440471 0.206750
4533.644523 0.725996 -1.526180 3.640832 0.059641 -0.871237 -0.439509 0.210289
4533.681386 0.719915 -1.521655 3.631347 0.063503 -0.870029 -0.439255 0.214644
4533.718250 0.714467 -1.516334 3.620577 0.066615 -0.869194 -0.438638 0.218312
4533.755113 0.707643 -1.511373 3.610127 0.068057 -0.868568 -0.438780 0.220070
4533.791976 0.702508 -1.505796 3.600116 0.066898 -0.867575 -0.440859 0.220186
4533.828840 0.697988 -1.499035 3.588178 0.062815 -0.866274 -0.444539 0.219107
4533.865703 0.694002 -1.491771 3.576406 0.056823 -0.864865 -0.449629 0.215901
4533.902567 0.689534 -1.483739 3.565702 0.050618 -0.864137 -0.454345 0.210416
4533.939430 0.685738 -1.474178 3.553816 0.046112 -0.864844 -0.456236 0.204370
4533.976294 0.681914 -1.464551 3.542754 0.044571 -0.866138 -0.456141 0.199383
4534.013157 0.677799 -1.454475 3.531783 0.045279 -0.866772 -0.456054 0.196647
4534.050021 0.675432 -1.444525 3.520954 0.047050 -0.865412 -0.457987 0.197726
4534.086884 0.672344 -1.435386 3.511391 0.048783 -0.862701 -0.461619 0.200686
4534.123748 0.670238 -1.425631 3.501597 0.050362 -0.859610 -0.465855 0.203749
4534.160611 0.668862 -1.415679 3.492576 0.051000 -0.856476 -0.470588 0.205899
4534.197474 0.668051 -1.405669 3.484268 0.050195 -0.853860 -0.475181 0.206414
4534.234338 0.667982 -1.395478 3.477165 0.048231 -0.851857 -0.479457 0.205267
4534.271201 0.669274 -1.385356 3.470902 0.045696 -0.849779 -0.484110 0.203531
4534.308065 0.670274 -1.375478 3.464900 0.042119 -0.848245 -0.488224 0.200858
4534.344928 0.673011 -1.366584 3.459990 0.038168 -0.845970 -0.493192 0.199094
4534.381792 0.675609 -1.358654 3.456018 0.034469 -0.843475 -0.498039 0.198290
4534.418655 0.679124 -1.351764 3.453697 0.031221 -0.841222 -0.501880 0.198712
4534.455518 0.683790 -1.345782 3.452186 0.028330 -0.838445 -0.505357 0.202043
4534.492382 0.688749 -1.340936 3.451563 0.025602 -0.835620 -0.508258 0.206778
4534.529245 0.694977 -1.336921 3.452003 0.024113 -0.832752 -0.510602 0.212671
4534.566109 0.702724 -1.333045 3.452731 0.024053 -0.830072 -0.512188 0.219238
4534.602973 0.711206 -1.330084 3.454662 0.024167 -0.826833 -0.514300 0.226405
4534.639836 0.721342 -1.326971 3.457076 0.024709 -0.823585 -0.516241 0.233652
4534.676699 0.732709 -1.324538 3.460083 0.024273 -0.819730 -0.518969 0.241090
4534.713563 0.745234 -1.322390 3.463233 0.023538 -0.816256 -0.521749 0.246880
4534.750426 0.759202 -1.321053 3.466431 0.022967 -0.813755 -0.523833 0.250748
4534.787290 0.773448 -1.320737 3.469103 0.022005 -0.812382 -0.524667 0.253526
4534.824153 0.788646 -1.321821 3.471434 0.021235 -0.811565 -0.524776 0.255974
4534.861017 0.803685 -1.324472 3.473783 0.019617 -0.811372 -0.523469 0.259365
4534.897880 0.819116 -1.328915 3.476256 0.017439 -0.811098 -0.521577 0.264148
4534.934743 0.834786 -1.334563 3.478629 0.015582 -0.810735 -0.519319 0.269766
4534.971607 0.850356 -1.341078 3.481518 0.013382 -0.810287 -0.516630 0.276316
4535.008470 0.865506 -1.348127 3.484401 0.009933 -0.809457 -0.514032 0.283641
4535.045334 0.880986 -1.354737 3.487265 0.006323 -0.808873 -0.511499 0.289919
4535.082197 0.896520 -1.361378 3.490050 0.003283 -0.809172 -0.509198 0.293166
4535.119061 0.910791 -1.367440 3.491246 0.001889 -0.811473 -0.505516 0.293192
4535.155924 0.925209 -1.373231 3.492064 0.001978 -0.813850 -0.501801 0.292985
4535.192788 0.939303 -1.378869 3.492268 0.002021 -0.814635 -0.499561 0.294626
4535.229651 0.953295 -1.384536 3.492010 0.002712 -0.813822 -0.499513 0.296940
4535.266514 0.967203 -1.388778 3.490460 0.004117 -0.812949 -0.499633 0.299103
4535.303378 0.980927 -1.392611 3.489200 0.005723 -0.812366 -0.499766 0.300436
4535.340241 0.995106 -1.395156 3.488056 0.006986 -0.812399 -0.498620 0.302221
4535.377105 1.009145 -1.397170 3.486778 0.007486 -0.812292 -0.496873 0.305356
4535.413968 1.023810 -1.398557 3.486067 0.007351 -0.811851 -0.494860 0.309770
4535.450831 1.039089 -1.399155 3.485259 0.007189 -0.811445 -0.492592 0.314418
4535.487695 1.054985 -1.399220 3.484475 0.006059 -0.810807 -0.490461 0.319381
4535.524559 1.071006 -1.398824 3.482435 0.004824 -0.810514 -0.488044 0.323815
4535.561422 1.087930 -1.398450 3.480157 0.003544 -0.810580 -0.485487 0.327490
4535.598285 1.105629 -1.397989 3.477405 0.003400 -0.810935 -0.482846 0.330503
4535.635149 1.123547 -1.397990 3.473598 0.004204 -0.811534 -0.479976 0.333193
4535.672012 1.142209 -1.398168 3.470411 0.005502 -0.811938 -0.476769 0.336774
4535.708876 1.160991 -1.399340 3.467094 0.006638 -0.810761 -0.475558 0.341273
4535.745739 1.180070 -1.401052 3.463818 0.008152 -0.809535 -0.474158 0.346065
4535.782603 1.199584 -1.403584 3.460329 0.008922 -0.808189 -0.472755 0.351076
4535.819466 1.219100 -1.406051 3.455911 0.009595 -0.807644 -0.470648 0.355118
4535.856330 1.238150 -1.409381 3.450591 0.010810 -0.808880 -0.467270 0.356728
4535.893193 1.257113 -1.412179 3.444321 0.012254 -0.811180 -0.462318 0.357910
4535.930056 1.276399 -1.415841 3.438650 0.013575 -0.813181 -0.457683 0.359276
4535.966920 1.295334 -1.418994 3.432968 0.015371 -0.814988 -0.453220 0.360764
4536.003783 1.313883 -1.423153 3.428132 0.017904 -0.816060 -0.449911 0.362362
4536.040647 1.332436 -1.426236 3.424119 0.020332 -0.816628 -0.446281 0.365429
4536.077510 1.350760 -1.428783 3.420674 0.022988 -0.816351 -0.442917 0.369956
4536.114374 1.368635 -1.431457 3.417023 0.025483 -0.815953 -0.439649 0.374539
4536.151237 1.386931 -1.432797 3.413941 0.027965 -0.815500 -0.436176 0.379379
4536.188101 1.405992 -1.434525 3.412891 0.029222 -0.814242 -0.433332 0.385200
4536.224964 1.425832 -1.435384 3.412133 0.030148 -0.813026 -0.429843 0.391554
4536.261827 1.445834 -1.435578 3.412224 0.030450 -0.812233 -0.425286 0.398099
4536.298691 1.467401 -1.435716 3.411999 0.029418 -0.810969 -0.421465 0.404761
4536.335554 1.488919 -1.436270 3.411847 0.027107 -0.810214 -0.417391 0.410612
4536.372418 1.512235 -1.437193 3.411914 0.023721 -0.810065 -0.413253 0.415276
4536.409281 1.535958 -1.438313 3.411152 0.019766 -0.810177 -0.409012 0.419441
4536.446145 1.560641 -1.440183 3.411144 0.014916 -0.809968 -0.405426 0.423507
4536.483008 1.585982 -1.442154 3.412462 0.010428 -0.809829 -0.401842 0.427307
4536.519871 1.611865 -1.444521 3.413135 0.004517 -0.808355 -0.398878 0.432941
4536.556735 1.637922 -1.447261 3.414289 -0.001265 -0.805715 -0.396750 0.439786
4536.593598 1.662684 -1.450310 3.415138 -0.004913 -0.802834 -0.394676 0.446838
4536.630462 1.687803 -1.453977 3.415778 -0.006242 -0.799101 -0.393375 0.454593
4536.667325 1.713274 -1.456721 3.414410 -0.005135 -0.794575 -0.392612 0.463121
4536.704189 1.737313 -1.459743 3.412369 -0.002826 -0.790034 -0.392528 0.470915
4536.741052 1.761006 -1.461643 3.409955 0.000598 -0.786426 -0.392149 0.477234
4536.777916 1.783902 -1.462905 3.405649 0.004331 -0.784012 -0.391348 0.481823
4536.814779 1.805536 -1.463492 3.401682 0.008125 -0.782450 -0.390693 0.484835
4536.851643 1.826885 -1.463438 3.396029 0.011545 -0.780733 -0.391151 0.487159
4536.888506 1.848671 -1.461667 3.390411 0.013797 -0.778972 -0.391365 0.489741
4536.925370 1.869307 -1.458709 3.384467 0.014529 -0.776979 -0.390871 0.493267
4536.962233 1.889933 -1.455131 3.378625 0.013950 -0.775482 -0.389279 0.496885
4536.999096 1.909238 -1.450554 3.371889 0.013656 -0.775446 -0.386277 0.499286
4537.035960 1.929449 -1.444971 3.364432 0.012723 -0.775453 -0.383054 0.501778
4537.072823 1.948590 -1.439134 3.358107 0.012038 -0.775674 -0.380203 0.503617
4537.109687 1.968542 -1.433033 3.350468 0.011278 -0.775110 -0.377855 0.506264
4537.146550 1.988111 -1.427191 3.343626 0.010154 -0.773826 -0.375345 0.510104
4537.183414 2.007306 -1.420741 3.334926 0.009134 -0.771722 -0.372121 0.515642
4537.220277 2.026375 -1.415479 3.325950 0.008417 -0.769387 -0.369727 0.520840
4537.257141 2.045838 -1.409759 3.316134 0.008039 -0.766919 -0.367848 0.525794
4537.294004 2.065634 -1.404477 3.305024 0.007422 -0.764296 -0.367028 0.530177
4537.330867 2.085279 -1.399506 3.295618 0.006070 -0.761425 -0.367156 0.534220
4537.367731 2.106102 -1.394788 3.286181 0.004166 -0.758233 -0.368691 0.537711
4537.404594 2.125085 -1.389423 3.276161 0.003050 -0.757050 -0.368073 0.539803
4537.441458 2.144088 -1.384263 3.265945 0.003019 -0.757429 -0.366305 0.540474
4537.478321 2.162448 -1.379975 3.255742 0.003208 -0.757491 -0.366008 0.540588
4537.515185 2.180714 -1.376075 3.246415 0.002532 -0.756340 -0.367163 0.541420
4537.552048 2.199835 -1.371765 3.237197 0.001677 -0.754584 -0.367491 0.543645
4537.588912 2.218223 -1.366903 3.228057 0.002182 -0.753884 -0.365433 0.545997
4537.625775 2.236744 -1.362007 3.219433 0.003207 -0.752790 -0.362727 0.549295
4537.662638 2.256994 -1.357519 3.210954 0.003548 -0.750072 -0.361181 0.554011
4537.699502 2.276228 -1.352728 3.202680 0.003986 -0.747424 -0.358752 0.559141
4537.736365 2.296087 -1.347714 3.194558 0.004971 -0.745038 -0.355958 0.564081
4537.773229 2.317540 -1.343021 3.186594 0.005315 -0.742337 -0.353600 0.569100
4537.810092 2.338153 -1.338522 3.178551 0.004947 -0.739579 -0.350627 0.574508
4537.846956 2.359456 -1.333591 3.170506 0.004149 -0.737192 -0.346980 0.579772
4537.883819 2.382146 -1.329980 3.162662 0.003113 -0.735282 -0.343546 0.584231
4537.920683 2.404042 -1.326910 3.154986 0.001576 -0.733071 -0.340629 0.588708
4537.957546 2.426384 -1.323948 3.147109 0.000225 -0.730607 -0.337848 0.593357
4537.994409 2.448134 -1.320701 3.139898 -0.002102 -0.726755 -0.336108 0.599045
4538.031273 2.471227 -1.318096 3.131850 -0.006443 -0.720627 -0.336116 0.606367
4538.068136 2.493553 -1.315045 3.124671 -0.010573 -0.714797 -0.335391 0.613569
4538.105000 2.516447 -1.312011 3.116592 -0.013271 -0.709379 -0.335064 0.619950
4538.141863 2.536701 -1.308998 3.108315 -0.013307 -0.705398 -0.334659 0.624692
4538.178727 2.555887 -1.305137 3.099347 -0.012126 -0.701335 -0.333009 0.630148
4538.215590 2.574565 -1.301420 3.090134 -0.012100 -0.695927 -0.332060 0.636613
4538.252454 2.591802 -1.297772 3.079978 -0.011735 -0.690849 -0.332076 0.642118
4538.289317 2.607340 -1.293985 3.070514 -0.010279 -0.686903 -0.333216 0.645776
4538.326180 2.622021 -1.290037 3.061163 -0.009654 -0.683288 -0.334515 0.648941
4538.363044 2.636682 -1.284493 3.051884 -0.009648 -0.680323 -0.333380 0.652630
4538.399907 2.650663 -1.277888 3.042925 -0.009462 -0.677890 -0.330789 0.656471
4538.436771 2.663956 -1.270978 3.034248 -0.009263 -0.675826 -0.327737 0.660122
4538.473634 2.676521 -1.263109 3.024189 -0.008499 -0.673850 -0.324474 0.663755
4538.510498 2.687827 -1.255104 3.014358 -0.007476 -0.672240 -0.321340 0.666917
4538.547361 2.698758 -1.246507 3.003262 -0.005938 -0.670100 -0.318364 0.670503
4538.584224 2.708808 -1.237682 2.992223 -0.004640 -0.666941 -0.315176 0.675154
4538.621088 2.718879 -1.228818 2.980320 -0.003339 -0.662453 -0.311582 0.681221
4538.657951 2.728893 -1.219512 2.967732 -0.001650 -0.658087 -0.306377 0.687787
4538.694815 2.738334 -1.210816 2.954485 0.000253 -0.654532 -0.300677 0.693672
4538.731678 2.747060 -1.202773 2.940611 0.001694 -0.651657 -0.295462 0.698601
4538.768542 2.755205 -1.194951 2.926169 0.001426 -0.648173 -0.292300 0.703157
4538.805405 2.763129 -1.187792 2.911171 -0.001193 -0.643335 -0.291246 0.708022
4538.842269 2.770978 -1.180403 2.896330 -0.005464 -0.638240 -0.290841 0.712763
4538.879132 2.778435 -1.172912 2.881551 -0.008245 -0.635314 -0.289189 0.716016
4538.915996 2.785215 -1.165875 2.866010 -0.008803 -0.635013 -0.284461 0.718166
4538.952859 2.792144 -1.158899 2.850787 -0.007367 -0.635586 -0.279658 0.719561
4538.989722 2.799977 -1.152623 2.834264 -0.007191 -0.633848 -0.276291 0.722391
4539.026586 2.808038 -1.147164 2.816781 -0.007931 -0.630690 -0.274388 0.725864
4539.063449 2.815534 -1.142489 2.799281 -0.007493 -0.628449 -0.272103 0.728667
4539.100313 2.821954 -1.137828 2.779557 -0.006441 -0.626497 -0.271032 0.730754
4539.137176 2.828720 -1.132064 2.760142 -0.006442 -0.625422 -0.271089 0.731653
4539.174040 2.835475 -1.124850 2.741233 -0.008468 -0.624974 -0.270371 0.732281
4539.210903 2.842999 -1.115850 2.721083 -0.011833 -0.625274 -0.269171 0.732420
4539.247766 2.850319 -1.104684 2.699503 -0.015749 -0.626837 -0.267383 0.731665
4539.284630 2.858233 -1.092980 2.678088 -0.018931 -0.629359 -0.265517 0.730102
4539.321494 2.866216 -1.081543 2.656938 -0.021830 -0.631619 -0.263432 0.728824
4539.358357 2.874503 -1.069800 2.634341 -0.024217 -0.631835 -0.262638 0.728848
4539.395221 2.883693 -1.058960 2.611417 -0.026616 -0.630265 -0.263090 0.729960
4539.432084 2.893392 -1.048812 2.587829 -0.026643 -0.628022 -0.264060 0.731540
4539.468947 2.903189 -1.039594 2.563023 -0.024577 -0.625063 -0.264338 0.734042
4539.505811 2.913294 -1.030475 2.539993 -0.023370 -0.620804 -0.263849 0.737862
4539.542674 2.923494 -1.022677 2.515831 -0.025288 -0.615427 -0.263970 0.742246
4539.579538 2.934745 -1.015185 2.491295 -0.028474 -0.611763 -0.264984 0.744794
4539.616401 2.942746 -1.008379 2.466680 -0.029133 -0.612044 -0.265120 0.744490
4539.653265 2.949915 -1.000681 2.441452 -0.027510 -0.615127 -0.263911 0.742438
4539.690128 2.957749 -0.992236 2.417463 -0.026156 -0.618782 -0.262164 0.740064
4539.726991 2.963090 -0.983304 2.393419 -0.024953 -0.621295 -0.260299 0.738657
4539.763855 2.966910 -0.976217 2.369328 -0.025017 -0.621728 -0.259968 0.738407
4539.800718 2.971761 -0.969022 2.346384 -0.026573 -0.620692 -0.261088 0.738829
4539.837582 2.974281 -0.961880 2.323726 -0.028133 -0.620156 -0.261952 0.738915
4539.874445 2.976185 -0.953306 2.301059 -0.027977 -0.621001 -0.261762 0.738279
4539.911309 2.976528 -0.943677 2.278685 -0.026958 -0.621964 -0.260021 0.738122
4539.948172 2.974895 -0.933689 2.258124 -0.025936 -0.622718 -0.257710 0.738333
4539.985036 2.974556 -0.924536 2.237563 -0.024789 -0.622565 -0.255860 0.739144
4540.021899 2.971901 -0.915569 2.216852 -0.023713 -0.621606 -0.253069 0.740945
4540.058762 2.968977 -0.905437 2.194835 -0.021772 -0.620074 -0.250527 0.743149
4540.095626 2.964545 -0.895861 2.174091 -0.020091 -0.618236 -0.247530 0.745727
4540.132489 2.960822 -0.885624 2.152800 -0.018305 -0.616200 -0.245456 0.748140
4540.169353 2.955620 -0.874946 2.132269 -0.015717 -0.614793 -0.242859 0.750201
4540.206216 2.949537 -0.865127 2.110083 -0.013610 -0.613295 -0.240085 0.752358
4540.243080 2.942118 -0.856451 2.088570 -0.012592 -0.611555 -0.237357 0.754654
4540.279943 2.935207 -0.847458 2.066982 -0.013238 -0.609066 -0.234026 0.757691
4540.316807 2.928176 -0.839820 2.045564 -0.015417 -0.606024 -0.231232 0.760939
4540.353670 2.921374 -0.831366 2.022841 -0.016698 -0.603821 -0.228633 0.763445
4540.390533 2.914061 -0.823304 2.000303 -0.017673 -0.603298 -0.225014 0.764910
4540.427397 2.906988 -0.814421 1.979760 -0.018452 -0.604556 -0.221184 0.765016
4540.464260 2.900689 -0.805034 1.956944 -0.020249 -0.606483 -0.218983 0.764077
4540.501124 2.892720 -0.800871 1.936151 -0.022863 -0.609423 -0.216902 0.762256
4540.537987 2.883298 -0.788802 1.911897 -0.022123 -0.613219 -0.214548 0.759896
4540.574851 2.875577 -0.783670 1.890698 -0.021719 -0.616521 -0.212902 0.757695
4540.611714 2.870234 -0.774596 1.869311 -0.021191 -0.617462 -0.212279 0.757119
4540.648577 2.865640 -0.766883 1.851770 -0.022152 -0.616187 -0.211994 0.758209
4540.685441 2.861128 -0.756662 1.827981 -0.023208 -0.612839 -0.212822 0.760655
4540.722304 2.859357 -0.743589 1.812031 -0.022899 -0.610800 -0.212474 0.762400
4540.759168 2.856710 -0.729843 1.789711 -0.020646 -0.609044 -0.212051 0.763985
4540.796031 2.852692 -0.717568 1.768418 -0.018115 -0.607992 -0.210788 0.765236
4540.832895 2.848848 -0.706367 1.746427 -0.015912 -0.606278 -0.209080 0.767111
4540.869758 2.846659 -0.695295 1.723058 -0.014442 -0.604184 -0.207385 0.769249
4540.906622 2.843068 -0.686785 1.698006 -0.013783 -0.602108 -0.205358 0.771430
4540.943485 2.841628 -0.675090 1.677880 -0.012926 -0.600610 -0.201602 0.773601
4540.980349 2.840818 -0.666533 1.657120 -0.014938 -0.597845 -0.198807 0.776423
4541.017212 2.839702 -0.658458 1.634664 -0.019034 -0.593519 -0.196685 0.780184
4541.054075 2.840172 -0.649523 1.613939 -0.022935 -0.588718 -0.193416 0.784522
4541.090939 2.841307 -0.644247 1.593835 -0.025624 -0.584205 -0.191033 0.788387
4541.127802 2.839344 -0.639542 1.575895 -0.025271 -0.579688 -0.188240 0.792394
4541.164666 2.839981 -0.628872 1.561714 -0.022176 -0.575045 -0.184686 0.796694
4541.201529 2.836341 -0.624355 1.545610 -0.019783 -0.568735 -0.181182 0.802073
4541.238393 2.836226 -0.615024 1.529038 -0.016697 -0.561535 -0.178896 0.807710
4541.275256 2.835305 -0.610056 1.514161 -0.014049 -0.554542 -0.179698 0.812400
4541.312119 2.832291 -0.610523 1.501071 -0.012104 -0.548731 -0.182385 0.815772
4541.348983 2.826464 -0.605806 1.485549 -0.008222 -0.543631 -0.184243 0.818812
4541.385847 2.821671 -0.602281 1.472755 -0.004986 -0.539849 -0.184982 0.821170
4541.422710 2.814059 -0.592289 1.455702 -0.002006 -0.536037 -0.183987 0.823899
4541.459574 2.808031 -0.585450 1.445343 0.000062 -0.534629 -0.181640 0.825336
4541.496437 2.794225 -0.576165 1.424470 0.002629 -0.533216 -0.179006 0.826820
4541.533300 2.784694 -0.567154 1.411817 0.005308 -0.533668 -0.176377 0.827080
4541.570164 2.770092 -0.560146 1.394257 0.006853 -0.532920 -0.173414 0.828177
4541.607027 2.757629 -0.551393 1.378133 0.008017 -0.531941 -0.170805 0.829337
4541.643891 2.745574 -0.542412 1.363523 0.009448 -0.530983 -0.167966 0.830515
4541.680754 2.729653 -0.533881 1.345859 0.010947 -0.529214 -0.164951 0.832228
4541.717618 2.717191 -0.524115 1.332568 0.014635 -0.528765 -0.162512 0.832937
4541.754481 2.700631 -0.524485 1.315975 0.016810 -0.527953 -0.161061 0.833692
4541.791344 2.687179 -0.511915 1.302394 0.020736 -0.526932 -0.158295 0.834779
4541.828208 2.670256 -0.508610 1.284294 0.020430 -0.524418 -0.156148 0.836771
4541.865071 2.655988 -0.504637 1.270582 0.019923 -0.523277 -0.154886 0.837732
4541.901935 2.639028 -0.500136 1.251782 0.020434 -0.523571 -0.152600 0.837955
4541.938798 2.620893 -0.497817 1.237562 0.021328 -0.525425 -0.149492 0.837332
4541.975662 2.606969 -0.492121 1.223922 0.021840 -0.527133 -0.147773 0.836551
4542.012525 2.590485 -0.491280 1.208703 0.019797 -0.528164 -0.146272 0.836215
4542.049389 2.576082 -0.481241 1.195600 0.020559 -0.528934 -0.144683 0.835986
4542.086252 2.560293 -0.478801 1.181416 0.020939 -0.528557 -0.144643 0.836222
4542.123115 2.546566 -0.472098 1.168635 0.022813 -0.526468 -0.144927 0.837441
4542.159979 2.529672 -0.468718 1.152257 0.024025 -0.521709 -0.146376 0.840129
4542.196842 2.514901 -0.466430 1.136670 0.024456 -0.516052 -0.148764 0.843186
4542.233706 2.498052 -0.462205 1.119156 0.025974 -0.510805 -0.150991 0.845934
4542.270569 2.481477 -0.455231 1.102934 0.027876 -0.506933 -0.151549 0.848101
4542.307433 2.470776 -0.443886 1.094021 0.029810 -0.505408 -0.150187 0.849187
4542.344296 2.453950 -0.438196 1.077565 0.029629 -0.504139 -0.148102 0.850313
4542.381160 2.437901 -0.429106 1.060289 0.028963 -0.503412 -0.145013 0.851298
4542.418023 2.422462 -0.421939 1.042718 0.028045 -0.502925 -0.142621 0.852021
4542.454886 2.410103 -0.412700 1.028574 0.028171 -0.502740 -0.139332 0.852669
4542.491750 2.395156 -0.404523 1.009390 0.027793 -0.499399 -0.137566 0.854929
4542.528613 2.384843 -0.400495 0.996121 0.026662 -0.494853 -0.136033 0.857849
4542.565477 2.371109 -0.392800 0.978192 0.026286 -0.487650 -0.133027 0.862444
4542.602340 2.362172 -0.388494 0.963473 0.025530 -0.480429 -0.130412 0.866908
4542.639204 2.349940 -0.385732 0.947351 0.026213 -0.473412 -0.128576 0.871012
4542.676067 2.341417 -0.380917 0.936096 0.028536 -0.468328 -0.127334 0.873865
4542.712931 2.326927 -0.376290 0.918013 0.030129 -0.461899 -0.125152 0.877541
4542.749794 2.316448 -0.373366 0.906613 0.031868 -0.457781 -0.123723 0.879837
4542.786657 2.301640 -0.369016 0.890631 0.032562 -0.452801 -0.122124 0.882608
4542.823521 2.290340 -0.363211 0.877330 0.032587 -0.449388 -0.120464 0.884577
4542.860384 2.276988 -0.363465 0.867428 0.032472 -0.447955 -0.118333 0.885595
4542.897248 2.258660 -0.359549 0.854252 0.033906 -0.446693 -0.114943 0.886625
4542.934111 2.243573 -0.351870 0.847218 0.035877 -0.447307 -0.110731 0.886774
4542.970975 2.224991 -0.348772 0.838194 0.036970 -0.447151 -0.108498 0.887084
4543.007838 2.206463 -0.342986 0.826737 0.038770 -0.446516 -0.107702 0.887423
4543.044702 2.186219 -0.341160 0.818675 0.040481 -0.445688 -0.107215 0.887822
4543.081565 2.163061 -0.335271 0.807817 0.042075 -0.443394 -0.105870 0.889058
4543.118428 2.141071 -0.330807 0.801019 0.042837 -0.441184 -0.104264 0.890309
4543.155292 2.117819 -0.323626 0.793712 0.043378 -0.439186 -0.102425 0.891484
4543.192155 2.092794 -0.322564 0.787684 0.044111 -0.439464 -0.100727 0.891504
4543.229019 2.067925 -0.320422 0.779217 0.046576 -0.440839 -0.099065 0.890886
4543.265882 2.044065 -0.311067 0.772632 0.048599 -0.441982 -0.097088 0.890429
4543.302746 2.019180 -0.305324 0.766129 0.048125 -0.442111 -0.095628 0.890549
4543.339609 1.993680 -0.306750 0.759151 0.045268 -0.441236 -0.093841 0.891322
4543.376472 1.968885 -0.308029 0.753854 0.043385 -0.440517 -0.091578 0.892007
4543.413336 1.947644 -0.303599 0.751563 0.042005 -0.440777 -0.088751 0.892230
4543.450199 1.925926 -0.300249 0.744890 0.038385 -0.440604 -0.088914 0.892462
4543.487063 1.904291 -0.295788 0.737933 0.034170 -0.441397 -0.090599 0.892072
4543.523926 1.883211 -0.296899 0.732730 0.030005 -0.443608 -0.093396 0.890836
4543.560790 1.862038 -0.294765 0.727948 0.027310 -0.445773 -0.094775 0.889696
4543.597653 1.840293 -0.292130 0.721996 0.024734 -0.446005 -0.096665 0.889451
4543.634517 1.822437 -0.286316 0.715825 0.023284 -0.444576 -0.097949 0.890065
4543.671380 1.804878 -0.287555 0.710945 0.021462 -0.441281 -0.099302 0.891600
4543.708244 1.790206 -0.282712 0.705028 0.021249 -0.436547 -0.099332 0.893928
4543.745107 1.775504 -0.277186 0.697343 0.021312 -0.430749 -0.098208 0.896859
4543.781971 1.759551 -0.273838 0.688236 0.021956 -0.424834 -0.097209 0.899769
4543.818834 1.744997 -0.267548 0.678869 0.023648 -0.420137 -0.094783 0.902187
4543.855697 1.730939 -0.262971 0.668801 0.024677 -0.416549 -0.093216 0.903985
4543.892561 1.715832 -0.255858 0.656818 0.026142 -0.413937 -0.090602 0.905408
4543.929424 1.701382 -0.252716 0.644376 0.027433 -0.412535 -0.089149 0.906154
4543.966288 1.686927 -0.246701 0.631440 0.030097 -0.411379 -0.086314 0.906869
4544.003151 1.672305 -0.242020 0.617010 0.031750 -0.408839 -0.083216 0.908250
4544.040015 1.658148 -0.235843 0.601144 0.033846 -0.404859 -0.079875 0.910255
4544.076878 1.647016 -0.232324 0.587754 0.036858 -0.400932 -0.075973 0.912208
4544.113742 1.632206 -0.229463 0.572461 0.040554 -0.395234 -0.072057 0.914851
4544.150605 1.618901 -0.227650 0.557396 0.043341 -0.389089 -0.069622 0.917542
4544.187468 1.604741 -0.226038 0.542225 0.045546 -0.382790 -0.067937 0.920208
4544.224332 1.586868 -0.223239 0.524563 0.047509 -0.376540 -0.066144 0.922814
4544.261195 1.570692 -0.222027 0.509986 0.049556 -0.372648 -0.065206 0.924351
4544.298059 1.555835 -0.217746 0.497598 0.052467 -0.370729 -0.065247 0.924959
4544.334922 1.539497 -0.217234 0.486536 0.054553 -0.369432 -0.066711 0.925253
4544.371786 1.520564 -0.215481 0.473431 0.055934 -0.366663 -0.067800 0.926193
4544.408649 1.503789 -0.211769 0.463921 0.057115 -0.364133 -0.067214 0.927161
4544.445513 1.483600 -0.209407 0.452918 0.057900 -0.361254 -0.068138 0.928170
4544.482376 1.463296 -0.205117 0.443359 0.060177 -0.359859 -0.068471 0.928543
4544.519239 1.441966 -0.201032 0.433879 0.063665 -0.359340 -0.067288 0.928598
4544.556103 1.419588 -0.201986 0.426273 0.067171 -0.359907 -0.066813 0.928166
4544.592967 1.396985 -0.197787 0.418223 0.071294 -0.360511 -0.065085 0.927746
4544.629830 1.374055 -0.196785 0.411830 0.073444 -0.361170 -0.064243 0.927381
4544.666693 1.349754 -0.191814 0.403470 0.073192 -0.359222 -0.061863 0.928319
4544.703557 1.326599 -0.193098 0.398034 0.072747 -0.357537 -0.062006 0.928994
4544.740420 1.303265 -0.193768 0.393718 0.074160 -0.356001 -0.060436 0.929576
4544.777284 1.278649 -0.192551 0.389711 0.077077 -0.354512 -0.057191 0.930113
4544.814147 1.252112 -0.194070 0.385737 0.079248 -0.353189 -0.054502 0.930595
4544.851010 1.229318 -0.194776 0.382397 0.079434 -0.352242 -0.051015 0.931136
4544.887874 1.205111 -0.194445 0.380136 0.079170 -0.350821 -0.045790 0.931966
4544.924737 1.180083 -0.195858 0.377339 0.079790 -0.349076 -0.040308 0.932821
4544.961601 1.157215 -0.199039 0.375349 0.080383 -0.347842 -0.037559 0.933345
4544.998464 1.133592 -0.201673 0.372064 0.078981 -0.345559 -0.036290 0.934363
4545.035328 1.109956 -0.200090 0.368695 0.077859 -0.342935 -0.036248 0.935425
4545.072191 1.088093 -0.203693 0.366676 0.076127 -0.341242 -0.039989 0.936034
4545.109055 1.066074 -0.203573 0.363111 0.075367 -0.338723 -0.041863 0.936928
4545.145918 1.044206 -0.203336 0.359580 0.075259 -0.335640 -0.044098 0.937943
4545.182781 1.023365 -0.202969 0.355154 0.076257 -0.332052 -0.046042 0.939046
4545.219645 1.002412 -0.201476 0.350195 0.077034 -0.327603 -0.046702 0.940511
4545.256508 0.981887 -0.198150 0.343731 0.077390 -0.323130 -0.047817 0.941972
4545.293372 0.961468 -0.195136 0.337628 0.077685 -0.319504 -0.049362 0.943104
4545.330235 0.940814 -0.190066 0.329880 0.078858 -0.316271 -0.051770 0.943967
4545.367099 0.920077 -0.182578 0.321896 0.081040 -0.314033 -0.052918 0.944466
4545.403962 0.898457 -0.175579 0.312851 0.082633 -0.311668 -0.053415 0.945083
4545.440825 0.878009 -0.170255 0.303322 0.081987 -0.308442 -0.055353 0.946085
4545.477689 0.857540 -0.164336 0.292957 0.081709 -0.304001 -0.055890 0.947514
4545.514552 0.838285 -0.158114 0.283003 0.081850 -0.298681 -0.056480 0.949158
4545.551416 0.819348 -0.152250 0.272688 0.081575 -0.291971 -0.055704 0.951313
4545.588279 0.800467 -0.148398 0.261610 0.080341 -0.283998 -0.054770 0.953882
4545.625143 0.781972 -0.144927 0.250622 0.078781 -0.275755 -0.055159 0.956405
4545.662006 0.763892 -0.143553 0.239731 0.078562 -0.268453 -0.057051 0.958387
4545.698870 0.745620 -0.144285 0.228751 0.080479 -0.262175 -0.058811 0.959859
4545.735733 0.728099 -0.143487 0.218845 0.085564 -0.257314 -0.058960 0.960725
4545.772597 0.712477 -0.143842 0.210171 0.090465 -0.253461 -0.058430 0.961332
4545.809460 0.697530 -0.144733 0.202400 0.093167 -0.250141 -0.058337 0.961949
4545.846323 0.680912 -0.147514 0.194524 0.093065 -0.247697 -0.059513 0.962519
4545.883187 0.664240 -0.150515 0.188025 0.092985 -0.247141 -0.062437 0.962485
4545.920050 0.647699 -0.153175 0.183024 0.092522 -0.248335 -0.064685 0.962073
4545.956914 0.630671 -0.155207 0.179326 0.092029 -0.250215 -0.066089 0.961538
4545.993777 0.614583 -0.156930 0.177107 0.091800 -0.252574 -0.067016 0.960879
4546.030641 0.599367 -0.157724 0.177193 0.092100 -0.254670 -0.066917 0.960304
4546.067504 0.584206 -0.157671 0.178352 0.092476 -0.254992 -0.066126 0.960237
4546.104367 0.569718 -0.156438 0.181647 0.092585 -0.253845 -0.064674 0.960629
4546.141231 0.555452 -0.154952 0.185724 0.091190 -0.250865 -0.062955 0.961659
4546.178095 0.542177 -0.152815 0.191751 0.090494 -0.248054 -0.061200 0.962567
4546.214958 0.529371 -0.149512 0.199626 0.090350 -0.245625 -0.059413 0.963315
4546.251822 0.516845 -0.145475 0.208206 0.087892 -0.242862 -0.059630 0.964229
4546.288685 0.503387 -0.142517 0.217142 0.082737 -0.240267 -0.060487 0.965281
4546.325548 0.490932 -0.137982 0.227288 0.076573 -0.239345 -0.059750 0.966064
4546.362412 0.478757 -0.131871 0.237949 0.070534 -0.240330 -0.058453 0.966359
4546.399275 0.467081 -0.124527 0.248835 0.065108 -0.242783 -0.056509 0.966242
4546.436139 0.456328 -0.117457 0.259418 0.058381 -0.245258 -0.055915 0.966082
4546.473002 0.445978 -0.109768 0.269282 0.050689 -0.245629 -0.057048 0.966355
4546.509866 0.436290 -0.101720 0.278105 0.040796 -0.243377 -0.058209 0.967324
4546.546729 0.428114 -0.093650 0.286377 0.030316 -0.238788 -0.060717 0.968698
4546.583592 0.420807 -0.085075 0.293899 0.020386 -0.232353 -0.064319 0.970288
4546.620456 0.414257 -0.077078 0.300411 0.011220 -0.224452 -0.067717 0.972065
4546.657319 0.408403 -0.068842 0.305818 0.002969 -0.216210 -0.071287 0.973736
4546.694183 0.403849 -0.059946 0.310418 -0.003691 -0.209221 -0.074789 0.974997
4546.731046 0.399572 -0.051027 0.313747 -0.008917 -0.203821 -0.078168 0.975842
4546.767910 0.396783 -0.041997 0.316224 -0.011997 -0.200627 -0.080898 0.976248
